# theory_bandpower_cls
7.138518459663176050e-07
4.949775382786790032e-09
1.411719578416263737e-08
1.715850074310606246e-06
6.534279249043152529e-08
1.297806277047011487e-06
1.376772182515683280e-07
6.726171468077965487e-07
6.342709421924745295e-07
2.033419642082762085e-06
1.126202300886975935e-08
1.677547286026928910e-06
5.476785573586021164e-08
1.242487234893215965e-06
9.553321343065290251e-08
3.375732241995877696e-07
6.269601427151373536e-07
1.295031101934552991e-06
1.630127804208883540e-06
1.548120217057789473e-06
4.754370548394659072e-08
1.199606178532734476e-06
6.797084064224581369e-08
2.161504296373591338e-07
6.233918942347419073e-07
1.208347996308103126e-06
3.145684207193278310e-07
4.254660421099954336e-07
3.515134188521711418e-08
1.165223625651137224e-06
5.118578563327460113e-08
1.613856198407671610e-07
6.177614785292989861e-07
1.175635016950394244e-06
1.683824129505674165e-07
6.869779545834462377e-08
2.915224738492580373e-06
1.071818645214067917e-06
4.427531605193265463e-08
1.255567013627476743e-07
6.117594487438239706e-07
1.163403110636556914e-06
1.087510842242872760e-07
3.752889538795776021e-08
6.122572765826458765e-07
4.159016025863010650e-07
3.611354768174831081e-08
1.046422386702200950e-07
6.018167387868990583e-07
1.141441542513169105e-06
7.991869826560906335e-08
2.444687894006971736e-08
3.080126539156270040e-07
6.674933871505076775e-08
2.911159823436790138e-06
8.074138023728126870e-08
5.625406380092900902e-07
1.125763480792528033e-06
5.842181359002360502e-08
1.826873164500673845e-08
2.030804036346423958e-07
4.144773735162895334e-08
6.322621504620858960e-07
4.135529118253396263e-06
2.942259501846256880e-07
1.040299435133152712e-06
5.005031549195588807e-08
1.556358544997309411e-08
1.556964611896445075e-07
2.594502473050525763e-08
3.237164735377120861e-07
1.756714796456781091e-06
5.249631433514965871e-08
5.133887961367697152e-07
4.002730346730464816e-08
1.198127976721448606e-08
1.193513084443863332e-07
2.085632976401322044e-08
2.148589817579467755e-07
1.372398407356839971e-06
2.650611211618210479e-08
8.898242829715944675e-08
4.838574139979829960e-06
5.218938553376410355e-09
9.895506955059854774e-08
1.393628139789088653e-08
1.580162481075223920e-07
1.229157933429075335e-06
1.964494315457994599e-08
4.774308816378890914e-08
2.285625938917350282e-06
1.358819615545548213e-06
7.620838507117511664e-08
1.147188083188384394e-08
1.180189894789128314e-07
1.165494990264147157e-06
1.495033292970862856e-08
3.829058897945264158e-08
1.946059549801312228e-06
2.706646225454407790e-07
3.914869623426257490e-06
8.903337165519072453e-09
9.664105441299459953e-08
1.122111114243397139e-06
1.131317707768046545e-08
1.969639744090759922e-08
1.826707514509775303e-06
1.424366281881964743e-07
1.722797174786462641e-06
1.319518498760517006e-06
7.612798836395855761e-08
1.083786609920281101e-06
1.194502878019977073e-08
1.663897276725414523e-08
1.770598741906913119e-06
8.755829430721979297e-08
1.409253424127929744e-06
2.681879512787693956e-07
2.923940444522413749e-06
9.941179763111578980e-07
