# bin_5_1
0.000000000000000000e+00
0.000000000000000000e+00
3.106310371367000155e-06
1.038052459126733156e-06
2.958319910215539525e-06
3.054345335077445435e-06
1.879485977526481820e-06
2.559562521983877808e-06
1.885154856883855060e-06
9.803695509452612857e-07
2.422883175797644339e-06
1.865935021720054327e-06
2.188207635364227478e-06
1.990980249914596856e-06
8.833114120607739521e-07
1.141857290972999133e-06
2.347576267973812782e-06
1.578811903291423282e-06
1.144061396847097663e-06
4.808611764094527722e-07
1.571141999321628228e-06
1.034820460349623568e-06
1.198613943171748126e-06
1.187200176494098928e-06
2.384430094559320943e-06
1.222160744446683915e-06
7.847294212279885301e-07
5.189151735109370538e-07
1.551540892939552015e-06
7.912324960767381939e-07
7.435745445490425739e-07
1.277680471914349254e-06
4.971239412796410416e-07
8.380945575185457577e-07
8.979042789824679773e-07
5.989563997629702458e-07
1.069068418607161113e-06
5.917398730316771985e-08
7.147291495759205492e-07
7.794595802698277763e-07
2.663086930826301591e-07
6.604506432022881614e-07
9.481917399990987382e-07
5.937318051628485359e-07
7.958273688501792855e-07
7.354274429593590454e-07
6.890411470980407413e-07
4.694598679973461074e-07
3.566527975227076736e-07
5.036014126003665469e-07
5.553031438107008144e-07
-1.458891002870003149e-07
6.156162147769735092e-07
4.070106465383482576e-07
4.301365789930785666e-07
2.835057745348921461e-07
3.365727631007274834e-07
2.670247051032319675e-07
4.518303027316800039e-07
4.690252981048285876e-07
2.591828277944090732e-07
6.004233218233828367e-07
3.894320894937975712e-07
5.347812243716512911e-07
8.623383338498227752e-08
1.365186751224169523e-07
1.238212624602530121e-07
1.672195082201773736e-07
3.679255697700448589e-07
2.671362541155963455e-07
1.704691969890414741e-07
-1.058734556337534101e-08
1.585430392459147889e-07
3.819389813286511131e-07
2.910706722935497773e-07
5.498219154486922989e-07
4.359535282770083304e-07
7.215342549343859223e-07
2.676200167122694383e-07
1.290232884131499972e-07
2.799892575993283916e-07
2.993786764552466318e-07
4.483618944269834995e-07
2.721681789181292825e-07
2.811628585713918054e-07
4.679694120913921671e-07
2.907404196031041404e-07
3.949109710590364054e-07
5.062727726590484272e-07
2.204034576849574628e-07
2.405911287730449118e-07
2.737018667482183103e-07
1.745008467746862809e-07
-2.174503289599633936e-08
4.023291160439673623e-07
-9.487945500575569962e-09
2.518125643526288286e-07
1.568400092031678137e-07
3.202495003196042303e-07
1.213736272488617564e-07
3.567768007682591295e-07
1.588958616707492122e-07
3.066245827349768148e-07
2.993222204160709638e-07
3.025805580408006898e-07
1.717373164210469286e-07
3.142796806030003560e-07
1.566642960871938835e-07
2.292504006184108799e-07
7.716245857930510934e-08
2.483572743978966317e-07
1.500414683542356275e-07
2.211960009240424209e-07
-5.722094681099366998e-08
2.192342170853784951e-07
1.670462459244745105e-07
2.624533563487073397e-07
3.257300081857152774e-07
1.720215225662876521e-07
1.524800999991048632e-07
4.608703239477101491e-07
4.712524467270111117e-08
3.953596635274838615e-08
2.627561869208444440e-07
2.646871247127539518e-08
1.111388382720877298e-07
1.899333869931026224e-07
1.913875159785620039e-07
2.101004019913708364e-07
2.461351788243689236e-07
1.589111807061268762e-07
2.095648990291398277e-07
4.516895725229746713e-08
6.268408788141387424e-08
2.149799806071489982e-07
1.861212198464514887e-07
1.233291822282825564e-07
1.190602012591641264e-07
8.820635453785319239e-08
1.118419644505695065e-07
9.490235853862597478e-08
1.465071775712926042e-07
2.204240310761847859e-07
1.119119661099274848e-07
1.676991141018962785e-07
1.000282400878491862e-07
3.103241722566214380e-08
8.137662080178002610e-08
1.004549509433993687e-07
1.459583426769070140e-08
1.296153786099247689e-07
6.984576770231428852e-08
1.910159094180999448e-07
8.464143659907308149e-08
9.777914322234099452e-08
5.167382216075178500e-08
2.481572783028184534e-07
1.393322004303546541e-07
7.057012083942692341e-08
-1.409852027157879910e-08
1.933328131600071026e-07
-1.908000049767601749e-08
-7.877124547690661440e-08
3.304879291654945760e-08
1.238546165549085715e-07
2.277009794811183257e-07
6.400198365283441234e-09
3.454737292874667001e-08
8.248184378800599710e-08
5.426846799713852774e-08
2.167448100341976833e-07
1.756727603071161642e-07
1.650945475505024701e-07
3.761118768757632328e-08
1.153192887641544272e-07
4.723475837350373890e-08
9.524972187090767234e-08
1.043665292183549984e-08
-2.645516934545821384e-08
5.286537604393079271e-08
1.708863573207100569e-07
1.219903948739619997e-07
9.994555278103670592e-09
6.683797890968852257e-08
5.224267100779165527e-08
4.618823820885324418e-08
1.176825000879714606e-07
-1.552343603442473200e-08
4.801149621730568541e-08
5.186900974230444271e-08
2.353490243663966543e-07
1.652408776102557338e-07
1.376883500034467434e-07
1.659851303887984812e-07
-1.217747915166560938e-08
2.858004638698084558e-08
-3.895718247960471352e-09
7.468315984232860784e-08
7.430412945218225523e-09
5.136029568861965702e-08
7.726185769928897860e-08
8.264107567759203914e-08
5.707312023342510415e-08
2.730523809681046116e-08
3.949134712816470165e-08
9.519569054027362723e-08
1.678821881588933103e-07
1.630432394047177748e-08
-6.843229892258305105e-09
-7.087977584196296652e-08
6.480468240540061088e-08
-2.220188715703520633e-08
8.647062467746301919e-08
7.932701196049594182e-08
-1.961130105137719308e-08
1.401082500176503236e-08
1.916382121054640854e-07
5.870255418941976420e-08
2.119772631686344600e-08
7.532351538277839188e-08
1.481607036791828143e-07
1.031000313954495042e-07
8.479212660388642523e-08
8.573132613568782897e-08
1.207163999601885802e-07
7.222439938822675522e-08
5.401323005724533458e-09
9.071062283714582553e-08
-3.141451331953981173e-08
4.803031065195844064e-08
8.024293749239789009e-08
2.214604665013264774e-08
2.632243477757058280e-08
-3.210394000632388334e-08
3.956932350472433028e-08
6.727595928542865926e-08
-2.464531521754936582e-08
7.990943433345506398e-08
7.634056377820689947e-08
4.056264166628297731e-08
2.932632239666329326e-08
5.933210927759908372e-08
8.208563166773719137e-08
-1.251050625550238816e-09
7.781161511993764376e-08
4.067294628148442629e-08
1.920357116727657953e-08
8.849531764041949372e-08
1.203992472838548632e-07
7.329960705064226527e-08
2.553979797978495076e-08
1.232402045019098321e-07
7.176375093178642832e-08
2.811699533991805858e-08
5.450624548706927676e-08
4.650082985746063326e-08
1.475980487515456373e-07
8.099417139121631687e-08
1.065446830960812306e-07
-4.337736972791598807e-08
-5.213045709372388562e-08
1.611421609613385936e-08
3.324355942847823858e-08
1.223691171036506042e-07
6.534248049908070425e-08
4.343979708906060626e-08
8.065733105193108890e-08
1.487927586056024018e-07
9.088400997764006888e-08
1.888878044922769613e-08
1.627939033232052872e-07
6.221666666080559366e-08
9.279228395056943283e-08
6.755447468290728679e-08
1.008483882043791724e-07
9.226988626827254150e-08
4.542434929679698212e-08
5.878933380862212877e-08
6.606346176163650039e-09
2.872985105108973718e-08
4.015615254081769355e-08
6.407982509715859910e-08
-5.908037996128320329e-09
1.622925539839905806e-07
5.464969262426132742e-08
-9.305061219414864612e-08
1.406434438795717872e-07
5.309658008652914774e-08
7.328712114541560073e-08
-7.891348726018552215e-09
3.727411571510162363e-08
3.240678041468625074e-08
1.084790791643750518e-07
6.120113848146429137e-08
4.414320198562719934e-08
5.057036261932924088e-08
9.323486303189214712e-08
1.362154530927821043e-08
4.250054134012174601e-08
1.315342731707388394e-08
6.232345897700045386e-08
9.248687625670735019e-08
7.709695095759709361e-08
6.513231468794542072e-08
7.154265569745402267e-08
1.974246065431969379e-08
1.409509402428709184e-07
1.380447225772201215e-08
1.635047735669080916e-08
1.015125289383394980e-07
4.203029657960625085e-08
1.174532373402143690e-07
-1.455412575277652144e-08
3.946832415255693741e-08
2.320864998766383251e-08
1.009405935468703943e-07
5.177985415981206616e-08
5.830529341710916146e-08
1.426019578115959292e-08
8.641912404649451292e-08
1.189884599222580530e-07
2.780343424605284417e-08
1.102763596293083621e-07
4.483308924292385500e-08
6.104559637670566243e-09
-4.067245335902261474e-08
2.881484521371326214e-08
1.167763645265555268e-07
2.281735883692233524e-08
1.095794613447781829e-08
-8.646683332267688262e-09
1.898775011367026120e-07
2.528646776147167653e-08
1.169478227627698703e-07
2.694566150182998971e-08
5.572403907857827284e-08
4.876175461219354354e-08
-1.145656911422974943e-08
3.752549421818894287e-08
4.959580009499398269e-08
2.173598976360658780e-08
2.625770777756216880e-08
1.065799341995538198e-07
-3.579817693572949661e-08
7.914307511734946994e-08
-4.935448211760589372e-08
4.417856100712404713e-08
-1.424325733320160523e-08
4.938821507747777709e-08
7.453167307293149580e-08
-1.509602416349715758e-08
9.021036961390900609e-08
8.069259486359253695e-08
1.658999514745161463e-08
6.063030283868129960e-08
4.139266974283603216e-08
8.283231591772434635e-08
1.309822720039708460e-07
-4.353833257172226097e-08
2.589712436718570225e-08
2.412382799596464860e-08
1.376732305690899699e-07
4.662813852619488946e-08
2.945109519369043244e-08
3.329292586357060875e-08
1.652811251576843545e-07
9.056917883273084464e-09
1.730251171667542614e-08
4.365428074077781728e-08
1.971603540524964620e-08
8.727473195394317865e-08
6.749032502334022302e-08
8.145903124665217763e-08
4.347756050889346327e-08
5.962074007775441988e-08
4.067052449493829290e-08
7.962061094257525623e-08
6.412088071990182220e-08
2.042986045873979942e-08
-5.840344928049355042e-09
-2.517018384235817423e-08
-1.971376318903099380e-09
-4.043376414301078048e-08
1.730527279322381853e-08
3.785065017694905408e-08
7.615253128874442588e-08
2.133874129612431335e-08
1.936300247192277872e-08
3.770775109890327858e-08
6.943973122719450771e-08
-9.867425157417173269e-10
2.430458527252768088e-08
6.931496354348065848e-08
6.930601079457965963e-08
3.207218989988722244e-08
3.679219892405986007e-08
6.744870661849728194e-09
1.684572462233527513e-08
5.284208090703331684e-08
3.672791511812259247e-09
6.491519218334706193e-08
2.049944078125652607e-08
2.293966412405810747e-08
1.641580273287920631e-08
-4.379183972929786661e-08
1.407997835533645801e-08
5.803179128479041278e-08
2.197102588625503952e-08
-6.743129518739587668e-09
1.617147674761611704e-08
2.358829112207745486e-08
5.787510112312831195e-08
4.279687984047132760e-08
3.265811484046810140e-08
4.379150899077856238e-08
8.491791848603273303e-08
7.389747592095321389e-08
4.201734175755216616e-08
1.124896327246418995e-08
3.578992208370331259e-08
1.863579571197365275e-08
1.663622206385555950e-09
6.742367387507230580e-08
-3.570903374180636807e-08
8.105497220393511782e-08
2.174620735092623787e-08
-1.955465067486612526e-08
1.595634076479572602e-08
4.702226249387640352e-08
6.180215159182867495e-08
2.728806242420486572e-08
3.352922865079878145e-08
5.125514884122163840e-08
5.056626012321208045e-08
6.047841900433983141e-08
4.203834722140267677e-08
4.885722913615343472e-08
7.981483623874034332e-08
1.177439990817315674e-08
6.785729159848024130e-08
5.947627176116394961e-08
5.036632303567894304e-08
1.037485730874165077e-08
4.961020866512090134e-08
6.131389163305781741e-08
-4.114120610145867556e-08
2.301374439128988879e-08
-1.810823857943396299e-08
5.564105512281884701e-08
5.850472721772457388e-08
-3.714903707431941778e-08
3.835234324545022139e-08
1.668846542781046706e-08
3.231251213600202820e-08
-7.573254795100253091e-09
7.624314460603788209e-08
5.603935247421309234e-09
9.117964626519443478e-08
2.192771823518347128e-08
2.341100312395214919e-08
6.465601054530352255e-08
2.148349607341899655e-08
7.378129502181209311e-08
3.697308056232700164e-09
1.050638249125334927e-07
-3.455387475957389613e-08
2.222538768975667671e-08
9.238866293831275378e-09
-7.925781706545628902e-10
4.729874881280802975e-08
7.377602873857623546e-08
2.041987423505199334e-08
2.988291812505417480e-08
7.601540567771933237e-09
6.851614573327038679e-08
-2.280522429870872318e-08
4.923202819259295441e-08
5.677800466337231718e-08
7.073777202826435255e-08
7.069980599575852436e-08
2.630256328463312043e-08
7.016824112890840647e-08
1.022588041563312294e-08
-4.313373557350919453e-09
1.923552825757434100e-08
3.043951915961438115e-08
1.170157897332718127e-07
2.811274963479847054e-08
-4.831527617918597012e-08
3.089427766346358065e-08
2.162655568294402349e-08
2.940305576935326592e-08
-6.634126808699215245e-09
5.476393421579097262e-08
-9.819792048058435352e-09
5.077819769889337623e-08
6.972753705904992665e-10
2.961865927031756106e-08
2.621964072386760057e-08
3.880520490748371132e-08
7.229837602414652277e-09
4.133146616768992925e-08
1.065854661598922861e-07
6.461215190233241797e-09
3.510502622541006274e-08
4.714774983269310541e-08
9.132024053237117267e-09
1.064212269491743803e-08
-4.062605627102414674e-08
2.084325267322132096e-08
4.273246864782891535e-08
6.380625806126990515e-09
4.281328073348022241e-09
1.783925000731121989e-08
4.004208362991539284e-08
1.720630539131558304e-08
-4.305080686178508204e-08
2.448450369701643182e-08
-1.116985960732005543e-08
2.275317500960177510e-08
2.534921237932793171e-08
6.467583247476192951e-08
2.399497541030652110e-08
5.187416224778689954e-08
2.429130070879513732e-08
4.314128653368549709e-08
1.402744186192562489e-08
1.070583481897582963e-08
3.250641603338520834e-08
6.171149861205508470e-08
2.512955034739717161e-09
4.466976838664368796e-08
1.058550292460905335e-08
2.916157893238121901e-08
1.100125544449858643e-07
2.568469830521059463e-09
2.062116250466903123e-08
-2.052194057376548147e-08
7.243933167020513221e-08
2.076923695549681782e-08
4.166854235874818569e-08
4.027959252649008011e-08
4.986584977697411879e-09
1.223918033457671623e-08
2.698524404396688770e-08
8.413920524333958138e-08
6.725414147845798678e-09
1.828351543113413314e-08
3.544960022554671030e-08
5.176813253711897721e-08
6.918258422363498000e-08
8.668984473934798829e-08
7.973127582702119107e-08
2.878351434059421998e-09
-2.606506961856142124e-08
6.269552170101844705e-08
6.008015483560837410e-08
3.622034338973701432e-08
3.366704910739038273e-08
5.245785368712808398e-08
2.416904461245164957e-08
6.094746385121151473e-08
1.721632684928901766e-08
5.281879983179318685e-08
1.751260295905957096e-08
2.705947825114217965e-08
8.472981999145306753e-08
1.741672871343090937e-08
3.373809194659481368e-09
3.142842279821032545e-09
4.778279052724322607e-08
-1.499030541719335134e-08
2.948296798842915251e-08
3.297476710308396028e-08
3.193933775504139448e-08
-7.892253162909075856e-09
2.639893994302906796e-08
2.263699391441236819e-09
1.209486983475383127e-08
2.393741965132718165e-08
4.970894940176683037e-08
2.298059407593235001e-08
3.953238470076237740e-08
1.757598252695958085e-09
3.320075949770085652e-08
-2.198945319394778889e-08
8.821291444253380546e-09
1.012354628766777385e-08
2.416024160281054486e-08
3.098260910683129395e-08
3.540960611463634479e-08
1.945255418954905510e-08
6.068906439585134747e-08
8.041773145434037263e-09
7.157631574758729189e-08
-6.864855969451820303e-08
1.042770835584859340e-08
4.799028721898908950e-08
7.665755561924851392e-08
5.408525770329675347e-08
-2.145536939707330712e-08
-1.142535477988384962e-08
8.446327639984091210e-09
5.780765365914453146e-08
1.397612626574436082e-08
6.475909769476511547e-08
1.344526910363154329e-08
1.033468074753991974e-08
3.804865270580998981e-08
7.335930353111721557e-08
9.863305771106831257e-09
4.123314150185024402e-08
3.661318625795851544e-08
1.220652395921952615e-08
4.782844807635546779e-08
-1.441595716834494594e-09
1.429047875593309571e-08
-4.662797616534324468e-08
1.749153647277132343e-08
2.403095783250176760e-08
-3.927537690615053983e-08
2.070394577790165543e-08
-7.281002375388099407e-09
5.506894671174268529e-08
2.828356516378418392e-08
9.119132618856999566e-09
3.159503801972684799e-09
6.259208914262002035e-08
6.187496817235250013e-09
3.085787908600027612e-08
2.102611237105304466e-08
2.330264867019497437e-08
1.397229386716424869e-08
6.540475047946257833e-08
1.186842599072579748e-08
4.414515314693816210e-08
4.564834157957179132e-08
8.514548631796292210e-09
-2.824713898017388632e-08
8.291314446702536878e-09
-1.778560613224361253e-08
3.113876081907297336e-08
-1.672130241129928229e-08
7.168653531236627511e-08
2.197655277406155680e-08
2.694292165179018507e-08
-1.811714196508855932e-08
-5.699280754738153850e-09
3.732406019959417848e-08
3.072944024811659226e-09
-2.457497932502105056e-08
8.337765218496495892e-09
4.587811308345776112e-08
7.216139145850165975e-09
4.423323046464039665e-08
5.269154253727794087e-08
4.023468141426485902e-08
-1.457605821713291853e-08
1.303341986927465721e-08
1.430275692973009977e-08
-5.582761545707578174e-09
-1.336520178936265820e-08
-1.410902681338317541e-09
3.946217360725560019e-08
-2.447397731116178893e-08
5.624433252145979051e-09
7.786205247016960844e-08
2.461368061072390232e-08
4.594552129711173963e-09
2.960753578880410090e-08
3.642080875496737850e-08
9.871100174359311823e-09
3.420663649350687186e-08
3.826382217720679730e-08
-2.227063857073550478e-10
1.239791521696686304e-08
3.699979915700331236e-09
2.872975274326731191e-08
4.962465978873562325e-08
2.411783094773699880e-09
7.198216194980377635e-08
2.696946674045649356e-08
2.122593195020887792e-08
7.036042532422601841e-09
7.006440278647133761e-09
7.965714168391180398e-09
-4.089918029860246584e-08
2.103556242407398996e-08
2.988364281660221311e-08
3.322052491239247508e-08
2.616959600878527254e-08
1.584444128866147090e-08
2.245759682985526657e-08
1.013741193724159751e-08
-1.728829349776699445e-08
-3.862593270326040978e-08
1.577725328305549560e-08
1.087746023860427419e-08
2.010187666744734826e-08
3.589280087958486510e-08
1.047534492364291328e-08
-4.777044194363309623e-09
5.378714431023131278e-08
1.003233193794361844e-08
4.621167140770969715e-09
3.852980868630810795e-08
8.434399684982487443e-10
1.608606070005594428e-08
3.265126633715874350e-09
1.691363297733226072e-08
6.641094222321816868e-08
-4.667257013861594657e-09
1.290132488601012444e-08
6.099109850881678577e-08
2.298873350352981228e-08
6.585861272858954070e-08
4.799080221418376113e-08
2.156860413279944900e-08
-1.019728651755396658e-11
1.577376015234124040e-08
1.163262445992786562e-08
1.057662926156555110e-08
1.182562429831600966e-08
4.630014972413353444e-09
2.301478212047916851e-08
-1.083219014204141579e-09
3.487786382554451783e-08
1.415663312672239674e-08
6.768809517165590284e-08
-5.880195203280454113e-09
-3.567288121643856748e-09
2.147671065372356900e-08
5.491605167360182625e-08
3.708512680278545289e-08
5.898151429773230159e-08
3.380452231550883880e-09
3.580886660560343436e-08
5.699803258338174203e-08
1.449287641227301915e-08
4.816122311377977046e-08
2.091599827664984483e-09
2.477538003440775932e-09
-3.467936851449124717e-08
1.658293701478201874e-08
2.460898230901293830e-08
1.462052108092367675e-09
2.371899100894031293e-08
-4.571418146639344988e-08
1.486165005446553069e-08
4.510167244183207100e-09
-1.428758911928526269e-08
4.315879481622396019e-08
-1.012159588508443451e-08
5.453051131991233354e-08
2.030279709226264823e-08
2.752372088354082059e-08
1.069122910551190790e-08
1.689549359403803147e-08
2.225097142538705909e-08
1.120588820822034919e-08
3.181175033834669482e-09
-6.261522458017773230e-09
-3.900015740668071995e-09
-1.643162128614398479e-08
4.360749810015439784e-09
6.690155470439248899e-09
2.574645915592912244e-08
4.055331819804347772e-08
2.577401117173183377e-08
-9.653087683303769926e-09
6.327318867879204610e-10
1.047248754964397664e-08
-2.527288386544965026e-08
2.257332445267526892e-08
1.047893721727177825e-08
1.649716181153361822e-08
1.721386898556250118e-08
5.072549045398061241e-08
2.676350457722106047e-09
5.103307809933865870e-09
3.400893567889210242e-08
-1.439938872945633696e-08
-7.400405745035295441e-09
-1.016166567403706953e-09
-5.186738483244294418e-08
-1.533579266889437027e-08
1.486041901244685463e-08
-3.321130150852223065e-08
3.956610846545650243e-08
5.875087569326392041e-08
-1.173483311748676054e-08
6.563087958240766355e-08
5.566313118593813705e-08
1.562990097113849040e-08
-1.976326320333430305e-08
3.012370079342447284e-08
-2.159414913035586838e-08
2.878380701317478310e-08
1.648511176278155522e-08
1.809822973340449105e-08
-1.489540227514417673e-08
4.398187728325078237e-08
3.545778274280146237e-08
5.270083359071130083e-09
-8.015941461329855604e-09
-6.462292852665768963e-08
2.522919981695180069e-08
5.240975513030140310e-08
3.627000386174745554e-08
-8.434181206984971272e-10
4.196751245436772201e-08
5.783784505313583763e-08
1.785571023559035722e-08
1.703566460819862846e-09
-6.894415353494623462e-09
-4.494060186588996571e-09
-2.984133505258234282e-08
3.488135235151936745e-08
-3.183613324692216843e-08
2.486523429874753098e-08
7.670183651812625694e-09
3.040646036004473684e-08
4.858260256832717631e-09
3.206228033837515972e-08
-1.857330225619719895e-08
1.098046474401325696e-08
4.966765663353499210e-08
-2.526792116721997685e-08
4.750816384911521892e-08
1.939482959032940953e-08
1.025941665170945051e-08
3.174700804290460989e-08
-5.217992053045510190e-09
3.082915126665399492e-08
4.988914012337931132e-08
3.128418272609669576e-08
3.870814046700623868e-08
2.856348569438987254e-08
-1.154429416782831363e-09
5.268477016748707159e-08
6.171159168451010420e-08
3.552958193319103095e-08
-3.993834285237643625e-09
-3.825726385033641960e-09
-8.103702861689803813e-09
2.172954287783903223e-08
-1.225266386360072381e-08
3.292378104204094232e-08
-6.234603244960132622e-09
2.485719226356274920e-08
-6.179441537117569782e-09
-5.441372020611213041e-08
2.907230665764423065e-08
-9.786232095546674931e-09
2.987442978906005470e-08
-2.865462307021087840e-08
2.783193055784055472e-08
4.315179632699018982e-08
-1.426661467165679121e-08
1.662604902003912385e-08
8.121607518740025415e-10
3.340127536278985013e-08
2.952249652328339290e-08
3.060841114023352455e-08
2.034498873038823929e-08
-8.090690281356783323e-09
3.909814781234594319e-08
1.940486768703708047e-08
2.209452134982676929e-09
1.015705595471680060e-08
-3.524146647112912934e-08
1.575695635690017256e-09
-1.743596790391018809e-08
2.363798741236681231e-08
3.060019928257515093e-08
1.092706187479973490e-08
3.239599455447040014e-08
3.673258903539816211e-08
1.731850076147640964e-08
4.446877208117100137e-08
3.318449877830928756e-08
3.977077729718838272e-08
3.086467440642110618e-08
2.080812370116777207e-09
-2.686248775519803115e-08
1.671858737277616572e-08
3.614664860041090015e-08
-8.826588394541290924e-09
2.128412421273183868e-08
2.255744340948194868e-08
-3.435529776691338221e-08
4.111125612957532060e-08
1.077343356167197834e-08
3.781503369267977976e-08
4.321148817373641574e-08
-4.569306030333085479e-09
6.128147092885340726e-08
4.525767464006599464e-08
5.141657117424572375e-08
3.687196926882654655e-08
9.736306940551001418e-09
4.036634015799772547e-08
-9.770922863465314694e-10
3.140583497760658015e-08
4.258001213636217185e-08
-2.225859029444096356e-08
1.187223971566529600e-08
5.791639774526356464e-08
3.323179050541540302e-08
5.418644380708314640e-09
-2.667974785392750107e-08
2.729380155255372313e-08
-7.704284309776641550e-09
-8.247054935379542449e-09
3.763182211926974837e-08
-4.895912913894116349e-09
2.643194437485083429e-08
-3.010614791652611330e-08
1.338480481125999176e-09
2.886682384940518495e-08
-6.321830552088623649e-09
4.567562012449013573e-08
2.892363029378400014e-08
3.350952439988372576e-08
6.137392264212528708e-08
1.686479809899008126e-08
5.878608525691468993e-09
1.186508635685280353e-08
-5.467593824174622347e-09
1.577073321498004462e-10
2.263852994004819003e-08
1.117010969593845418e-08
4.808571285613619440e-08
-1.080858404142245465e-08
2.049021271909180514e-08
1.998760927857752718e-08
-2.024755570598479339e-08
3.516307171991614669e-08
1.194575830281149652e-08
1.861609186555994865e-08
-1.142004578917120405e-09
-1.225767519697097247e-08
1.092777279812612475e-09
-4.931740661740342819e-08
3.366584720841937789e-08
1.244349542241886446e-08
1.162121365791684613e-08
1.018415803383273705e-08
1.522423730401242393e-08
1.645411538729529329e-08
1.581637816394921130e-08
-1.051298817464854124e-08
3.904449982385341982e-09
-2.312881248553677310e-08
6.769651495664433062e-09
1.405813526123121532e-08
4.441257361247971207e-08
-3.205970275771314580e-08
2.585912173701902329e-08
3.370255833406457868e-08
4.701529030088598259e-08
1.688769215386244283e-08
-2.630027318281421269e-08
3.726934727607897656e-08
-1.490785714450528090e-08
3.954389374264614430e-08
6.185050868951379629e-09
-1.194392788464602307e-09
-4.696108976812801460e-08
2.108559973214338905e-08
6.353148817000092862e-09
2.304845730759252624e-08
4.871051317568164824e-09
-1.614319316302541679e-08
1.548236053618674970e-08
3.008727405783766421e-08
2.292136317798210369e-08
-7.426467891906539857e-09
2.311324152141044763e-08
-8.258772568215050615e-09
5.394967364016577151e-09
8.874435797382326276e-09
5.377678351836548039e-09
1.958403789908086904e-08
1.641402351518920308e-08
4.505394527820240623e-08
2.755284330432414618e-08
6.319757330989427538e-09
1.065154947867991637e-08
-2.317041356641875463e-08
1.091424768874191564e-09
-2.947454147735291846e-09
5.146000235768893047e-08
4.324111544708500340e-08
-1.069025929878220489e-08
3.802026719944541655e-08
2.032992104103122758e-08
2.020919422581543825e-08
1.479246124888344018e-08
1.451539649690371600e-08
3.836563087145964575e-08
8.933789041827710865e-09
3.534346967378070399e-08
-1.303334501880427446e-08
-1.485283856048565879e-08
3.881899237746552483e-08
-5.758313351500585014e-09
1.721979279097054090e-08
1.900012656281056720e-08
2.391757675526873625e-09
-4.307857646881539561e-09
1.171925006447765097e-08
-3.337304003738339213e-08
-3.762822438529441772e-09
5.457713601172495923e-09
1.918650187888407418e-08
-1.088304640942345212e-08
2.720631489316035290e-08
-5.323706478593618887e-09
-4.496333029129194685e-09
-5.797003984028555375e-08
3.797630093038886243e-08
2.307972498470883570e-08
4.262773909552602243e-08
1.749218522087210434e-08
