# bin_5_3
0.000000000000000000e+00
0.000000000000000000e+00
8.120611198983028302e-06
9.612201243728691024e-06
1.058135649854770208e-05
1.522428960393842246e-05
8.668757315192270732e-06
1.526784875568719751e-05
1.135605533130846850e-05
1.266630860348122837e-05
8.372697825918957429e-06
1.281856738986741991e-05
7.578099123283444135e-06
9.351671062171040545e-06
5.452347236596579825e-06
1.178430767154141114e-05
1.223641002456396322e-05
1.020343953744732928e-05
7.604801324173295902e-06
9.872337103464442489e-06
8.007239573155796092e-06
5.965975502614804041e-06
8.601939140160750615e-06
9.282983294504830430e-06
8.848578096114358371e-06
9.436711733736888913e-06
6.414191961235886279e-06
7.978643822985913398e-06
7.949071728938391152e-06
5.829146972164061331e-06
6.363020287811407912e-06
6.199407563901687646e-06
6.612163902003080351e-06
7.514177695090990893e-06
6.501643621237204255e-06
4.529605878265051164e-06
5.286799888743170141e-06
4.097899048099944926e-06
4.543385431067873357e-06
4.691099817549479104e-06
4.925245646601867376e-06
5.570455513536862348e-06
4.432110127674091145e-06
3.556562414772256237e-06
5.233694340714876937e-06
4.838086132888970804e-06
3.853987698857809665e-06
3.297154479207361820e-06
3.902811104393183986e-06
4.492637356441323189e-06
3.683241361638460990e-06
2.727977079117671874e-06
4.268265577492953938e-06
2.934727298497463470e-06
3.851790195550991778e-06
2.644424250192872072e-06
3.274135675078191778e-06
3.225834489643202680e-06
3.007901182118648015e-06
3.090077957487824321e-06
2.960844647311814379e-06
3.121849862434747014e-06
3.625802801651026954e-06
3.673901810540384670e-06
2.351016095677727222e-06
1.800476271686858341e-06
2.944436705967449883e-06
2.547002958383352143e-06
2.851114866277048847e-06
2.401399497510823731e-06
2.407950217412188896e-06
2.751325604675465519e-06
2.402977957946132509e-06
2.294578383476611524e-06
1.816537578349384191e-06
2.187968054483903576e-06
1.933298904927983914e-06
2.452749501284389333e-06
2.936123431300046296e-06
1.951929483402879164e-06
2.273951534892495650e-06
1.943752408992949696e-06
1.873476041094525016e-06
1.622679625183018447e-06
1.954335244526736354e-06
2.380889814690035861e-06
1.772978239248543345e-06
1.629987595658154616e-06
2.069236515962170589e-06
1.578097411477567983e-06
2.101865748887693912e-06
2.137631355194632504e-06
1.973962112511404467e-06
1.901939101366207724e-06
1.844579693406662439e-06
1.695088857527148840e-06
1.453008474536486881e-06
1.923712684771098727e-06
1.536116537513414573e-06
1.997363523884588331e-06
2.097721456393246223e-06
1.996749344011219096e-06
1.857972559541723652e-06
1.177619146388442062e-06
1.678763885917543454e-06
1.567042635302726992e-06
1.509901887896857229e-06
1.411014438004145153e-06
9.168190259938378756e-07
1.856197416064033846e-06
1.316609568511279466e-06
1.335782004267331993e-06
2.020143368752369945e-06
1.203058695026658832e-06
1.593550545871050081e-06
1.161216976427619243e-06
1.422957806506052648e-06
1.315294476795310791e-06
1.368120532500490826e-06
1.259780419007464061e-06
1.707411600650509969e-06
1.247876298275338163e-06
1.050826256178827837e-06
1.508049389947693828e-06
1.266027589362797185e-06
1.410287875536439126e-06
1.290300882487940506e-06
1.347567142964282899e-06
1.151042619309524884e-06
1.514876833351515943e-06
1.154212806281681413e-06
1.376370669207380639e-06
1.116423305988137796e-06
1.106114823546676092e-06
8.844965280037203449e-07
1.180230941638036302e-06
1.250431016295684578e-06
8.926781195557862563e-07
1.235273909799216205e-06
9.151370602388258133e-07
1.014775489164411140e-06
1.227014207468305711e-06
1.062599882608344775e-06
1.057965727933101819e-06
1.053812976529080106e-06
1.069322213745798193e-06
1.020047108741607809e-06
1.171759902868821355e-06
1.054886764954547163e-06
1.098711286895095743e-06
1.035582933780888473e-06
1.094956732018500321e-06
8.865146219021554122e-07
1.025856555907878129e-06
1.070508983824853640e-06
1.021168776987593285e-06
8.278571611315417561e-07
1.092981259535628535e-06
8.618791231484964503e-07
6.096928272148580465e-07
9.972647036841704662e-07
1.116428150693052798e-06
7.400266432653777403e-07
7.442027198466172890e-07
9.831527718679706014e-07
9.417884617826726248e-07
9.282297492902823041e-07
7.250143732897496286e-07
9.414902402976317794e-07
7.967937567828987321e-07
1.020037015849125852e-06
9.066358799282664285e-07
8.570647853164378172e-07
6.663592402456894653e-07
7.961784061258442288e-07
6.773272174218232619e-07
7.331479480631914023e-07
8.754413859698991038e-07
8.146319877418194819e-07
8.492789079993035285e-07
9.388978286999116680e-07
7.605706880931482610e-07
8.384837948732500726e-07
4.686712010059844892e-07
7.702541292433314969e-07
9.151267861964875073e-07
8.908596920384451502e-07
8.154173867904997705e-07
6.274040107670762739e-07
7.845363198579684575e-07
7.756692066514474696e-07
6.160651933608285875e-07
5.303908949295549605e-07
8.061215430793484652e-07
6.434187727701001931e-07
7.693055923551524932e-07
5.592626159096418140e-07
6.979225056920391791e-07
5.662199050386025440e-07
5.543576949071699522e-07
5.870811152517125243e-07
6.286568368746863791e-07
6.452244038067658353e-07
8.271590566363783084e-07
6.199443805353402127e-07
4.512449868731305524e-07
5.132677512883792861e-07
6.386392603682858183e-07
4.833995110341050674e-07
4.295969692418147762e-07
5.254523300915162637e-07
5.968571237343338952e-07
5.774350111034588498e-07
6.642162695165103877e-07
6.125103102185354365e-07
5.810662098774170386e-07
6.743069723440739238e-07
5.058079979232426069e-07
5.364272002490367398e-07
6.007416617884814322e-07
5.999027157242629003e-07
4.210293727798222102e-07
5.753065119677308318e-07
5.648053664149647877e-07
7.198600388181534325e-07
6.280947971943750481e-07
6.348344480326706590e-07
6.816104557889712570e-07
5.606236676753329774e-07
6.971770377771501865e-07
6.017203480399470359e-07
6.261317762503741440e-07
5.788578137342307549e-07
6.859223624709714769e-07
4.454005544870968868e-07
4.077940349880586352e-07
6.189763144855944306e-07
5.120641427983076789e-07
5.336099479472238603e-07
5.194293357207244095e-07
6.270961916996556174e-07
4.298524751765733675e-07
4.281956242216867774e-07
4.139959602218255781e-07
3.697409638755614670e-07
4.483042108991129098e-07
4.684415611604177989e-07
3.987177552468054644e-07
5.646453620283808722e-07
5.892160546248603452e-07
5.115049488614568033e-07
4.927317357060557344e-07
5.153396311923184526e-07
4.871435997490714021e-07
4.062468546499781944e-07
5.154111571016595137e-07
4.573489146256210564e-07
4.465998028685608838e-07
4.416702955453259740e-07
4.781547463397958307e-07
4.667567414976333012e-07
4.823343015787472683e-07
3.283705073236059276e-07
4.657220541336294566e-07
6.380791103598330503e-07
5.750621300311030098e-07
5.190687491708347566e-07
4.705232801918521624e-07
4.621969010928233539e-07
3.674360395724757321e-07
2.865176742130100791e-07
4.943541587373302409e-07
4.401574591588133168e-07
6.201702607192360216e-07
5.007476718968003178e-07
4.432556672480706106e-07
4.180164303925658902e-07
4.210699875308840973e-07
4.525746592502528616e-07
4.631095558928436616e-07
4.388115402529727667e-07
6.180505680294217965e-07
4.713485674534105810e-07
4.784782731990018304e-07
4.538055090194366794e-07
4.815640726206140325e-07
3.561834564762980020e-07
3.875084047064559062e-07
3.832915636557281126e-07
4.850409905237877563e-07
4.361629155958814799e-07
3.639415804520065617e-07
3.903021244246987427e-07
2.957223902451949067e-07
4.556833036217444498e-07
3.793456530694117290e-07
6.759043276376020231e-07
2.806591842957772128e-07
3.629686735613063184e-07
4.454141505748794436e-07
2.871224970372456249e-07
4.057338154623280950e-07
3.550701563893897801e-07
2.190497711947130314e-07
4.162835337781283230e-07
3.778519221699521804e-07
3.928350556329397296e-07
4.427031930952690272e-07
3.807236449394196455e-07
4.229391992296934251e-07
3.503600230679653407e-07
4.697870890977579271e-07
2.765476953303404948e-07
4.354841962455454348e-07
3.714993600666087312e-07
2.789693119897952200e-07
3.549913538009136599e-07
3.975397256366113879e-07
5.247027300670834048e-07
3.401975555692201303e-07
3.311059417893800184e-07
4.234620410010016166e-07
4.127876635056824533e-07
4.030522503028787675e-07
3.420322678062500752e-07
2.742326960953917656e-07
3.711050743052741853e-07
3.343574686603368382e-07
3.736559761540978849e-07
4.534215443103181258e-07
4.101026923353590554e-07
3.265158450844892110e-07
2.648568582694856911e-07
2.964717770391926325e-07
3.298428467317763749e-07
3.677505560651207924e-07
4.770827327275087552e-07
4.813457762798953496e-07
4.666047117998602519e-07
3.213992708749578814e-07
3.438355270416421653e-07
4.019195615267179463e-07
3.094786909070507920e-07
2.774916954860502555e-07
3.521941292661472035e-07
2.256991879408881997e-07
2.352732679146565977e-07
3.824341510981299187e-07
3.841758242539225661e-07
3.019369572988749818e-07
2.687108221846138941e-07
3.562511540566463683e-07
3.810084788242420233e-07
5.088972336031871227e-07
2.540247308041658802e-07
3.078367337222909245e-07
3.796064236488496745e-07
2.859224183852452406e-07
2.107317973075722104e-07
5.054286248721774693e-07
3.379442515713525046e-07
4.119218726400624713e-07
2.941263888580755842e-07
2.015833251078255739e-07
3.050354534152179928e-07
1.848154781713693677e-07
3.094261326848329504e-07
3.278813996349031685e-07
3.392559794285238748e-07
1.982301964064723362e-07
3.811437524305590118e-07
2.821554787501790587e-07
3.484199813787899871e-07
2.661187055583441780e-07
2.616162943512625376e-07
3.280807285211538596e-07
3.718599838203095744e-07
2.701096671761123221e-07
2.241878303763344232e-07
2.234884127347353654e-07
3.003928005193182270e-07
3.447552032390569317e-07
3.798309755357654091e-07
3.693221571850654398e-07
4.247484423149629559e-07
2.423823962329359531e-07
3.536035822551093965e-07
2.947272832258869948e-07
3.584083520755016536e-07
2.937993375475711464e-07
2.736037356842863241e-07
2.547847274743774177e-07
3.106659984974133783e-07
3.131869079922513105e-07
2.762887064316584311e-07
1.949440727246853096e-07
2.949181003789822205e-07
3.519711723778967192e-07
3.205000209795389279e-07
3.037439824443978847e-07
3.062781642089650107e-07
2.408587126164286911e-07
3.137574850740889205e-07
2.498797991593095567e-07
4.362403026210109711e-07
3.074937084820519163e-07
1.891783503666526380e-07
2.360012917618906978e-07
2.268290369702365602e-07
2.890751970419624219e-07
3.582919685965537701e-07
1.968205462304652839e-07
3.170810797477333435e-07
2.124616489449594657e-07
3.277384351762302696e-07
3.139245937976420652e-07
2.496289746314812500e-07
3.028558055344092094e-07
2.526584440408602946e-07
2.449320637654325751e-07
1.937875326708615665e-07
2.193218823240497972e-07
3.078459621111294624e-07
2.773153961578214808e-07
1.634285312286908157e-07
2.466556087018064644e-07
3.298023040657011115e-07
3.136566247033258669e-07
2.429872634404916542e-07
3.710137178046741219e-07
3.243310895728787955e-07
2.934840100756711633e-07
1.931950714601994820e-07
2.273317259812307019e-07
3.657041563418190742e-07
2.823318963166228842e-07
3.230412459160053869e-07
2.594024900044769791e-07
2.549309777579670796e-07
3.113448288404936654e-07
2.685298952267559868e-07
2.825723586775717232e-07
1.425045248090143615e-07
2.213918218486387768e-07
2.147059698338626540e-07
2.800713037640773008e-07
2.595226190098665656e-07
2.108899200555160006e-07
2.256378010538141915e-07
3.309403380162669825e-07
2.394322556763752320e-07
3.202739786063796896e-07
2.356316276237813192e-07
2.178329408145852689e-07
1.541685597365232824e-07
1.748355696271455926e-07
1.814642561417665198e-07
2.096041723568269663e-07
2.382937124461824305e-07
2.625810509216856236e-07
2.515105940752024878e-07
2.213695342675214929e-07
1.905520395688779223e-07
3.603032182762847207e-07
2.405455362358567739e-07
1.723490798241297048e-07
1.988938104965030062e-07
2.336781737148226470e-07
3.069569045809328182e-07
1.992964021228416041e-07
3.268933735465121070e-07
1.921835767952167318e-07
2.682381361616006381e-07
2.074904109872525205e-07
2.826504018539719787e-07
1.631897485370544440e-07
2.540130099729468226e-07
2.736555509492072305e-07
2.581409090367313415e-07
1.835515395988945362e-07
1.588319800868160424e-07
2.978960389173202326e-07
2.914181076983217686e-07
2.439526877020909625e-07
1.410633385100615149e-07
3.167390376485724561e-07
2.296872374952264650e-07
1.466170705370159349e-07
1.423476241173359912e-07
1.347681792395746072e-07
1.680384967460431263e-07
2.194947476760872227e-07
2.299909840516758186e-07
1.738919839555508090e-07
1.706003712493898210e-07
2.654944312190394478e-07
3.384955093453321377e-07
2.438384051587463385e-07
1.709605505340733582e-07
2.470525550186063319e-07
1.723193213358783644e-07
2.686162444948411606e-07
3.444795206218501158e-07
2.711059137522852128e-07
1.993168679020340833e-07
2.229468020435809975e-07
2.470894442974358502e-07
2.150963250701012113e-07
1.620822660383898564e-07
2.383072241644592119e-07
1.509375664193354515e-07
2.156220977371112628e-07
1.800685139698693240e-07
2.077356008542594416e-07
2.246644815763819427e-07
2.340810406596529569e-07
1.940631261525359059e-07
1.965462732959206244e-07
2.151099120293755760e-07
1.586421603359338195e-07
1.224692259539292251e-07
1.357356994719588027e-07
1.709240923036754650e-07
1.865778414927018043e-07
1.371541107374106716e-07
2.035615305517979151e-07
2.151883480604910161e-07
2.140963003692894672e-07
1.432287343449889552e-07
1.859659093203199614e-07
2.626218003412948496e-07
3.048532771371058970e-07
2.661981114703614370e-07
2.372181953171323578e-07
1.708252057991664257e-07
1.171041365723348863e-07
1.714718899849149121e-07
2.422660816018642730e-07
1.913725709900750847e-07
1.722487563132958988e-07
1.011239977190414929e-07
2.101041550125827469e-07
9.411278028663939017e-08
1.543638424571541911e-07
2.090091749200338845e-07
2.075950753799778762e-07
1.237031477523015599e-07
2.081498398439040532e-07
2.102119072460280617e-07
1.843071571130649466e-07
1.787333898610423408e-07
3.046593690863878484e-07
1.266871460400527487e-07
1.619822597922175946e-07
2.081157154868733543e-07
2.229746548434626094e-07
1.676394418235513359e-07
2.176186036757165108e-07
2.208280859923491664e-07
1.743934198943000623e-07
3.276545797387000666e-07
1.259235426990134263e-07
2.028742564759972813e-07
2.166837246431199441e-07
2.815013208801417149e-07
1.756891901630464111e-07
2.331467800041943872e-07
1.811990202750416564e-07
1.397692221712191311e-07
1.771227866363443892e-07
2.390073972052358729e-07
1.611074563164403664e-07
1.343513473162432428e-07
1.965346820552536703e-07
1.352287321341743666e-07
9.555696117143022141e-08
2.600912592602471765e-07
2.264876316794418880e-07
1.787122780422543131e-07
1.250537872371247801e-07
1.870256250122176160e-07
2.343236448724432541e-07
1.337661229797516817e-07
2.524623011251784542e-07
1.171266420415605704e-07
1.932615814710066356e-07
2.660538169075687531e-07
1.659170879147181463e-07
1.807999620090125088e-07
2.058461967843203736e-07
2.045097196350895636e-07
2.031944098183331823e-07
1.524915053538093324e-07
1.895436120878461990e-07
2.034034237703546652e-07
2.293730386150905282e-07
2.867954913395382946e-07
1.486563323933765709e-07
2.879194588110449452e-07
1.605083415949309181e-07
1.473464299233604849e-07
1.791300844434630708e-07
1.165736215728094953e-07
1.461525546966891472e-07
1.598246955024982152e-07
1.791243149085007359e-07
2.138803853668681546e-07
2.016355644929714810e-07
2.100288968336683299e-07
1.264557656600138417e-07
1.526846131517096553e-07
1.946867963548584738e-07
1.261093200334147390e-07
1.390272703559572496e-07
9.235502974270165727e-08
1.198755166410144692e-07
8.193048768960902800e-08
1.352532165737832315e-07
1.800802349919867116e-07
2.082209640166847464e-07
1.724424951183857970e-07
1.625442180557482935e-07
1.716036433601998158e-07
2.275026120918574056e-07
1.139640012632349876e-07
2.387327049891898872e-07
8.502979823573019188e-08
2.053319016157295974e-07
1.553872492081517462e-07
2.787000664303237618e-07
1.943544644496621673e-07
1.772028307065768528e-07
1.464346730478393147e-07
1.878752452486049858e-07
1.432752769980031626e-07
1.636155454237364024e-07
1.534093315482231529e-07
1.641489304070218641e-07
2.119144299817953022e-07
1.284890092120286913e-07
1.820474753154514723e-07
1.648297542230480563e-07
1.042252533346077925e-07
8.310685244869694678e-08
1.252772973895216362e-07
1.173697070875676763e-07
1.832889412295028015e-07
2.069687453488609551e-07
1.334556737813365746e-07
1.790067576082274410e-07
1.798596758344040131e-07
1.585549431208738625e-07
1.942566745009290371e-07
1.849404415611031838e-07
2.071856875393898820e-07
1.559415256917559048e-07
2.256731181989628146e-07
1.183352913617234388e-07
1.853280816176940184e-07
1.059194384304439171e-07
1.456278003880985598e-07
1.542277992324963646e-07
2.054274111674853987e-07
1.305715268553227667e-07
2.025726495991950450e-07
9.984316681552912783e-08
1.041690714096439970e-07
1.913831822038209680e-07
1.273694678187399099e-07
1.435936589550958080e-07
1.981698418468656443e-07
6.920168617509025898e-08
1.848390274005051795e-07
6.329627562676356931e-08
3.692063452617416625e-08
2.447176271955083381e-07
1.948194106782360601e-07
1.920416152113280761e-07
1.343851906039528048e-07
1.702403948201411278e-07
2.172299912424323049e-07
9.622752569901853614e-08
1.257826234134795213e-07
9.924199994007690184e-08
1.510472269666971448e-07
1.223551253840211963e-07
1.803767095057027084e-07
1.918813690792617545e-07
1.547647050604441240e-07
1.764929140570725472e-07
1.067794188278703624e-07
1.172895179954811176e-07
2.183057874466113475e-07
1.738364738132698079e-07
1.424281308593749105e-07
2.045875087178779928e-07
1.943687931503581173e-07
1.685091810939087546e-07
1.007288046855277643e-07
1.278047945936948614e-07
1.414337455894026842e-07
6.113634892955415680e-08
1.640471465330178358e-07
5.328798019922805926e-08
1.678466273985556346e-07
6.591965040534654316e-08
1.235947863199603238e-07
7.964245558328041570e-08
1.683016622457853886e-07
9.991299588868732548e-08
6.752306341417762314e-08
1.248257053703010703e-07
8.396080492991818860e-08
1.662238351592857141e-07
1.445097633258962463e-07
1.585017711322305403e-07
1.584162448049228025e-07
8.215368735525462952e-08
1.017304067042656255e-07
1.535856921354283168e-07
2.133068208107659621e-07
1.541568584484333338e-07
1.681860793081892487e-07
1.293397843901510280e-07
6.152180861266426931e-08
1.613066819532181992e-07
1.240104711658330348e-07
1.883689207571348906e-07
7.207641201370410831e-08
1.452534156492625401e-07
1.058938992860060209e-07
8.425850780071251244e-08
1.069891563964465872e-07
1.299014088611902202e-07
1.265905826731213511e-07
1.114917914221242422e-07
1.236594449403341607e-07
1.244577302718110349e-07
1.507800636945304565e-07
1.189644909882467694e-07
1.881773049672282153e-07
8.448307212004138949e-08
1.201612936981808999e-07
1.061007223353499811e-07
1.194674852119609219e-07
5.369905258720766855e-08
6.460316433502483614e-08
1.347897398467667779e-07
1.180159223648865448e-07
6.721452250240770274e-08
3.892671726132648003e-08
7.699448250070421299e-08
8.898441485598353536e-08
1.164712079090623025e-07
1.728550093452117199e-07
9.597896497533495061e-08
1.408628261822424866e-07
1.048476740811640955e-07
1.481600741694831682e-07
8.833015139558286491e-08
1.442369385145556375e-07
8.070307164281278509e-08
1.693928084351805460e-07
1.503889511705178621e-07
2.004884035018713038e-07
7.391122963383907175e-08
8.432618552234398278e-08
1.304896950075585824e-07
1.826124593250606114e-07
1.197721251586760838e-07
1.862050562441542395e-07
3.832666603125110432e-08
1.432953552355963423e-07
1.152490008276050176e-07
1.386464914699018678e-07
1.701951840854991901e-07
1.402994798675944553e-07
8.938727299867552102e-08
9.488698864194634301e-08
6.016401360095276613e-08
1.766995191550771374e-07
1.176578753778863624e-07
1.583137141488767265e-07
1.267844826789890026e-07
7.338470119677610895e-08
1.099743777418607642e-07
1.323106757093897343e-07
2.006043624756195916e-07
1.279811248851403635e-07
6.975691370056685149e-08
8.763570719711479800e-08
6.622477047231533731e-08
1.320417369807515842e-07
2.264906959784269133e-07
1.261495876608269271e-07
1.269332465971234546e-07
1.950481596041648132e-07
1.497856000057811523e-07
5.389595609440374189e-08
1.420837274946590150e-07
1.680569093762644972e-07
1.456331820006065976e-07
1.044883872908836111e-07
1.379246050195975721e-07
4.945001094937205620e-08
1.032024059185790013e-07
1.136438223318083599e-07
1.344039138338622127e-07
8.835949607401240543e-08
1.133847897186706708e-07
1.326356289129759953e-07
1.353241009829770171e-07
1.788664603592442582e-07
8.209585216640458742e-08
1.173246148281111207e-07
1.396295198458030446e-07
1.340229001127189786e-07
1.082205982477268136e-07
1.225316707459156585e-07
1.454044682814440343e-07
1.800340492981300823e-07
8.781373434055977006e-08
5.747288537199153317e-08
1.160531024102890745e-07
1.055409545019633750e-08
9.879623335101456099e-08
8.974775891896105248e-08
1.239260554060915055e-07
1.347761598115367177e-07
1.427728730994419525e-07
1.089122130926863233e-07
1.148889184008725145e-07
1.238872001234094848e-07
7.515489830598005193e-08
1.031401684896156787e-07
8.415531228594361410e-08
3.269080335049490619e-08
1.464869059408383054e-07
1.430764899183797009e-07
1.039157314480708396e-07
1.617809715999984470e-07
1.280547596168754245e-07
1.226706567092370417e-07
5.589709524244618229e-08
8.353973074936260273e-08
1.701258601627848755e-07
1.198444379403234832e-07
1.011474895915898591e-07
4.108855720534922747e-08
2.258635813629442531e-07
6.584413645979703305e-08
6.168912754775345769e-08
1.326200604723641341e-07
1.296949069251541880e-07
1.187155261479798093e-07
4.536526910551333182e-08
1.261181725802532303e-07
4.408121117906750369e-08
1.763313143443372829e-07
1.238120148415455982e-07
1.391035518564020699e-07
1.722272191735993476e-07
1.208521603713473973e-07
1.001454074343723871e-07
1.321336057043470514e-07
9.011935201075727298e-08
1.626032412158706258e-07
1.238930616898089607e-07
3.542534617619821776e-08
1.285162548752217065e-07
8.708593420188346241e-08
5.583229280982359096e-08
8.567599883057251468e-08
1.017626292357253123e-07
7.358426272525765729e-08
1.162241381223444794e-07
7.095119645070131526e-08
6.730656567319853815e-08
8.547181579285052923e-08
1.216064549938748334e-07
1.209471519520934839e-07
1.141925505054847695e-07
1.380018822784528328e-07
1.202377822156442100e-07
1.372217465438756347e-07
5.450449936405100182e-08
7.619100472269471618e-08
1.519437406913970327e-07
1.494881767090510401e-07
9.523770979909736631e-08
4.660722087661226325e-08
7.484399419837730971e-08
9.387084367832177867e-08
1.634151338575414933e-07
5.453210924810703435e-08
7.795787513958124799e-08
1.307377402791684000e-07
8.874305317101033680e-08
2.299603647887054439e-08
7.211892553876423109e-08
4.596148101417337076e-08
1.052040251956854342e-07
5.620611075756330135e-08
1.797207713975477288e-07
1.123782947360970520e-07
1.926319655043555836e-07
9.613785312671837202e-08
1.708680463553864902e-07
9.622587545768042330e-08
9.654784898732344408e-08
3.992030473050201937e-08
1.044863290283991642e-07
1.353392939826002487e-07
8.706612185872858869e-08
7.710684066889271240e-08
1.070380844736889836e-07
8.484467263220546445e-08
7.754426110714584614e-08
8.052968077015724053e-08
1.293999484467603322e-07
1.250275667926094263e-07
9.618587608958105176e-08
1.140140419870589491e-07
7.962582545775390426e-08
1.095140469438758837e-07
9.429360844704408886e-08
1.233189100219028808e-07
1.432911705518854984e-07
4.259355324787499101e-08
7.857777254475317688e-09
4.384660970956390043e-08
1.710484023675028663e-08
1.569610035570587974e-07
1.148427856974876317e-07
5.906234789414420957e-08
1.149706123527787270e-07
-7.567700460739562145e-09
1.334126689969680409e-07
4.368862910816218902e-08
1.315520280390010047e-07
1.031981162343165036e-07
1.064845778888564607e-07
1.126206924299378246e-07
1.333960550262295662e-07
7.581831498367829932e-08
7.545496903568497171e-08
8.452573905413029380e-08
1.601444090738201481e-07
1.226541607398576888e-07
1.034115589397605668e-07
1.350629826233989486e-07
1.105541728208381229e-07
1.277815527313772308e-07
9.446313601197927652e-08
1.043591677948931710e-07
5.836876026358369723e-08
6.731425082891169319e-08
3.692409489609040605e-08
1.139551327121288745e-07
7.474677531781134635e-08
8.397661429216461367e-08
1.092860686044507300e-07
7.656690971684485752e-08
1.486802899598447075e-07
7.750109087820486732e-08
1.066753072814134313e-07
6.900810514111640566e-08
9.705523077207670391e-08
1.470977330262971394e-07
8.641644068958282905e-08
1.410370973424409172e-07
7.027182829265477386e-08
1.354351982064746025e-07
7.665686761599693217e-08
5.196151384840683399e-08
2.691602432788428202e-08
1.310763424252145084e-07
1.116482567786535760e-07
5.592844108380544101e-08
9.524435610921176629e-08
7.958315993371995316e-08
7.008481456159138931e-08
1.673618719057427284e-07
8.057333800874312517e-08
1.254472710575188860e-07
9.526819888479078429e-08
1.818530011631775994e-07
1.019659577642508730e-07
1.054088131412176351e-07
6.005416844389904126e-08
1.158567002765793787e-07
9.999230988933752692e-08
4.393791020619928915e-08
4.083369322736929058e-08
9.452862645179751954e-08
6.429526480359360284e-08
1.030812558063439001e-07
8.200556284518896902e-08
1.087082638846437355e-07
6.756006969829265440e-08
1.177651387622351227e-07
6.837371092984371316e-08
1.043777907917747702e-07
1.207268615234929553e-07
6.693217920660398265e-08
1.076636448562500251e-07
5.953736548916364420e-08
1.255950942218082340e-07
8.393514691159115523e-08
1.030272219685948486e-07
8.563197259893281455e-08
1.330103072989769545e-07
7.655949645000123856e-08
1.417479112951462229e-07
7.699898961301930351e-08
1.366708794385676282e-08
1.263942217215940855e-07
1.461907097298234580e-07
1.090328608870195093e-07
2.684286108510009285e-08
7.567005155095303219e-08
7.410666897790760080e-08
1.425901545762651124e-07
1.289278094931035093e-07
1.168331679874449851e-07
