# bin_4_4
0.000000000000000000e+00
0.000000000000000000e+00
6.666320416073113734e-06
4.356107596849665231e-06
8.494993860045394344e-06
1.869610856102213938e-05
1.195896095123357748e-05
1.500634664275020120e-05
1.172292695351035923e-05
1.227843428605391122e-05
8.055064623742959982e-06
1.251815621842028764e-05
9.703223848087144250e-06
1.179854154644256151e-05
5.535771528040439532e-06
1.438062463768645532e-05
1.276519307113744565e-05
1.021365497010536842e-05
7.637503407141985919e-06
1.103772729343718675e-05
7.731252963134725397e-06
8.677020686262631002e-06
7.980747738161654377e-06
9.569305587275464488e-06
9.282871130825590074e-06
1.022274879169778663e-05
9.499267950294510644e-06
1.061120964935224278e-05
9.501721080385788182e-06
6.172619854444767061e-06
6.875197976094956746e-06
8.490084950542605994e-06
7.417013037611771299e-06
6.743105828440106714e-06
6.941690978925419127e-06
6.551408974639086586e-06
5.576473975272614197e-06
5.281641986091818387e-06
6.307233794788177628e-06
5.483186401103290990e-06
6.332376600348228331e-06
6.155351216082698826e-06
4.967803079847339521e-06
4.829187499475990099e-06
6.643398450617883310e-06
5.540135307760873576e-06
6.221342656380812237e-06
4.920560274698546005e-06
5.318866277002327199e-06
4.888379861089765343e-06
4.668918962664165583e-06
4.398644195062710114e-06
4.904695745880528808e-06
4.450664005260422173e-06
5.137671947883565421e-06
4.216457168360707970e-06
5.155665682434430767e-06
4.266814591974971821e-06
3.347936883309700468e-06
4.269536902949017176e-06
4.188591810490655431e-06
5.152962520097334286e-06
4.284399272707800123e-06
4.495892263952169228e-06
3.597641399495791266e-06
3.099082229018676567e-06
3.565254540959668673e-06
3.397719510777057368e-06
4.154446234500005440e-06
4.402870122064189484e-06
3.517779638440955243e-06
5.167194518263684817e-06
3.810609408162591598e-06
4.137123664250341468e-06
3.219823878288511361e-06
3.360845567461036951e-06
3.427311266354397092e-06
4.298233742918212928e-06
3.511935941661116448e-06
3.057239518245466042e-06
3.529575315766539807e-06
3.329082112831038359e-06
2.890884525434693721e-06
2.907567326549086325e-06
2.857656361740099023e-06
3.662120881032371791e-06
3.412219376182350633e-06
3.595266279364646712e-06
3.354795941964051016e-06
3.284182035370089858e-06
4.014011802589543674e-06
3.198389037243208242e-06
2.697280790833781517e-06
3.286035888267629928e-06
3.161822803337180287e-06
3.274358269296577225e-06
2.916432061340073440e-06
3.424331861456817825e-06
2.756762910093106224e-06
3.051224728692415156e-06
3.504430159418741420e-06
3.037584130377633724e-06
3.110654130612447567e-06
2.913174122842677348e-06
2.620766706691311125e-06
2.525051958079656015e-06
2.623282235558851140e-06
2.894197095339952768e-06
2.821413790629456065e-06
2.700394607981286014e-06
2.899166634546206237e-06
2.743876635460391788e-06
2.905920717456770641e-06
2.630269761118477821e-06
2.928269560178239549e-06
2.649514137782750066e-06
2.408801664448828595e-06
2.405961715761008764e-06
2.635618326016385007e-06
2.730234105078196889e-06
2.771475428359592033e-06
2.022539221849157714e-06
2.708748785948281594e-06
2.988050773388565218e-06
2.793281868875388099e-06
2.516913219800977417e-06
2.847719361861914995e-06
2.066084644065176003e-06
2.389633105244613882e-06
2.437105059389202917e-06
2.501463610612434070e-06
2.771966330523874565e-06
2.598518561108964090e-06
2.477573787132940652e-06
2.303859031306912452e-06
2.628684604897611802e-06
2.255928588808616421e-06
2.321766176599166612e-06
2.405079847555963960e-06
2.108236464233250131e-06
2.582103045262299582e-06
2.505392693700216136e-06
2.446959826260349334e-06
2.576937531989814468e-06
2.597481128597734480e-06
2.215757264738746996e-06
2.303293077177404928e-06
2.252492590887860829e-06
2.437888116538700324e-06
2.169752067598810621e-06
2.196696975861943488e-06
2.215282010457297796e-06
2.119910809555525663e-06
2.294356910529066705e-06
2.234933502558560379e-06
2.123693377783168041e-06
2.093381068733737716e-06
2.318627142998662128e-06
2.182469130326784783e-06
2.320367517352105307e-06
2.090287779236997650e-06
2.383037411775120024e-06
2.127945569499321277e-06
2.126929377895359212e-06
2.039688951964092876e-06
2.315820042077121067e-06
2.171754554576596719e-06
1.876810684021231703e-06
2.025959925836673692e-06
2.166023825968526715e-06
2.070173671362230665e-06
2.153573736046707971e-06
1.874713583700913898e-06
1.918505114075150513e-06
2.204356628648582681e-06
1.677384983036313228e-06
2.082208840809753369e-06
2.082728728590490815e-06
2.018285606372582157e-06
2.195550472852678535e-06
2.096188672586036611e-06
2.014330141840528046e-06
1.899244277635236973e-06
1.910265026074272641e-06
2.089837785799838855e-06
2.081640313218728174e-06
2.008614351079445541e-06
1.734843899318655486e-06
2.004324479527997550e-06
1.962147418346425552e-06
1.934973890862083926e-06
2.045793530988131270e-06
1.985490733109385450e-06
2.105729766549264650e-06
2.211126022546002146e-06
2.145908011845339319e-06
1.686927550404721327e-06
2.109457944466390949e-06
1.896174401856498059e-06
2.269261009902355567e-06
1.983531634241631314e-06
2.061962807468520804e-06
1.928185160122978148e-06
2.152211969424169558e-06
1.949854907536965280e-06
1.632695042600975663e-06
1.814914695998385057e-06
1.912041599399371261e-06
1.842806378698202283e-06
2.044185229598864517e-06
2.039352291726848454e-06
1.775045042637668919e-06
1.711644401496293408e-06
2.096955437635465739e-06
1.766923987236179526e-06
1.851763489151890170e-06
1.973260873550693884e-06
1.794261296395729681e-06
1.878335344050408593e-06
1.694250643853042670e-06
1.887975296380313060e-06
1.896401125733638018e-06
1.846929092150894390e-06
1.888962631477000579e-06
2.021970910972229511e-06
1.794115703521355771e-06
1.862774535760072134e-06
2.053145304719831359e-06
1.849607272589509686e-06
1.690701623283361773e-06
1.675069359243032792e-06
1.861574994764607135e-06
1.779009313742637238e-06
1.786756491083097131e-06
1.975238240745401665e-06
1.805928336188762587e-06
1.760987488151103148e-06
1.945972035738276853e-06
1.723917882592584661e-06
1.665617390811953253e-06
1.877524237600596292e-06
1.857733949718440671e-06
1.750301608438033036e-06
1.693653083080260966e-06
2.046225914489777506e-06
1.829237602053656596e-06
2.035655243717444325e-06
1.832793907150128835e-06
1.814241887403654968e-06
2.178451093614120403e-06
1.742319881398862142e-06
1.745095355402895894e-06
1.763779069614550719e-06
1.747034850299581960e-06
1.806767945010641574e-06
2.065669520375316434e-06
1.635237014369371207e-06
1.694932604619846820e-06
1.657306660641201628e-06
1.758425376965029837e-06
1.929085776336117868e-06
1.817120269744446330e-06
1.733742497245449519e-06
1.743934781672179941e-06
1.778057920579056075e-06
1.626868431388770105e-06
1.720255993022212165e-06
1.724083020576088032e-06
1.766740924301573342e-06
1.730814029863398447e-06
1.590786032578346921e-06
1.755883689425509131e-06
1.665401914153341265e-06
1.840622364607775600e-06
1.698336775845987286e-06
1.821886828421473799e-06
1.718388291886723129e-06
2.071315301703614913e-06
1.690669167221966288e-06
1.872370471039999217e-06
1.739715559227539149e-06
1.869348532149836650e-06
1.602054234413276569e-06
1.662854398517525229e-06
1.859573110186851048e-06
1.711674992458926028e-06
1.794739873760427698e-06
1.718848851415733118e-06
1.736851796388557619e-06
1.711307437161242472e-06
1.645727729000473995e-06
1.755983464998975991e-06
1.617859431834474529e-06
1.739054310004473673e-06
1.722700607173413498e-06
1.676997974669479229e-06
1.635798290008760029e-06
1.550691078362467279e-06
1.827044355645044285e-06
1.688906598281742899e-06
1.641848258818937111e-06
1.747032882407986991e-06
1.612244722181174649e-06
1.393284760516739068e-06
1.680703986605635454e-06
1.754799496392259676e-06
1.683372884485814421e-06
1.598594000919479967e-06
1.570618046398160831e-06
1.598302033510224776e-06
1.658245010183206100e-06
1.557505389194235750e-06
1.624824110187112007e-06
1.599200200364229207e-06
1.713355027447069069e-06
1.698964901105687694e-06
1.610590692358334529e-06
1.600338901048999935e-06
1.624360749198170226e-06
1.636228187935159707e-06
1.535307622917593602e-06
1.611092488029461905e-06
1.485636990394515489e-06
1.479496681709169134e-06
1.606827327932605021e-06
1.801592668601223051e-06
1.658338228430763942e-06
1.701732348545047675e-06
1.544970977391437530e-06
1.483662625819813257e-06
1.633241835612353064e-06
1.622181202217344529e-06
1.749453936095709134e-06
1.634395000608661827e-06
1.670296474305323656e-06
1.763039624881303532e-06
1.650723665866561617e-06
1.614130310006677136e-06
1.678153540763182726e-06
1.571161232094298766e-06
1.535313551865101714e-06
1.675790358425271818e-06
1.551240330933537291e-06
1.591285575008385619e-06
1.671466258542555522e-06
1.657425704629787068e-06
1.800711049679227597e-06
1.517697320840194120e-06
1.530060679546048001e-06
1.718142598706238342e-06
1.594901545311343226e-06
1.638856946130970549e-06
1.606214043403897056e-06
1.527691388789978392e-06
1.741186238724190513e-06
1.612990879273912143e-06
1.659617790415266913e-06
1.681834170238995433e-06
1.696242676624906147e-06
1.717273718238699402e-06
1.586774294620444566e-06
1.621196073033474617e-06
1.750236005676302281e-06
1.577192004949559000e-06
1.646043747301565515e-06
1.550143434443715667e-06
1.510656235162271346e-06
1.481455963082653210e-06
1.741391084868030278e-06
1.522655995215239947e-06
1.630935243702487589e-06
1.674078757078804038e-06
1.590223399204345960e-06
1.608230118257005572e-06
1.611302648924966972e-06
1.539523023229320848e-06
1.642005332253980902e-06
1.689674191847271570e-06
1.497102441147582884e-06
1.522706773654906130e-06
1.561137839311324536e-06
1.584810831761990904e-06
1.626676443268881099e-06
1.646953668601313909e-06
1.598058157725023081e-06
1.588417082707007848e-06
1.665862328252470389e-06
1.486200872380621078e-06
1.513126333369191046e-06
1.550456564173393366e-06
1.545226971125955650e-06
1.593847184498380154e-06
1.490722301693080983e-06
1.557139836016816324e-06
1.625569920587129243e-06
1.547035489153321496e-06
1.602352735014465490e-06
1.637375657382411325e-06
1.557879026507010508e-06
1.599377158403182845e-06
1.647006519468646920e-06
1.560473859638000958e-06
1.610083416011921386e-06
1.598048282643113161e-06
1.716156834385432059e-06
1.496910186956316412e-06
1.557164482250608681e-06
1.540806898381432451e-06
1.563077055090776735e-06
1.548164117014894035e-06
1.618018526020782885e-06
1.524917117374576124e-06
1.527031392650783569e-06
1.613925299001020986e-06
1.598563218217920205e-06
1.568348575383478924e-06
1.580122257144833395e-06
1.606445178895250476e-06
1.471702414496084431e-06
1.385550921820319297e-06
1.584381460802824080e-06
1.629804685363753214e-06
1.455016684284423926e-06
1.492087799946034342e-06
1.423835564253097546e-06
1.470682953168961106e-06
1.575402490665369068e-06
1.564383075607232329e-06
1.640747598844134500e-06
1.597223067765857822e-06
1.604549899483320291e-06
1.668180715286096600e-06
1.490224995729207991e-06
1.420290121955788626e-06
1.645868364057490669e-06
1.441069582713074520e-06
1.581188720355635625e-06
1.616532252977031964e-06
1.522090535412048152e-06
1.519340530844132139e-06
1.543046284435191827e-06
1.403366458692673119e-06
1.531726774933610106e-06
1.568547483989652624e-06
1.650150440002342785e-06
1.643548047278700236e-06
1.620695550812026721e-06
1.512444152125099761e-06
1.519644567427352703e-06
1.431489597676076323e-06
1.618015315593795061e-06
1.594760230099463170e-06
1.505927454288991245e-06
1.518392379217545517e-06
1.549732597254580985e-06
1.474031615383070022e-06
1.534340461502446807e-06
1.566781208354139174e-06
1.436621885835851495e-06
1.393504157697069174e-06
1.631692075574314945e-06
1.583243317700465168e-06
1.569973570194515242e-06
1.598757972668449662e-06
1.391974718596953198e-06
1.703103538053568448e-06
1.476635396769402213e-06
1.498169400271838147e-06
1.496594685086149694e-06
1.516825022155881755e-06
1.455089954168833182e-06
1.554413396186260207e-06
1.335831889019408213e-06
1.453108280315229109e-06
1.455507684155262838e-06
1.425486178408358813e-06
1.536901599011304113e-06
1.446672398429194863e-06
1.468383857459712718e-06
1.616319217379176233e-06
1.636557926628492920e-06
1.485035529191526004e-06
1.624352905280425940e-06
1.455381546590058023e-06
1.609908400009396574e-06
1.415529229918550354e-06
1.600820504713982745e-06
1.454927064266655034e-06
1.542521368473964761e-06
1.541830320734095377e-06
1.455546671700077682e-06
1.521965158986700025e-06
1.495001262991058200e-06
1.459371597278840223e-06
1.414627829493689998e-06
1.454857057117914408e-06
1.566890098879235084e-06
1.518989388219685858e-06
1.635694473191825465e-06
1.561099482970265861e-06
1.428592472640672828e-06
1.535814554295274668e-06
1.459717093350361666e-06
1.436355645460249603e-06
1.480734584188459488e-06
1.399012488143787288e-06
1.494999897686066224e-06
1.532865348421272101e-06
1.431908179330963010e-06
1.485338731117653287e-06
1.547984793590154580e-06
1.499882826928819049e-06
1.547775659616053345e-06
1.558740061513651741e-06
1.591886725808399961e-06
1.447360997596339969e-06
1.523235892448831166e-06
1.482206528952346182e-06
1.458829485887082603e-06
1.563257963740714225e-06
1.465315364323241549e-06
1.414263500325833567e-06
1.495546365742630278e-06
1.433810950774515761e-06
1.508278478133617212e-06
1.525674740514750093e-06
1.518721030022140185e-06
1.454617101321809526e-06
1.465928446840562541e-06
1.505725781278084588e-06
1.438603443341354251e-06
1.498454618093425667e-06
1.489211764420034082e-06
1.704589735501556462e-06
1.429980942629740382e-06
1.534592915725709154e-06
1.605500668244835943e-06
1.557817146263405733e-06
1.477834596872874640e-06
1.544617593905649719e-06
1.407566493668886653e-06
1.427168166535975561e-06
1.430716998025267369e-06
1.406494029179558750e-06
1.583725948134931157e-06
1.465069904034519820e-06
1.424158234758007629e-06
1.453686686958859863e-06
1.499354749114176717e-06
1.423629510529498420e-06
1.537418761143830500e-06
1.449463291391679666e-06
1.580907722561074659e-06
1.444820212222564648e-06
1.420541244660907303e-06
1.405766896161466434e-06
1.544197033952144979e-06
1.448918313746111567e-06
1.563530638025641709e-06
1.473392112262942451e-06
1.418733262139113965e-06
1.495225258211798504e-06
1.508645046827048451e-06
1.469870084187051562e-06
1.451659044075926859e-06
1.608036223020988949e-06
1.475615679508130324e-06
1.485879806504819619e-06
1.403016842107921585e-06
1.273403710512408418e-06
1.467569386960926957e-06
1.452402187407654777e-06
1.492520460969280979e-06
1.515839110033637744e-06
1.498923149419339720e-06
1.417898379412966632e-06
1.514403809485794367e-06
1.431647161774278597e-06
1.475824290738077551e-06
1.320776800417622432e-06
1.499337668116369451e-06
1.467994067464342973e-06
1.495728850683691297e-06
1.525235947130294082e-06
1.509075160848656474e-06
1.447464220101146455e-06
1.434975776315951792e-06
1.562551452899865303e-06
1.532631889947757556e-06
1.481224514232422546e-06
1.473453954381705232e-06
1.494969804740635897e-06
1.431128427878157215e-06
1.513757149038141157e-06
1.631982830113983928e-06
1.422904125615082713e-06
1.476714883050444489e-06
1.482236580950394365e-06
1.457627449072340181e-06
1.609083548262001067e-06
1.461248870375789889e-06
1.384816133358330125e-06
1.588283593175922591e-06
1.382793862352554055e-06
1.474236223589232125e-06
1.463254980106738423e-06
1.471512393538644528e-06
1.507306504026540123e-06
1.478980488531452713e-06
1.449861814413127459e-06
1.487515685888199582e-06
1.370821887474239935e-06
1.454582996709926855e-06
1.455140165603341947e-06
1.475678090469546834e-06
1.381216497451080012e-06
1.406184710696714452e-06
1.456952598174387124e-06
1.439991666149453273e-06
1.398365873987576894e-06
1.592653489857179516e-06
1.418936031260251112e-06
1.388161198586166032e-06
1.450527660415897083e-06
1.364500374563201421e-06
1.470929386973980369e-06
1.460373599250186083e-06
1.547996017151354725e-06
1.537679357442422341e-06
1.443899647045567986e-06
1.490633389161503414e-06
1.488000753536969405e-06
1.479671655032147424e-06
1.395863013220449461e-06
1.536410052572553252e-06
1.536563858342116404e-06
1.472196592477452342e-06
1.512698124594257256e-06
1.469443630959718763e-06
1.442075052357676236e-06
1.421059869318257643e-06
1.553546253880011750e-06
1.407617014008323762e-06
1.447239711677066937e-06
1.456215092113117051e-06
1.456501049879330359e-06
1.554353885631584614e-06
1.437461658100466195e-06
1.413338595850845245e-06
1.466513470662608049e-06
1.391134022814752384e-06
1.452755160470972830e-06
1.482423125256909238e-06
1.446581783437044155e-06
1.418962422337762586e-06
1.393096488104159026e-06
1.505307875324439763e-06
1.493755933550349619e-06
1.480024050973630718e-06
1.417165047520679103e-06
1.420093683794465261e-06
1.362434125718549364e-06
1.475318864694859151e-06
1.367518723548758215e-06
1.334316198467481056e-06
1.481329912824790275e-06
1.470547840995975905e-06
1.456353736929146056e-06
1.476120262270887446e-06
1.387332473923472582e-06
1.512666459594697304e-06
1.431685014584398573e-06
1.506919405834244770e-06
1.395560215491088762e-06
1.495653273512643759e-06
1.564693964217228955e-06
1.471927891488179708e-06
1.523081886442032206e-06
1.477746011012930795e-06
1.404618166518311641e-06
1.462108424469643990e-06
1.322111725103759507e-06
1.398201953474904908e-06
1.402965282165510245e-06
1.462444807111796681e-06
1.453293405089746558e-06
1.416374930775726550e-06
1.443441092976587488e-06
1.479208858708736510e-06
1.392210558723145865e-06
1.508478014302429211e-06
1.414121089141853341e-06
1.373649427076619114e-06
1.387385957772770852e-06
1.454174737536096399e-06
1.440832291123276716e-06
1.475279074902306918e-06
1.357173407008843970e-06
1.435428761010225053e-06
1.426482980488787677e-06
1.441241894807260299e-06
1.425420151364888751e-06
1.439075417619371658e-06
1.355793472237132208e-06
1.424207196187373758e-06
1.413072497698083837e-06
1.474297276731662697e-06
1.514937968812464023e-06
1.488297594189514477e-06
1.421115915166271152e-06
1.458893409883554296e-06
1.384586172424819922e-06
1.470670646801493479e-06
1.412921850964464446e-06
1.391214582841693966e-06
1.430906799144985281e-06
1.415766252203070472e-06
1.345990688597523516e-06
1.434504399395354068e-06
1.492404299384621277e-06
1.437559444028393032e-06
1.488568797999895737e-06
1.356993936365214892e-06
1.370695435350030564e-06
1.358136623857190926e-06
1.403400945758967693e-06
1.474593606560193633e-06
1.454501081444409400e-06
1.426314068404926011e-06
1.474592155465230576e-06
1.465118056705859894e-06
1.389232151067315641e-06
1.335466991493403015e-06
1.340421142083483086e-06
1.383694008241950360e-06
1.432176800529509666e-06
1.347891748717368478e-06
1.412420014575407258e-06
1.429608958374478911e-06
1.346319109656115637e-06
1.380636826876695334e-06
1.458014849662008795e-06
1.372424656133478051e-06
1.410299017965327243e-06
1.489983521912904125e-06
1.402505197087970537e-06
1.457100667062445786e-06
1.452205935300276439e-06
1.473600763779250487e-06
1.427935291747775011e-06
1.450961219930283149e-06
1.435686186032507585e-06
1.421352929879515697e-06
1.423258475322866117e-06
1.442010751805552531e-06
1.396358332786734712e-06
1.390352050964820056e-06
1.488477781257816496e-06
1.408344637205011576e-06
1.422437419036024766e-06
1.484104612983672394e-06
1.439291655311318318e-06
1.425106432587814774e-06
1.417846004610699125e-06
1.404835640568140135e-06
1.324175305604848921e-06
1.388305923381085737e-06
1.580647783798227505e-06
1.396697219761007940e-06
1.476864468541786055e-06
1.430157342240408844e-06
1.431868699999720233e-06
1.467374805337729509e-06
1.425044013679474166e-06
1.413447809325554559e-06
1.399718107953869694e-06
1.391489629961394789e-06
1.484951443136077867e-06
1.378009235586728413e-06
1.318013158860733707e-06
1.347359616829017244e-06
1.446701733971415173e-06
1.427790694515386122e-06
1.499090631647006300e-06
1.325321067895042263e-06
1.490040622681534250e-06
1.417139895247293955e-06
1.476129075662694917e-06
1.412156703298877447e-06
1.428883035641775442e-06
1.431782528262529112e-06
1.555119537671684613e-06
1.410936723129571296e-06
1.382293858567301842e-06
1.411106211634972645e-06
1.499833598221925524e-06
1.444471181754286717e-06
1.324043699758109484e-06
1.371204683343712884e-06
1.459293462502101806e-06
1.388407488827641157e-06
1.448054532717936631e-06
1.462277777882465313e-06
1.447640377525630480e-06
1.421916170280280125e-06
1.476563588875820871e-06
1.444104806927959042e-06
1.348752078035918986e-06
1.411140094370483839e-06
1.340280046089337137e-06
1.418989741440872010e-06
1.414203304921920896e-06
1.475526664333383963e-06
1.368209214909818260e-06
1.357390873649916467e-06
1.457416940467136183e-06
1.405800211884896775e-06
1.504029309979730224e-06
1.393657858104316249e-06
1.333349880731221414e-06
1.370897767003116366e-06
1.403941002230453623e-06
1.430186095970846870e-06
1.373091974094099996e-06
1.340371809286486900e-06
1.365504713381013567e-06
1.443115764079442169e-06
1.421984534919503512e-06
1.411193375800261627e-06
1.358753516084884940e-06
1.322422898432628308e-06
1.418114873812941439e-06
1.325685849899917752e-06
1.435460806620213171e-06
1.438927093350488494e-06
1.396762465310765393e-06
1.433624437542433491e-06
1.309800980899008263e-06
1.347030430934646049e-06
1.365699794008342852e-06
1.443463245694660616e-06
1.403881719433950104e-06
1.388831215604611896e-06
1.450518519248623515e-06
1.415230778017774633e-06
1.465602611798228857e-06
1.471602146831008961e-06
1.405799788142051899e-06
1.383722853156953278e-06
1.437853936434763600e-06
1.459188302853780690e-06
1.308534104930609572e-06
1.468011779160502390e-06
1.411671854608610262e-06
1.412287789398295514e-06
1.394012192922434428e-06
1.406511807954506767e-06
1.391094070469347089e-06
1.330969747430021787e-06
1.453352932324442281e-06
1.475340200022820985e-06
1.438464570103045885e-06
1.403719418894811673e-06
1.320423755505378585e-06
1.381865992800828933e-06
1.411861954297393094e-06
1.547660996553703945e-06
1.375260539435134686e-06
1.344513341528355234e-06
1.355521212169458530e-06
1.397109347840361989e-06
1.462160423360561449e-06
1.344382178399579466e-06
1.483657630532362237e-06
1.470754012369532105e-06
1.362657324981240323e-06
1.530223899500757364e-06
1.307432173614026144e-06
1.309422981403435806e-06
1.425639219601106274e-06
1.356547863575249229e-06
1.414119235905404043e-06
1.397256496663137331e-06
1.338717411856197782e-06
1.475045213272745737e-06
1.330086192924117681e-06
1.363204034225255442e-06
1.390206854077747595e-06
1.416959961327526115e-06
1.435856496154151568e-06
1.331539376490929904e-06
1.372872344190299786e-06
1.297978603581226909e-06
1.420306273572108470e-06
1.472770144168208903e-06
1.459241448473212685e-06
1.393416848177966063e-06
1.421883339662012695e-06
1.448897333385636920e-06
1.371994569274570226e-06
1.456846295447560013e-06
1.458954679163643116e-06
1.418879684188708858e-06
1.425441210367559075e-06
1.380944824510975754e-06
1.415074743010340345e-06
1.514998979451531350e-06
1.400142084381844073e-06
1.373675170443080187e-06
1.415108904565772605e-06
1.307088211121532773e-06
1.411046140084700753e-06
1.477592301502510734e-06
1.464129650787519006e-06
1.360332388864381968e-06
1.454516823047583287e-06
1.323867626477116745e-06
1.350051641217988183e-06
1.439718481040488995e-06
1.417738072537570131e-06
1.409897979685345812e-06
1.387799465473891579e-06
1.383182562139541271e-06
1.388599713672891071e-06
1.415245127332669783e-06
1.419442450698069872e-06
1.350035171205608768e-06
1.486292621051389365e-06
1.423403871511033996e-06
1.447982633304024208e-06
1.423380919547461246e-06
1.368955637577220819e-06
1.404681320286405212e-06
1.400413916811393661e-06
1.272059342221799566e-06
1.423153934218559447e-06
1.420901882376813481e-06
1.374412905871048065e-06
1.390905272064266673e-06
1.447326075935313189e-06
1.371301597475786745e-06
1.431063613078573934e-06
1.372496115838184395e-06
1.400027046068830534e-06
1.375245590017430218e-06
1.245443374464121722e-06
1.423734032469938980e-06
1.382100329864802743e-06
1.391284921616689284e-06
1.472004669474607326e-06
1.478855127643128718e-06
1.399618209341823954e-06
1.424050124596579251e-06
1.392377898637934900e-06
1.409872689628632461e-06
1.435477365709419750e-06
1.382133980442139010e-06
1.421448846813632541e-06
1.348154187778294536e-06
1.318215667177241128e-06
1.353596433985092888e-06
1.403824273373784491e-06
1.422948104730168206e-06
1.444711928658474920e-06
1.395157601303424606e-06
1.447297010509083586e-06
1.370072672021875251e-06
1.368759646758932066e-06
1.404148921983729176e-06
1.331606916725704775e-06
1.381986315386572366e-06
1.318228105057956880e-06
1.344950998529561137e-06
1.426948285208781950e-06
1.418500466378751682e-06
1.410435870722099157e-06
1.375655708595858740e-06
1.406678411553242905e-06
1.372871369101225123e-06
1.383920084583505546e-06
1.394814528374739812e-06
1.408838340883900183e-06
1.377966128856347696e-06
1.357969581428939012e-06
1.432990108182219436e-06
1.403848040289459955e-06
1.429172910219700229e-06
1.413164428495523808e-06
1.484900247829713358e-06
1.349844335401285007e-06
1.383215037601907929e-06
1.350741358036162523e-06
1.334187813950049325e-06
1.449526473243771266e-06
1.475849772108911328e-06
1.354565031942041258e-06
1.394848593313644182e-06
1.340765717257042930e-06
1.439260384549102450e-06
1.416319093838469244e-06
1.361407563175532133e-06
1.485347408362787616e-06
1.424162280901230590e-06
1.369106489427966869e-06
1.370191935476359571e-06
1.350920601961634956e-06
1.408405882371217365e-06
1.441338164672503951e-06
1.374199294287928406e-06
1.408944559721337635e-06
1.409623031554766375e-06
1.364707367478592435e-06
1.378410271073218689e-06
1.404698199386375988e-06
1.355056377711393748e-06
1.383088366951030045e-06
1.403115311720297248e-06
1.330140852622699386e-06
1.309893741061565958e-06
1.392466829122968921e-06
1.411174551471364777e-06
1.431601547329303522e-06
1.393412892695688532e-06
1.335051078973936191e-06
1.326445867846358245e-06
