# bin_2_2
0.000000000000000000e+00
0.000000000000000000e+00
4.807848422129009519e-06
5.185184582901426973e-06
2.762385545477154399e-06
6.773495779094055881e-06
5.741445239595219460e-06
5.012335217345370500e-06
3.985018654447589229e-06
6.378459346648117972e-06
5.447787958137887122e-06
5.145152474436330877e-06
5.520001775645335625e-06
5.623837833936268470e-06
3.117354195972156624e-06
5.958023160124766800e-06
4.537096601941418670e-06
3.873062999437955375e-06
5.600752797349797922e-06
4.743558505645604625e-06
3.400269603477684055e-06
2.782382660704243546e-06
4.443959181974958835e-06
6.187732556677894869e-06
4.208902662235084012e-06
5.573230284187433583e-06
4.345729468801508652e-06
2.979999481060121525e-06
3.640309704876018999e-06
3.243998953606254619e-06
3.156443212520667359e-06
3.341410976979113655e-06
3.176511724045749693e-06
3.080292345023792778e-06
2.957440318832363376e-06
3.176871283034463375e-06
3.332529478569207262e-06
2.768158579086157028e-06
2.877721520187783099e-06
2.803634518676913365e-06
2.549570689045425520e-06
2.818872665639053822e-06
2.633021198987340203e-06
2.796610042753155273e-06
2.735845367798901206e-06
2.962059120871708631e-06
2.549325615588118428e-06
2.143044597518657283e-06
1.742294720981619007e-06
2.503474974574067157e-06
2.567515080939635298e-06
2.820216854492062675e-06
2.077316719055162364e-06
2.169698389672468072e-06
2.387971999337919996e-06
1.861898129436461895e-06
2.254108826607986044e-06
2.379447519935712362e-06
1.820251775981397404e-06
2.022598608649092305e-06
2.441560562677007105e-06
1.803051908539831860e-06
2.146986777370053599e-06
2.658517881852062630e-06
1.991070331883947421e-06
1.987059818563488809e-06
2.087404797904641830e-06
1.862796805197564011e-06
2.150486858050029120e-06
2.161698336320923724e-06
1.793293571731069818e-06
1.775355934055336879e-06
1.767403226105579123e-06
2.070137369618001398e-06
2.133822196764864667e-06
1.786224601589374978e-06
1.935824726214786668e-06
2.343840565107945866e-06
1.773193098889354710e-06
1.614735070097927308e-06
1.694507442774888540e-06
2.388789606212833219e-06
1.736494034324018877e-06
2.355038947259986005e-06
1.771948332319510270e-06
2.123006616989755150e-06
1.803982790588357602e-06
1.950840736049511604e-06
2.336085164355699134e-06
2.066424402283883547e-06
1.890708941219963542e-06
2.148368596789630003e-06
1.803677648627049180e-06
1.955063183224068263e-06
1.884616153211074858e-06
1.956658465046173714e-06
1.746607780634316069e-06
1.845963165934321691e-06
1.720141158045550535e-06
1.766894858362254771e-06
1.744058399458061790e-06
1.641082138817853987e-06
1.740478178177817349e-06
1.964401107117285773e-06
1.723017430136545285e-06
1.564514415686555461e-06
1.574526453375521101e-06
1.595260809025485556e-06
1.602588374621700038e-06
1.645783470561666858e-06
1.363115376391365222e-06
1.595908091996701616e-06
1.832425615315721876e-06
1.807505841940739532e-06
1.475065628436199636e-06
1.787202584545793798e-06
1.624801093496518788e-06
1.287535025419791493e-06
1.627240403967914062e-06
1.797426521335254266e-06
1.667978363322364569e-06
1.472363107661017926e-06
1.443481451954677258e-06
1.750986428628796123e-06
1.756028649812330489e-06
2.204188259406432114e-06
1.593921264398227194e-06
1.443933176381660254e-06
1.532694679384716675e-06
1.394901885993622308e-06
1.822375292895739948e-06
1.522501983323766196e-06
1.321645657913824355e-06
1.801743225236331124e-06
1.630783809173994909e-06
1.620355634601468332e-06
1.591716486305251431e-06
1.757417035896115715e-06
1.409172707543158379e-06
1.367707506082923005e-06
1.481824923284930695e-06
1.507628888244354550e-06
1.793419325231669825e-06
1.393045955232904614e-06
1.663138515143296867e-06
1.670252004862851375e-06
1.812762241857140979e-06
1.652435275507372528e-06
1.543626897472309998e-06
1.550867511659291311e-06
1.774972367632775091e-06
1.627786979575073319e-06
1.659962462031481442e-06
1.588884640256152631e-06
1.433441983481493599e-06
1.555403745014948964e-06
1.708378559652062337e-06
1.638827407463737498e-06
1.337074451785775995e-06
1.653579942469034769e-06
1.800870524538562394e-06
1.558087842637333534e-06
1.505220497199217415e-06
1.384773468811392513e-06
1.463389334093315604e-06
1.714227588108184693e-06
1.605662457332608463e-06
1.784050979417690735e-06
1.681923405932262705e-06
1.501049448254591972e-06
1.501792782317749200e-06
1.697544152063685779e-06
1.648741144820486458e-06
1.569943770089529217e-06
1.463242869721059028e-06
1.643595490529982558e-06
1.423121892986963195e-06
1.536778064417410523e-06
1.479743438188528800e-06
1.582267774166976311e-06
1.479340693135332449e-06
1.452240431422363941e-06
1.336585351414513522e-06
1.698158409262659312e-06
1.490607643463086522e-06
1.576892168448433917e-06
1.711146590310237713e-06
1.493046834637798017e-06
1.468480925235546044e-06
1.460954131167742189e-06
1.564774956432098856e-06
1.323689973381281370e-06
1.520934421933133156e-06
1.577508787709653881e-06
1.397388685090542200e-06
1.423121245596153717e-06
1.403375182392505913e-06
1.751684842053348002e-06
1.522771544272008285e-06
1.586690088109160554e-06
1.488129982659037491e-06
1.515898968929284747e-06
1.567787713336054234e-06
1.527943067784785837e-06
1.458615372084728879e-06
1.374992143113936464e-06
1.695976871814000147e-06
1.441316310509958462e-06
1.482682217192979921e-06
1.529830448862976085e-06
1.488963433365059632e-06
1.439036404646338899e-06
1.616014899791771260e-06
1.624370314311940589e-06
1.513609508255982013e-06
1.504325047432206665e-06
1.465223042904195718e-06
1.359787836177869098e-06
1.547455383684860067e-06
1.498660960351813853e-06
1.537371014359318557e-06
1.530762331896815895e-06
1.564748433936263487e-06
1.360979668877609475e-06
1.336121075501002106e-06
1.484385776943319202e-06
1.481614372351348387e-06
1.484871697972275341e-06
1.624585937645385739e-06
1.681904142682717591e-06
1.417068372721606843e-06
1.370452935247887685e-06
1.542173229451338765e-06
1.612675666361694358e-06
1.337283859517122181e-06
1.390686329818992496e-06
1.572180488296700299e-06
1.443675856868817070e-06
1.472190944738212969e-06
1.381149046971486264e-06
1.381004517130781641e-06
1.359953582990366667e-06
1.375791282339106204e-06
1.268094269459640995e-06
1.550712241067774359e-06
1.498310208577094229e-06
1.355407402251855437e-06
1.470876549690753173e-06
1.473161643493547697e-06
1.428942071244167230e-06
1.382607612889979619e-06
1.388345408956788174e-06
1.347955334042103701e-06
1.663540495835036288e-06
1.626540303869711188e-06
1.442885790581493094e-06
1.479651774226567729e-06
1.494640299879414614e-06
1.504066997605374401e-06
1.300482320406644961e-06
1.497215060702395966e-06
1.399172965262528925e-06
1.406409493852804014e-06
1.591473316022727066e-06
1.283681074301560507e-06
1.629504896541065587e-06
1.432814967549657515e-06
1.380720030122445595e-06
1.438216094862592085e-06
1.392973911420464996e-06
1.608351786080837588e-06
1.523928807702867650e-06
1.355218809018218728e-06
1.557775533851675335e-06
1.388089252537333003e-06
1.428498823445752391e-06
1.585463321036212075e-06
1.495860006914996671e-06
1.441664455592467380e-06
1.511400224695378276e-06
1.350340597426783693e-06
1.492630309925600602e-06
1.404668868357228113e-06
1.446328068473843136e-06
1.553830130691977934e-06
1.466325890548719109e-06
1.331134596784013886e-06
1.568115296859960442e-06
1.417669902612724659e-06
1.386174892282175621e-06
1.361600469102026730e-06
1.424741289961131093e-06
1.465298450293767610e-06
1.545804904680628547e-06
1.260248332533898217e-06
1.467416663629221084e-06
1.396374577535882682e-06
1.299710194438495350e-06
1.449189280995032159e-06
1.403335882950715401e-06
1.294410566385803864e-06
1.368687627309346203e-06
1.364917091697211988e-06
1.251369629224370814e-06
1.307277337550819191e-06
1.473043094983772190e-06
1.571827665372532939e-06
1.609417228276429015e-06
1.480996133688638992e-06
1.431935468822275995e-06
1.400140084971370902e-06
1.380046892966337301e-06
1.387125557532235783e-06
1.405305868858950722e-06
1.458579962704124351e-06
1.480531155775089454e-06
1.424401605359028753e-06
1.480735361796125543e-06
1.365084952822371909e-06
1.316179307102946900e-06
1.445701600998775157e-06
1.351806589722880569e-06
1.323082470381821091e-06
1.455284521197424250e-06
1.484994235722623628e-06
1.571939453960022914e-06
1.424232522513460234e-06
1.469983483683111763e-06
1.366301449227021361e-06
1.427287905135315143e-06
1.230206338221206896e-06
1.460563614227806101e-06
1.375738890364825620e-06
1.496972495929360620e-06
1.470233711683576889e-06
1.434695210900680193e-06
1.343927559063267515e-06
1.411899821724537871e-06
1.455817984584975897e-06
1.638120496139047294e-06
1.511760605915100730e-06
1.531737607603354305e-06
1.365269129039201121e-06
1.483186532289927203e-06
1.339484468452690441e-06
1.326474134727165404e-06
1.484606054166847581e-06
1.526523417628568586e-06
1.507671609753438361e-06
1.433257718556004541e-06
1.356745499484408032e-06
1.513683679540055069e-06
1.429830878277866665e-06
1.308688060181319001e-06
1.407357146832535390e-06
1.317889636228256963e-06
1.461161483652441973e-06
1.315424310619370423e-06
1.356751564082139675e-06
1.450186809096237987e-06
1.319411353768597079e-06
1.434208616726950871e-06
1.351664172385364165e-06
1.554302812210798255e-06
1.366039261155469233e-06
1.437959684921782875e-06
1.495189300263776686e-06
1.538518894450466838e-06
1.391935408889196633e-06
1.311971320073990696e-06
1.445838205185333120e-06
1.395300359793975372e-06
1.346628622391545651e-06
1.403605765263833025e-06
1.379793523001943534e-06
1.463323079383735362e-06
1.406324021659959987e-06
1.344208735487198960e-06
1.451127318186092037e-06
1.429394750903334845e-06
1.347479872001190775e-06
1.556794187164596555e-06
1.475025710885785495e-06
1.489647454204889730e-06
1.230513831570195686e-06
1.345465312135860940e-06
1.275545300610555649e-06
1.320555472138947232e-06
1.479747336203356487e-06
1.252305770264328943e-06
1.400475282869387089e-06
1.522455102612908815e-06
1.358416265843217078e-06
1.381430803036654772e-06
1.405495424583013680e-06
1.365186366349307451e-06
1.504802278530200465e-06
1.379407940156190209e-06
1.500737737306837977e-06
1.404572128213972355e-06
1.414833108345789788e-06
1.290360378106714098e-06
1.409948642636973534e-06
1.414426912681672385e-06
1.425436215966859435e-06
1.524148695023337111e-06
1.436583918031948218e-06
1.437743865557938485e-06
1.438209224198933790e-06
1.318817943565929555e-06
1.385927828157433229e-06
1.466859664807606203e-06
1.337395990090239459e-06
1.438259025761510968e-06
1.463312072170228837e-06
1.411161669642822314e-06
1.413285544657334367e-06
1.342247541427694482e-06
1.464871636089184065e-06
1.425571983875177595e-06
1.326765463477282652e-06
1.432520381021079869e-06
1.426647572765471735e-06
1.445162452324045271e-06
1.353532110897445650e-06
1.467211023378388225e-06
1.265078838321995409e-06
1.422730965525230243e-06
1.396344102418012003e-06
1.466830101268172016e-06
1.475664835554866650e-06
1.360992730252054840e-06
1.419498331451077767e-06
1.503111357723913178e-06
1.269423475340065094e-06
1.273609144406140545e-06
1.399569443112480598e-06
1.359813358463617822e-06
1.362287022744607607e-06
1.413790124107165638e-06
1.429769274831139205e-06
1.513610595470847616e-06
1.399808113399413751e-06
1.329791105973616287e-06
1.422259802926411159e-06
1.401392061744607966e-06
1.491737015026436283e-06
1.400370020033158010e-06
1.417303180560437934e-06
1.233216678825458218e-06
1.381773596113511083e-06
1.360315805239352635e-06
1.347979075909338637e-06
1.498169463849470905e-06
1.377305194851715265e-06
1.387077922122565015e-06
1.397347453081799905e-06
1.326775575354061640e-06
1.313945324553429426e-06
1.422143997042188112e-06
1.423391679592704732e-06
1.370347655832634025e-06
1.360790235446559161e-06
1.391452283641250692e-06
1.488430361952064749e-06
1.385606889705682440e-06
1.352863847272955981e-06
1.466478632046951090e-06
1.466374924799399562e-06
1.319498716698267523e-06
1.347483715609305656e-06
1.360650689483354384e-06
1.385606510436767480e-06
1.434810348776686927e-06
1.356311238319153271e-06
1.318128336572016395e-06
1.352020756708388314e-06
1.286308011847089506e-06
1.503647560048802264e-06
1.321816373275385643e-06
1.380486340405427192e-06
1.291335683800772009e-06
1.388663279976588997e-06
1.366635537693898732e-06
1.282100506174109431e-06
1.284974892086078197e-06
1.550267916820945903e-06
1.335195327599175047e-06
1.436843157363602774e-06
1.379822201677307099e-06
1.411960802669000700e-06
1.390708728441650372e-06
1.314175660171913660e-06
1.332345150683593730e-06
1.434985427894629206e-06
1.351367454463195294e-06
1.310175576046080170e-06
1.379903348752276202e-06
1.406114535404694206e-06
1.373298523365273308e-06
1.416836115189053905e-06
1.386400924014942022e-06
1.556078340729783902e-06
1.422441702482096853e-06
1.446477768964572608e-06
1.378209195666847012e-06
1.384863068001346504e-06
1.366544380122169057e-06
1.357921500065904683e-06
1.380785094620826985e-06
1.357493839084280537e-06
1.387827355693424681e-06
1.482832317195905841e-06
1.413690449165008466e-06
1.368766978851645667e-06
1.403274876108575751e-06
1.375247341412636414e-06
1.465294822649368315e-06
1.303558986773653406e-06
1.372518251257112212e-06
1.442003901933298155e-06
1.374394121905815215e-06
1.428606410635682907e-06
1.451407371841006245e-06
1.352074972423745589e-06
1.320118629798890766e-06
1.381269505550582464e-06
1.382177731934495539e-06
1.409857524679328806e-06
1.429232673719927662e-06
1.290490767845926974e-06
1.404395419295774437e-06
1.344493755901939641e-06
1.465642650438869705e-06
1.441779414793656718e-06
1.382337332170254878e-06
1.352379334443990911e-06
1.456171979842580334e-06
1.397185849525219041e-06
1.398013849671370115e-06
1.308230448804717027e-06
1.471152177882734589e-06
1.382293040183355357e-06
1.405900157747271521e-06
1.340554245321913035e-06
1.451929702552891210e-06
1.378245694815839418e-06
1.326370084320950549e-06
1.327957799153681156e-06
1.378748208870700946e-06
1.323074580089292300e-06
1.448511771756078772e-06
1.400672615489415072e-06
1.379803571440342192e-06
1.365216827046443051e-06
1.496548409348788834e-06
1.380911425411608490e-06
1.376007820780738250e-06
1.419513724121057253e-06
1.436821654658921053e-06
1.319296990099521820e-06
1.359923777592090278e-06
1.442612886238394788e-06
1.435226108160529140e-06
1.411017658555256798e-06
1.362356970748818893e-06
1.462392972904590837e-06
1.439015279623790801e-06
1.374874229526160314e-06
1.473631072119212494e-06
1.261544121036468341e-06
1.439174294415623239e-06
1.409668512561081134e-06
1.391486763837358440e-06
1.430145206366546896e-06
1.378726764502417512e-06
1.454322898606541281e-06
1.322171736437975310e-06
1.401569674225285940e-06
1.433830193819704363e-06
1.217209244370111512e-06
1.400305880677629012e-06
1.436807711242446950e-06
1.455981150624957142e-06
1.285503938294221667e-06
1.287710704048650443e-06
1.371164661100173211e-06
1.410829274318180940e-06
1.347363482683106338e-06
1.369050078264139507e-06
1.411672906626857685e-06
1.425887175734392323e-06
1.375378912088430182e-06
1.452570566081191951e-06
1.351906081680658589e-06
1.352592123228692426e-06
1.350354054879523867e-06
1.356781589703804438e-06
1.302542175861157451e-06
1.469557216713267490e-06
1.356261857953883039e-06
1.430738623974433631e-06
1.389582204647624061e-06
1.375223860727186178e-06
1.349572175477547153e-06
1.393356658702416661e-06
1.415642029351054649e-06
1.380967518859514514e-06
1.481915643723898122e-06
1.393335792194060638e-06
1.469312174341004841e-06
1.356254065687706222e-06
1.318457619152082285e-06
1.353200444433054002e-06
1.394422413037824501e-06
1.366399228226111328e-06
1.410341860710809812e-06
1.400396139459218743e-06
1.418977128460362542e-06
1.327308312334985500e-06
1.306778810258963731e-06
1.453958830766315282e-06
1.349515967369157458e-06
1.393435858625264606e-06
1.245009118067622008e-06
1.359483151373244899e-06
1.305740789932462461e-06
1.415416962996812244e-06
1.449803910353957143e-06
1.371716554150839889e-06
1.357766387885703056e-06
1.432016724216442656e-06
1.318727351231040495e-06
1.431504621011449670e-06
1.378322656125456402e-06
1.400598875626838504e-06
1.453420869113026941e-06
1.338304622757369425e-06
1.379438735289900930e-06
1.372648786115752071e-06
1.316540763209020173e-06
1.331403534711279591e-06
1.467067077413809481e-06
1.412457111169995898e-06
1.412379371210083487e-06
1.313251223551389835e-06
1.381537327299745280e-06
1.364286313742852780e-06
1.337175606565846711e-06
1.375294754693488759e-06
1.339906904106881295e-06
1.337085130903950947e-06
1.408384213210636287e-06
1.307979269256237510e-06
1.402370305846749269e-06
1.403099230780154955e-06
1.502562249165113173e-06
1.305197381547191480e-06
1.352733246440638278e-06
1.463830626187965075e-06
1.306045666816064285e-06
1.417319095600318178e-06
1.503173651376238577e-06
1.408511432179853163e-06
1.332887864202542942e-06
1.424373839699859217e-06
1.498987091180920772e-06
1.286328566430408507e-06
1.361453602278357733e-06
1.334530148727135414e-06
1.428390033860787182e-06
1.360794630731096965e-06
1.395487523980805680e-06
1.318723514321340935e-06
1.374530580273094328e-06
1.387134493348512871e-06
1.316747057217713884e-06
1.364320831833132158e-06
1.379674214336874485e-06
1.361804259872350255e-06
1.311283997898545805e-06
1.363666566353393810e-06
1.385550162901246200e-06
1.348498434231862056e-06
1.338400722653262136e-06
1.324561370240678102e-06
1.362770610396385594e-06
1.317628680788039806e-06
1.469833347793106216e-06
1.403409889490821671e-06
1.331877985568579106e-06
1.408376973630848057e-06
1.374848890927135215e-06
1.324021822366731926e-06
1.301061928409824276e-06
1.239737320660088569e-06
1.382172776273919026e-06
1.420886914270206464e-06
1.273926734248205837e-06
1.379577228434964414e-06
1.351532176677893741e-06
1.367037912599421169e-06
1.324879134479389650e-06
1.342961189562961842e-06
1.322095620329918069e-06
1.288695504018201932e-06
1.406379909384188799e-06
1.347936847307970786e-06
1.349338201634746503e-06
1.359354137749000138e-06
1.321837369021328629e-06
1.430740065422925757e-06
1.356962850395274500e-06
1.276833203908496468e-06
1.335672907786720448e-06
1.379716982795998028e-06
1.271823110437463951e-06
1.404334824413031428e-06
1.386802621773307076e-06
1.313464491494070132e-06
1.439126346117392390e-06
1.274166500937200283e-06
1.320498649713745082e-06
1.430465418471994312e-06
1.425309674414021318e-06
1.346210726078381539e-06
1.405753986063330647e-06
1.233372158338965994e-06
1.364761136776337133e-06
1.373053872768074858e-06
1.379324920401957419e-06
1.336173065205819087e-06
1.405947899763562259e-06
1.365353872520354201e-06
1.346818151765594172e-06
1.485066275660666359e-06
1.317301212158488784e-06
1.341359489366786747e-06
1.427440329120073013e-06
1.391830657992094636e-06
1.467612026281604932e-06
1.348523464621194350e-06
1.317227905647511340e-06
1.384057870229393539e-06
1.308644287031667476e-06
1.327040821666219276e-06
1.403445535901974138e-06
1.389972026610984547e-06
1.310995397801909337e-06
1.413811124217372828e-06
1.326887070937171710e-06
1.373783925993525079e-06
1.349524099533901619e-06
1.352966620849039614e-06
1.426951070488429286e-06
1.407455946331140903e-06
1.434887816227871210e-06
1.346068679357713774e-06
1.380931593703039172e-06
1.332246352225333988e-06
1.373492518273261327e-06
1.414659007953573851e-06
1.378203946687116422e-06
1.417975793934803753e-06
1.333556491913674602e-06
1.431914508862549436e-06
1.354886665702492655e-06
1.366715820678655903e-06
1.416259900483823643e-06
1.334423425747970794e-06
1.352279727805570471e-06
1.376629917501764824e-06
1.427629361750081971e-06
1.361405251535107232e-06
1.379723359129463511e-06
1.383671699357735813e-06
1.412896690053120523e-06
1.360488123658909837e-06
1.383608156874728510e-06
1.330909160133908095e-06
1.309307875737293883e-06
1.384083671622089126e-06
1.330743001843651854e-06
1.387560640171316871e-06
1.309087348333038260e-06
1.392558438915684778e-06
1.358174201964336301e-06
1.362660373879441093e-06
1.349495500020275575e-06
1.335418546515949681e-06
1.416017741699761401e-06
1.384410799723127625e-06
1.442533126700879369e-06
1.396208585020717773e-06
1.336628497434843394e-06
1.312348903634098777e-06
1.324744427243812195e-06
1.345641806961994282e-06
1.372620029193444873e-06
1.310400959747297113e-06
1.364000594805317020e-06
1.345765967372336408e-06
1.353644597708783554e-06
1.374801936454686635e-06
1.405265170482691663e-06
1.315992013447208955e-06
1.426917671153074832e-06
1.277796642638562219e-06
1.322331659043593178e-06
1.397244313117315187e-06
1.353983013628218479e-06
1.341245080153865457e-06
1.352803178068167389e-06
1.376062456412794959e-06
1.384281697555781959e-06
1.390038238002543891e-06
1.328903607442513679e-06
1.387206054265020699e-06
1.414607811987427639e-06
1.353032467221835535e-06
1.405206610720341759e-06
1.341099590561615620e-06
1.304280982868401675e-06
1.408851467051036482e-06
1.425868551071871520e-06
1.333670085708347020e-06
1.369111407747913923e-06
1.396128161402219148e-06
1.332459128096493909e-06
1.355830709197082454e-06
1.378384720136793764e-06
1.315819369973857947e-06
1.370693888191021304e-06
1.511318800026453313e-06
1.312336529595235218e-06
1.314831321251911519e-06
1.461338672605138531e-06
1.371851815136174269e-06
1.371054732011199679e-06
1.350045014534719632e-06
1.316513117627026150e-06
1.310316581113339237e-06
1.354426253239462301e-06
1.338450559482407379e-06
1.357449236777137063e-06
1.392289957858643742e-06
1.380156743352201841e-06
1.331595424402725212e-06
1.366980100625801091e-06
1.403011656435387098e-06
1.435863563167757365e-06
1.299260828488032632e-06
1.396206553446539699e-06
1.362703758857055643e-06
1.334663587348354850e-06
1.367177761938514751e-06
1.329985541704047577e-06
1.367120315227905762e-06
1.385247942393400580e-06
1.433510139581695593e-06
1.360452827960828880e-06
1.361228563971045078e-06
1.438238455472932905e-06
1.410935427075119317e-06
1.319671264790218202e-06
1.407361028453603660e-06
1.352005326688388951e-06
1.270362449822155581e-06
1.380689063181201946e-06
1.338753945135482613e-06
1.458224573174467568e-06
1.332004579871442005e-06
1.328695217071647546e-06
1.360418786995468793e-06
1.316170376929453382e-06
1.326859055085209156e-06
1.370336542357868909e-06
1.382497924527003344e-06
1.359226552507678953e-06
1.359938940625348232e-06
1.297123359524937412e-06
1.268913448380402191e-06
1.354215450550689601e-06
1.316496793454705421e-06
1.436469722189273742e-06
1.342045661882529729e-06
1.331465629793125041e-06
1.317612030032907981e-06
1.454425589124167587e-06
1.411098964098476663e-06
1.356306992418778165e-06
1.362860302396465311e-06
1.407239440369994765e-06
1.383376554975052061e-06
1.482148971274231622e-06
1.397063462176894311e-06
1.355769988011122581e-06
1.406486032440223718e-06
1.442709549075729389e-06
1.350365766206507408e-06
1.417991122315154279e-06
1.382753300368230974e-06
1.325179101702084996e-06
1.315006681298871444e-06
1.377244669083329472e-06
1.356200880587437728e-06
1.369907715055310337e-06
1.407011971270421992e-06
1.345084346469897682e-06
1.403473570609871173e-06
1.316774718509656356e-06
1.339348447332667231e-06
1.349781366457671528e-06
1.335613628031302802e-06
1.358188526104525627e-06
1.338947386892162389e-06
1.250279115725779402e-06
1.373869355708634959e-06
1.330678931480419659e-06
1.340838706674201326e-06
1.429515774087014081e-06
1.270044486882150645e-06
1.361351424067623697e-06
1.415388625283837312e-06
1.463970946897620021e-06
1.434733076910800471e-06
1.311395816561840679e-06
1.301818289795182388e-06
1.402329826617123948e-06
1.384311992173737375e-06
1.296781542553573702e-06
1.325773163387457677e-06
1.424651875992216208e-06
1.349265853371155282e-06
1.367982228512791185e-06
1.339312270941325789e-06
1.423816526217471313e-06
1.352966525989979093e-06
1.351878528526895958e-06
1.325082557017440159e-06
1.363459421096802550e-06
1.314581909708084815e-06
1.282168836771850315e-06
1.358637691585679062e-06
1.431588116281090284e-06
1.250219375371103759e-06
1.308451315387822875e-06
1.360852068612490104e-06
1.402586706205964509e-06
1.293812782104284152e-06
1.280768984682165839e-06
1.308509214071017800e-06
1.249696988679437268e-06
1.409687635981591717e-06
1.272499821009563192e-06
1.345041693580347992e-06
1.265886681221550248e-06
1.373707011985227213e-06
1.321689023751335457e-06
1.434873880189260753e-06
1.350368894448191019e-06
1.454902872289814944e-06
1.379003449912251696e-06
1.363545445868677337e-06
1.364288800452849473e-06
1.333043905160848494e-06
1.383755078344152541e-06
1.386622692939686000e-06
1.337661589816811681e-06
1.411685091196708569e-06
1.387470449579852402e-06
1.408771933826241152e-06
1.358321083647250817e-06
1.394640313297830519e-06
1.340433262961860830e-06
1.443291457719059868e-06
1.346185425973013309e-06
1.339572218577466058e-06
1.397291988303657181e-06
1.359402449346960100e-06
1.357234171602667410e-06
1.290748731377111393e-06
1.283442141440035252e-06
1.346209985804922738e-06
1.337103885705342851e-06
1.344216310495051222e-06
1.412415386681483040e-06
1.361747097632110704e-06
1.358958314518130490e-06
1.383371590458706275e-06
1.352145930579675998e-06
1.464890005001615929e-06
1.345984394868257519e-06
1.357525732820507353e-06
1.378469549910618003e-06
1.339460575693330639e-06
1.326536505119959446e-06
1.354529780238042876e-06
1.378171773127555947e-06
1.300276228181165970e-06
1.326904849718277657e-06
1.350829823329905489e-06
1.461343601316198850e-06
1.378409181165306275e-06
1.382083863435033881e-06
1.347876834897151543e-06
1.394003781667974807e-06
1.333757109753367192e-06
1.345770937508079608e-06
1.391825489686042038e-06
1.409973557096179484e-06
1.354427433158173865e-06
1.283534728046167376e-06
1.385820785094273119e-06
1.371630415792940819e-06
1.364588070459501774e-06
1.388952959475815987e-06
1.379635006147094498e-06
1.303622432921767462e-06
1.371509043701269165e-06
1.310165275787037707e-06
1.363502902373544169e-06
1.349318739830842594e-06
1.340609920280346425e-06
1.327166681334693551e-06
