# bin_5_2
0.000000000000000000e+00
0.000000000000000000e+00
6.192795939129690920e-06
4.313969487596485334e-06
4.531870121053885805e-06
7.958031843539685639e-06
5.209208823315005157e-06
6.486058138791281253e-06
5.212244150733096962e-06
4.502963656021089642e-06
5.194982227519548232e-06
6.220122261595238988e-06
4.673523346370676868e-06
3.570452677017001773e-06
2.506598857401252473e-06
6.627866141551545921e-06
5.580058795119422198e-06
5.341389117881935390e-06
5.088720471209340292e-06
5.136770951457590777e-06
3.318323689613686295e-06
2.725452285682816996e-06
4.894763853081123076e-06
5.268618331374250019e-06
4.576683154664249415e-06
5.148129098046065238e-06
2.729660925412089066e-06
3.026025762967284922e-06
4.382465118718505716e-06
2.567095470062789106e-06
2.259252696157778994e-06
3.244883409311782142e-06
2.496476375195946359e-06
3.206043296724353168e-06
2.539104598472168692e-06
2.578640382030531220e-06
2.510497852123978284e-06
1.813692492355397843e-06
2.018276049490256799e-06
2.063848403245678914e-06
1.727529640396974831e-06
2.531242294467327886e-06
1.667168132663585853e-06
1.878534364514221872e-06
2.430064725159841977e-06
2.122225944034738803e-06
1.774881348265413368e-06
1.203037383210587360e-06
1.229532081881322804e-06
2.138565447157143954e-06
1.588749203901923650e-06
1.648216333903279545e-06
1.771651543571037212e-06
1.507061081029395114e-06
1.555318123755730578e-06
8.237603167862028467e-07
1.335281671787645406e-06
1.336964915682511161e-06
1.421357006188964324e-06
1.331893469273137455e-06
1.195373718144394107e-06
1.213647443641413748e-06
1.637572058011720891e-06
1.814931226595563014e-06
4.756369317692256924e-07
1.015622574165122937e-06
9.749077153485082210e-07
7.470543936071477737e-07
1.476464117111459510e-06
1.531425468787802389e-06
8.972290984130500630e-07
1.351958708123821251e-06
9.194352165032722390e-07
9.200908872812282432e-07
1.032477712867898019e-06
6.507029418169807985e-07
4.692130884359237419e-07
1.375130613864262821e-06
7.866302035518773209e-07
4.207096358810826785e-07
9.364686804189478394e-07
1.087722365042754310e-06
5.070992086225737362e-07
1.198545100213174855e-06
7.076646564925570973e-07
9.068416041148019565e-07
8.825295072918992139e-07
8.731291638585617722e-07
9.399407325445307404e-07
5.940845999396070741e-07
7.967239655147845251e-07
1.147113228972752240e-06
6.228235493100238766e-07
6.259796072104207203e-07
6.727652736779943543e-07
3.880445226482871132e-07
8.071556649646886595e-07
6.669307162960095935e-07
7.291076298316210477e-07
7.197584801321270014e-07
1.048136249967275692e-06
8.075043422542209238e-07
7.544986048016189099e-07
6.276241343535445828e-07
7.124514081102839835e-07
3.071465071662892724e-07
6.533426656271672601e-07
3.105328669232242316e-07
4.777799867316804366e-07
5.691897265853576712e-07
4.140756192404066935e-07
4.364108584713534174e-07
6.321920363007204915e-07
8.983959022409913640e-07
5.736691524784049717e-07
4.734633531195836806e-07
7.207508169450171237e-07
4.818466313841676092e-07
3.923010111316424728e-07
4.253420997475367116e-07
6.166735227631669910e-07
3.729032560508075934e-07
2.712556976947378162e-07
6.024655957530564182e-07
7.777437715907313082e-07
7.239279211763636155e-07
4.264674295453456700e-07
4.936636013684809590e-07
3.916955643662595302e-07
4.906516917798293624e-07
5.491399433178801468e-07
3.726892299214248266e-07
3.287807657112400983e-07
6.258626295938779619e-07
3.449871450968564579e-07
5.563182562067547284e-07
3.521040351262374052e-07
4.467256063208650532e-07
4.163355556440921683e-07
5.106937063389892285e-07
2.824965525272248926e-07
2.376401132497605176e-07
3.929524610114466065e-07
3.323566623154829874e-07
5.114644988047293291e-07
3.850429842580037315e-07
3.953418895026125840e-07
4.289233105899757011e-07
6.215113410993010129e-07
6.532362790201569952e-07
2.701612076726029390e-07
3.620303395166217847e-07
4.755658470359856513e-07
5.277823995265005911e-07
4.307434413886287676e-07
4.976840223864594955e-07
3.786889103456735384e-07
5.879703917663962369e-07
3.335580772501683118e-07
2.448626815697220047e-07
6.049046656113505874e-07
5.356882678993599044e-07
2.909444789583135696e-07
2.250066281431008943e-07
4.146590136410382949e-07
2.461519868854125081e-07
4.851931545778016971e-07
4.555019295837882150e-07
4.405006985495829262e-07
2.881080248583158852e-07
4.973071489653729543e-07
5.144794820007571536e-07
3.722911429507561225e-07
3.875645272597606210e-07
2.759475655003973536e-07
3.695231705701522772e-07
1.910518212919004923e-07
3.724089412302822724e-07
2.966225598115946607e-07
3.374968648379032597e-07
3.577231313700020224e-07
3.888320997273590096e-07
3.705720981870469003e-07
3.167006868249701450e-07
2.558265770684621321e-07
3.646329156861155233e-07
3.138004187382115524e-07
2.859342348135288500e-07
3.693937329347651122e-07
2.719910041905576686e-07
4.496078725011270558e-07
2.875599987980626454e-07
2.780656825573917857e-07
3.536293589497647274e-07
3.013324351476252474e-07
1.219928277094898120e-07
2.104593767086664157e-07
3.638695578635871172e-07
3.453116518813969349e-07
3.153006417048594400e-07
2.806798984549738975e-07
2.110357425701691923e-07
2.346898730420430975e-07
3.568337192922251399e-07
3.066399350193058668e-07
2.207369800168595623e-07
4.258129428113853579e-07
3.475268656582928298e-07
2.225301766184134059e-07
1.480097677534406390e-07
3.852337302869006409e-07
2.064118676337252519e-07
1.633323228237048920e-07
2.904613029441213788e-07
2.191059061924410481e-07
3.015532133839717930e-07
2.682667038146640702e-07
7.666113450561408033e-08
2.862969649341093250e-07
2.740520963979769235e-07
2.596562341486669159e-07
1.757311369435171111e-07
3.019921354084657390e-07
9.719351510205205571e-08
3.149130750722549706e-07
4.037890479524903246e-07
2.356829809572120685e-07
3.357498528830083602e-07
2.547344564331992477e-07
1.567981963545852187e-07
2.109749570190533422e-07
2.552890437249672684e-07
2.269537733321804666e-07
1.935799858221609254e-07
1.647406967103628461e-07
2.694021623275992812e-07
2.055435657535733843e-07
3.193036964654739536e-07
2.046699346560501699e-07
1.492696757323072297e-07
3.414343698884372152e-07
1.479572231656189965e-07
1.903091152645454961e-07
1.535199274069887573e-07
2.417594899977507753e-07
2.222226323056669591e-07
1.819341644828691632e-07
1.778597424544805534e-07
3.188532211615235821e-07
2.670185514554581947e-07
2.346136735899748233e-07
1.016529172954294819e-07
1.370318719271491758e-07
2.022117639592817518e-07
2.193817433011051972e-07
2.147037188601165068e-07
2.818954204677322144e-08
1.968369514400045376e-07
3.005992690213372102e-07
2.540790732474240761e-07
2.457834484136084995e-07
1.278437110250442764e-07
7.716834049201360185e-08
2.530419551022974851e-07
3.020537085511820592e-07
1.642912791811660850e-07
2.997954098518510760e-07
1.235607245614482272e-07
1.645444236601847517e-07
2.078701781327628374e-07
1.619635387541609713e-07
1.084363549237653900e-07
1.075237644737492544e-07
2.633974799396452565e-07
2.050207380162320588e-07
2.387729544029079853e-07
2.169806053336132956e-07
2.364950631821658352e-07
2.432261601524880411e-07
5.327999215740461110e-08
2.109863626308483515e-07
7.009484583631979387e-08
5.422770413734785406e-08
2.784494775121103137e-07
1.867842337944898375e-07
1.734943959214046190e-07
1.532421733782308718e-07
2.185773167848547936e-07
9.069295626701819257e-08
5.499918866883884962e-08
1.450988638838785898e-07
1.072187220523398064e-07
2.075823804563101095e-07
2.340515871410088514e-07
1.884694148363894866e-07
2.172983014501388760e-07
1.445720063120392096e-07
1.575126932362995213e-07
1.563420692110593520e-07
1.958769410575761104e-07
1.459126652759165291e-07
1.218947935464123094e-07
1.883531852167628006e-07
1.000045107123085954e-07
1.156528583941582036e-07
1.877952471630479572e-07
1.687142522250955899e-07
2.246137840499561895e-07
1.977517379704490706e-07
1.789235196885857698e-07
2.248723949773505048e-07
1.178400707649483649e-07
1.884657342360706264e-07
1.207351190692933140e-07
1.332497345798905016e-07
2.340414630442949095e-07
5.806872812378047288e-08
1.461491108119611470e-07
1.880940346425597043e-07
2.125484182829660329e-07
1.079166860579264511e-07
3.904958266187474919e-08
9.708982269587946190e-08
1.442109567585435403e-07
1.170293517136139402e-07
1.668817562476187399e-07
9.181494613986077787e-08
1.803688939311192324e-07
2.293084843518061215e-07
1.409220489680094336e-07
1.431737443561749786e-07
2.639918611079184539e-07
1.831846227203635251e-07
2.168258455209086187e-07
9.347297152011363954e-08
1.889412065230009735e-07
7.194737384009734099e-08
1.503312047833119260e-07
1.840872481054721974e-07
2.201578592408538680e-07
2.446394623541654983e-07
2.176855436074634336e-07
1.641916989722072199e-07
2.116068736140224811e-07
7.824226612193084822e-08
1.472337748086271309e-07
1.595538402216410756e-07
7.999869933913376156e-08
1.954423584402715123e-07
1.977661279581207985e-07
1.221866776239073964e-07
1.081765787043488520e-07
9.252915037568788054e-08
1.739817134121399942e-07
1.373360852931259128e-07
1.752171129264145019e-07
2.402340928845806955e-07
1.176696516471908349e-07
1.707836173830651343e-07
2.190878124596831021e-07
1.379349748282284542e-07
1.133209392174924677e-07
2.299346095692804793e-07
1.437701539300569417e-07
1.997011738718530391e-07
1.842698859985127210e-07
1.306736724542910309e-07
7.377125182568300857e-08
1.702178825076548418e-07
1.887245505947262635e-07
1.714853285486143745e-07
5.419856133673063275e-08
1.851093009455361257e-07
1.439569804660937529e-07
1.438572992116776777e-07
1.079575478447726704e-07
1.615257631951066813e-07
9.435286581305619047e-08
1.514937309282119164e-07
1.286576556148404696e-07
3.450493420055117937e-08
1.473867590830737828e-07
1.772605137992286264e-07
4.886742255989034543e-08
1.167461550767594079e-07
1.016843776307025890e-07
6.574579413426293347e-08
5.571845826269837817e-08
1.792160427442893083e-07
1.651352211192293208e-07
9.545724101527625884e-08
1.148940924061795084e-07
1.019037835576508021e-07
1.089288293904763759e-07
2.092962127001462093e-07
1.344832642734532633e-07
1.460772797807736871e-07
1.397139067715089016e-07
1.771849332713972210e-07
1.895980664701572602e-07
1.950696152563475521e-07
1.822549287187706557e-07
1.321364735452112404e-07
8.638021259818371802e-08
1.808576611103059823e-07
1.361103231716096953e-07
1.117839485712972799e-07
5.337731409929877384e-08
6.120658895802526056e-08
1.264531333548071265e-07
1.016746377240203465e-07
1.182316548807818882e-07
1.411695545824341578e-07
1.911847257595300327e-07
2.689442025852492300e-07
1.412528658111414226e-07
1.127039108442131140e-07
1.065896787859523031e-07
1.325513682589482605e-07
8.125198740845163307e-08
1.196544446978156163e-07
2.127094886424594283e-07
2.350876194383092835e-07
6.319601316106973358e-08
1.464664731205696125e-07
4.361583053942785390e-08
8.743571924886757344e-08
1.641546321741033259e-07
1.099522958101550011e-07
1.202207731491470160e-07
2.017336897151098770e-07
1.220886358322275012e-07
1.143726594315866545e-07
1.380183212175071936e-07
6.681029202325977732e-08
1.139795121747725255e-07
1.022516083277159377e-07
1.163822690668605184e-07
1.070414907456985207e-07
4.312462342147103428e-08
7.457922312172567277e-08
1.358803096454795573e-07
1.143737486412150862e-07
7.418830892748398561e-08
2.414594331746703706e-07
1.038721079702259184e-07
2.213204027817123885e-07
4.246938584449314704e-08
9.968133174915818498e-08
5.017229476936876296e-08
1.108889671053120503e-07
9.021923382066836540e-08
1.250630421351305871e-07
6.685203870160371736e-08
1.381871576999603723e-07
9.557640645692676051e-08
1.094391408477249961e-07
1.258492468384941899e-07
1.036469890588421494e-07
1.488042605257108436e-07
9.287020159795233279e-08
1.334993777529545207e-07
5.724907522995445607e-08
6.112296982721960668e-08
3.978000833060744673e-08
1.216205546329586554e-07
1.353492006180344276e-07
5.014650662268550492e-08
1.038845260362874817e-07
8.166369443698970820e-08
1.559631065168555264e-07
9.577225777765896176e-08
7.768528725913781150e-08
1.998956646326432744e-07
1.288498443807732677e-07
-4.688829169973330842e-08
4.010816373419911915e-08
1.311069745675104292e-07
1.454181986797733373e-07
7.448875646786627285e-08
1.039433907613883921e-07
1.396757304672092251e-07
1.626609136022949055e-07
1.031420915361440067e-07
9.052541342271805335e-08
1.589217180297221823e-07
1.684947844617117154e-07
1.412452692507710407e-08
5.983078388012675795e-08
8.132539972775387361e-08
1.040577021522464253e-07
7.012126625898170845e-08
7.217327452919874469e-08
8.184314611115671329e-09
1.122040482349760638e-07
7.663333985502171955e-08
1.034526992051650515e-07
8.053483691562435201e-08
1.748465805756801613e-07
7.171062139053379251e-08
1.800986113347292578e-07
7.658507969377779636e-08
1.788915580989648640e-07
1.166482254778601444e-07
8.482057689054379839e-08
9.724597261877510460e-08
6.168340050888052582e-08
7.026196328451481562e-08
1.219002471004068842e-07
3.525605545330120519e-08
2.174525219847382678e-08
9.764038000422270560e-08
6.439762975828415322e-08
1.156018379529696600e-07
8.566936734950337548e-08
1.028857213552328788e-07
1.179385903613117800e-07
6.934233435284336025e-08
1.076260762078735301e-07
5.295094214578044853e-08
1.550615172478127342e-07
5.703734766249054532e-08
9.246914459719406652e-08
3.322734206942322419e-08
1.151258400292245127e-07
8.626512830606707009e-08
4.429352868499086710e-08
8.728539705051883291e-08
1.433187667035120678e-07
7.550604493137100079e-08
1.139772237159985687e-07
1.439585652029777436e-07
1.324539848255866530e-07
7.533000100561587200e-08
1.066444968370452885e-07
7.726814480282557678e-08
7.117230405864729198e-08
1.616434539379420445e-07
1.016310634987502532e-07
1.067645555242012061e-07
-3.854000030716613508e-08
8.984155245828869237e-08
3.621564603210095835e-08
5.543959826553107430e-08
1.204696233619990929e-07
1.154109502209818077e-07
1.064453194143144305e-07
8.171470823699030314e-08
6.618088962374759442e-08
1.286568568731816937e-07
1.549053011119111342e-07
1.014635200812553747e-07
8.470613493259109738e-08
1.285243135609319162e-07
8.553308454234011098e-08
3.701886140433316344e-08
5.969242094066255738e-08
8.545338749831912306e-08
8.250756599095442994e-08
2.354219112259381607e-08
8.546436145586159414e-08
1.076993399329400372e-07
9.034599627031994332e-08
9.596390645139899967e-08
5.678097544246958955e-08
8.979791949454290450e-08
6.033827931825496166e-08
4.156712168455590765e-08
3.020070936375617843e-08
6.012440654986459978e-08
1.607899077244484128e-07
1.337498168728532221e-08
4.115146722279473433e-08
1.160821955910910890e-07
8.015460767328916121e-08
7.137236263329906072e-08
5.894682833629849339e-08
1.258544494718152426e-07
9.168687190592263593e-08
6.949714924353645268e-08
6.681152484781795832e-08
3.206883059855764493e-08
-3.886613909680024875e-08
5.667721818358565156e-08
8.197961760100973680e-08
9.588618356490270155e-08
3.891490994798751752e-08
1.207000278992344041e-07
9.340646042667015975e-08
1.384023915700655214e-07
7.946446021982785728e-08
7.481133275845264439e-08
7.442034977493766790e-08
6.189470509836763151e-08
7.661480747445842755e-08
1.082341693079531010e-07
5.892694966091935006e-08
1.235356177289249120e-07
2.436919104451577952e-08
7.722383146610313250e-08
1.372908790038855447e-07
1.367946112309514410e-07
6.189941723381845009e-08
3.474088304396765285e-08
1.397638835426237113e-07
9.798297439677280754e-08
1.050046432761792432e-07
1.463563554061773993e-07
4.321894993400360198e-08
4.240881510908328195e-08
7.350623576813148613e-08
5.934872210918417643e-08
4.639088251033311265e-08
1.173981592462388151e-07
1.035712103153449025e-07
9.026841600536092279e-08
6.736061417951018986e-08
2.023228732384933698e-08
8.573272754558676559e-08
6.932388883446501312e-08
8.594530717525269992e-08
5.094964951690040046e-08
1.122541953249277411e-07
7.399113825679046711e-08
7.730895646156006524e-08
2.473839695155701154e-08
6.359969735497967597e-08
8.405628098096813117e-08
2.611953880640647102e-08
2.992317793529511577e-09
3.604153706468013801e-08
3.531864510140296235e-08
2.114260869882342703e-08
7.142584121700163487e-08
1.469762822962825885e-08
6.550733777893918489e-08
9.359311857042113084e-08
1.099736618800343075e-07
6.738268022796852092e-08
5.626808232065005057e-08
8.212407158086714472e-08
5.171082006348877337e-08
1.155911625487796875e-07
5.616094012498508787e-08
7.001171523713589017e-08
7.329635353665149467e-08
1.226055781858154546e-07
-1.546693481223202383e-08
9.865893304577275258e-08
1.033410716352248594e-07
9.491482998943340160e-08
6.882085634604363583e-08
1.252542330084348758e-07
5.737881614391939592e-08
1.492085600210080466e-07
1.014618772266855144e-07
6.369188573301190190e-08
7.047205477185646503e-08
-1.761262339721965010e-08
1.459490839834160933e-07
-5.282414645431699102e-08
-1.686972870963794848e-09
9.868263020177643542e-08
8.283974577261769560e-08
1.022553250001405537e-07
1.894413732907926297e-08
1.425912925047931593e-07
5.224436932731269130e-08
1.037107036239819904e-07
4.011323119849211345e-08
7.374931235900917177e-08
2.359950086939018568e-08
8.013213402136259661e-08
9.111329471915642068e-08
1.252395416425568159e-07
7.338563555974093674e-08
4.309301097370550428e-08
5.435283195170535418e-08
7.102179636262213696e-08
5.874749756207537996e-08
-2.630243851516513762e-08
2.826063333008404071e-08
1.361441667378500278e-08
6.334769477020951493e-08
4.728768669219000124e-09
-8.148218743576446884e-10
4.497367318682774229e-08
1.540252184450171025e-08
4.932606133866875055e-08
9.965173746708965841e-08
1.522647167849054457e-08
2.189839195956955687e-08
1.091377426861242404e-07
8.162228371707621137e-08
1.170415316556778444e-07
3.857764744417269526e-08
1.333013816828027773e-07
4.704845986755749812e-08
9.784051695904655653e-08
5.476792400813174796e-08
5.839642870130902153e-08
-3.018377686403702338e-09
1.107095761420221075e-07
2.476318882850759074e-08
7.420358809361575715e-08
4.763159937713431976e-08
1.046228205135272425e-08
1.157870971307851702e-08
6.177222413602537581e-08
8.685401654858878607e-08
7.205873715274111939e-08
5.898635382851089727e-08
4.409976210903866518e-08
4.002143948133865249e-09
3.830257232122954732e-08
3.594128622189152609e-08
5.754585446942633869e-08
5.566665019841685152e-08
7.495419314922537702e-08
3.619305740992982713e-08
4.801024997520906424e-08
9.494621657509044007e-09
5.263293747635296809e-08
8.560294978309832063e-08
6.807431168061183909e-08
5.217380486101399194e-08
3.315707710722597204e-08
4.658881343511756038e-08
6.339780531889095442e-08
4.298328459960136169e-08
5.031784974397866635e-08
5.020412183915923300e-08
7.874765879528110191e-08
4.472390472299636720e-08
3.473035494338747232e-08
4.814069839804463492e-08
4.857100533212859695e-08
1.444243121594403637e-07
1.251715077678566905e-07
1.091439280073030962e-07
6.016022481259353654e-08
2.011800041430070740e-08
2.289493505825950514e-08
9.522784574471626845e-08
7.145050737515383781e-08
6.750772253485994264e-08
1.032797337462270731e-07
5.233773671780888326e-08
3.535639458770038592e-08
4.862730741393754134e-08
3.734076451069747293e-08
8.879025459093171299e-08
-2.380773166282659857e-08
1.172475243309481993e-07
1.232590456333583347e-07
5.370199336254408521e-08
1.652657249590743862e-07
7.478099129371122236e-08
7.288922804714210006e-08
4.134659443582653832e-08
1.267906559687278577e-08
-3.058577706706814662e-08
4.101845803400564397e-08
9.136187090310666008e-08
3.845935951089936942e-08
1.570733821555510320e-08
3.047226891062819009e-08
5.594190110727945293e-08
3.193985836956306350e-08
5.655842207668443196e-08
8.049976549334728004e-08
1.420442770288769912e-08
3.889226792179014043e-08
1.040066484048351816e-07
3.077403436728597212e-08
2.171290489750414966e-08
1.329476400473472870e-07
7.196428219063889860e-08
1.044143578589280120e-07
4.083753919254675542e-08
2.213216071433984348e-08
8.189704948964425754e-08
4.587490092049416930e-08
5.323125894993075935e-08
4.956539212235114316e-08
3.809572894194676602e-08
7.328391797754545101e-08
6.660563224441634266e-08
1.487705833902074839e-07
5.336246303358024764e-08
5.855480152205535339e-08
8.476072204218569292e-08
3.517422162118205633e-08
-1.295319348853153526e-08
8.351957441031280424e-08
8.440830265341388875e-08
8.928650722073741710e-08
7.861722506149499305e-08
7.956784663641897129e-08
5.816656000799645030e-09
6.168882125013347796e-08
6.659847661316474645e-08
2.529400727178637020e-08
-3.779878559139795624e-09
4.595761773932677282e-08
8.184235779717385552e-09
3.534730705856388516e-08
5.841936261248119093e-08
7.640414366343241796e-08
2.600150302735890336e-08
3.095990050709905957e-08
6.783079958889686980e-08
-1.623190800815108721e-08
1.525715189301699025e-08
8.219177900192123426e-08
6.963240002714190641e-08
1.158048799647640235e-07
7.542293601718191038e-08
1.103641494794285156e-07
5.192855844027708948e-09
2.684111740369712309e-08
8.624474470978111829e-08
3.231925159228021671e-09
6.553831913553155158e-08
8.078146235054843217e-08
4.613903488557190544e-08
5.338683710599783325e-08
8.694416788996925695e-08
3.348666042275317601e-08
4.021050808710419361e-08
3.400417481890491586e-08
7.816670275609054553e-08
9.807541596493284591e-08
1.566523624668958847e-08
5.785308367671046897e-08
3.221498077272767135e-08
5.943543743771623934e-09
7.738689591597394449e-08
1.910952175771329970e-08
9.191846691185705294e-08
1.026423541621308946e-07
3.391994690706790093e-08
-2.453375619590193704e-08
-8.237072974344758068e-09
8.742250479680322058e-08
2.757767165629789104e-08
8.394293993642998546e-08
8.168731343098725726e-08
5.199596696516644231e-08
6.470778789889217655e-08
5.408233851432671975e-08
-7.048075479393612144e-09
6.827811856844442193e-08
5.527533483657158502e-08
6.082725548339903407e-08
3.782215372430570024e-08
8.171025956941966726e-08
4.463167438538783562e-08
5.943497163808330280e-08
8.909531864722506835e-09
4.487701083611550186e-08
7.469752160159266476e-08
6.593722716666823085e-08
4.583617907258048154e-08
1.008213959246414861e-11
7.265531669638969193e-08
3.258913694525597162e-08
8.599289122966585945e-08
5.744263268572806458e-08
1.679324505017396246e-08
7.629715202583374424e-08
1.014866045261870712e-08
2.695850193306739047e-08
7.474247366680129370e-08
1.116035697343307233e-07
2.010740379714548805e-08
4.369837467430630501e-08
1.018738098578028768e-07
5.518272362997515575e-08
1.781285454850123265e-08
1.267130157932232000e-07
4.420560323601678538e-08
1.052412093033230043e-08
5.104118645120132197e-08
5.036556726730048352e-08
7.556877471132574295e-08
4.100467507326635928e-08
7.609203755134527883e-08
2.974414745850102089e-08
2.732924556603932400e-08
6.369313487890778605e-08
3.716376582701430523e-08
6.772738280650390725e-08
3.972560382309650126e-08
8.722711767866850451e-08
2.294775422811002497e-08
3.636716591970855974e-08
-4.425117731136884538e-08
5.458073383245284516e-08
4.516000159120573592e-08
6.853521305180113666e-08
5.810110208258122377e-08
5.164020341086770387e-08
4.363060540080525570e-08
4.052169886769064502e-08
4.834813740125420897e-08
1.081682016279723938e-07
5.382237605875087148e-08
5.486673907761741785e-08
6.011681499030665968e-08
4.460617585753298809e-08
5.608327403903805909e-09
4.911397045320777360e-08
5.201140291369449721e-08
1.804989032979553794e-08
8.674249800155262797e-08
7.017854362085592586e-08
4.940341724590871893e-08
4.317632414812149158e-08
1.170984353523840203e-07
1.610427031927697925e-08
-2.630744509174448588e-08
4.710570828439447979e-08
8.482910521245020500e-08
3.574114042258876130e-08
1.362642213760575942e-08
3.958128653824158794e-08
5.138252247895135625e-08
9.828943135395468953e-08
5.394756387080135753e-08
6.137831441157313331e-08
6.356617469408186286e-08
1.013147926407536810e-07
8.793463100265130355e-08
6.189010505703138085e-08
4.792072196212557043e-08
6.420527145763234211e-08
3.364458224671774851e-08
6.028326489839651166e-08
4.558319547617059387e-08
5.088838259565220304e-09
7.568794018875027086e-08
1.810319628605939750e-08
1.159744681694043697e-08
-2.431735408111947085e-08
4.519031404508703819e-08
4.831414819273834284e-08
6.551370777123196495e-08
4.770342411850793287e-08
5.601334796800029809e-08
2.153672687957850566e-08
6.179877318954227665e-08
7.847526207029872231e-08
4.826242778978102364e-08
5.166758292215781037e-08
3.891785770035936774e-08
3.172016044703235837e-08
2.689474019084497031e-08
5.075816516430387764e-08
6.197302939745461428e-08
8.962131155843153288e-08
6.136396092858932260e-08
3.587811898639606219e-08
1.021271118207688950e-07
5.808375821675293348e-08
3.601347171400121582e-08
2.485972879167339002e-08
2.812032714700030286e-08
3.519835831119649375e-08
5.450495718236045644e-08
6.416107153403592380e-08
5.657866453013261529e-08
7.764493328091786808e-08
1.219304915662542720e-07
2.301967167798175563e-08
3.864161650491013886e-08
3.505118824513979306e-08
2.437293338758548267e-08
4.980469422827818180e-08
-1.557521645036606300e-08
8.420458435399112757e-08
1.254341151917055990e-08
4.989597567482172672e-08
2.298943903061813263e-08
5.938437294518530906e-08
3.279590532220900129e-08
2.354078153351232949e-08
-1.231164941279752218e-09
4.134160646442929063e-08
3.212183996329989211e-08
2.947121312249499785e-08
4.843827004564797541e-08
5.837674320105115937e-08
6.448229654089751498e-08
4.273978674211506781e-08
-6.133377687954532083e-09
4.315888789877341543e-08
8.270801074208527894e-09
1.926122602735709836e-08
1.291591004473465453e-08
4.670944236201503939e-08
6.148224399299698894e-08
-2.881759590965271196e-09
5.827596398289870286e-08
2.251730519177880781e-08
5.652485625769325574e-08
3.674523397486476477e-08
7.525598175079673606e-08
2.181312592915088400e-08
7.654618197037156946e-08
4.577605758023102285e-08
2.955508358855621344e-08
2.627533101107648275e-08
-4.991083798289501818e-10
5.536645261021578275e-08
5.319358678662625010e-08
-7.886288991706939014e-10
8.237611237142338345e-08
1.286782977517047901e-07
6.620027563829243953e-08
5.087356960266350627e-08
8.987750592221010602e-09
3.284531450458786459e-08
2.518523828997825860e-08
1.009873214956922332e-07
