# bin_1_1
0.000000000000000000e+00
0.000000000000000000e+00
1.522083943942895363e-06
1.020967628998358071e-06
1.522865297301980656e-06
2.054329077006776991e-06
9.524215626483103915e-07
1.450687346770495669e-06
1.509850936207638101e-06
8.816982106476251182e-07
1.483752299146242101e-06
1.383211000065945575e-06
1.510555879298466381e-06
9.337869188314479010e-07
8.360793971282422070e-07
8.702247543492974943e-07
1.099295593294059986e-06
1.239445926271153130e-06
7.268024640752255398e-07
7.422398515147818351e-07
9.156653364960492964e-07
1.426916514376521632e-06
8.585002896357270334e-07
9.949697745183823067e-07
1.529412920793988977e-06
7.120379526655033553e-07
7.987664334118083371e-07
6.250310115170996321e-07
1.193798367436413624e-06
1.010625201283407430e-06
1.176951624221766119e-06
1.319687313106717761e-06
9.573244829342269471e-07
9.552700167420585216e-07
1.002069028472932581e-06
9.587402461000410628e-07
1.007428825543651727e-06
8.593983856246905547e-07
9.797168153288332527e-07
7.588711080025195667e-07
7.846629693240278052e-07
8.573146716651252056e-07
8.027876975603677896e-07
8.525087862896581550e-07
8.938993847109021723e-07
8.808212907308445275e-07
9.022094481815526048e-07
9.400520671842026510e-07
9.271163701183703866e-07
9.569015197233212476e-07
8.247804283498366462e-07
8.010779316802701953e-07
8.673750694138731443e-07
8.595362528803508714e-07
7.280506094714107307e-07
6.583693904020690131e-07
9.703590917381343679e-07
7.486675935669996166e-07
7.564647175209306593e-07
7.438917705319137030e-07
7.537673702937019987e-07
8.686777152664933900e-07
8.139876223751650286e-07
7.841650054562321147e-07
7.039447514118418894e-07
8.520844618062883596e-07
7.849893969032640462e-07
6.827865888137361871e-07
9.249556278187753039e-07
8.025299472289535814e-07
8.061570349299622386e-07
8.632476453284670796e-07
6.327149908576050317e-07
7.273298157975064602e-07
7.340368497723952944e-07
9.020340262675818150e-07
8.440394760955812471e-07
9.523836322434645877e-07
6.334709437994155079e-07
6.036106719373671999e-07
8.699499865247058684e-07
9.536110599113759562e-07
8.448290142651464574e-07
7.352476276078335336e-07
8.269916087162246223e-07
7.968120737968721873e-07
8.338027536911863983e-07
7.003918000225580805e-07
7.914735451729759079e-07
8.270443364073109122e-07
7.376167455478390014e-07
7.693275569400441489e-07
8.202626420913666013e-07
8.046300413610720558e-07
8.397502779139469994e-07
8.219948999752409664e-07
7.658959193315599981e-07
7.727520402204951926e-07
8.246374924779676284e-07
7.995255183838983676e-07
7.063180605258628209e-07
9.174167563783027056e-07
7.271441034382233934e-07
7.819110294451715778e-07
6.454486627559407109e-07
6.819715289314639693e-07
8.331294181161506662e-07
8.111448743027199350e-07
7.816985816521047317e-07
6.834005176258088668e-07
8.569923262964217408e-07
8.150570849907881010e-07
7.262289279247736683e-07
7.696722268394936765e-07
7.183689672505038049e-07
8.304136089290635829e-07
8.313560582664636961e-07
6.615697802386764245e-07
7.024073944354562212e-07
6.716423646536504517e-07
8.006747467571703679e-07
7.738413402462704254e-07
6.935477133664095938e-07
8.235381903633927780e-07
7.558024879961287985e-07
7.752157688474301298e-07
7.246963379609020989e-07
6.972959398676159169e-07
7.341676179602077196e-07
7.513229732925848918e-07
6.975748507287984071e-07
6.620499726617793045e-07
7.834170149909728337e-07
6.786228244993403730e-07
7.773025416729134249e-07
6.730766585369047403e-07
7.782266024726825638e-07
6.587692683113350665e-07
7.352240262071352184e-07
7.217030336635762000e-07
6.965825640484376763e-07
7.483955407321034132e-07
7.376635283239423397e-07
8.331162010496576456e-07
6.841502149519756481e-07
7.124976440896779036e-07
7.322899905196237615e-07
7.028147566313640905e-07
7.477287868919628333e-07
7.872721229302856479e-07
7.244287028650244951e-07
6.853162667530571357e-07
7.630607450666989287e-07
8.291194540080088886e-07
7.128337857221200754e-07
7.551014340666825553e-07
8.609304840714878099e-07
6.960328016158080561e-07
6.894678006517785180e-07
7.564365582054416182e-07
6.721564006793935023e-07
7.137215370279137902e-07
7.770932402993133651e-07
7.048679467876647240e-07
7.786050383819884683e-07
8.288045954462056828e-07
7.125965210412310703e-07
7.471049707022165075e-07
6.795293576445396570e-07
7.979115732426430345e-07
7.193329442934437734e-07
7.796736589114201311e-07
8.053652222548529407e-07
8.794390188801771117e-07
7.607822061157618973e-07
8.029000467311082608e-07
6.960501104720753549e-07
8.333892352970662645e-07
8.239786923743474457e-07
6.492502436587934289e-07
7.890705221146376494e-07
7.576744879533599925e-07
7.061295327565510685e-07
7.415048794811348635e-07
8.732429586921568237e-07
8.388542243669561601e-07
7.626495564893170575e-07
7.582656634398715849e-07
8.318620875579888162e-07
6.701897827874922993e-07
7.734883176799971592e-07
8.245336262945565643e-07
7.185750069093658463e-07
7.864601202966474300e-07
6.433260113153957485e-07
7.365510719106538385e-07
8.164593576912336147e-07
7.618963083137620877e-07
7.583517757793430417e-07
7.285139555165949159e-07
7.647811386092314602e-07
7.600644244540559805e-07
7.445468861700129194e-07
7.771862825620996920e-07
7.273478265985151349e-07
6.923591767493532824e-07
7.369116170712752698e-07
6.769048005892186451e-07
7.448941620372932245e-07
7.822520184534930968e-07
7.156586532672537458e-07
7.371950884540364269e-07
7.494484158450513651e-07
7.873750980664411116e-07
7.132752281686417644e-07
7.705804334218045584e-07
7.843982692608154505e-07
7.626127682528006424e-07
6.607896751402607304e-07
8.671338670638425226e-07
7.929362232450723228e-07
7.616532291384291201e-07
8.408627501150973217e-07
7.488785109007529559e-07
7.246439147401300499e-07
7.488814269624983653e-07
7.381922228338002096e-07
8.575985239632022376e-07
7.332852383905959635e-07
6.695274448706167066e-07
7.050178832690175511e-07
7.756909697009720689e-07
7.501507303344988479e-07
6.766354834520610360e-07
8.148525569743961845e-07
8.694437533975017531e-07
7.972316377758419009e-07
7.247312115082764707e-07
7.871851859423946696e-07
7.823880798265249823e-07
6.833575442849107920e-07
7.098038460287667658e-07
7.846044548327562416e-07
6.926647827925111228e-07
6.656744212491793062e-07
7.462137795703409065e-07
7.176426074235926997e-07
7.275869756075374561e-07
7.240484158303289771e-07
7.316829233518471233e-07
8.131018745092299778e-07
7.114314959173292524e-07
7.407707270746397744e-07
7.168215703775242390e-07
7.073324475055164138e-07
6.943658733063406369e-07
7.400374295360792567e-07
7.459292136735359434e-07
7.141544682244499475e-07
8.003095162090306738e-07
7.385771469973362011e-07
6.953537333723543386e-07
6.669222862152749851e-07
7.311327239556100648e-07
7.665252738245310679e-07
7.734029386159108428e-07
7.653242645917238061e-07
6.938616874423454593e-07
7.281833494434681479e-07
7.384799007253012239e-07
7.510947596979174979e-07
7.253917066623078268e-07
7.530979980016016111e-07
6.911272523325679053e-07
7.644776656533307271e-07
6.730496652060134582e-07
7.849996411966022461e-07
7.092219873251463573e-07
7.386958082443170759e-07
6.873437525108155711e-07
7.171088779888801516e-07
7.668302029463905305e-07
7.084880913013204007e-07
6.903305541430282491e-07
7.724916823970316766e-07
7.440949416033074401e-07
8.236671927512189572e-07
7.123251155489481709e-07
7.501883003020366464e-07
7.583327523232365792e-07
7.293444190027950306e-07
7.200695475256103735e-07
8.152172317175497512e-07
7.676872795361888925e-07
7.287742685098693163e-07
7.964258726294117068e-07
7.687087302634108930e-07
7.542911908550133099e-07
7.405052133380607002e-07
7.107144987897387922e-07
6.892062411189229873e-07
6.917546977212694942e-07
7.570886004304446362e-07
7.409267912920118135e-07
7.338598670605667489e-07
7.940267112794550728e-07
6.890365072248563997e-07
7.717118561585309799e-07
7.665601397544196663e-07
6.863628718349751140e-07
7.401159894440763931e-07
7.456444734682325853e-07
7.377716191055087712e-07
7.872983501801129923e-07
7.829206886828883710e-07
7.418314869185765363e-07
7.418462586396016928e-07
7.511418700336417617e-07
7.488981261807206409e-07
7.973723633193093930e-07
7.110437210967073841e-07
7.321698374184307971e-07
7.615668856948467353e-07
6.460695522568194668e-07
7.236862638841132839e-07
7.972681921283615939e-07
7.667674880565450837e-07
7.448002229790747001e-07
7.518033319985576737e-07
7.284425755137889573e-07
8.169969246512640810e-07
8.294708243738475204e-07
7.627913770556823400e-07
7.285360531304073000e-07
6.704366150198620918e-07
7.889201071238997086e-07
7.564251501576320244e-07
7.867494495798890661e-07
6.930778987292627118e-07
7.961968348955491408e-07
7.463767731333689217e-07
7.511522194371328480e-07
6.934014419872956092e-07
7.352426093127840144e-07
7.127622080259342433e-07
7.634210595526501599e-07
7.402642886149722601e-07
7.115809823152707835e-07
6.908669629854390137e-07
8.022983365258502594e-07
7.696310666948393834e-07
7.397028363551420719e-07
7.164092398667448727e-07
7.311069561089350106e-07
7.081299730642899431e-07
7.386934273200573247e-07
6.926370866281696967e-07
7.024506309163085981e-07
7.868061151721672600e-07
7.470628472984589658e-07
6.915327412258634953e-07
7.730047988865417278e-07
7.286420093157564394e-07
7.264141237201800540e-07
7.728043014293615000e-07
7.618217539300561337e-07
7.263161136670032311e-07
7.408992520910202648e-07
7.559524068866356374e-07
7.672826572765093816e-07
8.088139674615765673e-07
7.095849134755220330e-07
6.909855733031933296e-07
7.553031808240842719e-07
7.405235707781982815e-07
8.093304341113371814e-07
7.664448918821868066e-07
7.594115654508393292e-07
6.962799667233128476e-07
7.464460264069745034e-07
7.203188978417857401e-07
7.564376749497824334e-07
8.234316263081417761e-07
8.115573592841428114e-07
7.638797682363000508e-07
7.850263867738452791e-07
7.683917410017545521e-07
7.358526323424638182e-07
6.831458865554096463e-07
6.745100842930665273e-07
6.800806567969642835e-07
6.883570079350451232e-07
8.055911760638267188e-07
7.708805860866535745e-07
7.129853344640329667e-07
7.403572793015479343e-07
7.141825535989193184e-07
7.033380144801496713e-07
7.284603488187381735e-07
7.109163616601751471e-07
7.569219050363353371e-07
7.233061087879013123e-07
7.149434975837528209e-07
6.899813826809790984e-07
6.992468354249503663e-07
7.746971314392284490e-07
7.482495502991474222e-07
8.034643315692159975e-07
7.253507548006803949e-07
7.023756017808711483e-07
7.650941945745427633e-07
8.179028710694231086e-07
8.207438352679989126e-07
7.367689933865120914e-07
7.720287375003486448e-07
8.497689953663141937e-07
7.656199989923305856e-07
7.426130119798816683e-07
8.097560407914891335e-07
7.284374360422733430e-07
8.167995598732850891e-07
7.714713272814123054e-07
7.190081924317939810e-07
7.027767381356543080e-07
7.253799383226112794e-07
7.517679653355465873e-07
7.909131051862034844e-07
7.769149829913117284e-07
7.515546179162814335e-07
7.610324532215086287e-07
6.758273872222672504e-07
7.258493478955382541e-07
6.823623642067016382e-07
7.640132178440377262e-07
8.106293395468504375e-07
7.413020558141183493e-07
7.706087008604332059e-07
7.350175545994568580e-07
7.577794909427736135e-07
6.814299899447569327e-07
7.594826884014549498e-07
7.841402698722057098e-07
7.183040896803627801e-07
7.524339609344541988e-07
6.988360871411958623e-07
6.988211283332748232e-07
7.192639281394371390e-07
7.580025085427864187e-07
7.787927507548193528e-07
7.012582201992336065e-07
7.289844276910165444e-07
7.420790375584175207e-07
7.421207603047768356e-07
7.367653394784075229e-07
7.110539985387563136e-07
7.901193135537469751e-07
7.275318974560967519e-07
7.523920102140918273e-07
7.673704696253969058e-07
7.282977786402253697e-07
7.065735523793276390e-07
7.481186049616950792e-07
7.782651407930294016e-07
7.382791313990673854e-07
7.522395541723325471e-07
7.871970067620922714e-07
7.186591626498870697e-07
7.299204504901969770e-07
7.008370056930082735e-07
7.514569997084345342e-07
7.766864846599572566e-07
7.355723609959450447e-07
7.227162628545044084e-07
7.075649319877996168e-07
7.619606906657620632e-07
7.203168589583920165e-07
7.500494821864495772e-07
7.724645493391976862e-07
7.196395050891076625e-07
7.372337360648394103e-07
7.546016223575690310e-07
7.616043398458729428e-07
7.261344234153095266e-07
7.493668942842236544e-07
7.482935517031966970e-07
6.923335101819527688e-07
7.071810486346845933e-07
6.954483113781089014e-07
6.513029282824467849e-07
7.647436321222701031e-07
6.651575077098969544e-07
7.163568874105435559e-07
6.984410406264484815e-07
7.495869275089329707e-07
7.731890701089260200e-07
7.551466786774684941e-07
7.023311779607146662e-07
6.985931140832994211e-07
7.824835334666199760e-07
7.524123680643785929e-07
7.510719477281091873e-07
6.942539771972065152e-07
7.296907110347467238e-07
7.498274148844408085e-07
7.363519471417968305e-07
7.337948169621933314e-07
7.514000109952374037e-07
7.111759767405890240e-07
7.646299549640668315e-07
7.070178463678753118e-07
7.644579717116395508e-07
8.218624135562494418e-07
7.145510900206734664e-07
7.065017037109664914e-07
7.740176032844776353e-07
6.841574894956691787e-07
7.702784012499855311e-07
7.593802194262127000e-07
7.206356853966717667e-07
7.419448824663122967e-07
7.298300357048349478e-07
7.243888075116175917e-07
7.446615703538219441e-07
7.229885414714189849e-07
7.520452278910600372e-07
7.273208260521063526e-07
7.498262079853403947e-07
7.685952337461046365e-07
7.563684622007941583e-07
8.024060575143404155e-07
7.615147009172716691e-07
7.177179693537129004e-07
6.737518735462927606e-07
7.192846579400950525e-07
7.440946272074098778e-07
7.195597103610904889e-07
7.928531266890126706e-07
7.431531490965991531e-07
7.642480868917766915e-07
7.380402410833403499e-07
6.595855044978766904e-07
7.338687119271932625e-07
7.370725034911528972e-07
7.724927663165772197e-07
7.354523254231315513e-07
7.385306230984561648e-07
7.244643639937974076e-07
7.416168539777660891e-07
7.946618036530983209e-07
7.148483999928256755e-07
7.445594445080617830e-07
7.454122511998371632e-07
7.436733707391992311e-07
7.172104201183482801e-07
7.771850291980564797e-07
7.610044866428011994e-07
6.768572492633983024e-07
7.158457560533323226e-07
7.615681480284279227e-07
7.814733261245920520e-07
6.983090341780127624e-07
6.694489394155763521e-07
7.783341729018086640e-07
7.407392046474103354e-07
7.395693775263358585e-07
7.904533373003900925e-07
7.119414842413183543e-07
7.200414006390410727e-07
7.046272221146810200e-07
7.200462757585780702e-07
7.243177945436109837e-07
7.294668730092495658e-07
7.561569444901508033e-07
6.367034031825527922e-07
7.316802535100608631e-07
7.997335640626968887e-07
7.556508159433536282e-07
7.861527885105926623e-07
7.684652532201262711e-07
7.929011187537643414e-07
7.319841373671042836e-07
6.908362468182068264e-07
7.033554458254181093e-07
6.945721498663709926e-07
7.341169341311328835e-07
7.832942880388030146e-07
7.414045162579693685e-07
6.793322947724983284e-07
7.299660243176883833e-07
7.843827386015348662e-07
7.024441500969184642e-07
7.542577796148809850e-07
7.787577196647524139e-07
7.498069225291884067e-07
7.103493643862027935e-07
6.856130870405223583e-07
6.586935329631399670e-07
7.345141895995646808e-07
7.158684726272415359e-07
7.593667668696713034e-07
7.349885937620771016e-07
7.259669573129419417e-07
7.451950179623483359e-07
7.768076580703643572e-07
7.408261234768031728e-07
7.405457872374402899e-07
7.922897704136412031e-07
7.056790324427475485e-07
6.684182041684650022e-07
7.879846552517143069e-07
7.252463220307348665e-07
7.101842293100581693e-07
7.278119263067448313e-07
7.350213449161172505e-07
7.142519214094548402e-07
7.973735324125444324e-07
7.412944865403636197e-07
7.606836457187641474e-07
7.153856703913214578e-07
7.690551081121438483e-07
6.865182793772165276e-07
7.932681173969182171e-07
7.495950027183947588e-07
7.308908066656163447e-07
7.053625758254443353e-07
7.511175304521136347e-07
7.162810351888895662e-07
7.825661141732468625e-07
7.174473166158513055e-07
7.137160541458322272e-07
7.333660419185769436e-07
7.420373337121369744e-07
7.559765162489494268e-07
7.756125650450418060e-07
7.409047046164379560e-07
6.971553097681407823e-07
7.748941822969096669e-07
7.613707675352206085e-07
7.181002295446967541e-07
7.533696899358443640e-07
7.038222411484289069e-07
7.251571460081408732e-07
6.785547133252006131e-07
7.337792671202826338e-07
8.117504284788043956e-07
7.325124788735374835e-07
7.484879512062984009e-07
7.813795906914015698e-07
6.829903303308451757e-07
7.636176236691051647e-07
8.150767508259306896e-07
7.505779268423870069e-07
7.510621852802527505e-07
7.512267067158156850e-07
6.858677878989332029e-07
6.749672106758636349e-07
7.161511044280734033e-07
7.789945238543282420e-07
7.646245751587472617e-07
7.210023700032683613e-07
7.763857350132251683e-07
6.950292307455821799e-07
7.185587140009091217e-07
6.866092372125701876e-07
7.447571101547079259e-07
7.291030999311268572e-07
7.261994764923994523e-07
7.081644554516376204e-07
7.766074619620310819e-07
7.641706624652796570e-07
7.555600344208197208e-07
7.148613877940290522e-07
7.581094606280832984e-07
6.940402920953851082e-07
7.836242619227141997e-07
6.953366887714301028e-07
7.205172519530473028e-07
7.249243521116501324e-07
7.299053867694252947e-07
7.571950207531018289e-07
7.470445944956509506e-07
7.231291323785935704e-07
7.515676019440811439e-07
7.193778070007856356e-07
7.338614877631693028e-07
7.869614781376023703e-07
6.841562696850810137e-07
7.159738417520016557e-07
6.963062505644830007e-07
7.078857078012193299e-07
7.456585649373692759e-07
7.427494789472821713e-07
7.152027680694931580e-07
7.633481867397463251e-07
7.358441304119720529e-07
7.567796858863293466e-07
7.244364831145689298e-07
7.121045131804303956e-07
6.873566203214959641e-07
7.646387159229142819e-07
7.362077733664707841e-07
7.599073744629581226e-07
7.387485374994943838e-07
6.870571289345433856e-07
7.343200986873841362e-07
7.421904835291084040e-07
7.305657015188610756e-07
7.263045438619725977e-07
7.283052538465529711e-07
7.872904815538648406e-07
7.401196273915149960e-07
7.179007239633490122e-07
7.514050482397814876e-07
7.031250393505988752e-07
7.457388168160113176e-07
7.154635323323968281e-07
7.079259812275140485e-07
7.819562245593688152e-07
7.589552342487475145e-07
7.850910642595811804e-07
7.168754217338586092e-07
7.015704689233678793e-07
7.097769428306162493e-07
7.353325617625053390e-07
7.443341577612041975e-07
7.680614131904566292e-07
7.402117724338076638e-07
7.603376366587111511e-07
7.793660333746906684e-07
7.655868378692034285e-07
7.091804274770307070e-07
7.378560613652952630e-07
7.293907999920911860e-07
7.064628386381929630e-07
7.539736065020474118e-07
7.359553469034991671e-07
7.302103348751562601e-07
7.350643670372738749e-07
7.439246237546857575e-07
7.273297977781119874e-07
7.329389126206279436e-07
7.440701092336704398e-07
7.536401553525947726e-07
6.552806233606725702e-07
7.610260527337173608e-07
7.177035684119249868e-07
7.363927344039159820e-07
7.407155861256084817e-07
7.410772577562660267e-07
7.238557227412577666e-07
7.020568464819886090e-07
7.688691587283647877e-07
7.469777325014083670e-07
7.478664974543541748e-07
7.184091501430029041e-07
7.121969870729776197e-07
7.309499818458791837e-07
7.588987810653288699e-07
7.326443803676861311e-07
6.788237094049147773e-07
7.112830179662123749e-07
7.403041699644910198e-07
7.354655601813323847e-07
7.230375669497432158e-07
7.351513361361321087e-07
7.054086007647745257e-07
7.610580394891553270e-07
7.213619606998690839e-07
7.602105950687515901e-07
7.093274134560899185e-07
7.717093595060483171e-07
7.275539774730318497e-07
7.273419709105005960e-07
6.888034448698652230e-07
7.142245275436478837e-07
7.466082522713886666e-07
6.584947361019693102e-07
6.888047692769815888e-07
6.878406717441015524e-07
7.883387081931495074e-07
7.253381402347024913e-07
7.151152350425052120e-07
7.119852049508370779e-07
7.090903527413662870e-07
6.859567714769771392e-07
7.423790296275158151e-07
7.554879448233560507e-07
7.214699011638305444e-07
7.561658325605031903e-07
7.471632139796145510e-07
7.532477281588620505e-07
7.122316944372951815e-07
7.696962384690831689e-07
7.332201168527719604e-07
7.140345463207686460e-07
7.389665789809247489e-07
7.264656209194178017e-07
7.119260616630836505e-07
6.998973343842725151e-07
7.627406464015930112e-07
7.388227610255838933e-07
6.704969335322158614e-07
7.028062644016395498e-07
7.266584686595645164e-07
7.180911138894850812e-07
6.703642435006980774e-07
7.240027784692999710e-07
7.689512515553002404e-07
7.607586516943206569e-07
7.590599118880780631e-07
7.485782795676180606e-07
7.863399319733240775e-07
6.899254048440547681e-07
7.578577192007686416e-07
7.304463873896556458e-07
7.165842872517364069e-07
7.317757477293769305e-07
7.054472007260067238e-07
7.191665894612333303e-07
7.473967816074179196e-07
7.184898347827764491e-07
6.761191288580060559e-07
6.885640486368354608e-07
7.347641592609629584e-07
7.617092736430986671e-07
7.011831351777656130e-07
7.376575421459359217e-07
7.407414034188819410e-07
7.077406960585268467e-07
7.082257488421631075e-07
7.719439709517707060e-07
7.180352701304536457e-07
7.321543650598691423e-07
7.636603129671254015e-07
6.668405014780470504e-07
6.941445582818586944e-07
7.184722713867943992e-07
7.227298978020365560e-07
7.286166206858210212e-07
7.553360502423556121e-07
7.740348541429226572e-07
7.524492623566241254e-07
7.412831936018169288e-07
7.124738310501090929e-07
7.018478653248039810e-07
7.583419633861991402e-07
7.654591527587081310e-07
7.212968403451008687e-07
7.696467264280462950e-07
7.149546574275587119e-07
7.015323184606151406e-07
6.933814606697832376e-07
7.015390882014701691e-07
7.118410387749115927e-07
7.604653867920063761e-07
7.358396914329768729e-07
7.432850318590705112e-07
7.234393571752144512e-07
7.744533581138746410e-07
7.003056062761037277e-07
7.894393713587076551e-07
7.287567691388543240e-07
7.558575417907159173e-07
7.348838804006631205e-07
7.499833360290266819e-07
7.478757322622594264e-07
7.234275428496944215e-07
6.949717783044659132e-07
7.574942291057068301e-07
7.325823541271122511e-07
7.587631490345347913e-07
7.254832728962910558e-07
7.191041520019271592e-07
7.247878720435685991e-07
7.995377246145770108e-07
7.473139860182133719e-07
7.320173855557655308e-07
7.304192795097866506e-07
6.821094774201602843e-07
7.564829515102834245e-07
7.227632655096910976e-07
7.047964128975469407e-07
7.197828409431200299e-07
7.225083229173394118e-07
7.719101381613634880e-07
7.299958277972941157e-07
7.608099648265437726e-07
7.209759327200323228e-07
7.369374816658605418e-07
7.573357447990700215e-07
7.403854767103230752e-07
7.682669608930236801e-07
6.942457879022819715e-07
7.389236801281983939e-07
7.437083575080673052e-07
7.319834588733818835e-07
7.326917985601420301e-07
7.363805382167516810e-07
7.467525234246618012e-07
7.695260352392622430e-07
7.022641093367594079e-07
7.088210263604381747e-07
7.353550284436473813e-07
7.372014518894717129e-07
7.442534922850622403e-07
7.345081854837541328e-07
7.399236507801864071e-07
7.533984959748420694e-07
7.242868479137542950e-07
7.408312208907875216e-07
7.618757467208923417e-07
7.229365059345467648e-07
7.255048145754319096e-07
7.613329479345087910e-07
7.299641716737283610e-07
7.711078682067543595e-07
7.309303571528608256e-07
7.394416659231784702e-07
7.180956151153496149e-07
7.186199162916693617e-07
7.425465883746129201e-07
7.628062987597025836e-07
7.596829637754907830e-07
7.413577167322593897e-07
7.507487612256646398e-07
7.313314414507900982e-07
7.288376052002730535e-07
7.269891233585938552e-07
7.062476308807495106e-07
7.105661451932513426e-07
7.263986442180043611e-07
7.066945460255917873e-07
7.401974246371497206e-07
6.722734384408632862e-07
7.268831769113429059e-07
7.447333856049980696e-07
7.177478974578425098e-07
7.565125015188247357e-07
7.254650178835184947e-07
7.438674262181333078e-07
7.435230460045369350e-07
7.625068558088325984e-07
7.301362331756353973e-07
7.217721020641745369e-07
6.902818199895031398e-07
7.072512228051070093e-07
7.572492253461090730e-07
7.387546923575197902e-07
7.323566708958225929e-07
7.629408628141544416e-07
7.837337503514305172e-07
7.000824794212415009e-07
7.447413822782857075e-07
7.466558422691825129e-07
7.103145569747652731e-07
7.349592172736745751e-07
7.287533751508868208e-07
7.503640604949685873e-07
7.695371103106673785e-07
7.151508206555443724e-07
7.073103506055951502e-07
7.472578379607344921e-07
7.509885426338055667e-07
7.414283955990615013e-07
7.133840892677969929e-07
7.251718543898255561e-07
7.176157468433208951e-07
7.052732036053922750e-07
7.555981636026595179e-07
7.353552322469400718e-07
7.295620018169052380e-07
7.330649949244700606e-07
7.702954200802279612e-07
7.131717239519070904e-07
7.270551445015738559e-07
7.148613650372308685e-07
7.349185353771092841e-07
7.731464773003868840e-07
7.411925091430887769e-07
7.426409442037053568e-07
7.797460356651030229e-07
7.788095399149760464e-07
7.433099126688077938e-07
7.299116653035563397e-07
7.684755911865241763e-07
7.658561442436455252e-07
7.460551310459821543e-07
7.392558226848521860e-07
7.735140847946611524e-07
6.804046881136170193e-07
7.225123911478340569e-07
7.278474056774631511e-07
7.372439311489630474e-07
7.619283583423607846e-07
7.436460634595657500e-07
7.769955644656813881e-07
7.339518317840318566e-07
6.966982360658051345e-07
7.126808511844687045e-07
7.575925148909366868e-07
7.492868770654842314e-07
7.457576628160276947e-07
7.402541979211586061e-07
7.274960025463586169e-07
7.421600248084270954e-07
7.206972242524500470e-07
7.380246283959709026e-07
7.358529017672023715e-07
7.067792315942662419e-07
7.127660780689003695e-07
7.572264164505626930e-07
7.161075382073288244e-07
7.345221012889096375e-07
7.432661925609032207e-07
7.225506724658701036e-07
7.408747489216471871e-07
8.024349693859681832e-07
7.738935180073225003e-07
7.296811097943218282e-07
7.344904083409474428e-07
7.424407487538626945e-07
6.968309825353760571e-07
6.950922406878100614e-07
6.983573981300253798e-07
7.285131587248131579e-07
