# bin_4_2
0.000000000000000000e+00
0.000000000000000000e+00
4.641078007662176339e-06
4.340039001264402472e-06
3.764385836880277492e-06
1.019508968139750765e-05
5.910254703443157990e-06
7.614535100556408700e-06
5.704471886022767457e-06
3.915907999914246670e-06
4.387976884423034261e-06
6.176613287423324088e-06
5.785889177255167798e-06
4.863640416069067464e-06
2.458714342125044509e-06
7.439047882093852202e-06
6.070820771629330689e-06
5.121892417622197322e-06
4.842109903811796176e-06
5.133673569354508508e-06
3.429715764671459927e-06
3.157261116904063902e-06
4.767443739913753557e-06
5.563376241152094574e-06
4.050585486630101767e-06
4.732457144789092058e-06
3.840686488044501028e-06
3.001881467445857191e-06
4.204703383462287548e-06
2.675862480259892502e-06
2.386943448453046185e-06
3.526210369630230666e-06
2.796730576753253061e-06
2.830572835563254763e-06
2.731156351054567508e-06
3.186901595090836129e-06
2.338862112482350487e-06
1.485705508032805472e-06
2.741541829376298133e-06
1.718529467620394667e-06
2.075923709499495571e-06
2.265155527130926375e-06
1.782166281169050662e-06
2.087797873376780539e-06
2.114120540073852572e-06
2.000950470337751097e-06
2.022021818058846794e-06
1.105814326688110663e-06
1.379257068058620803e-06
1.768324462322706299e-06
1.734958880415863564e-06
1.634908213962751461e-06
1.316091970239251312e-06
1.366640080106376207e-06
1.596854422725462499e-06
1.028124185896845590e-06
1.630579649902336024e-06
1.358988785369942177e-06
1.212645362539216575e-06
1.414565219284254213e-06
1.345381419352228811e-06
1.438919755665746384e-06
1.600667423897861351e-06
1.501620592935457998e-06
8.998277200004707577e-07
1.011811960337899411e-06
1.040982936086062999e-06
9.078932132890455139e-07
1.382300029181330572e-06
1.766689325167037954e-06
9.433028842209288664e-07
1.478859675886787044e-06
1.002456353724087065e-06
8.352230206404167633e-07
1.144060598489070035e-06
1.056278428781804258e-06
6.581138472366373285e-07
1.539804656865081326e-06
6.014788776562695993e-07
4.403561696898457943e-07
1.100001168371032676e-06
8.871319892753842207e-07
4.729359665374842567e-07
9.510618749333827312e-07
7.068854866721540312e-07
1.216704269733998793e-06
8.197390709138103993e-07
9.471750681734069057e-07
1.029911027211199151e-06
7.196630542769599620e-07
8.943691622204055019e-07
8.766024902712458182e-07
6.552974981456410962e-07
6.478635090390209576e-07
6.341275963390314380e-07
2.887088404848437997e-07
7.830592345048705995e-07
6.618149988225261069e-07
6.459372886026107723e-07
6.374285584374349930e-07
8.228850721752718123e-07
9.001504761749891750e-07
8.150930226418784230e-07
6.308983064241349804e-07
4.860322084279756067e-07
4.801195337305327642e-07
5.153149474291280391e-07
4.763115947408757043e-07
5.024768574076925921e-07
4.501176258445073304e-07
7.197559385978387293e-07
3.327828045813222585e-07
5.878376310973202053e-07
7.307653901365189251e-07
4.941373652942413260e-07
4.095813467558093561e-07
6.845702951207077069e-07
4.966037734029452874e-07
5.653376961585155047e-07
7.517078848894385397e-07
7.438813746716682975e-07
2.919277531358853624e-07
3.364893971626476376e-07
6.235379251211555435e-07
7.338054581954119493e-07
4.203726383920167861e-07
4.281161952308301493e-07
2.460029388839137902e-07
5.037184284071708308e-07
5.066948578169217029e-07
5.571791365966292090e-07
3.568382181386170002e-07
3.496618906508916646e-07
6.206969379979565886e-07
3.606170999568684185e-07
5.748653594164168667e-07
4.382074773067592395e-07
5.279138064553574571e-07
4.432544611098215120e-07
3.856545211432047411e-07
3.696868045650920194e-07
3.544848427528201957e-07
4.713940869133596372e-07
4.127049977412904702e-07
5.673693503010898806e-07
4.728777290909801833e-07
4.593695625152373993e-07
4.858225457093445778e-07
2.763158960405602958e-07
4.098106456975798058e-07
3.057492785830966037e-07
4.975301692121330091e-07
3.660631561677756246e-07
5.113453242262675551e-07
5.449481419234506706e-07
5.498197689292262069e-07
4.144724404950622119e-07
5.964990325113403537e-07
1.588121488064187370e-07
4.750741996254916554e-07
4.511118196800519442e-07
4.635201026495239853e-07
3.274232792062096807e-07
2.566017987717515893e-07
4.252403511363888390e-07
1.724940091643385950e-07
5.068330352686561307e-07
2.734161550525466396e-07
4.890671714693065779e-07
3.685680413937027785e-07
3.396826967855091532e-07
5.409146257134305327e-07
3.310547634910075917e-07
4.463995567935269921e-07
3.002557945222285875e-07
3.804597710032807405e-07
4.245401077798663376e-07
1.849246531996707939e-07
2.894184786198511319e-07
3.629223690289954076e-07
4.052167761458817609e-07
2.438376485434069825e-07
2.188505210142014486e-07
3.251259382398887131e-07
3.559799626118089429e-07
4.600534653541884841e-07
4.521904398066431661e-07
1.336805950995884208e-07
3.320058410318191839e-07
4.285606760771576981e-07
2.189099348618961437e-07
3.150560041587515769e-07
3.836848693736214541e-07
3.439784675179573499e-07
3.356052946216545275e-07
2.503323110565322075e-07
2.715293587581963408e-07
4.305170196276586724e-07
4.082612284177792402e-07
2.889297857411505414e-07
2.021840356729161932e-07
2.839471541990013888e-07
3.132286300460188365e-07
3.264996039239310000e-07
3.289589815800275804e-07
1.994046689114652525e-07
3.612332309329267765e-07
2.611533527490066868e-07
1.564718161122117690e-07
2.529752072258273584e-07
3.051173366317894276e-07
2.488138316346720361e-07
1.300425876594952264e-07
3.161901693306143817e-07
2.422851657651171503e-07
1.391996810447383049e-07
2.137784324105700538e-07
2.782562128394194198e-07
3.364676553291472210e-07
1.913043403361512913e-07
1.835744623412603182e-07
2.822334571957227916e-07
2.885425739427506659e-07
9.700502328093240483e-08
3.258907904159759967e-07
3.929796903555908927e-07
3.104850635699674188e-07
3.910496883653782274e-07
3.585221910579221417e-07
2.905866655375874420e-07
6.680596544277097667e-08
1.123617339258781040e-07
1.534855606510904508e-07
8.258780630684766008e-08
7.167831419938455703e-08
2.357404826250211319e-07
2.804709577869438478e-07
1.869208916830684767e-07
2.528145724344548588e-07
8.073286263198163300e-08
2.683116301666333856e-07
1.129766827673517019e-07
2.526550465423057668e-07
1.659639312945453090e-07
1.877783002273150081e-07
2.676510610499143035e-07
3.655133425877729392e-07
1.584465201603298855e-07
3.645263452693598905e-07
3.802522886986645072e-07
1.977613850743657474e-07
-5.197897294003074208e-08
1.961189457476263746e-07
2.398952570485474528e-07
2.470517908724572898e-07
2.293509592634372359e-07
1.575807471360181608e-07
2.367227121381612471e-07
3.123273484564999960e-07
2.497391691735212254e-07
3.832509538982772329e-07
2.174957504111086823e-07
1.823399901458121363e-07
2.491222970749880561e-07
1.526968914363503553e-07
2.713947889766429125e-07
2.375203517291603202e-07
1.355607293695503386e-07
2.779362812300149947e-07
1.923913161966892826e-07
2.911764428587578435e-07
1.292908897589014824e-07
1.304173381070022090e-07
1.600290725221125178e-07
1.705823573137783093e-07
2.171854404528594984e-07
3.333395562222036584e-07
2.936324955130619521e-07
1.447954668368767478e-07
2.508987795276435784e-07
2.413529659480232391e-07
3.412047727120267585e-07
5.809935424816266402e-08
1.599176051658913096e-07
1.121069646955584434e-07
2.293768899226697312e-07
2.681717621646392607e-07
1.082359741017288841e-07
2.352086765251998024e-07
1.311340416633765683e-07
1.790897431194938149e-07
1.517198496956869196e-07
1.087819833419914902e-07
1.712604826237156896e-07
6.284642153468691184e-08
2.208684093911184337e-07
1.325204846817637765e-07
-1.205228679910398945e-08
1.288817822494536173e-07
2.468008397642073517e-07
2.245627775836720163e-07
2.632004770799553153e-07
1.246957192458128856e-07
1.545661587200962456e-07
2.057736077982888256e-07
1.535176513459091874e-07
2.426058071403043473e-07
2.423344121305774248e-07
1.845492801747367861e-07
1.953505183181398164e-07
2.346833469351209548e-07
1.361373659513699865e-07
1.717064115284974173e-07
1.084598634509005450e-07
1.007954795389899218e-07
2.076919931507879638e-07
1.603507900494232180e-07
1.157026710340682192e-07
2.500733634406196953e-07
7.481725143599116274e-08
1.192766562204142645e-07
5.892398844364140891e-08
5.427640085805883226e-08
2.264277210415768651e-07
6.241542533773359558e-08
1.809148179950989389e-07
8.409146273549999320e-08
1.760502536609875960e-07
1.301454755406237624e-07
1.737858843058985320e-07
1.852491226012382656e-07
3.143463821695529778e-07
9.178890720509979919e-08
2.229411705306636985e-07
6.130356757816241069e-08
1.804327664455458517e-07
1.510888664695131693e-07
2.056280338227199326e-07
1.414991872364742930e-07
2.076915160942773304e-07
1.476938609784619615e-07
2.191043535618833929e-07
1.576261240924161497e-07
1.160692102079887675e-07
1.034526288265533653e-07
1.505322515059531064e-07
7.372719361752833226e-08
1.575947523512552489e-07
1.530628240418381558e-07
8.653900281479898819e-08
1.628427792958396672e-07
1.828932518056446469e-07
1.633755344627571513e-07
1.598630295559955561e-07
1.547822935059266318e-07
2.329177833806462587e-07
2.215503003011474485e-07
1.096726710287803298e-07
2.157663594537855201e-07
2.512059168166214925e-07
2.090233052846768412e-07
2.279607624677615796e-07
2.096324994388946390e-07
1.558128535287583220e-07
1.305743313794491591e-07
2.251207789208980948e-07
8.657395800549630220e-08
7.216451501316459906e-10
1.920040043603103370e-07
6.043138829583014612e-08
1.801209484680541264e-07
1.217985245582999145e-07
1.352885601021297337e-07
1.747771292934714212e-07
1.594568930584542520e-07
1.271998337016198933e-07
1.563533765065965733e-07
1.235602364761522244e-07
1.750704019744721420e-07
1.230972663431947935e-07
1.028057192997736031e-07
1.723386678058047322e-07
1.100509880075830559e-07
9.355530289207400689e-08
4.416686091099238797e-08
1.594216743969225161e-07
1.121575936183209326e-07
3.799338556880479429e-08
4.477906397183281340e-08
9.266032943120169575e-08
7.832357941903756381e-08
1.639232665821782022e-07
7.965522141409930877e-08
1.566415337843225262e-07
1.038853816063235999e-07
1.580970575358875018e-07
1.099670085676619305e-07
1.369197461691966738e-07
8.211992368397287996e-08
1.173487795109470488e-07
1.709316643327905996e-07
9.620844877898378356e-08
1.141395367783293498e-07
1.297475946297733782e-07
1.239523760608265058e-07
1.151239689244510394e-07
1.719861862084239466e-07
1.632862640071166139e-07
8.854320558956929236e-08
6.614979849558521501e-08
1.264794693581061388e-07
1.875664243719589311e-07
9.072468691622026525e-08
1.558779040385192836e-07
1.868470030268079738e-07
1.249239573880529151e-07
7.297660549821182468e-08
7.743974049773669712e-08
1.335718779958042826e-07
5.460665833221261085e-09
7.312022736872895176e-08
1.920468542879130621e-07
2.051056100779360294e-08
8.907291519555284446e-08
4.627473519897398245e-08
8.037110897695109250e-08
6.905902120657387233e-08
1.420018472966463212e-07
1.956835696085264344e-07
8.665844343921254975e-08
1.704301810712628601e-07
1.334050841711194053e-07
-6.907727395648511012e-09
6.363292684476093457e-08
1.934625884658683371e-07
7.854347574349699311e-08
9.177805836428634645e-08
1.923576536098781145e-07
1.489425859841019520e-07
3.885986324223323609e-08
1.280089236197024103e-07
1.128518972468307417e-07
1.471408384662209914e-07
1.548196188538274187e-07
1.006526613456669287e-07
1.718000049021258010e-07
1.127211144180075010e-07
2.287943306916749450e-08
1.228619484401134773e-07
1.147915305727376216e-07
9.894551834544728978e-08
2.194355847138689456e-07
9.921465358113657704e-08
9.130914681341304569e-08
1.864595836887919258e-08
1.321262274845587807e-07
9.878178521862066450e-08
2.067538181840544108e-07
1.108619172568653290e-07
9.207831571118568757e-08
8.620713101700436940e-08
5.785412171575085941e-08
6.408858812779445483e-08
1.135594313744937731e-07
3.901793689303138098e-08
1.323731764404492645e-07
1.625587211936761087e-07
-6.015170007494644320e-09
1.632584288553629696e-07
5.988258529579190998e-08
1.158444487522887507e-07
1.295824913699636721e-07
9.394555450775081293e-08
1.019933801979326946e-07
1.677917111610603058e-07
1.032287631669915046e-07
1.901833317276473982e-08
5.445199356748969238e-08
1.318796320399639695e-07
-2.635713659705466418e-08
1.125028529679624555e-07
1.014413786465249057e-07
1.085563455762372587e-07
9.315899833976205428e-08
1.723819275666765176e-07
5.265598936300695280e-08
7.883411285005915676e-08
9.827328796641086389e-08
1.074267710888627587e-07
1.090305517437090538e-07
7.209950935596347460e-08
8.723293351743717376e-08
3.332479524351224449e-08
4.538253259584945588e-08
2.308157593072125961e-08
8.832952171352287991e-08
3.216437443586858582e-08
2.708162048665160484e-08
2.902396626802527374e-08
6.507972037385869180e-08
8.709133501430283262e-08
1.265395810137965610e-07
8.540131802297717192e-08
2.210071298015822509e-08
2.346937483204036816e-08
1.164662587876454837e-07
9.330645742869231340e-08
5.958307001215755063e-08
1.304943590870378588e-07
1.177442973317736510e-07
1.056504192186112869e-08
1.071106776557895093e-07
7.073347920112105742e-08
1.023761617805952874e-07
1.817678187879717403e-07
1.380840910695564862e-07
8.851319445736822032e-08
1.333046378876183671e-07
7.560387442462919642e-08
1.448673637108921634e-07
1.664843427081445779e-07
8.113190834435801402e-08
-7.289355258306731220e-09
1.280720960028099138e-07
3.064561760107788826e-08
4.500129016608232284e-08
9.378378662864473790e-08
3.549079878906549156e-08
2.695040917479802808e-08
6.124636276571148209e-09
8.206611059658027717e-08
8.841772534086972167e-08
1.399812959375874390e-07
4.901663292499545777e-08
1.233243302479545014e-07
1.178068806782213906e-07
3.123694964111393871e-09
1.109915512964669360e-07
6.671784676976349109e-08
9.330245025418218816e-08
8.882998012984381354e-08
3.420128298753824999e-08
1.245310350032340377e-07
6.672899826749478569e-08
1.575486003299364936e-07
9.167546952061109204e-08
4.629555616065014534e-08
1.482502997042085745e-07
1.308075771142629876e-07
8.992379656838740999e-08
9.198263460989735815e-08
7.298722744018382540e-08
6.106247017286672438e-08
8.606984896484905602e-10
3.289662131496100406e-08
1.866272475460166980e-07
4.291058823040554200e-08
5.181939804927552312e-08
4.441951238182734499e-08
9.391011537729206467e-10
1.032372142786916227e-07
8.274324953613963375e-08
8.307601255685307765e-08
3.685759615905721846e-08
2.836632535689229486e-08
8.389051404021781637e-08
7.026559680453361732e-08
1.095322088353104525e-07
-7.272615817691859671e-09
7.221236073292250227e-08
1.146251285895032703e-07
4.214890591716506697e-08
6.360976519625914162e-08
1.038049630431544164e-07
4.555633081151808041e-08
1.514075623964140937e-07
1.350729114463852806e-07
2.487973859397011588e-08
6.233855763661464473e-08
-1.168019618252317486e-08
1.202719020611820320e-07
1.163037586894799248e-07
8.225488574721536612e-08
1.955410979508682264e-07
2.774880253721407732e-09
5.576130795887312033e-08
4.332613912307779975e-08
1.563666162880715609e-07
7.243681589019473463e-08
1.048630582684422269e-07
7.941010269564140570e-08
4.887558034799553767e-08
1.405378937405477171e-07
9.776044366609584603e-08
7.251527207611654307e-08
1.047432040184358698e-07
5.241328934622764577e-08
7.081122046466996831e-08
4.561767041295437572e-08
2.710990328418898837e-09
5.485294100125036551e-08
3.914706939712258147e-08
7.954145341007179708e-08
3.593418244729016835e-08
9.230077683906617409e-08
1.324011659074818623e-07
-1.517696327044938693e-08
1.055115071580042923e-07
8.487000009462257161e-08
7.740443656158233067e-08
1.263421082174034487e-07
7.362129504638425808e-08
5.802393141743697917e-08
4.002402558263177783e-08
1.431704401757419051e-07
5.677280374717418992e-08
8.945110119890234844e-08
2.354696101581900517e-08
6.410577827863250094e-08
1.022970481988466041e-07
1.799302872738792553e-08
7.922895833359514570e-08
2.511163184622050201e-08
3.116388186356906735e-08
1.345443362917199121e-07
1.069010137755027549e-07
4.372459723149753566e-08
3.137896917630663166e-08
4.497707103149428555e-08
2.573001557447990426e-08
1.287925994099138211e-07
7.856228314661945089e-08
6.507668649791336939e-08
8.908606224483203554e-08
8.080311881079594163e-08
9.914772467606043230e-08
4.210591664687769168e-08
7.413683544180960041e-08
4.909087165616452937e-08
1.174091271103265577e-07
6.775879729990684758e-08
1.313694230507399627e-07
8.037132569213193255e-09
6.736522883740943661e-08
1.013184089607949964e-07
4.495063411212943319e-08
2.791984265133772460e-08
6.846674549955549648e-08
5.200331671382662758e-08
1.017936028475424148e-07
1.250885163081652312e-07
6.527863537012602608e-08
2.849090094194605423e-08
1.154897712175169362e-07
7.766722295571939874e-08
1.064817995387830983e-07
3.225978834682440752e-09
7.186352784800582308e-08
-1.559889278241399310e-08
1.595644067165890287e-07
1.039129318577511003e-08
6.928897779524593706e-08
7.091520669470908292e-08
2.176874483946245698e-08
1.047880500267170415e-07
6.383397594323492900e-08
1.176407356559026685e-07
1.069391079421142815e-07
1.427331025741545445e-07
1.369605113954645466e-07
8.674014075854611462e-08
7.691710727506296880e-08
7.593154273390751576e-08
4.229159807923238504e-08
1.007050466657629291e-07
1.651433238737336622e-09
2.561124483329020019e-08
1.073847726848645043e-07
8.572710058689278677e-08
8.269494670181337335e-08
1.175861876141629518e-07
5.316569660017539569e-08
8.235144362732328092e-08
8.086967508613845424e-08
8.911862242688481670e-08
3.821165090756009450e-08
5.586141206360362993e-08
8.585612249919474198e-08
5.997162432064208734e-08
5.417095508001324487e-08
1.386213381058897058e-08
5.570827669897626685e-08
1.163508173470006443e-07
3.871889112423171426e-08
7.413976863055577705e-08
4.263200363956195958e-08
6.903683417769548653e-08
9.018941824712431946e-08
-1.386167797197796163e-08
9.710458164782344774e-08
2.170555741007444491e-08
3.123482542711409576e-08
4.803799394672921402e-09
7.283279989689354654e-09
5.342114473754343557e-08
3.696537675545029036e-08
1.140065308882326948e-07
1.002598059607763561e-08
6.805705433027659149e-08
1.284928820390556105e-07
9.108184807336160209e-08
5.399760257565073486e-08
8.097051814318965195e-08
5.743841139135818276e-08
6.127626751952150529e-08
3.964451916804077943e-08
4.899959817467569647e-08
7.986466523635793630e-08
1.115658174558455565e-07
9.656023240438072243e-08
1.548143147895032635e-08
1.015405792080073406e-07
2.344066165765598019e-08
7.146641239433307688e-08
9.486577203136453555e-08
6.362816620160097410e-08
1.090193169034184348e-07
5.954519958996735690e-08
7.709396597659187169e-08
7.178373268401924306e-08
8.105265280419656162e-09
4.887205914902534034e-08
9.357753901576301302e-09
-2.090161840411691259e-08
1.128620617516134463e-07
1.543119458577133888e-08
9.095500355118219973e-08
3.721505314076405097e-08
5.107541941895149905e-08
4.574886720665099428e-08
8.384040371571334755e-08
6.103410324791167314e-08
6.248737604324795021e-08
-2.501519720008155851e-09
1.022623220044310770e-07
7.076905394752694481e-08
1.148000099769386203e-07
5.914274684271144541e-08
6.698842226357645631e-08
5.912314048895074591e-08
9.218788262491719170e-08
-2.968628495023881625e-08
2.585843434481306900e-08
7.257505931689334463e-08
1.375706458200250544e-07
2.974556714009634583e-08
8.583351234216788214e-08
7.876556230774867374e-08
4.561284741936882501e-08
-2.842406686635119275e-08
-2.377753441951654243e-08
3.512452846308255417e-08
7.762260879884119343e-08
4.237718800138030960e-08
6.831055838941042078e-08
8.766598549128563172e-08
5.830590639115061275e-08
1.263032106277948373e-07
-1.274358931779309134e-08
1.018752181006973289e-07
1.353641095243708523e-07
7.629392977644596149e-08
1.085958352763575210e-07
6.681874727538718611e-08
9.196121483416980643e-08
3.957740609338402058e-08
6.210234547679144791e-09
5.520255464461997680e-08
7.088604344844845242e-08
1.129300531499278490e-07
3.953382057752758152e-08
7.327681814735918527e-08
6.783593232088410290e-08
5.489308891658058141e-08
5.247634099264670750e-08
7.932952588686899322e-08
4.688585690748872033e-08
6.169408062527137915e-08
7.578222758831684444e-08
8.848263769554760863e-08
7.952857610617411828e-08
6.917778491020701672e-08
5.592771658872724407e-08
3.025470888832710855e-08
6.245190808684347511e-08
9.615078407135428955e-08
1.882363021452909816e-08
3.849688073106831873e-08
4.892237911454337671e-08
5.831914116914628191e-08
8.779315734314537967e-08
3.589913962876443905e-08
1.196890838038752593e-07
6.388681471809083746e-08
9.597663346923142931e-08
3.308098670720022209e-10
1.246659479134391713e-07
5.007205218685178556e-08
1.438036524227980276e-08
6.368202142000557251e-08
3.159253396724315880e-08
1.088923776196814834e-08
-3.509363799167584926e-09
8.202268763691689109e-08
5.916191290976941762e-08
8.084511685411982466e-08
6.702417189449623008e-08
6.194549998633242563e-08
7.975015814132780476e-08
5.061449629496562346e-08
1.298312412315380646e-07
3.176469712765098155e-08
1.329178805332998954e-08
2.986794112637822652e-08
4.893595921777303672e-08
6.614059673682924925e-08
5.360948501998032889e-08
5.604210872779950195e-08
9.321484544700206165e-08
6.679243279326833713e-08
4.853317324021356829e-08
7.385287930124592181e-08
3.474484883157973338e-08
6.381642792582033321e-08
3.706966502076405598e-08
3.659424542454605408e-08
1.321085770151123428e-09
8.337137466767519571e-08
8.726282046663362781e-08
2.142483322803801284e-08
7.324855960589216786e-08
9.578965577900086765e-08
1.291697362238306333e-07
2.240023714156309597e-08
1.071572090237779702e-08
1.242775043919907778e-07
7.928236719514326469e-08
3.283174774580011677e-08
3.480443844972402291e-08
8.306181128872351057e-08
6.727473607896889866e-09
1.325880563602820798e-08
4.305717837507257175e-08
5.275350814301308824e-08
7.210716405164092311e-08
5.650912389934786877e-08
1.130018909396966242e-07
8.069080278148981652e-08
6.399389876884162635e-08
8.637779875708288172e-08
7.733288645124121700e-08
6.900343496588522088e-08
-1.044767386670245715e-08
2.614699201627850408e-08
2.390203566709254933e-08
4.235770943023286693e-08
5.261104961608269696e-08
-1.355549126826211459e-08
2.644599205146456197e-08
3.064607196218972480e-08
6.110191050471689461e-08
5.822557083285707992e-08
3.944485619546806667e-08
8.236991950776231734e-08
4.870152034867551517e-08
5.947619052545176397e-08
6.285880747402150987e-08
5.030689550843339738e-08
8.924605826999422936e-08
9.559083462912697723e-08
1.254622567167157977e-08
3.719295510697871008e-09
9.237709134478774548e-08
3.075103426908102555e-08
2.369266870105871284e-08
4.729638885651234449e-08
9.892487356754179687e-08
1.164679891539185863e-07
7.620998409431316180e-08
1.057396178754651099e-07
5.725878313393998691e-08
7.806067504191936836e-09
3.311830133420355197e-08
4.067423356436482013e-08
3.148921997784761574e-08
8.946359926455754670e-08
-4.227714739906801162e-08
3.346827622263777378e-08
2.979335054509565532e-08
6.924454680637928649e-08
7.176497791218198712e-08
1.434133701953040666e-08
7.446710180242130694e-08
5.201702660933004845e-08
2.904238674019555356e-08
4.917730017437642349e-08
7.789877883394324781e-08
6.038894096750085131e-08
3.628389324065760948e-08
6.305605574490136065e-08
1.345635362339075536e-08
-5.412406079702501844e-09
4.946281994766849114e-08
4.344897594401631667e-08
5.313259809482483646e-08
1.643607421394428277e-08
1.858702234268175043e-08
8.076144802452067893e-08
8.793641705368333817e-08
6.712854352087992150e-08
9.050395866975398809e-08
-4.881369730150364794e-09
6.349934577935903734e-08
7.404865052086019104e-08
3.119963448393270390e-08
1.668155403586460271e-08
2.327697170908201282e-08
-1.418254554650172604e-08
6.197625114105554553e-08
3.248197411989929140e-08
9.330692568104712244e-08
9.944375552747197850e-08
6.706290513429917404e-08
7.255117766578853549e-08
3.143875691020816786e-08
5.901833813125412250e-08
3.358369733179986276e-08
5.328840536346103085e-08
-2.243964007716415356e-09
5.690667225632681024e-08
5.234004851023184838e-08
5.238240488419945121e-08
-5.200165908475463141e-09
3.144395313365155041e-08
4.204186024587033998e-08
3.999598310091478484e-08
7.322565020715429277e-08
2.408263557291894481e-09
7.002753116223796715e-08
3.164085256384862842e-08
4.766521001982197826e-08
4.665907916225001783e-08
8.120269857061785889e-08
5.257809029259465899e-08
2.305967590812059448e-08
-5.439147836890912704e-09
4.507342472227889622e-08
-5.304116353026693810e-08
1.742445702165808766e-08
9.389664194550028090e-08
7.321462086670000221e-08
3.026439515357262114e-08
5.461405678630379500e-08
6.911450890247269211e-08
-9.939401268268588034e-10
6.970701580892427809e-08
1.750309630584546426e-08
5.452527413406250012e-08
4.626413841692258108e-08
8.233785871960257790e-08
6.710374566007515155e-08
4.148625066356438533e-08
6.720519022056854375e-08
3.186729823802848633e-08
1.123194067078240801e-07
-6.233357484372910588e-09
7.544353391849748476e-08
2.158384320031750787e-08
6.449941084435160065e-09
5.301553673071279853e-08
6.962124222488474899e-08
5.379968407498556748e-08
2.169428369674694516e-08
5.975602411505194614e-08
1.152660950917359762e-08
2.379473028600526610e-08
2.710169365169651356e-08
1.016101561911333598e-07
4.026722353236705058e-08
6.040811894429109526e-08
6.175229420153011918e-08
1.409037269624490654e-08
-1.296574067805152692e-09
2.748741284141088075e-08
2.478268146861495142e-08
7.043057555069306819e-08
3.245830805496145079e-08
4.031884045330135543e-08
1.616581788257700591e-08
3.415717732052510849e-08
1.082153984423251655e-07
5.139091193311999089e-08
2.874697071442374176e-08
1.120998857727964694e-08
7.585262352105608277e-08
5.494182774522389265e-08
1.807971804486334146e-08
7.980750495986749960e-09
1.808011894165628654e-08
9.773775088333651913e-08
-1.422880746395173301e-08
2.993749368377029175e-08
5.438167888605105024e-08
1.045441442014175718e-07
8.377778236325896086e-08
3.850120881257556945e-08
6.756099913534808446e-08
6.003757761784201684e-08
3.674159233523206805e-09
9.187601223954541616e-08
4.448579154158721682e-08
7.934501048651505530e-09
3.778352139789624712e-08
6.551120170891479997e-08
3.768155853538574709e-08
