# bin_3_3
0.000000000000000000e+00
0.000000000000000000e+00
9.147742294244812848e-06
1.230050901480442813e-05
1.346136710232234672e-05
2.376182173057321930e-05
1.395149072626970946e-05
2.272479921301000610e-05
1.600793932037458930e-05
1.752619071181153452e-05
1.327569464581161316e-05
1.678346727301435772e-05
1.300458854939804094e-05
1.081823436260705153e-05
1.073258613707710156e-05
1.601052464999522243e-05
1.452331309575021634e-05
1.348218097975634705e-05
9.514876468854910278e-06
1.213252033775122914e-05
1.106512150834539445e-05
7.759393429505308064e-06
9.980099920255552473e-06
1.173545321617971438e-05
1.119142548342838556e-05
1.050996482556713933e-05
9.932952855683362673e-06
1.003268333760623811e-05
1.055520798132961886e-05
9.281135880939166933e-06
9.400380406364108226e-06
8.595566055019324763e-06
9.162345356861658797e-06
9.755126586794598729e-06
9.888962407350725215e-06
7.593371838106561532e-06
7.472952291885203756e-06
6.446441952806245293e-06
6.425689228775398994e-06
6.960703737328722068e-06
6.465622752584839755e-06
9.263214064393502576e-06
8.601080728213047509e-06
6.496844963825517401e-06
6.851031372117601219e-06
7.310902629779340476e-06
6.612218037504058380e-06
5.811748259830345150e-06
6.083526719628015119e-06
6.850074284304893913e-06
5.558483805866697485e-06
5.524541482036347585e-06
5.219243673632045256e-06
4.366163496515790918e-06
5.349818524097461169e-06
5.024223144204596781e-06
6.390357312141671335e-06
4.868810602832501250e-06
5.726863696913373187e-06
5.118746802254823039e-06
5.339852115172245365e-06
4.713756445448420890e-06
5.356003961162443468e-06
5.275344840410324937e-06
4.606308209139418103e-06
3.338270206590722472e-06
5.683175733480406620e-06
4.389965699843892662e-06
4.400989482755435278e-06
4.555895835877380554e-06
4.214495386948581230e-06
4.819665312913424395e-06
4.454138445102983818e-06
4.840061784386107168e-06
3.841976429924312593e-06
4.406475899720000030e-06
4.186476281766405892e-06
4.108764197607609752e-06
5.089879313933880072e-06
4.003283213824760480e-06
4.975885913059920925e-06
3.785137314544683288e-06
3.137815598846876976e-06
4.159047411202774229e-06
4.071224758299828809e-06
4.202081596034933879e-06
3.784335306545044403e-06
4.287406527568676199e-06
4.273345265443089290e-06
3.095991009364534584e-06
4.265721996929188623e-06
3.569363422757810897e-06
3.764348841659073940e-06
4.146992281225600146e-06
3.613306650567110553e-06
3.647408101789278074e-06
3.753215468541559103e-06
3.875113645379844953e-06
3.352502282716320202e-06
3.612615421255999904e-06
4.351218335730550741e-06
4.185988390186598659e-06
4.000868513025877403e-06
2.761316885049827437e-06
3.472868908624775000e-06
3.437403059686842170e-06
3.081191998448914140e-06
3.322524114692572224e-06
3.433206714871812910e-06
3.905084706327152391e-06
3.409244937590078477e-06
3.296994462687257517e-06
4.071904703840188650e-06
3.390863923197398177e-06
3.677802507443388773e-06
2.943560537732870235e-06
3.557825665207405633e-06
3.402858472222236228e-06
3.223502420363510565e-06
3.504906651642324761e-06
3.142829658877209782e-06
3.647329239190356337e-06
3.115739713645620414e-06
3.630677904390092259e-06
3.024861548845741962e-06
3.330491348604058244e-06
3.203613168748566249e-06
3.078308562176214788e-06
3.113166290036254716e-06
3.044001639538654625e-06
2.973253343719829168e-06
2.978313001631466847e-06
3.022592490791300028e-06
2.832728168306259698e-06
3.109134673564110714e-06
3.447050850727912380e-06
3.472281538943620467e-06
3.104359234533053941e-06
3.262886885715114653e-06
2.952514501356540819e-06
3.070062528860565637e-06
3.069048370853320565e-06
3.107001811605757273e-06
3.133346135444276713e-06
2.957965059374741650e-06
2.631727402823824900e-06
2.841582054546123591e-06
2.719549156104450153e-06
2.890964367126741917e-06
3.089853006819964999e-06
2.597995539012189189e-06
2.951720350793884134e-06
2.542771200285479495e-06
3.258911089038427486e-06
3.171622463009112495e-06
2.893501473872678629e-06
2.889840667396151042e-06
3.033650344682080203e-06
2.924798492856753041e-06
2.817489273655475674e-06
2.811164277408640654e-06
2.718948290838645172e-06
2.630110916169049802e-06
2.916183586934717470e-06
3.125798343975333686e-06
2.956456302275445874e-06
2.709463454369536599e-06
2.631204483411553575e-06
2.836540040960071029e-06
2.967659998731462004e-06
3.091878020290533876e-06
2.650080267902649911e-06
2.809617728626654984e-06
2.548258207317600017e-06
2.742776068119733432e-06
2.705758752077325085e-06
2.612735156708424515e-06
2.512892762130731394e-06
2.497466951065615288e-06
2.836365618969249709e-06
2.732017397323185589e-06
2.585436598721314030e-06
3.215065945662307301e-06
2.449799408911125604e-06
2.852215575717781485e-06
2.755813871682449329e-06
3.016795835452002927e-06
2.390280498905341842e-06
2.651702714074184687e-06
2.712498520239895825e-06
2.644289339963978770e-06
2.610079036386828492e-06
2.542751025556460135e-06
2.760345698674655419e-06
2.699013808441156380e-06
2.822043782275044771e-06
2.817599578241796866e-06
2.682303215993881401e-06
2.556169347075912852e-06
2.835654573189601631e-06
2.448392753382425214e-06
2.663851013972831835e-06
2.717536325901746382e-06
2.478838168911047732e-06
2.596679064446096600e-06
2.251124915067110201e-06
2.847103259766371999e-06
2.452399617044179336e-06
2.381633305832778438e-06
2.715663800554699934e-06
2.196043157507174086e-06
2.549489096147513485e-06
2.447107791901920081e-06
2.792933256917396307e-06
2.520704657342235316e-06
2.448828676591126513e-06
2.618478872071689921e-06
2.740824937990512086e-06
2.344850805044227764e-06
2.686858637864035273e-06
2.837012536773972390e-06
2.340720600386340692e-06
2.373411335714522842e-06
2.520433157349236702e-06
2.630415018198652412e-06
2.260603706656497654e-06
2.640446162598217135e-06
2.634343171683097693e-06
2.320047772819383135e-06
2.561445853691479524e-06
2.520898941559719952e-06
2.566419233595387821e-06
2.518581137965314308e-06
2.777525163706593184e-06
2.376401651654382058e-06
2.399413178555770931e-06
2.358196309089430782e-06
2.590787834555172027e-06
2.888765963799378099e-06
2.357882318219325132e-06
2.555643751637668142e-06
2.249766853601359909e-06
2.432625224555071945e-06
2.224938242933017901e-06
2.342306954596159606e-06
2.526808923018623677e-06
2.684733237527932418e-06
2.443623735138642362e-06
2.295832881281123730e-06
2.550503819152325705e-06
2.349794792434966763e-06
2.535843112874217240e-06
2.583079151391436964e-06
2.453575030522539233e-06
2.502078852093413851e-06
2.398773064359492141e-06
2.516190790396041254e-06
1.902861948512512590e-06
2.231232393578582796e-06
2.355556762049232107e-06
2.491929348062673627e-06
2.416897489364838471e-06
2.376309902884575291e-06
2.483816047520227013e-06
2.504190038064455566e-06
2.409710457657782612e-06
2.514702096965095171e-06
2.280288895106566970e-06
2.321595814755561216e-06
2.022399119280910203e-06
2.320435435907337195e-06
2.229980705294792483e-06
2.412021885855933600e-06
2.287991267996834250e-06
2.427916926088696491e-06
2.513761575333803853e-06
2.470927613992753565e-06
2.385370231415366927e-06
2.172696888080253097e-06
2.395430063729463788e-06
2.185545141609172790e-06
2.660161555037346895e-06
2.658906279492672140e-06
2.310993732317822122e-06
2.365071990209433403e-06
2.414145362541535598e-06
2.419406126394075368e-06
2.283652904383058041e-06
2.150556524518588350e-06
2.450506376794634140e-06
2.553561086292970564e-06
2.471693301119387742e-06
2.492189695731095349e-06
2.233724448817263612e-06
2.371055314034630888e-06
2.194633343123128583e-06
2.352077567083864247e-06
2.100436133944363738e-06
2.138339946544987971e-06
2.184667060241461952e-06
2.300948030337402255e-06
2.348898174503606843e-06
2.147002663533022554e-06
2.332236853976014093e-06
2.263355780357575280e-06
2.378249144449809564e-06
2.495122536946827463e-06
2.274257980736239783e-06
2.303726945495458666e-06
2.300702176121254573e-06
1.977935753203464661e-06
2.288536321266651185e-06
2.372980224077928119e-06
2.200204366079708848e-06
2.087463594225979702e-06
2.217223145154195702e-06
2.288808941939149198e-06
2.353373392696058462e-06
2.348252085393327975e-06
2.156668385154701693e-06
2.167950856015572134e-06
2.389188795962763950e-06
2.467941954164942358e-06
2.252811862754901060e-06
2.308540663425024848e-06
2.274296752014387755e-06
2.291881691957596792e-06
2.495239912977701114e-06
2.173476112334914481e-06
2.081491738738065326e-06
2.507554313087438052e-06
2.305137266013174792e-06
2.208566119003773466e-06
2.146770275947518786e-06
2.272348381980406218e-06
2.153289251202856625e-06
2.343017391223742838e-06
2.332124226907251568e-06
2.365204529310260169e-06
2.239152829459887196e-06
1.915006378285844751e-06
2.341200003444065742e-06
2.339695005484345515e-06
2.231874133846477132e-06
2.280997434321653204e-06
2.072083655164426175e-06
2.394376723095687461e-06
2.275402581108756700e-06
2.238468781788102302e-06
2.208234892071771463e-06
2.055037679239123127e-06
2.210821864478608534e-06
2.317435718130464047e-06
2.418296076498610552e-06
2.448497348123277231e-06
2.329230515155177198e-06
2.276841106639437229e-06
2.447229362258533136e-06
2.144323726265876697e-06
2.350731980923340626e-06
2.337748242427688489e-06
2.239947865926272272e-06
2.143301050190879806e-06
2.134462474017842422e-06
2.274209758409272135e-06
1.984691093847121052e-06
2.124113156846756384e-06
2.260258670284889352e-06
2.282097785634999894e-06
2.215092878143332350e-06
2.285612820938428757e-06
2.221255534352101933e-06
2.086760741607101409e-06
2.098988975789148057e-06
2.175188326923951321e-06
2.318972196112582210e-06
2.287200172425156417e-06
2.122649784879722889e-06
2.196171869089517150e-06
2.227215164545320647e-06
2.495663433308093736e-06
2.274205151568408149e-06
2.494613592700911693e-06
2.150135892102175185e-06
2.271979220672445080e-06
2.283407750680307615e-06
2.389322232260687420e-06
2.234406038631680573e-06
2.360484812294315213e-06
2.196431602838261414e-06
2.179587789652582900e-06
2.137729446270022848e-06
2.104442256100801679e-06
2.374583410210295259e-06
2.138641959097162730e-06
2.105507939102853199e-06
2.364842932701628400e-06
2.221532703649999504e-06
2.255825961538178169e-06
2.250319307932984051e-06
2.183932339949233888e-06
2.260858359590487909e-06
2.375539154422164507e-06
2.320521888705919636e-06
2.159408076429191694e-06
2.253592093545785171e-06
2.029409348210507198e-06
2.273616379471716401e-06
2.194667321212074042e-06
2.291533830842862689e-06
2.346143720253333219e-06
2.025694186640184345e-06
2.206170214829681792e-06
2.122204380763961453e-06
2.182645230907120652e-06
2.193057070240264850e-06
2.235366640861783522e-06
2.285705764014334905e-06
2.306733106983538978e-06
2.283760765090012847e-06
2.314875238768874488e-06
2.029517254074770479e-06
2.207555257812432978e-06
2.362162542568248444e-06
2.231925821222597436e-06
2.165671829514789839e-06
2.126524253190639252e-06
2.131178344678192418e-06
2.255530116329272437e-06
2.283504675320521871e-06
2.169212169879946437e-06
2.199893691797359953e-06
2.018084438122257223e-06
2.141957378629741218e-06
2.078245041154852951e-06
1.950908190297038880e-06
2.224272146408532885e-06
2.305859288538059403e-06
2.248920929886295656e-06
2.339055488235460416e-06
2.164037716134078507e-06
1.971313017520473556e-06
2.040477809366574748e-06
2.289870282393135381e-06
2.011565250464007911e-06
2.133673528106946069e-06
2.002737241530337701e-06
2.102551507301180304e-06
2.159963874102499137e-06
2.205688205401027961e-06
2.045479115478524794e-06
2.056408080178146698e-06
2.116472917744804004e-06
2.037843918392477865e-06
2.201809783294628818e-06
2.028601126822603672e-06
1.986588793787085956e-06
2.277390174070662594e-06
2.114890533026583846e-06
2.259714097690401245e-06
2.248403742156201939e-06
2.191434050727047293e-06
1.986014520223287062e-06
2.155949526348716113e-06
1.989686410305259476e-06
2.150582577872842897e-06
2.206836015952472539e-06
2.160140513303568323e-06
2.086338836653031161e-06
2.273517007342035598e-06
2.231185541870494788e-06
2.071470149555013697e-06
2.162007734859790647e-06
2.248340474134757224e-06
2.145630880321627773e-06
2.058458820231084119e-06
2.142551258689232022e-06
2.163095798341294023e-06
2.303276777234048726e-06
2.130548325576497865e-06
2.148088676655788394e-06
2.181209522762560464e-06
2.105588253393459363e-06
2.127143533364903255e-06
2.142051403913071660e-06
2.204463187509791651e-06
2.170668052089173480e-06
1.953759688281116391e-06
2.213365876044019609e-06
2.004722190290148460e-06
2.198788268056092879e-06
2.296819415355890201e-06
1.983861587029885722e-06
2.022248951354034890e-06
2.075757648340289337e-06
1.951165788986400402e-06
2.097580366591775093e-06
2.232376086591635016e-06
2.087497473907518687e-06
2.095823940376698773e-06
2.020294791475291583e-06
2.228640777151077792e-06
2.197027916548797237e-06
2.217836216724012685e-06
2.034322296081518595e-06
2.092538369309704080e-06
2.113750038429863944e-06
2.224090120903719533e-06
1.879546503847771969e-06
2.124302017838202359e-06
2.087191828699214797e-06
1.934898846944251304e-06
2.004635624525995063e-06
2.228056860523682036e-06
2.005364358630629143e-06
2.235143026214884643e-06
2.051461242736052976e-06
2.140180395654193186e-06
1.999654116061470972e-06
1.855801336131386520e-06
1.987064171726031905e-06
2.019446573943661146e-06
2.108239890842190098e-06
2.119361484663368282e-06
2.266587411117911858e-06
1.891437990044338326e-06
1.939719203660413088e-06
2.205494830768701440e-06
2.083457331747217264e-06
2.253784706112024475e-06
1.999846456733322863e-06
2.381621839119393014e-06
2.112301678278407058e-06
2.018201514245330592e-06
2.040426274324853015e-06
2.168845599426294548e-06
2.008972175035880022e-06
2.162822459941535685e-06
2.231410303454419341e-06
2.146635028784985587e-06
2.048135479444179399e-06
2.268583533219577681e-06
2.028928119298500555e-06
2.002728244698678379e-06
2.080140632669123636e-06
2.170327593586636209e-06
2.142835462013817799e-06
2.156939525964984152e-06
2.150784637045258114e-06
1.983088300835830122e-06
2.099464530559477810e-06
2.253111800889186496e-06
2.063667265945182871e-06
2.127417952911721763e-06
2.185457147107711420e-06
2.241609448616431856e-06
2.199305457109593837e-06
2.184393078274657086e-06
2.010562437916162136e-06
2.104847414549715483e-06
2.237623992630285869e-06
2.162873951019415401e-06
2.081869593196923778e-06
2.176104224162555662e-06
2.241005567639092064e-06
2.008510820088310583e-06
2.214613493878319454e-06
2.091744269949979415e-06
2.152290948741406148e-06
2.105652908947515909e-06
1.977613425340776411e-06
2.073546345767726535e-06
2.071997877629330710e-06
2.165471245639432415e-06
2.227714623993481631e-06
2.054511951655591459e-06
2.141054725020417423e-06
2.144671906313425410e-06
2.174748020835575800e-06
2.010205248498730266e-06
2.042464974325177779e-06
2.193121172058078458e-06
1.969425570872850456e-06
2.224156573662003829e-06
2.106058065283547107e-06
2.210196450481237605e-06
2.095189363357508389e-06
2.172083579777520941e-06
2.125755833510989377e-06
1.972058378076215744e-06
2.003798585273842826e-06
2.112448374757038050e-06
2.040470950332583740e-06
2.062049591376172325e-06
2.137128937635664857e-06
2.015192974188079348e-06
2.050546514942530468e-06
2.152280349378945913e-06
2.090098717082462482e-06
2.119553675459127632e-06
2.065861829222435420e-06
2.209606437617198965e-06
2.169283961792742664e-06
2.195432867228662986e-06
2.045482772882047509e-06
2.004507292399269114e-06
2.026527399730312194e-06
2.069458762549823869e-06
2.141630235236791924e-06
2.089334698783030639e-06
2.069161944715340121e-06
2.212265677092385763e-06
2.075951254996604249e-06
2.147057181233877392e-06
2.022491334662088619e-06
2.023864020205698712e-06
2.114498298266849480e-06
2.154733710897023121e-06
2.139859892595606282e-06
1.920722971227768100e-06
2.138870338219121226e-06
2.170395517876927013e-06
1.981996872496620839e-06
2.164217905221726131e-06
1.881898736130164404e-06
2.173243735303733885e-06
2.131490420600385660e-06
2.267182521892608074e-06
2.092460995042402410e-06
2.189462831171699420e-06
2.143591760078516008e-06
2.057665041402293996e-06
2.051844386130593697e-06
2.220374684191743716e-06
2.179695959933864328e-06
2.212132025190279582e-06
1.992701284127422126e-06
1.963777069093159100e-06
2.083581784957178822e-06
1.932365013464111322e-06
2.036254155945368519e-06
2.187942455008913964e-06
2.080796795981366409e-06
1.930708555758279784e-06
2.025620036867522649e-06
2.242474991018416338e-06
2.208285389827050102e-06
2.050972785144487931e-06
2.205518461079621780e-06
2.177805031691471818e-06
2.098996005084380948e-06
2.048194600669376293e-06
2.153238219268081085e-06
2.178314353935259730e-06
1.943991643164480891e-06
2.171945370265363514e-06
2.085404221658114462e-06
2.169681878231414768e-06
2.005434732561674844e-06
2.047949987376317757e-06
2.082890211658269706e-06
2.093894923843679844e-06
2.159496509217286156e-06
2.022324932607115011e-06
1.994388766144757961e-06
1.946403742577607788e-06
1.927702255725914870e-06
2.091241912135619694e-06
1.985586005819546352e-06
1.921751082981698659e-06
2.191297429963391536e-06
2.073014061775883840e-06
2.018511530806338022e-06
2.110638189861004015e-06
2.126319389628034066e-06
2.068488994035969961e-06
2.235984026632856995e-06
2.132584486103982158e-06
1.931412714297623243e-06
2.146724294567289259e-06
2.053962523305381897e-06
2.099087212893741450e-06
2.041012116815772703e-06
2.068058795777857752e-06
1.991223610957484328e-06
2.025238336299686021e-06
2.218464025622034173e-06
2.115836125608251605e-06
2.022393574758034018e-06
1.911274051227634829e-06
2.060817388830438091e-06
1.918774770749939162e-06
2.236108596384840439e-06
2.085372971490614052e-06
2.037126135719106818e-06
1.950833319440573469e-06
2.102089682625384975e-06
2.069158719387772841e-06
2.015633258937481207e-06
2.089378896813257460e-06
2.074795606668167507e-06
1.997681913783502389e-06
2.015500702860218518e-06
2.013192638183180434e-06
1.968988354095455970e-06
2.034600957768313886e-06
2.009533666750015838e-06
2.043893628418989716e-06
2.030904453400452469e-06
2.074325923624949697e-06
2.115510746253455262e-06
2.143357563385679933e-06
2.104323466138287141e-06
2.007623088628163821e-06
1.919267318797005294e-06
2.058902181584313890e-06
2.003554814561634894e-06
1.933840817701726308e-06
2.074123435523026076e-06
2.108071309832874143e-06
2.110858431368141764e-06
2.127988744764081352e-06
1.999361891495736417e-06
1.979341803402323673e-06
1.964940246858585746e-06
1.896738086410785854e-06
2.202837083641376157e-06
1.970169772533918575e-06
2.072612099874189901e-06
2.057553445979734635e-06
2.036924864841862149e-06
2.080703913046203897e-06
2.015194157808449405e-06
2.096728532600179942e-06
2.040843122664076317e-06
1.967662735983203499e-06
1.962389193800263304e-06
2.151082500071489665e-06
1.932353534647789328e-06
1.897081292196105405e-06
1.979146805204372627e-06
2.068037860711230326e-06
1.921737231664970219e-06
2.003707555179841994e-06
2.037648752103271115e-06
1.988220522089754562e-06
1.985834915862023554e-06
1.943910027643266664e-06
2.153239860563660773e-06
2.083131109170739070e-06
2.155364951494580167e-06
2.020592590257685410e-06
2.083405231514016707e-06
2.156695857421366428e-06
2.156631582650220849e-06
1.789919227604043949e-06
1.805006300370248755e-06
2.156725733819127549e-06
2.030367628819181618e-06
1.986357530292955709e-06
2.087083555957335328e-06
2.013848286814303727e-06
1.948640910162885524e-06
2.031898802106131612e-06
2.148749100144079548e-06
2.032425363623701709e-06
1.944052923385144779e-06
1.940332898258923138e-06
2.054107968945827537e-06
2.131693870755418560e-06
2.087995071810121127e-06
2.033405351181253105e-06
2.192287956102506758e-06
1.960878541315067584e-06
2.095586452528080448e-06
2.069171697212550379e-06
2.118151196348924948e-06
2.025117434450571792e-06
2.126058962330482041e-06
1.980554140474906617e-06
2.080337084215350572e-06
2.052083744679677572e-06
2.012775674082819578e-06
1.956803814519248260e-06
1.921906432453220870e-06
2.058943223122729228e-06
2.076193056556521325e-06
2.185030000290423271e-06
2.018965676921037439e-06
2.024319841428219746e-06
2.052938132605678226e-06
2.133096154776025521e-06
2.005275970381090247e-06
2.082288883037806857e-06
2.032975874025736036e-06
2.129737142190185545e-06
2.064851060680175766e-06
2.138342189777783314e-06
2.029402968788777165e-06
2.056664639895856655e-06
2.100217432317539468e-06
2.122712306904705708e-06
2.087806282693171813e-06
2.067714115879397840e-06
2.068710655587754038e-06
1.966618528466305849e-06
1.882334347669783826e-06
2.048478529027889295e-06
1.979082501658869002e-06
1.910744411263499703e-06
2.025558602414888700e-06
1.934965446363326649e-06
2.002607236060299100e-06
2.078026639695098547e-06
2.051614703999168587e-06
1.976966729311964981e-06
2.089875252602441284e-06
2.109304242157484393e-06
1.993276017652727159e-06
2.047957634121131187e-06
2.017366748074076446e-06
1.923198705362845969e-06
2.023420895780323240e-06
2.027529735212891609e-06
1.951283062407791760e-06
1.971338646597533338e-06
2.103712127887027218e-06
1.974204265118422190e-06
2.049201824780802652e-06
2.006262959668830933e-06
1.860463065605007655e-06
2.014634685946632676e-06
2.113236792836280710e-06
2.052235230154348587e-06
1.965010250806000922e-06
1.937566211377386449e-06
2.075076384904814288e-06
2.040056704282376882e-06
2.093562096766969587e-06
2.097386932295980897e-06
2.027091566441607977e-06
2.043943041704013754e-06
2.138104581177497351e-06
2.030517565589789420e-06
1.975540408263813935e-06
2.036255183779709545e-06
1.974583385058481577e-06
1.967230121433752744e-06
2.024096093541991754e-06
1.986503190804933595e-06
1.897183309687599467e-06
2.013830621615660078e-06
2.134804402013859959e-06
2.071317147406742278e-06
1.978636326224463574e-06
1.968308245604822619e-06
1.975836820622876208e-06
2.154161687947741452e-06
1.963248610012429832e-06
2.019020530631707219e-06
2.068889808034962222e-06
2.328521208059068779e-06
2.017861826406416994e-06
2.078397307893252095e-06
2.127606613875904833e-06
2.035459124169779485e-06
2.025297562717669160e-06
2.040591527513751175e-06
2.037932824966681074e-06
2.029412417341217527e-06
1.998005431861291561e-06
1.997966905668526139e-06
2.134015641243578840e-06
1.944960274420193254e-06
1.992819899364602451e-06
1.941009479996321979e-06
1.959829569766034434e-06
2.008386430640282177e-06
2.045068075772102335e-06
2.028990465847420046e-06
1.976672419935313333e-06
2.128295592687328820e-06
1.912151295115458339e-06
2.034923942780153362e-06
2.023150176635325596e-06
1.967519734112664719e-06
1.960817590399435324e-06
1.996824526697885602e-06
1.913194094984412926e-06
2.094646384055485679e-06
2.083801960242158435e-06
2.036135857336051666e-06
1.955635720075448129e-06
1.915755777616631863e-06
1.945735201172770118e-06
1.952359216915351669e-06
2.073604951685089776e-06
1.964437587378204302e-06
2.067941817471622122e-06
2.093783068235565538e-06
2.056892558308105752e-06
2.087512343157131294e-06
1.980093069147301207e-06
2.072068894852282497e-06
2.111524424760277826e-06
2.080233297403289733e-06
2.022622125575159109e-06
2.224596894421764608e-06
1.990364762881284318e-06
1.992682995564448607e-06
2.090501142677250539e-06
1.943378716988217011e-06
1.990077445610964481e-06
2.040497237268675698e-06
2.080817051554677583e-06
1.995126038112795116e-06
2.100137399728652733e-06
1.981747121174422460e-06
2.012394432098040377e-06
2.043848234944372359e-06
1.971062752193794415e-06
2.049819077280477922e-06
1.951663322123318707e-06
2.018144420099323491e-06
2.041723047461340872e-06
1.921414344234283258e-06
1.978295233916942963e-06
2.061443405913781769e-06
1.913433732316178063e-06
2.028747090240076332e-06
1.946336540253053097e-06
1.999777792790967216e-06
2.046619924493058177e-06
2.102849186097704746e-06
1.890960497291211346e-06
1.977027638120480243e-06
2.133227419638983662e-06
1.964414361111848679e-06
2.009232454278279924e-06
1.984822939645912943e-06
1.979802397112442135e-06
1.967412051487007299e-06
2.109280742405916072e-06
2.048171098499035511e-06
1.927651020212006391e-06
1.985175434588407212e-06
2.081291631478574156e-06
1.975321474027955193e-06
2.046014221405806921e-06
2.037660367132180660e-06
2.090491655135698115e-06
1.913443737001872277e-06
1.968303987857094455e-06
1.919769713939668238e-06
2.087444471984003021e-06
1.932420328845271080e-06
2.019886360974679960e-06
1.896147527414651716e-06
2.124363793761864837e-06
2.006727665011465514e-06
1.951695105435625886e-06
2.144272937367707520e-06
1.958222407016259874e-06
2.127759325606284084e-06
1.969579265549012259e-06
2.041146736314831507e-06
2.033852625656754735e-06
1.979833070721738967e-06
1.871212983371536133e-06
2.084448514785420105e-06
1.973388941629365002e-06
2.044114111632017963e-06
2.019437286184340241e-06
2.126071745558938152e-06
1.964389622647422468e-06
2.030040369530870541e-06
2.043380644293956727e-06
2.032752759246039874e-06
2.056556658468571467e-06
2.112403631661687771e-06
2.014516168740938403e-06
1.973260155204117373e-06
1.909459136060695935e-06
2.006779147705350438e-06
2.015062242824085580e-06
2.026511327575535702e-06
2.064258011937127734e-06
1.959445372432645457e-06
2.072787940796753666e-06
1.925399448741361278e-06
2.095427902754044906e-06
1.980012780946729869e-06
1.881140248223079859e-06
2.210244993640827095e-06
2.155579578283290580e-06
1.928738055229525530e-06
2.002253136776541297e-06
1.993853967581273469e-06
2.083848888242926672e-06
1.908360960102352561e-06
2.112789300095758832e-06
2.025454052467361549e-06
2.085153501301142396e-06
2.060014956524131084e-06
2.097528911371006131e-06
2.021303712441790726e-06
2.108091097076797494e-06
1.996646633508258034e-06
2.081377491215982679e-06
2.052412708196649680e-06
2.031693073092237368e-06
2.139936372076992176e-06
1.863459470949258993e-06
2.037303624537234858e-06
1.959596863655037683e-06
1.927184708962202278e-06
2.001095942103975930e-06
2.051971901379374659e-06
2.074834837191455785e-06
2.006326358468224425e-06
2.105266827044978332e-06
2.035545483110030598e-06
1.939256345741840500e-06
1.966219370535273237e-06
1.904571480881598915e-06
