# bin_2_1
0.000000000000000000e+00
0.000000000000000000e+00
2.071982370657765152e-06
5.398977789903488013e-07
1.213357890355784784e-06
3.117540560037990244e-06
1.654687912464720602e-06
2.054328672394414327e-06
1.392168176799502705e-06
8.948568810736766949e-07
1.972485418954464682e-06
1.723170883705174428e-06
2.029987047670596159e-06
8.687861009851807655e-07
5.517138523751148988e-07
9.069471069542548666e-07
1.181229281982582606e-06
9.809760486546924620e-07
8.968900175694950202e-07
5.338225018633277086e-07
9.786112877681254848e-07
9.103313566199794345e-07
8.035088514988517304e-07
1.283508235622605202e-06
1.453208454920971596e-06
6.873860198754045023e-07
6.429863779546015281e-07
3.651913885898082670e-07
1.118128970948614211e-06
6.886516150019950779e-07
6.130133462330793490e-07
1.010906044486872672e-06
6.213690156728227662e-07
4.427307423140955791e-07
7.215814080646550892e-07
8.566202645983670581e-07
5.933276740741087252e-07
8.536187351455963414e-08
3.462910508099629306e-07
4.065422639644853311e-07
2.608849520855390063e-07
6.779509541997085303e-07
5.715723169449129108e-07
5.737617882443474041e-07
3.766091338992234253e-07
3.709090292872436447e-07
3.392761887105941975e-07
2.363192957112953597e-07
3.513486675610957618e-07
3.419322687455732367e-07
1.722842623063886321e-07
1.085642921533511385e-07
4.182818716389028386e-07
3.061953135429353810e-07
3.915107941320374660e-07
-3.685141635180740927e-08
2.769058137139659917e-07
1.686502857074135349e-07
3.333432030080838353e-07
3.017716799280565034e-07
7.751811165520403118e-08
3.512693191341502851e-07
5.404840798777313334e-07
4.362706418196771422e-07
9.718844670738496752e-08
3.227584906562505431e-08
5.957089089652905535e-08
8.368554637809934118e-08
3.335054301359437776e-07
2.429124376661051698e-07
1.211327368863004670e-07
-1.581988194694610457e-09
2.026119841429975476e-08
2.364204863244037305e-07
1.193205329878991949e-07
1.889063010797631513e-07
7.641414490836840766e-08
5.180196434175753360e-07
1.983342374850614315e-07
9.159973418073341932e-08
3.446444092348895422e-07
2.221556267312791857e-07
3.061235929969826583e-07
3.048077015694526927e-07
8.612760283195135445e-08
2.430148992787043727e-07
1.030405090755203144e-07
2.081991126198200448e-07
2.025309714134734450e-07
2.676439353108836572e-07
4.170716665932786814e-07
2.550309984608953446e-07
2.898115335260998676e-07
2.854478905615679953e-07
1.741995168599030332e-07
4.771704525115182097e-08
2.719980896909339370e-07
1.969842705894730836e-07
5.568517197041108170e-08
2.063262188073791668e-07
1.258817582232200062e-07
1.631204370013880400e-07
1.153920956456100136e-07
1.815829464293943080e-07
9.440486838968722336e-08
7.226305636896401276e-08
1.391484480684635624e-07
1.316134568666563599e-07
4.370228672617794391e-09
-2.810057699661927524e-08
2.459751016932692429e-08
-1.760708388426183870e-08
1.796070705164758422e-07
4.946289423264476920e-08
4.450942967467232328e-08
1.118192309284300118e-07
1.772467818902825011e-07
6.802016315984310304e-08
1.069931260451927590e-07
1.452337365757287018e-07
1.465955939728799713e-07
3.204926577521273886e-08
4.710439958168912410e-08
9.786581970587533295e-08
2.074370646866015260e-09
1.050280751947458447e-07
1.418046360872181567e-07
2.513080936363141880e-07
1.100430000135762521e-08
1.609985178786472802e-07
1.886551572793253449e-07
5.317322632452872428e-08
1.290098757655581567e-07
1.354533999215793443e-07
6.703998053462853877e-08
8.291169171625056950e-08
8.407763435780793510e-08
2.026622586643964986e-07
-1.107620611742986405e-08
1.192484763319231380e-07
2.329459224739924261e-08
8.406143380585626347e-08
8.390120639509643789e-08
9.253383416152130164e-08
1.319584039191751426e-07
4.530443105745304206e-08
6.131229954697713668e-08
9.492452319801491695e-08
6.991848701841864958e-08
3.246479438142756567e-08
-5.517105593266245183e-08
6.869956584046072271e-08
1.453773490352262350e-07
1.861483038194464814e-07
1.321526139223635888e-07
1.888730162139746094e-08
1.265858893233285038e-07
1.629120315305365751e-07
3.886550320045127586e-08
9.099461870283370679e-08
4.772607062760178555e-08
5.048283870846358895e-08
1.036967429086545636e-07
3.122336918109226549e-08
8.291271160180356153e-08
-5.796605835137970066e-10
1.196477361839308841e-07
4.892319679805973598e-08
1.511684680078853120e-08
1.098627210842735210e-07
5.705850174574154923e-08
6.895218706608200099e-08
1.530877886118683042e-07
3.801420407347765738e-08
6.876839416469884382e-08
6.212343125549060899e-08
-3.723314974584062540e-08
-2.734139689712212507e-08
9.354134243750034583e-09
1.003667018349120401e-07
4.228573594264687717e-08
2.529226629501861209e-08
1.101195684338730965e-07
1.434297583435809191e-07
1.385988039718243883e-07
2.637985144152890466e-08
1.101961790956703634e-07
3.241627063496458117e-08
2.608707010434767266e-08
3.197261784628588223e-08
5.858100693448828067e-08
4.907617660548012010e-08
8.935162344291748593e-08
2.020670978725480280e-07
-6.766422645884588584e-09
5.314983581102666174e-08
1.440477441623456086e-07
1.264987275665936220e-08
6.655256981580491908e-08
2.503352398880824780e-08
6.205182185917199270e-08
6.084493964007567032e-08
1.441221067915763361e-07
6.444840103638199199e-08
8.320857121840041084e-08
1.373830552408194751e-08
1.112511135317745049e-07
8.761422900340179329e-08
4.751632747226612658e-08
9.254060493425187767e-08
3.940163509331288551e-08
2.299461850510781804e-08
5.052475758025977105e-08
7.447750881348526995e-08
1.091639874836747684e-08
4.122950782858869658e-08
5.952199082014470559e-08
-2.054168408703716308e-08
8.156152499202586987e-08
7.308375265628597963e-08
3.815754041249710660e-08
1.069727519746543404e-07
-2.026593603160453012e-08
9.287303090231349726e-08
9.134745566163634786e-08
1.490138364551746220e-07
6.541078647345214346e-08
1.230660617405530786e-07
1.022704554844527895e-07
-1.895698826075744020e-08
2.419755348659210220e-09
6.215520930792720128e-08
9.332212277130047853e-09
-1.508796303403843651e-08
7.203682785894539981e-08
-1.937106708388458781e-09
-2.608843864809064226e-08
4.221096594449789714e-08
8.244522825265194324e-08
7.791202483612076489e-09
8.367781111468322442e-08
5.355724703267523932e-08
2.130086424800334204e-08
3.972031152002187961e-08
4.571047560703210368e-08
2.054251887933661261e-08
9.668753521062211678e-09
6.624850987689135379e-08
6.067662499050367296e-08
1.100184620098160477e-07
1.357859716114908952e-08
5.708183229616555367e-08
-6.503274190951084941e-08
6.206340110551074185e-08
7.257029143992145449e-08
1.231033753048757527e-08
-4.721010461875437236e-09
1.378529225610669135e-07
8.421304398507436814e-08
6.862250365327690236e-08
-3.100960130991096761e-09
6.514791220062866776e-08
3.564720191565660796e-08
4.928454548869870111e-08
5.559256178271903516e-08
3.902119706106294505e-08
1.472684930929895440e-08
-1.241992956618615897e-08
1.432033315940081138e-08
2.722272544149072122e-08
-2.913045577078083069e-08
1.529987380491506170e-08
9.846110041160839424e-09
-6.053496442546724596e-09
8.461600212089688230e-08
-7.977779041260748772e-10
2.915259249037080094e-08
3.865698824851429467e-08
8.743760967932778854e-09
7.729664855914181504e-08
1.247985748107552619e-07
6.323196900709596564e-08
5.038820914912112287e-09
-3.504552484358405285e-09
-6.735818130115268604e-09
-2.216329490711451779e-09
2.185469576792485592e-08
3.528634372299697214e-08
5.320672798058445031e-08
-2.423701021130109094e-08
3.579857357082985112e-08
7.225171506662732298e-08
1.483313076410808220e-08
4.370581960089861243e-08
7.428979218958653934e-08
6.039857660917834753e-08
2.368613023627925124e-08
-2.826102692645521565e-08
-1.540840339171423821e-09
3.207246589429614519e-08
-1.626127249884514172e-08
6.888270116474438390e-08
1.494098235748782560e-08
5.565468706791164795e-08
1.934819865143922502e-08
-1.436074431582646972e-08
5.034625298776213835e-08
3.269703518492271712e-08
5.914423580485583720e-08
5.393428859338754574e-08
3.943901608021044515e-08
-3.378723523409539779e-08
-3.208233712867133960e-08
5.436186571979875246e-08
8.877778527615269924e-09
1.036448928230582534e-07
1.370621795615102052e-08
1.119755051794656126e-08
2.457302259722946938e-08
3.137530652962135904e-08
1.073025631885891140e-07
2.724707136883687568e-08
-2.978357875153959928e-08
1.041111862251851596e-08
-5.107823579883260487e-08
4.062143152017934946e-08
9.822855851079471912e-08
8.452304779362413873e-08
3.487178368322862362e-08
3.146214833129872772e-08
7.090752310189455685e-09
6.098817484618395467e-08
-5.253987963087392142e-08
3.519799750689365651e-08
-9.929727063744244551e-09
4.306733854030964431e-08
4.937810645663846739e-08
2.971396734012873355e-08
3.054674212888473109e-08
5.750178369142753675e-08
1.662075351393968035e-08
2.514044688945752417e-08
7.510093513852034805e-08
9.396464641165534651e-08
1.005241727884067092e-07
7.753243982801769287e-08
3.294176230732482339e-08
9.513564289468194270e-09
1.245793092508517448e-08
8.287380995914527538e-08
2.030188280538640273e-08
1.918035418171910078e-08
1.637454163501446484e-08
4.447878476165788401e-08
-2.475910538955016188e-08
-3.646858660821848715e-08
4.819442124233575546e-08
-5.258471850338155270e-09
5.496677268947694289e-08
2.042080310968544104e-08
5.588454656366478617e-08
2.874708316635600286e-08
8.357918031776754813e-08
2.661086193903330299e-08
-4.574128321646247581e-09
7.284523235666446045e-08
-4.812749891354322631e-09
6.247396227925920749e-08
4.927013166836429327e-08
3.947977363899956157e-08
8.021227209087967159e-08
9.315524339471388329e-08
7.004374400238896331e-08
1.818131771649920540e-08
-4.360800708500672579e-08
2.416540434754287390e-08
9.481892553920407754e-08
3.048142863800926786e-08
8.873323866686371329e-09
1.234914866436398688e-08
3.997138343274150355e-08
2.993378350445553132e-09
3.574115861968140261e-08
2.611593271184794659e-08
4.831750301481919876e-08
7.307352274087942614e-08
1.660767825920874010e-08
1.927045007728142431e-08
-3.388301333578940419e-08
1.526518868424155120e-08
-2.391877619522369579e-08
3.779461905817822266e-08
5.096254150105046865e-08
5.396623907214812410e-08
1.155200410607000168e-07
5.992937278284269241e-08
2.512912023625793500e-08
-4.946275891559479822e-08
7.239171715017701895e-08
1.634941945528184456e-08
8.200178155845491846e-08
1.413048608403702146e-08
4.986498256060499517e-08
6.371986453271543227e-08
-2.103925691866961680e-08
-1.597616516522458587e-08
1.249338415913909570e-08
-1.614017381291103544e-08
4.554857613177719405e-08
3.274159880522858297e-08
-2.035187788862301905e-08
6.330581840126151618e-08
2.814830137394488450e-08
1.899614233870554196e-08
-1.943553063863014067e-08
-3.788827691448032481e-09
5.050872176939022759e-08
1.659283743523890279e-08
-3.719455941546931478e-08
2.795377058685274473e-08
3.547472753754546580e-08
3.015005717650883196e-08
1.791555557752077165e-08
1.476148249695619430e-08
5.524654984611345675e-08
-2.393354708755694439e-08
4.444064247030477277e-08
2.998702784639980447e-08
1.550497884011325897e-08
-1.945956241911859872e-08
3.155157787754817380e-08
6.295785879135691717e-08
1.921369165427425498e-08
-8.213105922582733329e-09
1.974545440621209502e-08
6.477293953726987249e-08
4.790264500113158129e-08
7.852771597895626277e-08
-2.038075037556408101e-08
-3.538535649534974779e-08
-2.929601097160260166e-08
2.326594484448078077e-08
-3.100915766039425701e-08
3.980613813820090658e-08
7.606208812812318764e-09
4.562823925098958364e-08
3.116328908744426224e-08
7.907749557092659311e-09
2.216082806068513335e-08
1.428331985920767642e-08
4.869012463986068683e-08
-1.502710303414329516e-08
1.109205946681926614e-08
5.440790688545300487e-09
2.597543386731537125e-08
8.136339388094574591e-08
3.978611190985121550e-09
4.626943192523293213e-08
7.448335512746802615e-08
4.098572506552716584e-08
-3.075977933383937283e-08
3.822228417091009372e-08
4.049199442478848645e-08
4.033688163639568999e-08
3.446779306906472215e-08
5.694014923618851676e-08
2.837789487842140452e-08
-7.022680765828413924e-09
-2.781933743711828822e-08
4.773806875837516230e-08
-1.454418152215769470e-08
3.309385670634175956e-08
5.495143534740633134e-08
4.922725849857059156e-08
6.955548058196612341e-09
5.251487620809700068e-08
3.058170643109779014e-08
8.415472881351414704e-09
3.804852636945211412e-08
2.885934486989810636e-08
2.564297608072488257e-08
3.442634246713479575e-08
2.073778754921953301e-08
1.610124696536371672e-08
2.853373434616564377e-08
9.624975290130486808e-08
3.444537718760519106e-08
2.715589529501675610e-08
3.690636347709768640e-08
-2.253115156395513537e-08
1.812516083705747321e-08
-2.409599324702907644e-08
4.696551334664654498e-08
3.421129409812295898e-08
1.740004161560626143e-08
3.235142436905797835e-08
-1.958244784580527206e-08
4.623318893756570786e-09
5.799697315715652215e-08
1.063680412054320718e-07
1.404508196895220488e-08
1.850354768403397277e-08
1.221943628968247882e-08
8.947957260311313124e-09
7.608146998817458864e-08
-9.053907652975531505e-09
-6.462634110192500182e-08
-1.883201544831314905e-08
-2.760871382591387521e-08
3.585682290120002022e-08
3.999199688939195694e-08
8.559122692678462088e-08
7.580854150651008860e-08
7.498124294083062886e-08
5.616877821204532170e-08
-5.067185145978987298e-08
4.378748591897212319e-08
-5.684988952899971881e-09
1.230816511315221454e-08
6.491025926796769068e-08
8.065190167500364076e-09
3.000223609779343656e-08
3.309191969936103805e-08
-4.592426793811769446e-09
-1.946802872016627645e-08
2.315497553771480208e-08
5.226266595673887312e-08
4.074215085242133740e-08
5.930076911045231405e-08
-1.492744580046855655e-08
6.949680640932412019e-08
5.066241923431545726e-08
1.631327696782929908e-08
-6.968962404912948913e-09
-3.457104483859483378e-09
9.948264411382945619e-09
5.901459872543265278e-08
1.086822778294619591e-08
1.088673521200788493e-08
-1.008339623540476762e-09
-8.937956238422006383e-09
2.521597423790947968e-08
-3.443439929196126597e-08
-3.064833657667190098e-08
9.204494902680029613e-08
5.274355471727433798e-08
5.401586202609811190e-08
-1.431495054578726617e-08
2.858009552587355194e-08
3.908823534166197353e-08
1.902796474914026609e-08
-4.475246973204284047e-10
4.802335997599408198e-08
-1.214220110619860701e-08
4.318382472259416063e-08
9.666650464378597743e-08
-1.327537249272256527e-08
-4.241695762202974370e-09
-1.306293066756961182e-08
-4.410497165448073508e-09
4.332871281680050627e-08
2.285456909698759197e-08
2.062365757345747809e-08
1.498717871393891267e-08
-1.625282761599575199e-08
3.509792365779969842e-08
3.341273315758065334e-08
-1.323498912095256819e-08
2.394965571783720410e-08
-2.064097477128834380e-08
2.758314772543457497e-08
9.421296019024937876e-09
2.035832678114300941e-08
-1.466517438147067481e-08
4.080768125895401738e-08
1.131963685142998914e-08
3.697578350000989490e-08
-2.836682826689263368e-08
2.197731832945263201e-08
-9.709611132808362763e-09
-9.974946242919519467e-09
1.828194724801850712e-08
1.130722884834091352e-07
1.910618179792690758e-08
-2.716227963025285217e-08
-4.604375252482080572e-08
3.699758458950274195e-08
1.920311992545414091e-08
3.813819226569353166e-08
1.955522417007780087e-08
1.264447578212180965e-08
3.740676205981322722e-08
-4.572943459436360616e-08
2.836998418248317272e-09
-2.590871581039777544e-08
-2.859322917196260754e-08
7.721532589296413726e-08
7.862232442026385874e-09
3.380720080911865120e-08
4.448080663401935212e-08
2.700087486572477162e-08
1.538860706160376342e-08
-1.675703231793323380e-08
2.829350221001538895e-08
-3.228711515389855782e-08
5.234100786426975428e-08
2.027597547872548657e-08
7.696680194800021724e-09
3.908080026461094218e-08
5.304314726136469270e-08
3.499777724081523736e-08
3.561777324899729139e-08
8.759113319623148366e-09
5.923360081596740289e-08
8.210289389114863969e-09
4.333072674118306277e-08
1.096299777213490857e-08
6.094800299940265335e-09
2.962763840166277817e-08
-3.729940213007957046e-09
-1.884855243417683163e-09
4.892993367213711171e-08
3.828065268499089110e-08
5.254179891663649339e-08
1.575134082957048201e-08
1.061677294779564767e-08
2.229911908098206880e-08
3.907943848235620235e-08
-3.439385536315693334e-09
1.404141385924772559e-09
2.351367362842006618e-08
-1.483213598005906970e-08
2.850825362436521475e-08
3.082141813539288568e-08
-3.534009096336830329e-08
2.328386789477158440e-08
2.813350014349347106e-08
2.899403731083966433e-08
3.719807801446795637e-08
7.526997311878136093e-10
4.251454163576206851e-08
9.655471446116026374e-09
-3.324829312136872894e-08
-1.480863899658667844e-08
5.563526696181476606e-08
-1.701720277295604910e-08
1.914352336255091598e-08
-1.964386989705907212e-08
2.431423355192386597e-08
4.771373525733636952e-08
3.677438778791269771e-08
2.125043096157712317e-08
1.123593496525049447e-08
4.264703518005507000e-08
3.917591824268450809e-08
3.875775190948103899e-08
-6.441817190383271330e-09
2.997586787064347169e-08
2.169241245872912442e-08
9.833501468473281989e-09
1.818212541623835669e-08
7.803127239875850765e-09
2.299171942834620067e-08
1.908680135396792203e-08
2.660037124234522762e-08
-5.550782633076878683e-09
6.635687494335230896e-09
-1.683816154388312114e-08
4.508949177109217723e-08
3.400726526727913867e-08
1.502506466352313790e-08
5.868082384294289745e-08
8.551373981175455454e-09
1.486999154047696401e-08
2.341645661814248223e-08
-2.069415499399428129e-08
2.355257791002352848e-08
2.345364415689045189e-08
3.833817016591469299e-08
2.918925662045423859e-10
5.734700320794854225e-08
4.543485679371886379e-08
1.288943896973749451e-08
-6.291367915352249359e-09
-1.192010271665882347e-08
-3.994620982598785412e-09
2.946893926823664122e-08
1.330890773350510849e-08
6.148709514724558749e-09
1.582723402066838000e-08
-6.083702351397532560e-08
2.601852441037142231e-08
2.831025008080505422e-08
4.089682630491911878e-08
3.027596723305385229e-09
2.889647136297586978e-08
-6.224554404938974393e-09
2.665497273117412517e-09
3.212647212125461021e-08
-6.004974967631762683e-09
-4.456872925955748052e-08
4.410174065322587303e-09
5.400435453787699784e-08
-2.092865762699289032e-09
5.715544398182807496e-09
1.686378992267988837e-08
1.201544261608234576e-08
1.644060791535646963e-08
-3.821005138785793742e-08
-1.511216703798611339e-09
-4.948163787213736540e-09
-2.328979376189831320e-08
1.539207405777947259e-08
7.830225121501427041e-09
2.447771181445076920e-08
4.750642846897849824e-08
2.616764798131324228e-08
1.185294514351958936e-08
-4.716991156451212180e-08
3.221095975485409696e-08
-3.183432221781009113e-08
3.360660923551008426e-09
4.532241098232722246e-08
5.524732262898635941e-08
2.502667147778902517e-08
3.216836830383407283e-09
-3.583057779705759890e-08
1.947674195401922355e-08
2.693803375066009617e-09
2.541166173135593469e-08
1.280251812293351214e-08
3.184066770607136209e-08
4.323510492046439050e-09
-4.495497279892411014e-09
-2.054819136437867252e-08
-3.499165070422596013e-09
-3.665965463051989005e-10
2.141504744086272432e-08
-6.821086327153101641e-09
4.999382265393948546e-08
-3.375391457247745268e-09
-7.761953851666749132e-10
-1.214687883197691544e-08
-2.617497669656364885e-08
2.302670685940781795e-08
-2.489458756427569953e-09
1.158486655230090758e-08
-3.313172127887105288e-10
3.257595291062940310e-08
6.606148525831723992e-08
-4.770604364961684532e-09
-3.622828733436148065e-11
2.009708672753406400e-08
3.718981023302391115e-09
4.878615648788466557e-08
4.523348010719929330e-09
2.141183321681065662e-09
2.680146043568616057e-08
4.694613289234730877e-08
2.494952226814353091e-08
2.547893894290835126e-08
5.337936026068502377e-08
1.428266885956289021e-08
1.250651032081191566e-08
5.309470029485942195e-09
5.461646921200893022e-08
2.740620420124155139e-08
1.539076729287404309e-08
-4.018064173701146284e-09
6.693652273810559444e-08
6.052884572108083458e-08
3.097544108645754236e-08
2.819582422812969290e-08
3.490522233600208683e-08
3.165675227685083006e-08
5.489049749875985966e-08
-5.547466431409221384e-10
3.370460436025399408e-08
3.262112763171160235e-08
1.451180464164548337e-08
2.664260934697563855e-08
5.887019017986984824e-09
2.952850798241593143e-08
1.316223204273174199e-08
-5.211743494444247118e-09
3.707977535915462425e-09
3.635064097956995617e-08
1.331884620120941809e-08
-7.782219046473165886e-09
2.412132419868196596e-08
4.537771686932988510e-08
5.377913112236036794e-09
9.132912347068487187e-10
2.214494940121358433e-08
-3.503307710440524286e-08
5.925100092195051895e-09
2.040010203897656860e-08
-1.128574426620157933e-08
6.007093486743062014e-08
2.068875812914161416e-08
2.643754493338538713e-08
5.034664847342714334e-08
-3.224384467221423646e-09
7.589244731011056994e-09
6.487736362898714428e-08
3.184781644639244061e-08
-1.426897678131304811e-08
-7.922146629849247644e-09
4.528080849806351108e-08
-2.736990514099529939e-09
2.670840450181882614e-08
2.376474648017186693e-08
6.161774772901141056e-10
2.963186878653780571e-08
-3.650178559118259898e-09
3.382259623778908935e-08
-3.328095859057607230e-08
3.343741966737468641e-08
4.717962708543826769e-08
-5.793044428411364655e-09
-2.081143551494424040e-08
2.742906065923934005e-08
-1.698584925150720848e-09
4.318154305260010981e-08
3.600641031302595891e-08
4.922022735320427819e-08
5.041354080412771383e-08
4.250921681847422861e-08
-3.121283378991570179e-08
3.108781229125356912e-08
1.709725741199843031e-08
9.785584634668026882e-09
-1.906473906620070223e-08
-1.210481691554384642e-08
2.023001904975343246e-09
4.858942341060569473e-09
-1.702920650848760875e-08
-4.195743467417671932e-08
-3.458586675528478663e-08
-1.854357041306744613e-09
2.918315236473649269e-08
1.714771702505937863e-08
1.020430372853137089e-08
3.044298972401737608e-08
-2.314950989933438739e-08
2.278406955937363278e-08
7.453372173372016643e-08
2.347928360667352022e-08
2.178489472241124510e-08
-3.954706511586946263e-08
-1.158508839116770049e-08
2.545463835038125002e-09
2.683396348761042977e-08
3.802752712213258173e-08
-5.816249668199182093e-08
5.605255232277902572e-09
4.086780094288081479e-08
3.710622479889926702e-10
-2.323178490354962898e-08
5.310238124888866753e-08
2.465306505632495799e-08
2.779324977480941188e-08
5.257101908227337308e-08
2.758216511747624824e-08
3.349552659788903072e-08
2.121706250812546703e-08
7.723735516789367879e-09
-4.534792795916311757e-09
1.740081113187688964e-08
3.281778799743693376e-09
-2.641885838927117733e-08
4.485266004755081054e-08
3.125196397385591380e-08
-4.802297496849084876e-09
2.226661298290330421e-08
5.379491703155229125e-08
4.863546160485105031e-08
-2.840441530879163700e-09
1.234063457084359281e-08
2.974403940423641296e-08
-1.680609783523852257e-08
6.011388495361701139e-09
2.427208960700261262e-08
1.804432185206424593e-08
2.717449646939713979e-08
1.272722566977399776e-08
1.389419101228705319e-09
4.147885782609419466e-08
1.782533631699068895e-08
-3.599973413642351708e-09
5.102693692747506443e-09
3.070164246242978026e-08
5.249319540500049543e-09
5.594387458712084842e-08
5.423682234647483085e-08
-1.793915330600119974e-09
-3.552252959404999849e-09
1.306288951645457164e-08
8.043541899048196671e-09
4.881013667978362697e-08
-1.955418388607463772e-08
-1.453308765259707207e-09
1.578693365767321907e-08
1.805489357052768691e-09
9.239972236565316908e-09
1.955919316186901725e-08
9.013697670983481940e-09
4.788464349918040843e-09
7.510034841764638897e-09
2.894851290023772286e-09
2.974486560176507389e-08
-6.255498058656708523e-09
3.215762384877822366e-08
-2.447099490027397339e-08
3.159978092696551527e-08
3.259346048517091708e-08
-4.106844422891414483e-08
2.440785353798618898e-08
-7.094502741392620249e-09
-4.515921849183401948e-09
1.134493060705738361e-08
3.360555283764170049e-08
6.579477052965399070e-10
-4.756185347768583413e-08
-1.177397117684475710e-08
-1.550039083708836859e-08
-1.368204686222583094e-08
4.998414464004650928e-08
1.120989934360072329e-08
-2.621540659088192597e-08
-3.649199015125824375e-08
1.409027097457486296e-08
3.969528899554250424e-08
-8.522641949346431828e-09
6.313337264444988024e-09
-7.631975899115235086e-09
-6.481900194162130003e-09
-1.889717166539842010e-08
1.355622310908143056e-09
6.589863180706241358e-09
-1.343250599217818668e-08
2.942077324216066761e-08
-1.381185227183097546e-08
-1.736287851551341241e-08
7.140721725221035336e-09
-3.626174606827937467e-08
2.416900265467876309e-08
1.338156875668284113e-08
-1.884319008098709953e-09
-2.009957179396267719e-08
1.819186291178291586e-08
7.925040312905932124e-10
-6.055134245073975739e-09
3.176288230697378617e-08
-3.709485302128088729e-08
3.043313210270549870e-08
-3.642121514459013601e-09
-1.252040054910703710e-08
-8.907035214656065094e-09
1.686509882371468338e-08
2.635234537353352341e-08
3.300172330082546615e-08
-6.007000824514144189e-09
5.436348260534746471e-09
2.449184739508631178e-08
-1.771477430911339514e-09
-2.088256708667359931e-08
1.098304931970857466e-08
-5.424012611086225469e-09
1.021868847697919084e-09
-2.174928519636469505e-09
3.898453233623380912e-08
-1.328488202926476659e-08
7.914031899503957161e-09
8.889644278455769563e-09
1.374393364459003535e-08
-1.940069303748347528e-08
-1.845387020284879943e-08
1.951813369286465508e-08
6.787182938642035365e-09
-1.769191970442920782e-08
1.862435299364861798e-08
1.577301780228648015e-08
2.808993807245472069e-08
8.606974284496836029e-09
-8.254832182372909771e-09
4.426943643726512455e-09
2.865941110422054590e-08
3.555548325095480707e-08
1.805712060189066313e-08
9.393701815378252589e-09
-3.560396226823783805e-08
1.727774529368409301e-08
4.086727023916702322e-08
1.384071157228828187e-08
2.060807491289517734e-08
1.728273427622865195e-08
-4.836102481238138999e-09
6.021806840417818747e-09
5.080766443123778395e-09
1.841489966269438193e-08
1.816004943270745366e-08
6.208047726919333790e-08
-2.666855897735200046e-08
-2.207861813799351501e-08
-2.047360171382433439e-09
5.935657639535816419e-08
2.760392186422478606e-08
1.253943423560475209e-08
2.019368789190386402e-08
2.091293808413217298e-08
3.156235503031117890e-08
4.985306942566933388e-09
1.129402276357612816e-08
-1.338596161169669705e-08
-1.971764540734818724e-08
-4.370451755149215524e-09
2.125511829166336316e-08
2.071173765312649823e-08
3.265066979568869128e-08
1.029698274248169233e-08
1.366016263402080381e-08
-1.276324230716478842e-09
2.529234128875609128e-08
-2.007541683060433762e-09
