# z
0.000000000000000000e+00
3.763999555772272465e-03
7.527999111544544930e-03
1.129199866731681740e-02
1.505599822308908986e-02
1.881999777886136233e-02
2.258399733463363479e-02
2.634799689040590726e-02
3.011199644617817972e-02
3.387599600195045219e-02
3.763999555772272465e-02
4.140399511349499712e-02
4.516799466926726958e-02
4.893199422503954205e-02
5.269599378081181451e-02
5.645999333658408698e-02
6.022399289235635944e-02
6.398799244812863884e-02
6.775199200390090437e-02
7.151599155967316990e-02
7.527999111544544930e-02
7.904399067121772871e-02
8.280799022698999423e-02
8.657198978276225976e-02
9.033598933853453916e-02
9.409998889430681857e-02
9.786398845007908409e-02
1.016279880058513496e-01
1.053919875616236290e-01
1.091559871173959084e-01
1.129199866731681740e-01
1.166839862289404395e-01
1.204479857847127189e-01
1.242119853404849983e-01
1.279759848962572777e-01
1.317399844520295293e-01
1.355039840078018087e-01
1.392679835635740881e-01
1.430319831193463398e-01
1.467959826751186192e-01
1.505599822308908986e-01
1.543239817866631780e-01
1.580879813424354574e-01
1.618519808982077091e-01
1.656159804539799885e-01
1.693799800097522679e-01
1.731439795655245195e-01
1.769079791212967989e-01
1.806719786770690783e-01
1.844359782328413577e-01
1.881999777886136371e-01
1.919639773443858888e-01
1.957279769001581682e-01
1.994919764559304476e-01
2.032559760117026992e-01
2.070199755674749786e-01
2.107839751232472580e-01
2.145479746790195374e-01
2.183119742347918169e-01
2.220759737905640685e-01
2.258399733463363479e-01
2.296039729021086273e-01
2.333679724578808790e-01
2.371319720136531584e-01
2.408959715694254378e-01
2.446599711251977172e-01
2.484239706809699966e-01
2.521879702367422760e-01
2.559519697925145554e-01
2.597159693482867793e-01
2.634799689040590587e-01
2.672439684598313381e-01
2.710079680156036175e-01
2.747719675713758969e-01
2.785359671271481763e-01
2.822999666829204557e-01
2.860639662386926796e-01
2.898279657944649590e-01
2.935919653502372384e-01
2.973559649060095178e-01
3.011199644617817972e-01
3.048839640175540766e-01
3.086479635733263560e-01
3.124119631290986354e-01
3.161759626848709148e-01
3.199399622406431387e-01
3.237039617964154181e-01
3.274679613521876975e-01
3.312319609079599769e-01
3.349959604637322563e-01
3.387599600195045357e-01
3.425239595752768151e-01
3.462879591310490390e-01
3.500519586868213184e-01
3.538159582425935978e-01
3.575799577983658772e-01
3.613439573541381566e-01
3.651079569099104360e-01
3.688719564656827155e-01
3.726359560214549949e-01
3.763999555772272743e-01
3.801639551329994982e-01
3.839279546887717776e-01
3.876919542445440570e-01
3.914559538003163364e-01
3.952199533560886158e-01
3.989839529118608952e-01
4.027479524676331746e-01
4.065119520234053985e-01
4.102759515791776779e-01
4.140399511349499573e-01
4.178039506907222367e-01
4.215679502464945161e-01
4.253319498022667955e-01
4.290959493580390749e-01
4.328599489138113543e-01
4.366239484695836337e-01
4.403879480253558576e-01
4.441519475811281370e-01
4.479159471369004164e-01
4.516799466926726958e-01
4.554439462484449752e-01
4.592079458042172546e-01
4.629719453599895340e-01
4.667359449157617579e-01
4.704999444715340373e-01
4.742639440273063167e-01
4.780279435830785961e-01
4.817919431388508755e-01
4.855559426946231549e-01
4.893199422503954343e-01
4.930839418061677137e-01
4.968479413619399931e-01
5.006119409177122170e-01
5.043759404734845520e-01
5.081399400292567758e-01
5.119039395850291108e-01
5.156679391408013347e-01
5.194319386965735585e-01
5.231959382523458935e-01
5.269599378081181174e-01
5.307239373638904523e-01
5.344879369196626762e-01
5.382519364754350111e-01
5.420159360312072350e-01
5.457799355869794589e-01
5.495439351427517938e-01
5.533079346985240177e-01
5.570719342542963526e-01
5.608359338100685765e-01
5.645999333658409114e-01
5.683639329216131353e-01
5.721279324773853592e-01
5.758919320331576941e-01
5.796559315889299180e-01
5.834199311447022529e-01
5.871839307004744768e-01
5.909479302562468117e-01
5.947119298120190356e-01
5.984759293677913705e-01
6.022399289235635944e-01
6.060039284793358183e-01
6.097679280351081532e-01
6.135319275908803771e-01
6.172959271466527120e-01
6.210599267024249359e-01
6.248239262581972708e-01
6.285879258139694947e-01
6.323519253697418296e-01
6.361159249255140535e-01
6.398799244812862774e-01
6.436439240370586123e-01
6.474079235928308362e-01
6.511719231486031711e-01
6.549359227043753950e-01
6.586999222601477300e-01
6.624639218159199539e-01
6.662279213716921777e-01
6.699919209274645127e-01
6.737559204832367366e-01
6.775199200390090715e-01
6.812839195947812954e-01
6.850479191505536303e-01
6.888119187063258542e-01
6.925759182620980781e-01
6.963399178178704130e-01
7.001039173736426369e-01
7.038679169294149718e-01
7.076319164851871957e-01
7.113959160409595306e-01
7.151599155967317545e-01
7.189239151525040894e-01
7.226879147082763133e-01
7.264519142640485372e-01
7.302159138198208721e-01
7.339799133755930960e-01
7.377439129313654309e-01
7.415079124871376548e-01
7.452719120429099897e-01
7.490359115986822136e-01
7.527999111544545485e-01
7.565639107102267724e-01
7.603279102659989963e-01
7.640919098217713312e-01
7.678559093775435551e-01
7.716199089333158900e-01
7.753839084890881139e-01
7.791479080448604488e-01
7.829119076006326727e-01
7.866759071564048966e-01
7.904399067121772315e-01
7.942039062679494554e-01
7.979679058237217903e-01
8.017319053794940142e-01
8.054959049352663492e-01
8.092599044910385730e-01
8.130239040468107969e-01
8.167879036025831319e-01
8.205519031583553557e-01
8.243159027141276907e-01
8.280799022698999146e-01
8.318439018256722495e-01
8.356079013814444734e-01
8.393719009372168083e-01
8.431359004929890322e-01
8.468999000487612561e-01
8.506638996045335910e-01
8.544278991603058149e-01
8.581918987160781498e-01
8.619558982718503737e-01
8.657198978276227086e-01
8.694838973833949325e-01
8.732478969391672674e-01
8.770118964949394913e-01
8.807758960507117152e-01
8.845398956064840501e-01
8.883038951622562740e-01
8.920678947180286089e-01
8.958318942738008328e-01
8.995958938295731677e-01
9.033598933853453916e-01
9.071238929411176155e-01
9.108878924968899504e-01
9.146518920526621743e-01
9.184158916084345092e-01
9.221798911642067331e-01
9.259438907199790680e-01
9.297078902757512919e-01
9.334718898315235158e-01
9.372358893872958507e-01
9.409998889430680746e-01
9.447638884988404095e-01
9.485278880546126334e-01
9.522918876103849684e-01
9.560558871661571922e-01
9.598198867219295272e-01
9.635838862777017511e-01
9.673478858334739749e-01
9.711118853892463099e-01
9.748758849450185338e-01
9.786398845007908687e-01
9.824038840565630926e-01
9.861678836123354275e-01
9.899318831681076514e-01
9.936958827238799863e-01
9.974598822796522102e-01
1.001223881835424434e+00
1.004987881391196769e+00
1.008751880946969104e+00
1.012515880502741217e+00
1.016279880058513552e+00
1.020043879614285887e+00
1.023807879170058222e+00
1.027571878725830334e+00
1.031335878281602669e+00
1.035099877837375004e+00
1.038863877393147117e+00
1.042627876948919452e+00
1.046391876504691787e+00
1.050155876060464122e+00
1.053919875616236235e+00
1.057683875172008570e+00
1.061447874727780905e+00
1.065211874283553017e+00
1.068975873839325352e+00
1.072739873395097687e+00
1.076503872950870022e+00
1.080267872506642135e+00
1.084031872062414470e+00
1.087795871618186805e+00
1.091559871173958918e+00
1.095323870729731253e+00
1.099087870285503588e+00
1.102851869841275922e+00
1.106615869397048035e+00
1.110379868952820370e+00
1.114143868508592705e+00
1.117907868064364818e+00
1.121671867620137153e+00
1.125435867175909488e+00
1.129199866731681823e+00
1.132963866287453936e+00
1.136727865843226271e+00
1.140491865398998605e+00
1.144255864954770718e+00
1.148019864510543053e+00
1.151783864066315388e+00
1.155547863622087723e+00
1.159311863177859836e+00
1.163075862733632171e+00
1.166839862289404506e+00
1.170603861845176841e+00
1.174367861400948954e+00
1.178131860956721289e+00
1.181895860512493623e+00
1.185659860068265736e+00
1.189423859624038071e+00
1.193187859179810406e+00
1.196951858735582741e+00
1.200715858291354854e+00
1.204479857847127189e+00
1.208243857402899524e+00
1.212007856958671637e+00
1.215771856514443972e+00
1.219535856070216306e+00
1.223299855625988641e+00
1.227063855181760754e+00
1.230827854737533089e+00
1.234591854293305424e+00
1.238355853849077537e+00
1.242119853404849872e+00
1.245883852960622207e+00
1.249647852516394542e+00
1.253411852072166655e+00
1.257175851627938989e+00
1.260939851183711324e+00
1.264703850739483659e+00
1.268467850295255772e+00
1.272231849851028107e+00
1.275995849406800442e+00
1.279759848962572555e+00
1.283523848518344890e+00
1.287287848074117225e+00
1.291051847629889560e+00
1.294815847185661672e+00
1.298579846741434007e+00
1.302343846297206342e+00
1.306107845852978455e+00
1.309871845408750790e+00
1.313635844964523125e+00
1.317399844520295460e+00
1.321163844076067573e+00
1.324927843631839908e+00
1.328691843187612243e+00
1.332455842743384355e+00
1.336219842299156690e+00
1.339983841854929025e+00
1.343747841410701360e+00
1.347511840966473473e+00
1.351275840522245808e+00
1.355039840078018143e+00
1.358803839633790256e+00
1.362567839189562591e+00
1.366331838745334926e+00
1.370095838301107261e+00
1.373859837856879373e+00
1.377623837412651708e+00
1.381387836968424043e+00
1.385151836524196156e+00
1.388915836079968491e+00
1.392679835635740826e+00
1.396443835191513161e+00
1.400207834747285274e+00
1.403971834303057609e+00
1.407735833858829944e+00
1.411499833414602278e+00
1.415263832970374391e+00
1.419027832526146726e+00
1.422791832081919061e+00
1.426555831637691174e+00
1.430319831193463509e+00
1.434083830749235844e+00
1.437847830305008179e+00
1.441611829860780292e+00
1.445375829416552627e+00
1.449139828972324961e+00
1.452903828528097074e+00
1.456667828083869409e+00
1.460431827639641744e+00
1.464195827195414079e+00
1.467959826751186192e+00
1.471723826306958527e+00
1.475487825862730862e+00
1.479251825418502975e+00
1.483015824974275310e+00
1.486779824530047645e+00
1.490543824085819979e+00
1.494307823641592092e+00
1.498071823197364427e+00
1.501835822753136762e+00
1.505599822308909097e+00
1.509363821864681210e+00
1.513127821420453545e+00
1.516891820976225880e+00
1.520655820531997993e+00
1.524419820087770328e+00
1.528183819643542662e+00
1.531947819199314997e+00
1.535711818755087110e+00
1.539475818310859445e+00
1.543239817866631780e+00
1.547003817422403893e+00
1.550767816978176228e+00
1.554531816533948563e+00
1.558295816089720898e+00
1.562059815645493011e+00
1.565823815201265345e+00
1.569587814757037680e+00
1.573351814312809793e+00
1.577115813868582128e+00
1.580879813424354463e+00
1.584643812980126798e+00
1.588407812535898911e+00
1.592171812091671246e+00
1.595935811647443581e+00
1.599699811203215694e+00
1.603463810758988028e+00
1.607227810314760363e+00
1.610991809870532698e+00
1.614755809426304811e+00
1.618519808982077146e+00
1.622283808537849481e+00
1.626047808093621594e+00
1.629811807649393929e+00
1.633575807205166264e+00
1.637339806760938599e+00
1.641103806316710711e+00
1.644867805872483046e+00
1.648631805428255381e+00
1.652395804984027716e+00
1.656159804539799829e+00
1.659923804095572164e+00
1.663687803651344499e+00
1.667451803207116612e+00
1.671215802762888947e+00
1.674979802318661282e+00
1.678743801874433617e+00
1.682507801430205729e+00
1.686271800985978064e+00
1.690035800541750399e+00
1.693799800097522512e+00
1.697563799653294847e+00
1.701327799209067182e+00
1.705091798764839517e+00
1.708855798320611630e+00
1.712619797876383965e+00
1.716383797432156300e+00
1.720147796987928412e+00
1.723911796543700747e+00
1.727675796099473082e+00
1.731439795655245417e+00
1.735203795211017530e+00
1.738967794766789865e+00
1.742731794322562200e+00
1.746495793878334535e+00
1.750259793434106648e+00
1.754023792989878983e+00
1.757787792545651318e+00
1.761551792101423430e+00
1.765315791657195765e+00
1.769079791212968100e+00
1.772843790768740435e+00
1.776607790324512548e+00
1.780371789880284883e+00
1.784135789436057218e+00
1.787899788991829331e+00
1.791663788547601666e+00
1.795427788103374001e+00
1.799191787659146335e+00
1.802955787214918448e+00
1.806719786770690783e+00
1.810483786326463118e+00
1.814247785882235231e+00
1.818011785438007566e+00
1.821775784993779901e+00
1.825539784549552236e+00
1.829303784105324349e+00
1.833067783661096684e+00
1.836831783216869018e+00
1.840595782772641131e+00
1.844359782328413466e+00
1.848123781884185801e+00
1.851887781439958136e+00
1.855651780995730249e+00
1.859415780551502584e+00
1.863179780107274919e+00
1.866943779663047032e+00
1.870707779218819367e+00
1.874471778774591701e+00
1.878235778330364036e+00
1.881999777886136149e+00
1.885763777441908484e+00
1.889527776997680819e+00
1.893291776553453154e+00
1.897055776109225267e+00
1.900819775664997602e+00
1.904583775220769937e+00
1.908347774776542050e+00
1.912111774332314384e+00
1.915875773888086719e+00
1.919639773443859054e+00
1.923403772999631167e+00
1.927167772555403502e+00
1.930931772111175837e+00
1.934695771666947950e+00
1.938459771222720285e+00
1.942223770778492620e+00
1.945987770334264955e+00
1.949751769890037068e+00
1.953515769445809402e+00
1.957279769001581737e+00
1.961043768557353850e+00
1.964807768113126185e+00
1.968571767668898520e+00
1.972335767224670855e+00
1.976099766780442968e+00
1.979863766336215303e+00
1.983627765891987638e+00
1.987391765447759973e+00
1.991155765003532085e+00
1.994919764559304420e+00
1.998683764115076755e+00
2.002447763670848868e+00
2.006211763226621425e+00
2.009975762782393538e+00
2.013739762338165651e+00
2.017503761893938208e+00
2.021267761449710321e+00
2.025031761005482434e+00
2.028795760561254991e+00
2.032559760117027103e+00
2.036323759672799216e+00
2.040087759228571773e+00
2.043851758784343886e+00
2.047615758340116443e+00
2.051379757895888556e+00
2.055143757451660669e+00
2.058907757007433226e+00
2.062671756563205339e+00
2.066435756118977451e+00
2.070199755674750008e+00
2.073963755230522121e+00
2.077727754786294234e+00
2.081491754342066791e+00
2.085255753897838904e+00
2.089019753453611017e+00
2.092783753009383574e+00
2.096547752565155687e+00
2.100311752120928244e+00
2.104075751676700357e+00
2.107839751232472469e+00
2.111603750788245026e+00
2.115367750344017139e+00
2.119131749899789252e+00
2.122895749455561809e+00
2.126659749011333922e+00
2.130423748567106035e+00
2.134187748122878592e+00
2.137951747678650705e+00
2.141715747234422818e+00
2.145479746790195374e+00
2.149243746345967487e+00
2.153007745901740044e+00
2.156771745457512157e+00
2.160535745013284270e+00
2.164299744569056827e+00
2.168063744124828940e+00
2.171827743680601053e+00
2.175591743236373610e+00
2.179355742792145723e+00
2.183119742347917835e+00
2.186883741903690392e+00
2.190647741459462505e+00
2.194411741015235062e+00
2.198175740571007175e+00
2.201939740126779288e+00
2.205703739682551845e+00
2.209467739238323958e+00
2.213231738794096071e+00
2.216995738349868628e+00
2.220759737905640741e+00
2.224523737461412853e+00
2.228287737017185410e+00
2.232051736572957523e+00
2.235815736128729636e+00
2.239579735684502193e+00
2.243343735240274306e+00
2.247107734796046863e+00
2.250871734351818976e+00
2.254635733907591089e+00
2.258399733463363646e+00
2.262163733019135758e+00
2.265927732574907871e+00
2.269691732130680428e+00
2.273455731686452541e+00
2.277219731242224654e+00
2.280983730797997211e+00
2.284747730353769324e+00
2.288511729909541437e+00
2.292275729465313994e+00
2.296039729021086107e+00
2.299803728576858664e+00
2.303567728132630776e+00
2.307331727688402889e+00
2.311095727244175446e+00
2.314859726799947559e+00
2.318623726355719672e+00
2.322387725911492229e+00
2.326151725467264342e+00
2.329915725023036455e+00
2.333679724578809012e+00
2.337443724134581124e+00
2.341207723690353681e+00
2.344971723246125794e+00
2.348735722801897907e+00
2.352499722357670464e+00
2.356263721913442577e+00
2.360027721469214690e+00
2.363791721024987247e+00
2.367555720580759360e+00
2.371319720136531473e+00
2.375083719692304030e+00
2.378847719248076142e+00
2.382611718803848255e+00
2.386375718359620812e+00
2.390139717915392925e+00
2.393903717471165482e+00
2.397667717026937595e+00
2.401431716582709708e+00
2.405195716138482265e+00
2.408959715694254378e+00
2.412723715250026491e+00
2.416487714805799047e+00
2.420251714361571160e+00
2.424015713917343273e+00
2.427779713473115830e+00
2.431543713028887943e+00
2.435307712584660500e+00
2.439071712140432613e+00
2.442835711696204726e+00
2.446599711251977283e+00
2.450363710807749396e+00
2.454127710363521508e+00
2.457891709919294065e+00
2.461655709475066178e+00
2.465419709030838291e+00
2.469183708586610848e+00
2.472947708142382961e+00
2.476711707698155074e+00
2.480475707253927631e+00
2.484239706809699744e+00
2.488003706365472301e+00
2.491767705921244414e+00
2.495531705477016526e+00
2.499295705032789083e+00
2.503059704588561196e+00
2.506823704144333309e+00
2.510587703700105866e+00
2.514351703255877979e+00
2.518115702811650092e+00
2.521879702367422649e+00
2.525643701923194762e+00
2.529407701478967319e+00
2.533171701034739431e+00
2.536935700590511544e+00
2.540699700146284101e+00
2.544463699702056214e+00
2.548227699257828327e+00
2.551991698813600884e+00
2.555755698369372997e+00
2.559519697925145110e+00
2.563283697480917667e+00
2.567047697036689780e+00
2.570811696592461892e+00
2.574575696148234449e+00
2.578339695704006562e+00
2.582103695259779119e+00
2.585867694815551232e+00
2.589631694371323345e+00
2.593395693927095902e+00
2.597159693482868015e+00
2.600923693038640128e+00
2.604687692594412685e+00
2.608451692150184797e+00
2.612215691705956910e+00
2.615979691261729467e+00
2.619743690817501580e+00
2.623507690373273693e+00
2.627271689929046250e+00
2.631035689484818363e+00
2.634799689040590920e+00
2.638563688596363033e+00
2.642327688152135146e+00
2.646091687707907703e+00
2.649855687263679815e+00
2.653619686819451928e+00
2.657383686375224485e+00
2.661147685930996598e+00
2.664911685486768711e+00
2.668675685042541268e+00
2.672439684598313381e+00
2.676203684154085938e+00
2.679967683709858051e+00
2.683731683265630164e+00
2.687495682821402720e+00
2.691259682377174833e+00
2.695023681932946946e+00
2.698787681488719503e+00
2.702551681044491616e+00
2.706315680600263729e+00
2.710079680156036286e+00
2.713843679711808399e+00
2.717607679267580512e+00
2.721371678823353069e+00
2.725135678379125181e+00
2.728899677934897738e+00
2.732663677490669851e+00
2.736427677046441964e+00
2.740191676602214521e+00
2.743955676157986634e+00
2.747719675713758747e+00
2.751483675269531304e+00
2.755247674825303417e+00
2.759011674381075530e+00
2.762775673936848086e+00
2.766539673492620199e+00
2.770303673048392312e+00
2.774067672604164869e+00
2.777831672159936982e+00
2.781595671715709539e+00
2.785359671271481652e+00
2.789123670827253765e+00
2.792887670383026322e+00
2.796651669938798435e+00
2.800415669494570547e+00
2.804179669050343104e+00
2.807943668606115217e+00
2.811707668161887330e+00
2.815471667717659887e+00
2.819235667273432000e+00
2.822999666829204557e+00
2.826763666384976670e+00
2.830527665940748783e+00
2.834291665496521340e+00
2.838055665052293453e+00
2.841819664608065565e+00
2.845583664163838122e+00
2.849347663719610235e+00
2.853111663275382348e+00
2.856875662831154905e+00
2.860639662386927018e+00
2.864403661942699131e+00
2.868167661498471688e+00
2.871931661054243801e+00
2.875695660610016358e+00
2.879459660165788470e+00
2.883223659721560583e+00
2.886987659277333140e+00
2.890751658833105253e+00
2.894515658388877366e+00
2.898279657944649923e+00
2.902043657500422036e+00
2.905807657056194149e+00
2.909571656611966706e+00
2.913335656167738819e+00
2.917099655723511376e+00
2.920863655279283488e+00
2.924627654835055601e+00
2.928391654390828158e+00
2.932155653946600271e+00
2.935919653502372384e+00
2.939683653058144941e+00
2.943447652613917054e+00
2.947211652169689167e+00
2.950975651725461724e+00
2.954739651281233836e+00
2.958503650837005949e+00
2.962267650392778506e+00
2.966031649948550619e+00
2.969795649504323176e+00
2.973559649060095289e+00
2.977323648615867402e+00
2.981087648171639959e+00
2.984851647727412072e+00
2.988615647283184185e+00
2.992379646838956742e+00
2.996143646394728854e+00
2.999907645950500967e+00
3.003671645506273524e+00
3.007435645062045637e+00
3.011199644617818194e+00
3.014963644173590307e+00
3.018727643729362420e+00
3.022491643285134977e+00
3.026255642840907090e+00
3.030019642396679203e+00
3.033783641952451759e+00
3.037547641508223872e+00
3.041311641063995985e+00
3.045075640619768542e+00
3.048839640175540655e+00
3.052603639731312768e+00
3.056367639287085325e+00
3.060131638842857438e+00
3.063895638398629995e+00
3.067659637954402108e+00
3.071423637510174220e+00
3.075187637065946777e+00
3.078951636621718890e+00
3.082715636177491003e+00
3.086479635733263560e+00
3.090243635289035673e+00
3.094007634844807786e+00
3.097771634400580343e+00
3.101535633956352456e+00
3.105299633512124569e+00
3.109063633067897126e+00
3.112827632623669238e+00
3.116591632179441795e+00
3.120355631735213908e+00
3.124119631290986021e+00
3.127883630846758578e+00
3.131647630402530691e+00
3.135411629958302804e+00
3.139175629514075361e+00
3.142939629069847474e+00
3.146703628625619587e+00
3.150467628181392143e+00
3.154231627737164256e+00
3.157995627292936813e+00
3.161759626848708926e+00
3.165523626404481039e+00
3.169287625960253596e+00
3.173051625516025709e+00
3.176815625071797822e+00
3.180579624627570379e+00
3.184343624183342492e+00
3.188107623739114604e+00
3.191871623294887161e+00
3.195635622850659274e+00
3.199399622406431387e+00
3.203163621962203944e+00
3.206927621517976057e+00
3.210691621073748614e+00
3.214455620629520727e+00
3.218219620185292840e+00
3.221983619741065397e+00
3.225747619296837509e+00
3.229511618852609622e+00
3.233275618408382179e+00
3.237039617964154292e+00
3.240803617519926405e+00
3.244567617075698962e+00
3.248331616631471075e+00
3.252095616187243188e+00
3.255859615743015745e+00
3.259623615298787858e+00
3.263387614854560415e+00
3.267151614410332527e+00
3.270915613966104640e+00
3.274679613521877197e+00
3.278443613077649310e+00
3.282207612633421423e+00
3.285971612189193980e+00
3.289735611744966093e+00
3.293499611300738206e+00
3.297263610856510763e+00
3.301027610412282876e+00
3.304791609968055432e+00
3.308555609523827545e+00
3.312319609079599658e+00
3.316083608635372215e+00
3.319847608191144328e+00
3.323611607746916441e+00
3.327375607302688998e+00
3.331139606858461111e+00
3.334903606414233224e+00
3.338667605970005781e+00
3.342431605525777893e+00
3.346195605081550006e+00
3.349959604637322563e+00
3.353723604193094676e+00
3.357487603748867233e+00
3.361251603304639346e+00
3.365015602860411459e+00
3.368779602416184016e+00
3.372543601971956129e+00
3.376307601527728242e+00
3.380071601083500799e+00
3.383835600639272911e+00
3.387599600195045024e+00
3.391363599750817581e+00
3.395127599306589694e+00
3.398891598862362251e+00
3.402655598418134364e+00
3.406419597973906477e+00
3.410183597529679034e+00
3.413947597085451147e+00
3.417711596641223259e+00
3.421475596196995816e+00
3.425239595752767929e+00
3.429003595308540042e+00
3.432767594864312599e+00
3.436531594420084712e+00
3.440295593975856825e+00
3.444059593531629382e+00
3.447823593087401495e+00
3.451587592643174052e+00
3.455351592198946165e+00
3.459115591754718277e+00
3.462879591310490834e+00
3.466643590866262947e+00
3.470407590422035060e+00
3.474171589977807617e+00
3.477935589533579730e+00
3.481699589089351843e+00
3.485463588645124400e+00
3.489227588200896513e+00
3.492991587756669070e+00
3.496755587312441182e+00
3.500519586868213295e+00
3.504283586423985852e+00
3.508047585979757965e+00
3.511811585535530078e+00
3.515575585091302635e+00
3.519339584647074748e+00
3.523103584202846861e+00
3.526867583758619418e+00
3.530631583314391531e+00
3.534395582870163643e+00
3.538159582425936200e+00
3.541923581981708313e+00
3.545687581537480870e+00
3.549451581093252983e+00
3.553215580649025096e+00
3.556979580204797653e+00
3.560743579760569766e+00
3.564507579316341879e+00
3.568271578872114436e+00
3.572035578427886549e+00
3.575799577983658661e+00
3.579563577539431218e+00
3.583327577095203331e+00
3.587091576650975444e+00
3.590855576206748001e+00
3.594619575762520114e+00
3.598383575318292671e+00
3.602147574874064784e+00
3.605911574429836897e+00
3.609675573985609454e+00
3.613439573541381566e+00
3.617203573097153679e+00
3.620967572652926236e+00
3.624731572208698349e+00
3.628495571764470462e+00
3.632259571320243019e+00
3.636023570876015132e+00
3.639787570431787689e+00
3.643551569987559802e+00
3.647315569543331915e+00
3.651079569099104472e+00
3.654843568654876584e+00
3.658607568210648697e+00
3.662371567766421254e+00
3.666135567322193367e+00
3.669899566877965480e+00
3.673663566433738037e+00
3.677427565989510150e+00
3.681191565545282263e+00
3.684955565101054820e+00
3.688719564656826932e+00
3.692483564212599489e+00
3.696247563768371602e+00
3.700011563324143715e+00
3.703775562879916272e+00
3.707539562435688385e+00
3.711303561991460498e+00
3.715067561547233055e+00
3.718831561103005168e+00
3.722595560658777281e+00
3.726359560214549838e+00
3.730123559770321950e+00
3.733887559326094063e+00
3.737651558881866620e+00
3.741415558437638733e+00
3.745179557993411290e+00
3.748943557549183403e+00
3.752707557104955516e+00
3.756471556660728073e+00
3.760235556216500186e+00
