# bin_4_3
0.000000000000000000e+00
-1.221070221095879513e-08
6.650626643926412311e-06
6.802384123475028342e-06
6.802346609428514877e-06
7.037085167255166997e-06
6.790419533786766394e-06
6.992566645382233569e-06
6.685868612282725067e-06
6.750501215102094427e-06
6.531406557440599238e-06
6.487162323331774473e-06
6.369966195648184635e-06
6.270611031659891645e-06
6.219537862499538355e-06
6.111903139674932304e-06
6.082555974508948819e-06
5.927072772199342730e-06
5.837291374478934711e-06
5.719658083251781543e-06
5.593993712325697924e-06
5.497837961978094425e-06
5.400837295224214175e-06
5.327345882375643024e-06
5.223381818634851771e-06
5.155231042240850379e-06
5.041719218943740803e-06
4.947514994936231903e-06
4.842638013452261122e-06
4.709824741224498522e-06
4.619744572743893460e-06
4.502248700128693012e-06
4.409262051808124442e-06
4.305211381415416697e-06
4.192878560479770750e-06
4.083555084958196149e-06
3.969328085743190490e-06
3.864269109392110255e-06
3.774336220390681354e-06
3.699756267832425436e-06
3.603011708798712440e-06
3.555798543842681970e-06
3.460201509307384653e-06
3.374027803728049768e-06
3.329512726448167941e-06
3.209914309138187591e-06
3.164393645085047470e-06
3.076329656510347610e-06
2.994732049672324353e-06
2.954773589033356876e-06
2.848308280940150535e-06
2.817717883264271214e-06
2.737159555753595638e-06
2.682584737179763217e-06
2.647743262396967171e-06
2.561536807853724254e-06
2.548704392196495228e-06
2.469249911186798618e-06
2.429492849510229344e-06
2.396805720904737138e-06
2.335156805486671685e-06
2.325475157677294318e-06
2.254233555608255856e-06
2.235961841692696583e-06
2.183060131884357679e-06
2.127728638731938419e-06
2.121210168229851867e-06
2.054401838781161177e-06
2.048080539393360145e-06
2.005370242553748366e-06
1.971227296414727860e-06
1.957295379452922231e-06
1.904729100248039677e-06
1.895987723150352767e-06
1.850587150813424891e-06
1.833159971691130219e-06
1.804951915072747038e-06
1.773263214908324248e-06
1.760461935390044703e-06
1.709880188926056730e-06
1.704406098905304189e-06
1.658666264799262952e-06
1.640905635138187326e-06
1.624986931234073987e-06
1.584653377560551383e-06
1.594908461162846169e-06
1.543016662022955411e-06
1.543669781502543911e-06
1.524039951024496949e-06
1.484772595191902690e-06
1.500982053716354101e-06
1.453613440347978700e-06
1.455502053610894997e-06
1.435421510152992940e-06
1.408701187120488662e-06
1.409284506683699919e-06
1.371202224242340696e-06
1.376874576868176368e-06
1.348192787713009944e-06
1.334266557385905670e-06
1.323650886076267120e-06
1.290504444742715330e-06
1.285076213868520258e-06
1.248399687881796885e-06
1.243038523917265407e-06
1.220438853527154141e-06
1.203274109967182854e-06
1.201828749109799475e-06
1.170264606001800134e-06
1.177900999145133911e-06
1.151941233531076850e-06
1.142232668189720737e-06
1.139333634493482321e-06
1.108135087154313879e-06
1.115210058567148476e-06
1.091990395157616609e-06
1.084550112001368001e-06
1.083916900588423212e-06
1.063595239353709374e-06
1.061921531303762973e-06
1.046083570232677344e-06
1.035986044836620263e-06
1.024198899550940936e-06
1.019226041887446835e-06
1.009261885186389529e-06
9.971321430129015566e-07
9.972766539090305468e-07
9.746675465994204118e-07
9.728868861320493711e-07
9.648802816694781210e-07
9.516276997534181477e-07
9.548144950891884516e-07
9.383442654859596729e-07
9.398479768503213990e-07
9.310341782029429081e-07
9.212030283570118300e-07
9.224957364460840246e-07
9.063052155955312634e-07
9.107728938977915632e-07
9.020629485947149271e-07
8.960538882993936439e-07
9.026444651905938335e-07
8.858451733079099440e-07
8.869511156590723717e-07
8.804643990457890196e-07
8.677564332869124136e-07
8.691651490564472010e-07
8.559366888093547280e-07
8.506328812453094330e-07
8.443883866311670516e-07
8.326177801103838456e-07
8.293212052308667651e-07
8.185308298313763912e-07
8.124829949245014043e-07
8.076606780554194517e-07
7.961512001142907950e-07
7.913669420776525888e-07
7.831767598124222794e-07
7.730844247189991449e-07
7.664673022721357650e-07
7.554358882940253123e-07
7.474286967699990573e-07
7.379646368311827446e-07
7.287539166026624878e-07
7.235718927996617241e-07
7.142031573364235865e-07
7.107658591453507129e-07
7.029357602128492069e-07
6.959634504036455713e-07
6.935256157707966655e-07
6.804877636745921392e-07
6.773272266024906576e-07
6.686819292078724060e-07
6.602638394517852061e-07
6.605526528040852606e-07
6.479262576256791311e-07
6.486756875580736203e-07
6.416159681323963675e-07
6.308804515239721361e-07
6.329323322842769420e-07
6.188425062558811750e-07
6.171926605659036093e-07
6.137960128497213138e-07
6.046266421259984571e-07
6.086150352619330758e-07
5.997836953686769116e-07
5.974143986171399663e-07
5.951180607615825711e-07
5.869712792954881337e-07
5.885216589605245204e-07
5.828366405641026454e-07
5.817602905969850452e-07
5.817158667672995483e-07
5.760474007191977472e-07
5.761638529179819515e-07
5.700311336330759289e-07
5.653635736080204912e-07
5.632416300167300553e-07
5.559748051583043511e-07
5.530921690555987312e-07
5.469130037897791906e-07
5.418128476248974550e-07
5.381623937845452567e-07
5.298748276765051570e-07
5.273294874801785736e-07
5.191585608683460587e-07
5.148849848104262903e-07
5.135873152010647465e-07
5.048494616545505081e-07
5.084018520358672076e-07
5.025236976453299906e-07
4.974167837157321402e-07
5.011778860841206416e-07
4.913373711698040565e-07
4.928751739989030068e-07
4.899569353386812803e-07
4.825725326065193571e-07
4.837607184577525355e-07
4.756752537728523634e-07
4.733154158232885459e-07
4.688011621634316676e-07
4.635166894648026768e-07
4.613579913681546266e-07
4.563544403622394030e-07
4.567524374092955941e-07
4.499521924199671802e-07
4.481130274740959633e-07
4.465532876411439579e-07
4.385862010822544118e-07
4.401731367106312586e-07
4.350103995939613604e-07
4.318017097152634669e-07
4.319639643214241660e-07
4.253188298256792865e-07
4.264605769258649737e-07
4.256896323311281390e-07
4.229351288776912083e-07
4.256964016361787869e-07
4.231584371004166361e-07
4.212945143588000318e-07
4.224820224192255482e-07
4.197763719194527642e-07
4.204032474338382105e-07
4.216715154277084196e-07
4.205455791798915279e-07
4.211401000119515984e-07
4.195078153161103044e-07
4.177090114464828838e-07
4.149545373960604701e-07
4.129128195528685871e-07
4.096501190323078222e-07
4.050712216112689453e-07
4.061668316903446459e-07
4.014001026369986149e-07
4.001958516000987899e-07
4.020017181064174193e-07
3.947180479475694976e-07
3.952383551469740328e-07
3.937765078778834270e-07
3.896159302737647779e-07
3.919103054785714064e-07
3.897218016381825151e-07
3.882894326584713387e-07
3.880848084602024125e-07
3.853523364568712511e-07
3.836134465912026716e-07
3.828818437883511001e-07
3.800198749403035604e-07
3.787927232386417360e-07
3.773407237614393066e-07
3.744198928299669992e-07
3.757657624323801588e-07
3.711818122779939644e-07
3.719065263857394898e-07
3.720271717206289350e-07
3.646167191446536413e-07
3.691346921622908219e-07
3.632005126929721869e-07
3.614332314133472562e-07
3.647045533257710177e-07
3.560429921337504775e-07
3.611381288836061379e-07
3.556951573384021530e-07
3.516101566987397062e-07
3.542936517443414659e-07
3.452553633396923695e-07
3.489584571540342489e-07
3.444146703963357667e-07
3.414539368373175994e-07
3.433324515872514777e-07
3.364993838194610330e-07
3.382434731714210343e-07
3.320371351417766235e-07
3.317285125739810989e-07
3.306446419864638366e-07
3.246741321216233054e-07
3.284898752941038370e-07
3.206938809271895686e-07
3.220890539621135965e-07
3.220676760110342569e-07
3.166284663746826330e-07
3.217266832529661724e-07
3.155810341864805134e-07
3.166225218502767908e-07
3.161127888042416815e-07
3.114573716916979607e-07
3.152130839934549684e-07
3.095253079468391199e-07
3.099757663449708113e-07
3.084083809030886281e-07
3.026897670653485069e-07
3.030074437386230535e-07
2.972949922808696538e-07
2.974306675416487389e-07
2.957345725266536703e-07
2.939059081267442351e-07
2.976968504387167783e-07
2.925651948169022005e-07
2.938235690421206682e-07
2.927242077914982422e-07
2.879732249544477885e-07
2.928944336250258875e-07
2.877253985800905454e-07
2.888039966418546032e-07
2.910138535173921928e-07
2.833573292251586849e-07
2.889619798503544218e-07
2.843011294027342462e-07
2.826294637702806924e-07
2.879668689549788505e-07
2.811352503666237218e-07
2.879825658345333902e-07
2.855814428860579091e-07
2.844243797419900139e-07
2.892875272850430452e-07
2.814004034364702523e-07
2.883822511508808722e-07
2.836314560867856130e-07
2.836078521618419235e-07
2.882585234175171021e-07
2.796288827533804757e-07
2.902515368858211353e-07
2.822618514308123179e-07
2.833876969124904939e-07
2.895132568098664207e-07
2.760557324869863739e-07
2.886223530510503170e-07
2.796746721200037858e-07
2.789120461064296479e-07
2.877361061158533190e-07
2.741483778697422102e-07
2.860673939043420709e-07
2.780817691657875062e-07
2.765762105948363734e-07
2.823562024924541911e-07
2.686608259669451251e-07
2.792297895593816918e-07
2.695985793294322484e-07
2.690523557840521401e-07
2.743082274144049930e-07
2.612265086624008372e-07
2.700928859125470696e-07
2.611996850836510732e-07
2.607574772375641213e-07
2.643596826184821539e-07
2.561638231692006379e-07
2.639769567224361290e-07
2.569548145811037512e-07
2.591771256570576140e-07
2.600719140721266357e-07
2.558345030080936757e-07
2.621567612946599614e-07
2.567580892658039488e-07
2.613683303443136992e-07
2.596859604281065722e-07
2.586251382756358756e-07
2.617874100126446586e-07
2.565840860189310648e-07
2.620866059463560367e-07
2.581129545656583382e-07
2.609045870582791259e-07
2.625409893838030242e-07
2.580785496899024290e-07
2.640357413784810383e-07
2.574523445793556585e-07
2.608500969512429217e-07
2.597859622411374047e-07
2.542223673916731363e-07
2.595869019526104080e-07
2.517618099453596255e-07
2.534929553121839993e-07
2.521217718179614290e-07
2.477988796920037813e-07
2.516576579885999352e-07
2.459899327860668634e-07
2.477686249447778355e-07
2.461722523522981584e-07
2.428753072186817629e-07
2.432295145903363027e-07
2.374333619299200100e-07
2.368383851583852216e-07
2.331401187223497104e-07
2.302903823688890843e-07
2.293688835459059249e-07
2.266624344844717515e-07
2.263676011148782224e-07
2.239808042497672549e-07
2.245947862539829335e-07
2.215749515046806842e-07
2.207971522152259737e-07
2.219329046988491408e-07
2.175494213849138767e-07
2.209268917731013493e-07
2.199869247944571742e-07
2.199004500264086294e-07
2.229358924794108913e-07
2.188670692779163366e-07
2.217330476213455740e-07
2.190997931778220074e-07
2.165039912317555578e-07
2.186769321146652437e-07
2.126107104166063563e-07
2.138374297604421244e-07
2.133957675461982531e-07
2.108568783015236131e-07
2.150569922825505395e-07
2.142132517480073820e-07
2.156239576721683970e-07
2.190556622822448158e-07
2.184097542796623959e-07
2.183465898556853170e-07
2.186829180726893968e-07
2.155188143507653955e-07
2.129966482143124167e-07
2.130704191671636191e-07
2.101582385223071816e-07
2.106358945153123659e-07
2.112663092344311547e-07
2.088267941902598408e-07
2.094830278100461576e-07
2.086659817356290641e-07
2.067765361430334877e-07
2.069026259838184180e-07
2.064322009812249255e-07
2.039606236961553273e-07
2.050171698648969975e-07
2.037872234942369603e-07
2.010609400031060933e-07
2.033320001163822845e-07
1.994479651112847560e-07
1.991895180572179730e-07
1.995084800017335949e-07
1.959205386381447653e-07
1.970899860856268804e-07
1.940018301167869550e-07
1.938329227254776256e-07
1.916290623293748643e-07
1.899426307753857953e-07
1.901997251877424217e-07
1.855858863625242136e-07
1.886287571878851755e-07
1.849361038729849107e-07
1.842800179798585017e-07
1.868967291758177874e-07
1.819772054615073751e-07
1.862445312765253444e-07
1.840985444948066309e-07
1.841465747898884561e-07
1.879154147765371663e-07
1.851762036774204082e-07
1.881168319965248247e-07
1.871716598820735726e-07
1.867836393614478325e-07
1.876823086079547000e-07
1.868640956387129218e-07
1.865922686175474758e-07
1.850409284266595740e-07
1.848963166324417276e-07
1.826231031936627377e-07
1.830030302856028774e-07
1.817008729137931518e-07
1.808661829129181327e-07
1.817794713403694603e-07
1.790381756711584847e-07
1.801718130939392529e-07
1.783911775030063129e-07
1.778633894469844388e-07
1.785046542291294911e-07
1.762510398669741578e-07
1.773104517320587719e-07
1.767143302680418649e-07
1.763066215418727778e-07
1.754926764159857795e-07
1.759080092748676926e-07
1.751425990302061444e-07
1.740023014276055569e-07
1.764513433609935007e-07
1.748221305646984136e-07
1.756615980154819350e-07
1.760567250737282701e-07
1.746143841287581080e-07
1.749181808687599473e-07
1.738702332984174954e-07
1.744761610030067371e-07
1.732709440294102005e-07
1.735760066665564186e-07
1.730042828332960274e-07
1.721660501182488739e-07
1.736223964476677901e-07
1.721717362024124558e-07
1.735589015888018879e-07
1.737634523983302574e-07
1.726152610513414277e-07
1.729577495955023268e-07
1.729409834115012363e-07
1.721215619367075909e-07
1.713576902310406295e-07
1.718325324722214741e-07
1.684142737130615307e-07
1.683723932130254412e-07
1.666402549488443589e-07
1.639505123996216081e-07
1.655703933766254601e-07
1.619119813740486227e-07
1.638967096544820081e-07
1.633751481897065013e-07
1.618263761557275070e-07
1.648145141559690679e-07
1.616335208352702628e-07
1.640557949156143105e-07
1.625766823891963117e-07
1.608682067449031551e-07
1.620704690917240881e-07
1.575431905245619432e-07
1.586342434781000685e-07
1.556405415002127789e-07
1.545622127265977324e-07
1.555552441174348752e-07
1.527831252734040266e-07
1.548971199641925548e-07
1.532713664442508615e-07
1.545331366195760286e-07
1.554836146390375159e-07
1.549500462197678094e-07
1.579921149876481121e-07
1.563663467599592009e-07
1.575032211155305942e-07
1.572653337755960572e-07
1.576619175650906879e-07
1.592131777004022180e-07
1.579539117804103194e-07
1.612167583817984889e-07
1.586567589871755656e-07
1.592662065839244475e-07
1.617470705594468005e-07
1.587783255993644394e-07
1.637821862646096419e-07
1.626187869375612344e-07
1.620265430387018706e-07
1.648111991116940126e-07
1.591738122545721254e-07
1.605153471866798079e-07
1.581252434530269455e-07
1.543591406486717716e-07
1.575343885223555481e-07
1.542772407784487915e-07
1.550153643476881376e-07
1.559810154606412399e-07
1.537857236551859131e-07
1.549096063069143968e-07
1.537403735369283110e-07
1.541149989922618481e-07
1.542543431769881162e-07
1.548361199467455127e-07
1.558034970520336957e-07
1.553078608719498757e-07
1.569604528004075115e-07
1.562244580883092234e-07
1.565254572670055609e-07
1.568117657544666021e-07
1.565271363006654351e-07
1.574075487908962396e-07
1.558367846901569183e-07
1.566115829806873006e-07
1.552602960648463712e-07
1.548101352068594031e-07
1.558782761893212968e-07
1.535828690130596673e-07
1.549217334355614146e-07
1.533223767804497143e-07
1.526256940893019769e-07
1.537195755973024844e-07
1.512745988205895387e-07
1.530718205077615149e-07
1.524024041890337988e-07
1.514715725152240200e-07
1.531151203666405572e-07
1.521501905467930898e-07
1.527096155894365451e-07
1.526342054174505709e-07
1.517196541971416512e-07
1.514401410007632760e-07
1.512734510056234804e-07
1.514673080707942672e-07
1.519338874897299419e-07
1.519401057624738927e-07
1.518676068615027786e-07
1.524765588893280626e-07
1.519211237614345476e-07
1.535156881555699252e-07
1.541335825206250570e-07
1.547669110451131007e-07
1.563434532823161223e-07
1.538744576726067434e-07
1.549518992570846384e-07
1.535393639719584775e-07
1.515133179808544121e-07
1.532401327187088488e-07
1.509780820242709847e-07
1.524076049906826049e-07
1.519686574132007263e-07
1.509097293970967110e-07
1.524961506142231154e-07
1.504648669446712636e-07
1.512021579992740369e-07
1.501464583103258400e-07
1.496124603528353901e-07
1.499837953123433984e-07
1.482411611429122315e-07
1.492785471091950083e-07
1.480338972650419934e-07
1.473713133836612181e-07
1.469733226679010484e-07
1.455798479341104603e-07
1.451779087220143404e-07
1.442070846229458837e-07
1.441857245331686436e-07
1.429011331285498192e-07
1.422927267573899162e-07
1.405980313181930413e-07
1.390178872816049127e-07
1.389724903300815258e-07
1.371282023036783849e-07
1.371857359264643486e-07
1.360384905614644920e-07
1.356591794472363325e-07
1.352932667742991327e-07
1.337751102515317744e-07
1.347271898464091439e-07
1.329381277691652413e-07
1.333333577170749501e-07
1.330648157052004546e-07
1.310065345259656447e-07
1.325009714533564423e-07
1.301358299475676681e-07
1.295449950483178775e-07
1.303194759274074732e-07
1.271777001215824998e-07
1.272814762346361926e-07
1.268567529963447481e-07
1.247110323162350072e-07
1.251524171042465006e-07
1.243347074914095828e-07
1.234803553422391710e-07
1.230513791526193026e-07
1.216254979530546932e-07
1.224408206310398500e-07
1.221657184412042087e-07
1.225307776379932483e-07
1.237094127590792415e-07
1.226230165560661225e-07
1.236383037823530605e-07
1.230943866996946904e-07
1.230862880863602305e-07
1.238322398035545741e-07
1.231869398526235437e-07
1.241621471571094454e-07
1.228678120900508438e-07
1.230198043198225442e-07
1.222316496132200929e-07
1.210717618148976492e-07
1.213813746397483681e-07
1.192437320868396040e-07
1.201332701061899873e-07
1.188929444278773036e-07
1.184733307380018976e-07
1.187355290843619643e-07
1.165336611626042838e-07
1.173868543108578795e-07
1.149676403278910251e-07
1.147255758500094454e-07
1.146214077555840659e-07
1.134484828628134747e-07
1.144829567817033799e-07
1.127494476000424606e-07
1.141644447703435355e-07
1.132309424616604100e-07
1.131658449931734199e-07
1.136041641235394000e-07
1.113516868258772829e-07
1.135718590344007319e-07
1.114441467222285341e-07
1.121719946928912133e-07
1.138911267071030557e-07
1.120724086447797274e-07
1.143496818663851048e-07
1.133309632496123599e-07
1.133013435652119733e-07
1.147575937070664638e-07
1.148740628115119854e-07
1.152333730946357752e-07
1.157948341206615297e-07
1.155708774289396949e-07
1.140890630592103959e-07
1.154188159878287225e-07
1.131188154704134843e-07
1.133684290564581151e-07
1.146809562294550238e-07
1.129655442866164617e-07
1.159840311755287134e-07
1.145494882995749324e-07
1.157271018962600507e-07
1.167040983556791224e-07
1.147071550608559713e-07
1.175174461870670636e-07
1.160436644651815632e-07
1.173740073397549620e-07
1.180306300354935403e-07
1.171987851863011815e-07
1.187765264434836275e-07
1.174266821131827868e-07
1.180628572804243396e-07
1.167832503030237617e-07
1.168522502902472479e-07
1.167615208860750676e-07
1.166435131845192743e-07
1.181876391313049167e-07
1.169685767425480225e-07
1.194457471848603136e-07
1.182674565421106643e-07
1.185005770572484796e-07
1.195498550071821101e-07
1.174717208846396200e-07
1.197782394340883934e-07
1.175486772849921055e-07
1.189479459812287077e-07
1.192872753709332966e-07
1.173574074152923965e-07
1.195184852191787328e-07
1.166423231359676215e-07
1.175625743003429890e-07
1.162057548907214734e-07
1.157128029570671279e-07
1.166813531925051459e-07
1.140479970274758618e-07
1.165489115694792045e-07
1.137529075336302469e-07
1.143356270882576261e-07
1.146328286624604211e-07
1.121817052165332992e-07
1.148266891190469172e-07
1.122945393665668976e-07
1.146352162175173559e-07
1.137109291085075399e-07
1.124295362090747496e-07
1.140268518141880484e-07
1.099399711254804181e-07
1.119264554902229274e-07
1.095589593632275987e-07
1.104720935620043270e-07
1.115092464648210842e-07
1.096652386823066510e-07
1.142258556476550598e-07
1.102583763350687584e-07
1.129202544019286110e-07
1.116171994593952607e-07
1.072717943277480862e-07
1.109958639722596906e-07
1.047719007635265114e-07
1.073227711249959016e-07
1.073213131485439123e-07
1.055309558381272587e-07
1.088711637882009421e-07
1.044706679341046050e-07
1.080174042051726914e-07
1.051950590686418284e-07
1.051225139257534775e-07
1.084007677754745526e-07
1.041345803257783320e-07
1.093379358749620308e-07
1.071159113840118885e-07
1.076804106092696347e-07
1.106594962956774944e-07
1.078387517388862559e-07
1.119008588735311868e-07
1.099566946591583776e-07
1.111194405414783171e-07
1.121354164357823096e-07
1.101633567116997135e-07
1.128482592763277227e-07
1.111003126971235102e-07
1.118741781231105448e-07
1.114152646056687386e-07
1.095082136829882173e-07
1.091473816952856947e-07
1.074525031759707902e-07
1.065526650624226791e-07
1.056230385093352159e-07
1.059947385148450149e-07
1.039407393182909175e-07
1.049540943086458605e-07
1.044594621055379801e-07
1.016972077586669469e-07
1.037013230065924082e-07
1.007307794342150254e-07
1.009920010629683753e-07
1.016472209286211998e-07
9.988278966923621591e-08
1.012073818055004138e-07
9.879521108246637666e-08
9.837074686575763590e-08
9.661219605239666543e-08
9.545555312087325365e-08
9.609012466360632999e-08
9.435877943563237710e-08
9.568897418684072688e-08
9.447011722539635314e-08
9.428441624509432953e-08
9.438043986889794446e-08
9.290457754722229832e-08
9.399350968004040843e-08
9.248373553252510190e-08
9.273849216207881908e-08
9.304156135724525371e-08
9.194172612417160457e-08
9.309484883184311071e-08
9.333561075998324971e-08
9.400671180874055954e-08
9.522772485139444116e-08
9.606746576420026050e-08
9.697604211376855644e-08
9.761701330139380510e-08
9.740043646291089604e-08
9.762807968232594920e-08
9.713602184209993373e-08
9.625478830890186067e-08
9.689830909247928987e-08
9.572130321483818223e-08
9.633156438222178964e-08
9.668589520934936705e-08
9.596332916574875649e-08
9.739001039027028199e-08
9.599786875118744499e-08
9.608162066771125250e-08
9.604717023686592885e-08
9.503425573284278233e-08
9.518227112941246170e-08
9.396368710825087320e-08
9.472895777810440068e-08
9.343694336938665764e-08
9.343720991887708602e-08
9.371506795248297127e-08
9.118359173129680364e-08
9.234514473159068489e-08
9.052850756023996714e-08
8.938513181250600638e-08
9.025740559412928982e-08
8.933640763111920063e-08
9.003547327477022920e-08
8.964974059139850493e-08
9.099964339470797942e-08
9.039240875694620631e-08
9.042834780796777012e-08
9.218414880789053005e-08
9.013964218882400932e-08
9.252244883765901573e-08
9.261946866391728243e-08
9.202764693367596884e-08
9.392438849396877561e-08
9.210829968568565726e-08
9.384454058137254116e-08
9.312912563982780681e-08
9.259220729684633201e-08
9.376273781401231025e-08
9.151625493810070720e-08
9.323457842768568086e-08
9.203365116332900236e-08
9.146313458470555924e-08
9.270204336488612590e-08
9.008397136569313607e-08
9.060971580651212244e-08
8.951073003750144397e-08
8.857151227820514975e-08
8.944690045163787622e-08
8.882397499381642502e-08
8.910524511661936863e-08
8.865698350562840564e-08
8.816721319239290936e-08
8.745118699039711808e-08
8.734629703449954487e-08
8.598191069971896198e-08
8.569758497474454226e-08
8.587881247585963284e-08
8.340255079069853751e-08
8.517730338519873759e-08
8.335975896426716001e-08
8.249886616388552950e-08
8.424869532403885397e-08
8.121048216566557453e-08
8.381781180677709019e-08
8.260362024408964423e-08
8.258529123190364967e-08
8.545529064410150813e-08
8.283407149465115278e-08
8.637317428862421142e-08
8.489323678752005538e-08
8.470681824632130403e-08
8.633529605092526214e-08
8.271275234187507852e-08
8.606435442799012705e-08
8.316783637942134923e-08
8.360778590001568289e-08
8.545886433616411723e-08
8.093397792203862588e-08
8.484599220146674842e-08
8.183718511467488350e-08
8.147421015743336809e-08
8.405169136758324317e-08
8.073510374698761382e-08
8.413149781370907335e-08
8.216110231930389559e-08
8.243890271851989395e-08
8.347377303912194448e-08
8.069831591773521439e-08
8.354950363536493345e-08
8.107461800134766288e-08
8.212381563638974193e-08
8.273993534370799787e-08
8.025700528765202514e-08
8.271651173489209652e-08
8.001717282790564266e-08
8.056216932370668506e-08
8.062265540192864708e-08
7.890087437261003746e-08
8.085943842840530656e-08
7.938051767879086544e-08
8.106378792656603104e-08
8.168439995312877065e-08
8.192953784533442889e-08
8.380587976603550171e-08
8.297679051004257833e-08
8.445230326342974278e-08
8.373648673689065141e-08
8.385077939342934048e-08
8.437086408185257018e-08
8.331371929621932036e-08
8.412759068423901729e-08
8.305742998839932655e-08
8.355321879227062987e-08
8.253241123588374300e-08
8.213767015070911608e-08
8.313063328782838368e-08
8.094105008630091073e-08
8.233383595476616614e-08
8.129187726064744471e-08
8.028824922853175298e-08
8.224450166213134192e-08
8.102418110829846247e-08
8.194134347600982429e-08
8.161488253072122708e-08
8.072909682248530904e-08
8.100170389242971209e-08
7.970864462796892713e-08
8.012727557589456921e-08
8.042056879448030729e-08
8.052833571265579156e-08
8.061565351956840572e-08
8.089426111529335040e-08
8.064262704495190593e-08
8.017485902694924623e-08
8.084231530871512842e-08
7.941850586922058721e-08
7.965074918642369881e-08
7.901477218801435804e-08
7.687989866390806178e-08
7.715031170415259994e-08
7.471607075297674910e-08
7.394341568926531748e-08
7.369255041898386038e-08
7.179456916163565798e-08
7.245248212374744451e-08
7.118459224571218858e-08
7.004188590720568395e-08
7.029116622174792887e-08
6.911068891744526990e-08
6.829964601702005087e-08
6.880927378449551406e-08
6.810871980937640786e-08
6.675240663518639881e-08
6.742670877569960282e-08
6.574434278505490406e-08
6.543216212310752228e-08
6.620926393484103655e-08
6.430183334670800776e-08
6.529815261897373568e-08
6.379006272478555642e-08
6.274288227431947175e-08
6.342708472664566630e-08
6.093742076911404219e-08
6.160950881647816179e-08
6.053985753333092916e-08
5.914138824546254260e-08
5.940910073929885142e-08
5.729679835362539818e-08
5.693307888837044741e-08
5.541263038759684619e-08
5.384461804266814062e-08
5.248051370935159850e-08
5.050240834682731053e-08
4.983990057238091549e-08
4.781773332404993993e-08
4.685461668400871966e-08
4.465377049779060587e-08
4.189469660544783617e-08
3.996933703779008078e-08
