# bin_3_1
0.000000000000000000e+00
-1.627881256614353016e-08
1.408073821926190848e-06
1.439705745039922929e-06
1.441561605251046005e-06
1.485295217811429088e-06
1.411511914760328298e-06
1.459936905609857083e-06
1.375647141570772746e-06
1.380496015830714014e-06
1.369222080306186319e-06
1.309547491226871979e-06
1.321196597673217329e-06
1.250116673880430955e-06
1.226350713671501739e-06
1.191896092379124943e-06
1.154172569169126241e-06
1.133895469717407297e-06
1.093357563744690078e-06
1.075425327105647433e-06
1.036331745870084307e-06
1.027082382480647490e-06
9.930483176424779824e-07
9.786927145196929181e-07
9.669106640236186076e-07
9.188235342295614132e-07
9.225704126949479641e-07
8.788508772300896873e-07
8.707171553984903100e-07
8.600523021719807370e-07
8.143580056917531836e-07
8.274902049629649230e-07
7.785422426338755860e-07
7.662287782412451085e-07
7.554786971612045816e-07
7.082591083779005308e-07
7.134975778598325962e-07
6.660090042163960661e-07
6.552329993842973109e-07
6.465585943282058076e-07
6.083310339286009332e-07
6.233343726412721151e-07
5.896202596456722995e-07
5.788704688828483573e-07
5.717444866583307127e-07
5.320496248375731399e-07
5.368224664476333651e-07
5.062769160747077112e-07
4.907953571821388907e-07
4.859835349457880649e-07
4.565382493666402079e-07
4.546975530102904240e-07
4.305943822718418906e-07
4.222938854986943162e-07
4.121037018885614071e-07
3.908962054230649365e-07
3.944535395710956211e-07
3.722550914588801055e-07
3.702524990533321417e-07
3.647806174378835581e-07
3.509653318621602966e-07
3.540390778872073488e-07
3.366570052288046027e-07
3.362599543607175700e-07
3.227143812405095190e-07
3.138836371918878632e-07
3.152264005305880175e-07
2.988635398247841882e-07
3.075122428920290435e-07
2.965174590953701443e-07
2.911589691174831920e-07
2.946833619700218185e-07
2.804402213265535379e-07
2.862941853978312503e-07
2.810373123189176694e-07
2.796990453806159752e-07
2.797994224419625998e-07
2.742989387732723389e-07
2.745552934374832163e-07
2.655329244354713792e-07
2.695145614565287463e-07
2.639119773605044324e-07
2.600490397476831400e-07
2.630894088557478362e-07
2.512976321099808422e-07
2.516823869703053717e-07
2.454918817348915065e-07
2.393542081103241361e-07
2.407771043927644588e-07
2.336266979989562117e-07
2.323875692532339208e-07
2.284672598624106353e-07
2.232124879580012980e-07
2.204610300679567727e-07
2.164304463291624988e-07
2.150826027990853038e-07
2.116747396550973468e-07
2.105345859595728439e-07
2.080698043810968122e-07
2.025035674638067759e-07
2.020462650833878690e-07
1.971020718961399535e-07
1.924287310659685794e-07
1.910275857827330468e-07
1.843390193684367102e-07
1.827366129711325376e-07
1.777659118430151522e-07
1.731143533444045303e-07
1.729500177780316638e-07
1.654217999916797009e-07
1.661085079444549516e-07
1.637173944150788436e-07
1.582933384714335860e-07
1.584498460499399938e-07
1.529053716750740631e-07
1.517037546007218814e-07
1.500064687992804361e-07
1.509187689554410233e-07
1.502320383534638549e-07
1.472538305658435207e-07
1.489723256639310856e-07
1.408709163071297570e-07
1.405534428649451695e-07
1.405370564912778928e-07
1.353957623557604160e-07
1.391632068957778864e-07
1.373595591852699239e-07
1.366576922384898022e-07
1.357773109904381647e-07
1.340938271285011357e-07
1.332644518475056077e-07
1.305817998873076530e-07
1.312980161149415444e-07
1.291668367344048773e-07
1.303787963105537049e-07
1.295054557761337254e-07
1.268004718666302309e-07
1.258626104708750203e-07
1.206387140667105619e-07
1.204701642294877535e-07
1.185792842344359198e-07
1.179472602369368677e-07
1.185839225224739100e-07
1.152706919370468253e-07
1.150009691304547788e-07
1.114450883423711718e-07
1.091644962220671935e-07
1.088052658861343925e-07
1.074485658334035603e-07
1.065273770405786115e-07
1.073954806833560830e-07
1.083467912393042051e-07
1.069838705431297203e-07
1.104200257769935565e-07
1.076891248981952250e-07
1.072028374574354727e-07
1.094638857570297274e-07
1.050710782458137987e-07
1.092839425405543006e-07
1.062471478583403761e-07
1.051371596291223443e-07
1.070276483326613284e-07
1.013640543899318200e-07
1.053542602832523126e-07
1.025052687710160910e-07
1.028914634780014742e-07
1.036363186486028180e-07
9.945510256964823777e-08
1.035976506339455304e-07
9.841270555053368085e-08
1.013877153337152511e-07
1.007036434068726220e-07
9.630109010334355715e-08
9.983095024694707545e-08
9.019774636477540364e-08
9.329379490225677762e-08
8.973245230401216611e-08
8.374362153179031327e-08
8.984787378564558516e-08
8.115523033284161148e-08
8.621283956966274832e-08
8.563799744070531784e-08
8.283255668724689388e-08
8.930656508608286379e-08
8.167900708083965844e-08
8.698190650295418216e-08
8.299897210449378803e-08
8.033720138518358852e-08
8.723740608347894098e-08
7.920333263661377475e-08
8.639137751427308952e-08
8.543880065639943824e-08
8.295683126293402396e-08
8.869471929579281314e-08
8.298240438255718094e-08
8.769227113531856148e-08
8.498303388994740960e-08
8.496999992192031683e-08
8.745130554244264035e-08
8.129198451446408777e-08
8.729615627808582647e-08
8.186670884956654260e-08
8.146600307563614518e-08
8.434576523090570864e-08
7.646095003960631052e-08
8.155541603248611398e-08
7.758252723220042943e-08
7.561155383895600716e-08
7.813663016570565236e-08
7.273130866414233128e-08
7.603313733287358267e-08
7.406178466923888108e-08
7.388785617992770484e-08
7.528709861046187542e-08
7.260186298231959994e-08
7.442175605692380824e-08
7.216022831714169422e-08
7.321541738283480604e-08
7.245880428454865263e-08
7.168431120377833784e-08
7.477298513995358871e-08
7.204492833582354746e-08
7.343240088584488412e-08
7.347796565482667602e-08
7.161134361911880631e-08
7.184945500920974272e-08
7.091167757643843831e-08
7.081065771440307032e-08
6.982679649362227551e-08
7.194439301381167466e-08
7.105990165066851574e-08
7.137566944998009278e-08
7.409232070550942057e-08
7.189835093456400727e-08
7.432850936461199828e-08
7.393742169756417744e-08
7.324152282537451479e-08
7.472536785651752949e-08
7.217446300352158611e-08
7.339927465910538254e-08
7.183181844126960177e-08
7.099049966171171978e-08
7.172870256649082845e-08
6.924089629491752054e-08
7.064108174030252739e-08
6.936915811873880708e-08
6.834811392511134312e-08
6.941182560065419772e-08
6.826193300511932275e-08
6.816699045582337663e-08
6.633510453600091193e-08
6.626656925097388232e-08
6.446379565331857511e-08
6.210705495172177150e-08
6.431935824814830423e-08
6.140498567625248173e-08
6.270444609560801683e-08
6.452040312561348140e-08
6.099115897812254293e-08
6.484263629294757247e-08
6.271091611172142018e-08
6.161626186830995940e-08
6.527172558140060798e-08
6.161280014201424504e-08
6.397500299790990625e-08
6.375912022547342796e-08
6.158076830401361723e-08
6.264283923942509778e-08
6.080646398010209527e-08
6.155167001376697362e-08
6.036272230938080230e-08
6.286983738985593766e-08
6.242104837152543481e-08
6.104661123270113542e-08
6.372101795122077985e-08
5.886350562748337838e-08
6.118204964186842908e-08
5.943095782565559669e-08
5.690622987973682022e-08
6.066268523811884262e-08
5.596718203567111101e-08
5.919562823360816308e-08
5.732679364619313514e-08
5.482518153805201502e-08
5.678512068867895370e-08
4.970721417759893833e-08
5.161830457160093796e-08
4.900767612991940944e-08
4.625523543592188498e-08
4.924563063357366734e-08
4.604573339673528875e-08
4.760047059596790863e-08
4.643960799375677662e-08
4.555663117207022392e-08
4.495628456744041457e-08
4.302526288045068726e-08
4.355154046092329229e-08
4.071834366737757136e-08
4.194388991066172073e-08
4.108050658618725566e-08
4.073861186517261785e-08
4.244963704572514107e-08
4.053625663343857663e-08
4.277415619031236827e-08
4.208868092470555530e-08
4.208410564974141633e-08
4.331398883468129717e-08
4.186558382286226180e-08
4.304554813128709122e-08
4.262081544884396863e-08
4.306511227146409848e-08
4.363187117869677910e-08
4.423698129500364711e-08
4.496774030837970786e-08
4.474693238928081316e-08
4.640504128152640255e-08
4.594559063524763346e-08
4.683088060875686079e-08
4.719053347368110876e-08
4.602996498148282216e-08
4.664653358201519192e-08
4.526996734062292480e-08
4.503845427833688116e-08
4.399696877530608137e-08
4.281619925007725126e-08
4.260339103950145094e-08
4.187857581387655144e-08
4.299553576958899356e-08
4.210001070564010277e-08
4.313928847966925812e-08
4.430976471795180501e-08
4.302888363067546063e-08
4.444671138280592423e-08
4.430606131798165037e-08
4.438322624508668078e-08
4.539932347986091550e-08
4.556173341980214039e-08
4.633729644054459700e-08
4.697259394761304651e-08
4.769872196337442098e-08
4.790149574819263514e-08
4.823885100998853166e-08
4.773079328814089784e-08
4.790702535158216564e-08
4.706113610190371884e-08
4.695510644772370245e-08
4.835135047351907153e-08
4.587376253171860100e-08
4.849995118390061866e-08
4.740095547518149073e-08
4.524256560293693193e-08
4.962584575860542472e-08
4.512427309133183570e-08
4.747420348392826036e-08
4.812970459529490071e-08
4.364577508917992699e-08
4.834403042221139664e-08
4.439306490259188943e-08
4.592507572982316511e-08
4.749108979636995798e-08
4.400290227607079049e-08
4.800089556738040448e-08
4.395275787691429287e-08
4.443031805880477624e-08
4.476322863640787022e-08
4.208663578076071662e-08
4.473755066447372496e-08
4.181231037262279381e-08
4.321902214077508762e-08
4.243190225197161658e-08
4.118470476953306504e-08
4.220345024861322463e-08
3.951512947340037957e-08
4.150429683665964643e-08
3.915260024982553013e-08
3.933228522027003048e-08
3.986613235094510292e-08
3.714741899462566819e-08
3.895937628066306913e-08
3.568082028305785309e-08
3.648732459691714616e-08
3.663314877195634946e-08
3.452587359358954911e-08
3.732544377601426783e-08
3.532573601248262862e-08
3.630320577854568808e-08
3.711127654335701364e-08
3.549098545407571025e-08
3.670901483458949644e-08
3.633976047486038431e-08
3.563239280245982059e-08
3.572233031108274279e-08
3.696687427818088859e-08
3.622131671117199789e-08
3.734276754909961072e-08
3.884479408419808782e-08
3.794682039105375505e-08
3.972921152382103894e-08
3.968792405044328034e-08
4.000379515125741590e-08
4.016381313765849572e-08
4.002254735647719569e-08
4.027966370191147646e-08
4.005137294231699894e-08
4.192019171998489277e-08
4.164939060747484079e-08
4.359278739085222984e-08
4.360317250653936614e-08
4.345400584878776607e-08
4.532696692494804243e-08
4.315464189808202125e-08
4.575179791785615442e-08
4.471409475207844564e-08
4.490255220428901221e-08
4.599372275506113592e-08
4.229956610556526181e-08
4.519021816221129570e-08
4.190390693245741678e-08
4.229090349091892535e-08
4.423824765750931683e-08
4.159076366660911165e-08
4.545232139147558831e-08
4.291525220961362060e-08
4.512571585799900805e-08
4.616524362636663516e-08
4.455901674796592653e-08
4.862200157323434524e-08
4.516950880010834981e-08
4.755113512026883848e-08
4.674860498633936405e-08
4.399750467592214937e-08
4.654366815060868814e-08
4.253858668053938517e-08
4.359545223009773040e-08
4.296329602161694325e-08
4.111081804288955784e-08
4.166780963094741263e-08
3.933942941364853997e-08
3.915554002509185119e-08
3.798467459190212464e-08
3.833837370795957912e-08
3.786645365646258965e-08
3.825831263633381700e-08
3.956350023103564347e-08
3.826518642323070449e-08
3.929194873346522677e-08
3.886316217124087306e-08
3.856094347078726022e-08
3.836357340789724381e-08
3.817413927633675287e-08
3.709049680258953470e-08
3.600293779035353703e-08
3.657690979704740024e-08
3.355395056391593789e-08
3.460310945975759940e-08
3.383004876803277956e-08
3.238175213707688909e-08
3.494077319837357316e-08
3.307671284325792638e-08
3.553282246203957255e-08
3.589680864376600276e-08
3.614513432536325533e-08
3.824029244516917428e-08
3.584734250409357951e-08
3.839877643031710925e-08
3.636093642584948353e-08
3.618560440495524550e-08
3.917374761591853125e-08
3.655366171166645343e-08
3.961587000952927329e-08
3.915104709392650686e-08
3.788245169084109368e-08
3.973142541264918653e-08
3.770344932909623966e-08
3.874470266567456888e-08
3.863468992310823036e-08
3.778898566654028499e-08
3.870614371368137918e-08
3.802253146220962865e-08
3.764663140834912221e-08
3.732950674640109086e-08
3.733624183218353160e-08
3.692402482942527104e-08
3.699945361311195585e-08
3.743842342394178340e-08
3.710942387704058245e-08
3.742473819908248981e-08
3.720896125597932229e-08
3.721988190201396526e-08
3.747325507068847221e-08
3.714458769694852610e-08
3.745981389066546316e-08
3.693155629797502739e-08
3.592138595020837767e-08
3.586160354773005324e-08
3.434128588755471008e-08
3.369935767796969154e-08
3.394349239975543882e-08
3.225043476693544080e-08
3.275576274602550165e-08
3.209118811890835755e-08
3.158305475860059956e-08
3.298014148391767523e-08
3.120317348282655152e-08
3.208016363469822750e-08
3.120886926419252068e-08
2.950475018959431434e-08
3.030256006509032174e-08
2.772029901240936893e-08
2.831048818035486428e-08
2.752715850344363709e-08
2.681156470842809100e-08
2.808416490267254099e-08
2.595388825215949423e-08
2.728051862016288805e-08
2.581385761301451533e-08
2.457716688940581903e-08
2.553750782652003782e-08
2.354737088032398361e-08
2.448955958194334024e-08
2.430645008944278544e-08
2.415614445965364635e-08
2.375230928607653614e-08
2.359578083961226797e-08
2.388636398173319832e-08
2.258170951047811356e-08
2.380594607547500730e-08
2.227511309254517429e-08
2.266011542957726503e-08
2.208407678215061276e-08
2.066347658181361121e-08
2.265636516294281657e-08
1.953597548337003423e-08
2.176749912305275695e-08
2.130588769238782866e-08
1.928166383718505632e-08
2.303567421442514379e-08
1.962517177974396861e-08
2.200502114657824842e-08
2.299062592501748080e-08
2.095670246108073837e-08
2.481196067753216634e-08
2.269229366013642420e-08
2.320111234190944802e-08
2.409145624095563810e-08
2.214880984829774347e-08
2.281533294839589718e-08
2.265092275762632384e-08
2.237339762377118119e-08
2.204596409372451271e-08
2.273888798719978702e-08
2.106900829643106565e-08
2.115404828014625500e-08
2.203453672971664349e-08
2.013402136222185446e-08
2.202333014708905871e-08
2.131043244899420788e-08
2.026323493842294771e-08
2.075665512046604258e-08
2.004368257717327147e-08
2.064045838087343563e-08
2.002499419142663405e-08
2.147267815561096023e-08
2.104054330707094960e-08
2.063366409255492298e-08
2.265859758623532952e-08
2.115743033002722068e-08
2.245803348599062174e-08
2.326500246022011607e-08
2.239539940617501043e-08
2.360336752425180663e-08
2.311627613475094312e-08
2.345731007243906077e-08
2.360837921958305811e-08
2.357174615482940986e-08
2.410327650588403808e-08
2.371777433410419034e-08
2.443374568065763765e-08
2.440854067259388625e-08
2.411451799079947494e-08
2.418240296094168010e-08
2.314025602916748652e-08
2.299125131351047618e-08
2.271688765199792800e-08
2.195703796741929612e-08
2.232734067953509149e-08
2.155000724843689092e-08
2.098415155146429729e-08
2.192416102687191182e-08
2.054386356554474588e-08
2.054547244270369349e-08
2.157980282658302593e-08
1.923927255120527274e-08
1.994806205471490810e-08
1.965326667461911236e-08
1.704888945157221028e-08
1.871499673010402717e-08
1.713568946255887792e-08
1.628122904930869512e-08
1.760190967055496793e-08
1.521893599430192162e-08
1.556599343650122696e-08
1.471462008480784312e-08
1.378582543892324752e-08
1.451452720178071416e-08
1.352921226112226612e-08
1.495724218328751781e-08
1.362430247116941773e-08
1.354917928795073002e-08
1.428353791679344130e-08
1.142739453447182927e-08
1.297431046433554768e-08
1.193860278771123046e-08
1.110640991411675561e-08
1.299008809206469010e-08
1.122806095046959218e-08
1.277767896891754921e-08
1.314509569874443113e-08
1.261410512995885894e-08
1.414759512460771862e-08
1.299879363801319740e-08
1.394501928960162634e-08
1.397429065223606021e-08
1.309424744597269578e-08
1.446178209382973465e-08
1.344361183075105451e-08
1.387147130629276687e-08
1.472967831322747684e-08
1.382954619876668167e-08
1.523946061172086432e-08
1.538260536582633608e-08
1.498295334013005454e-08
1.601730566395268016e-08
1.599876006026963951e-08
1.622725338398363435e-08
1.682449841523922687e-08
1.770930686582555264e-08
1.802223680631823073e-08
1.901721111914415588e-08
2.028114951334989547e-08
1.968160394376071805e-08
2.099831760363185475e-08
2.085871416269024339e-08
1.988848155848854031e-08
2.150775293806631452e-08
2.078998779937436257e-08
2.119580845974387593e-08
2.296691298774748827e-08
2.206892063508737216e-08
2.250424447791513897e-08
2.338019404276903332e-08
2.159780644375818898e-08
2.219061661908413226e-08
2.261472994533667677e-08
2.072341656769256541e-08
2.244297877841862394e-08
2.107881107899500965e-08
2.007037585108533566e-08
2.161896638504326338e-08
1.890469052133474342e-08
1.976012721528274459e-08
1.909716460386286901e-08
1.762996985927800271e-08
1.890385186108440714e-08
1.691739241619316351e-08
1.770796103052503880e-08
1.785342305611626061e-08
1.717511327296337800e-08
1.785707707777099552e-08
1.713576663220032849e-08
1.708711164089341587e-08
1.673937357128458238e-08
1.715529010767354469e-08
1.691724119714696407e-08
1.748004569339502703e-08
1.766631477823210551e-08
1.739570490165533991e-08
1.887323112048927589e-08
1.820168688767147938e-08
1.914613283757863077e-08
1.936117140312070976e-08
1.906114783886676378e-08
1.941721448670582284e-08
1.850278034286114572e-08
1.916029958189392006e-08
1.785155232962467081e-08
1.831062104616871128e-08
1.802820549559463659e-08
1.702390402081112962e-08
1.843689217354418020e-08
1.688428247530667669e-08
1.718154858344185879e-08
1.675718685361217525e-08
1.595996948036025454e-08
1.576116977825462195e-08
1.484757817232611134e-08
1.529472653475231870e-08
1.409945524796809014e-08
1.516687734393391982e-08
1.430758264998486419e-08
1.385113170514645643e-08
1.443639096269167111e-08
1.195360500821891340e-08
1.275630579401058875e-08
1.121541684826431985e-08
1.103498803482592046e-08
1.108121995788460278e-08
9.689375866807343708e-09
1.104415448068879108e-08
9.637698868778899906e-09
1.144649539522499187e-08
1.160131231077683600e-08
1.206150731520983564e-08
1.468839643932570607e-08
1.337984210513202935e-08
1.591698893216799949e-08
1.535073133658677917e-08
1.516387547807444729e-08
1.704356988771368172e-08
1.527853883981328740e-08
1.696714175673137118e-08
1.703435852114162373e-08
1.682074198519611006e-08
1.816872383854465785e-08
1.797933577314016129e-08
1.826685412230235983e-08
1.856985851311823392e-08
1.827264004254385631e-08
1.757539397254319217e-08
1.770062415110122484e-08
1.647348953355291746e-08
1.697595671281968520e-08
1.721766875640592011e-08
1.656726841383997399e-08
1.844220096130867501e-08
1.710046827560525225e-08
1.784741583413328815e-08
1.801132244104255974e-08
1.674640353090485184e-08
1.798000868168245326e-08
1.606635954026102134e-08
1.674806118903664591e-08
1.604523146250308070e-08
1.469355539323592540e-08
1.562420888097952137e-08
1.418591292034655606e-08
1.513700134260168808e-08
1.456118218067540719e-08
1.493601129659134173e-08
1.518429305336184113e-08
1.397675576328939678e-08
1.537678395502923407e-08
1.343049706089573448e-08
1.407625018700186927e-08
1.390689854884178003e-08
1.206322459442831556e-08
1.335557839789820046e-08
1.176187867050701166e-08
1.262814392700364713e-08
1.272657352478388967e-08
1.248859417718439320e-08
1.393749831915715327e-08
1.313783226986255225e-08
1.484741925067707480e-08
1.443234164947395152e-08
1.476216207466033986e-08
1.597642690182444182e-08
1.472058188731006241e-08
1.599229596395275625e-08
1.579039326693735509e-08
1.622744256177015967e-08
1.680761521748975843e-08
1.671046240871934780e-08
1.737608013427637962e-08
1.671213688283899667e-08
1.787871585606433609e-08
1.740795538350203004e-08
1.757126392150072573e-08
1.794724999355368764e-08
1.600208204420319484e-08
1.652361770200751291e-08
1.544513783824242046e-08
1.520622152070507861e-08
1.558273706346339120e-08
1.509708240507068259e-08
1.592188438430308795e-08
1.494298056993836458e-08
1.577337666565474396e-08
1.578883358321906619e-08
1.565986313460062784e-08
1.732054461091796730e-08
1.625652996530166290e-08
1.718358083282208558e-08
1.753219513883982436e-08
1.644461008111111479e-08
1.711948790007333550e-08
1.629021617385524784e-08
1.637738276807618644e-08
1.647448191586965418e-08
1.574781583450118783e-08
1.610954938895167145e-08
1.503489923781899499e-08
1.482609548292349538e-08
1.527116906566293623e-08
1.462497557701754679e-08
1.577301614396818843e-08
1.553948959834391653e-08
1.516515483115074855e-08
1.569127187940542323e-08
1.408588086302434134e-08
1.464009225063575897e-08
1.438597640455797826e-08
1.376731637346960467e-08
1.477936122967729371e-08
1.369843777510450250e-08
1.432467926498909873e-08
1.418463987483690139e-08
1.409647729350888964e-08
1.514611725786486363e-08
1.427063094707493205e-08
1.498682403498341093e-08
1.462065352661796678e-08
1.420676828249964255e-08
1.470032387025487299e-08
1.397058282728799608e-08
1.400370532522923820e-08
1.391742022543061552e-08
1.349059552966458598e-08
1.357095490126241666e-08
1.397140624740914075e-08
1.303620351239250271e-08
1.378907323493021477e-08
1.341872297711117325e-08
1.173151886815240418e-08
1.312249052631244571e-08
1.083044084884176262e-08
1.110951618056154134e-08
1.177709696724807447e-08
9.702655729864006417e-09
1.141602366614471719e-08
9.877892949749929039e-09
1.016355057360565421e-08
1.002627878302024960e-08
9.460352905397083840e-09
1.092158008755023061e-08
9.009151883703139285e-09
1.113888959806423117e-08
9.880070082925685847e-09
9.796284366130744226e-09
1.172148950353331364e-08
9.372181799432619807e-09
1.215532960196945698e-08
1.062327122151388147e-08
1.048660114798994709e-08
1.153808599165704619e-08
9.470986383322615972e-09
1.193193448203129241e-08
1.061715893119593831e-08
1.196109377523550831e-08
1.245732937737544832e-08
1.198319896044450707e-08
1.415798207293078680e-08
1.163104028490794546e-08
1.354477638736348079e-08
1.239042435963054049e-08
1.108819740304493934e-08
1.308667669916976990e-08
1.045548672073069591e-08
1.257169916546102397e-08
1.279031870945606379e-08
1.253259864500436254e-08
1.494405731029384061e-08
1.413046986026319368e-08
1.533731039937072728e-08
1.554971215438261498e-08
1.493225560878075353e-08
1.562216904944066145e-08
1.520721437137498871e-08
1.460231408598284370e-08
1.558137552400641385e-08
1.568172091396224603e-08
1.556333374124539979e-08
1.711804410608447984e-08
1.575642887774490250e-08
1.640412781354889440e-08
1.631386631629807040e-08
1.493581302960551094e-08
1.665135931534290506e-08
1.485153489659182253e-08
1.550274882583409056e-08
1.514008183978307770e-08
1.367026525301092287e-08
1.478133770902199964e-08
1.258128627796169386e-08
1.415495001586610068e-08
1.401065557787966668e-08
1.400905942656510123e-08
1.641328366543826210e-08
1.481018280571435754e-08
1.622138232676975292e-08
1.520338933483239087e-08
1.440083186187343443e-08
1.491308639211216153e-08
1.319303420728315860e-08
1.428884901812406946e-08
1.303073843065231945e-08
1.279476154385271366e-08
1.262615148403570570e-08
1.134503602823820728e-08
1.170173036421823920e-08
1.054033294542602854e-08
1.068752991681086787e-08
9.844731314708399752e-09
9.879156536962240337e-09
1.006176005345403474e-08
9.967671164028194602e-09
1.108824146437985481e-08
1.010518298543404649e-08
1.171854165360088353e-08
1.070613258103216718e-08
1.050449994085520964e-08
1.194442699062624511e-08
9.738606362117292499e-09
1.246793959510077812e-08
1.159770218251909291e-08
1.160121147614333396e-08
1.388064424226686740e-08
1.085590918151473734e-08
1.300915471105955590e-08
1.214624095184935904e-08
1.145763929914589128e-08
1.343187077922733351e-08
1.102473293148466994e-08
1.242774390169672274e-08
1.144166202433052074e-08
1.064869392359269816e-08
1.164574530839692586e-08
1.019707189457324686e-08
1.108442576125252110e-08
9.928131119852922062e-09
1.016474569137775917e-08
1.000791190415399290e-08
9.075253098299521617e-09
1.066001399735957860e-08
9.023562588380736017e-09
1.007449426533439593e-08
1.010259941872622348e-08
9.192471637089531582e-09
1.122092962845066781e-08
9.445858089836855439e-09
1.031943449771358758e-08
9.727987543760261972e-09
7.749456199737165289e-09
9.397477171848510551e-09
7.256989432999688109e-09
7.965233190642943244e-09
8.473434442843006219e-09
6.821217373710573217e-09
8.181881507875444690e-09
6.405195560759821061e-09
6.594228944771641531e-09
6.316217898965290612e-09
4.608244356836054615e-09
5.816630163480916940e-09
3.894793973527886904e-09
4.777039786342376048e-09
5.435775972910463996e-09
4.431901042876262964e-09
6.938388456770701188e-09
5.855512174513655899e-09
6.613888040598027340e-09
7.397452181838953735e-09
5.782374819952292488e-09
7.305150526024234380e-09
6.466613287745767643e-09
6.849415709378080770e-09
7.745810796621592133e-09
7.430526927131057797e-09
8.439847325564894403e-09
8.096120299599150394e-09
8.797486348257456007e-09
7.963371541565912674e-09
8.267129121897373631e-09
9.319282424360285033e-09
8.352062514145181566e-09
1.059458515961426155e-08
1.068108429712192785e-08
1.094471652283902286e-08
1.223520971334592131e-08
1.177940980749147775e-08
1.297964806090655065e-08
1.269791566017926744e-08
1.381497227461390747e-08
1.426170539524602194e-08
1.407382058060209505e-08
1.571939669879713950e-08
1.493615897416764902e-08
1.568275412301762229e-08
1.579655976386421896e-08
1.588789929663315228e-08
1.675337946834436183e-08
1.630564938568934656e-08
1.805967197771784434e-08
1.761044964329605063e-08
1.789573747871572064e-08
1.883261334218280469e-08
1.753274427136321741e-08
1.847980525125153651e-08
1.788991438563100180e-08
1.729790654380548223e-08
1.720709049251316898e-08
1.595733086068992534e-08
1.548098016792942523e-08
1.409567003150508771e-08
1.385019159730177966e-08
1.343777065999666280e-08
1.268489735115285184e-08
1.340813527573580003e-08
1.286591658801851622e-08
1.241523934227847911e-08
1.240975584741526312e-08
1.170223455846735724e-08
1.119608173614726440e-08
1.073259333996853037e-08
9.917531000915253102e-09
