# bin_5_2
0.000000000000000000e+00
-1.531512172947028388e-08
3.260233805529812600e-06
3.268287714943757563e-06
3.244268760116520580e-06
3.274639517999634027e-06
3.214276178898190415e-06
3.215935015339956308e-06
3.179604242513561104e-06
3.125869453131295665e-06
3.120038182151469397e-06
3.054380047255268701e-06
3.026423628355590039e-06
2.993284883049839106e-06
2.937925351638017000e-06
2.951408871624825199e-06
2.898562633874035463e-06
2.864606524385898063e-06
2.821119210912117257e-06
2.745648630555380901e-06
2.711794913318348115e-06
2.632315320613903930e-06
2.614351474565008518e-06
2.568241961807744906e-06
2.488019350212799067e-06
2.467093141112852803e-06
2.362425898880013189e-06
2.298445245895028376e-06
2.258320463861254049e-06
2.158625380321751100e-06
2.120760803641339355e-06
2.067290226078009621e-06
1.995362051790247935e-06
1.963250149851666024e-06
1.898153352351487832e-06
1.841233316297108654e-06
1.803851299577120442e-06
1.732104589682679468e-06
1.697973350005836037e-06
1.655605536374198873e-06
1.598584818365847948e-06
1.586725790781505998e-06
1.528803979111085631e-06
1.498930364981667338e-06
1.475258597612847537e-06
1.413991233623242393e-06
1.400593406065313219e-06
1.347677971127535693e-06
1.317444655013422264e-06
1.302436481423568038e-06
1.254331857229705643e-06
1.246670124906874454e-06
1.205504432282934334e-06
1.178338491399634996e-06
1.156413899715342166e-06
1.115656394438771929e-06
1.106655640147241800e-06
1.074936489724889511e-06
1.059297396303495551e-06
1.040187233600477082e-06
1.018891776172384252e-06
1.005860641141231552e-06
9.768490538009796284e-07
9.702682029515736558e-07
9.326502266729681558e-07
9.185853627667075746e-07
9.121852932771980330e-07
8.758371434267143395e-07
8.874624782054747575e-07
8.638320719578320252e-07
8.430915792938828172e-07
8.421447400542138520e-07
8.081222592456847666e-07
7.999774086661966689e-07
7.826960177554509956e-07
7.666210154108152090e-07
7.545374367489433510e-07
7.416406019579072559e-07
7.378741972056759648e-07
7.140786713909349235e-07
7.177572014788495369e-07
7.067200867874628793e-07
6.884265555228936891e-07
6.980731198380523218e-07
6.747740075918586900e-07
6.725465893309057409e-07
6.687579070698308177e-07
6.469487934420490998e-07
6.537475883435083086e-07
6.337960168058180427e-07
6.264347821008293337e-07
6.268822649930598586e-07
6.016699576805971835e-07
6.040549017990004118e-07
5.908853887933881981e-07
5.781180707674512685e-07
5.824188439498359416e-07
5.672150372369645236e-07
5.695481911327546437e-07
5.620208527373954573e-07
5.536823115260362438e-07
5.527927573101175133e-07
5.327930802419785699e-07
5.321743550086935246e-07
5.174858862777237491e-07
5.045827073294900545e-07
5.047846879953694395e-07
4.872264392073367802e-07
4.887152874655064921e-07
4.808839269287760235e-07
4.756725822713870993e-07
4.772379115035517132e-07
4.679149214567098645e-07
4.726993286416156406e-07
4.616883224381114880e-07
4.577936945575347989e-07
4.552101471331743995e-07
4.432869713518558103e-07
4.435414455021378739e-07
4.332421728795267965e-07
4.329919285581334286e-07
4.285488796811901093e-07
4.240357945832047562e-07
4.271702473547465326e-07
4.200794304409563366e-07
4.215424445880011395e-07
4.125484181825781142e-07
4.092583612726952531e-07
4.055007797760040382e-07
3.960648420909767938e-07
3.997860339351736783e-07
3.892071764193877196e-07
3.889771509984012995e-07
3.876657579344494909e-07
3.791588148342924609e-07
3.817499700838444935e-07
3.749490389211295467e-07
3.733124948854541962e-07
3.697802716686957157e-07
3.660854202696396248e-07
3.641362482305196712e-07
3.596117021120420328e-07
3.616308009349491768e-07
3.578077906772609452e-07
3.597018574315525775e-07
3.598364439939281398e-07
3.584279219969710566e-07
3.608887549091447921e-07
3.575129094279543909e-07
3.593045311395255630e-07
3.545271744941561674e-07
3.526069187338750853e-07
3.542411564585684826e-07
3.486749095575606861e-07
3.504053990407167264e-07
3.477840754908822943e-07
3.432503133170979312e-07
3.435136304666775363e-07
3.395302647369313978e-07
3.357354835753045529e-07
3.357586723470095300e-07
3.321330065834388837e-07
3.268563877687720525e-07
3.260149026314512962e-07
3.224982132563784622e-07
3.210854039954970431e-07
3.201783645404438070e-07
3.187441892150138172e-07
3.179423905415044452e-07
3.138685419975257068e-07
3.140624317444482297e-07
3.096092894367629499e-07
3.061416474096567441e-07
3.038944502101977895e-07
2.973621364675373878e-07
2.966634158995449245e-07
2.911503299780569125e-07
2.900906720290115416e-07
2.893185000588083437e-07
2.846555916126540107e-07
2.868190944657883071e-07
2.814318031001271577e-07
2.805814279134712239e-07
2.789270139418004635e-07
2.731073492691663253e-07
2.753284307484454990e-07
2.697002771125842166e-07
2.688164649086774960e-07
2.689881202250243459e-07
2.631085705040457279e-07
2.651771248322212453e-07
2.606608659094308673e-07
2.567819620563636606e-07
2.567914117653720311e-07
2.510280488140653711e-07
2.504456592712296892e-07
2.483288162082987365e-07
2.470659614891615413e-07
2.474634991904644182e-07
2.430444349503687716e-07
2.439704283156266555e-07
2.404094949269951183e-07
2.381511940953277499e-07
2.400181132760429407e-07
2.354800021461602158e-07
2.368109768074012362e-07
2.340051503289270850e-07
2.317885394893935153e-07
2.306002238977503174e-07
2.243948998682670007e-07
2.273282534268534927e-07
2.214385837252978994e-07
2.199907362087671215e-07
2.222764344665412846e-07
2.149503408067803715e-07
2.185732217854086687e-07
2.147971078668325065e-07
2.124391726705294683e-07
2.142056409849937266e-07
2.105948577226211697e-07
2.121110784851753413e-07
2.081808311410284700e-07
2.106876027284188730e-07
2.083159545479608230e-07
2.069883696660139220e-07
2.118034706580060754e-07
2.035934017501593648e-07
2.075941547279968946e-07
2.038560753943968341e-07
1.986148708653908647e-07
2.026831376012826792e-07
1.947726005926169910e-07
1.984582983625980345e-07
1.948894822377071644e-07
1.925970444386989451e-07
1.963587831362809294e-07
1.889193234999018051e-07
1.941467481859685821e-07
1.895614149499237388e-07
1.868402426274127113e-07
1.903720692873835265e-07
1.826013115071418907e-07
1.859322725718828516e-07
1.829401744381372333e-07
1.808926099436710835e-07
1.835717686078960411e-07
1.790359374933186049e-07
1.815006025125051635e-07
1.794559941497007853e-07
1.775458225760258245e-07
1.775017728789510184e-07
1.734982833594002919e-07
1.738179063665920793e-07
1.719820856831768870e-07
1.704412665509901373e-07
1.714963080410310914e-07
1.692593118020872717e-07
1.696972506254300645e-07
1.714624715280652655e-07
1.677367568277746243e-07
1.691636014501734215e-07
1.682453387684532415e-07
1.642269971251845026e-07
1.685169765871138118e-07
1.648238169724408487e-07
1.647671157890670706e-07
1.657951278257991754e-07
1.607038926784483102e-07
1.625101472974100177e-07
1.584417950583232818e-07
1.590416915880378202e-07
1.580000398268179711e-07
1.561139498479715833e-07
1.596992609435550214e-07
1.550392142968930930e-07
1.589873282994907512e-07
1.556372802178570221e-07
1.536563699255264563e-07
1.556992671395624283e-07
1.470689777155831756e-07
1.519307874688273702e-07
1.471228342340349584e-07
1.457533233486842646e-07
1.502816315124071090e-07
1.440218229070448415e-07
1.485925495002494971e-07
1.440438665354257052e-07
1.440067606744900363e-07
1.440423210682279878e-07
1.392319230132141086e-07
1.450970686082993058e-07
1.400041500128305663e-07
1.440291131167701209e-07
1.447644814502358198e-07
1.411397314786784972e-07
1.459345869656468585e-07
1.399303363919768421e-07
1.428621958355006648e-07
1.409806181251568745e-07
1.392658887928716375e-07
1.422030271736748794e-07
1.364705978963429426e-07
1.411980183800026216e-07
1.376103256661963501e-07
1.376520284154545362e-07
1.414384734041465449e-07
1.365142281014025830e-07
1.421028486339522966e-07
1.385032538301961796e-07
1.382404559622981521e-07
1.403896899004945024e-07
1.344981875721298413e-07
1.385997383557079520e-07
1.346772939796652171e-07
1.338131165027104865e-07
1.364659318452235132e-07
1.315059923998053585e-07
1.346607916174631165e-07
1.328341808575687149e-07
1.313252393548998034e-07
1.328753438651523093e-07
1.290057557908200245e-07
1.313899156552449382e-07
1.310008702073305850e-07
1.302621125711738391e-07
1.339651360090345717e-07
1.320745818836324057e-07
1.341246994236825566e-07
1.360546467451497822e-07
1.341654101611064233e-07
1.372604289373486462e-07
1.365545655320150459e-07
1.362248578320195278e-07
1.372758968393450226e-07
1.344531838337158904e-07
1.362683626514111407e-07
1.349541064276366728e-07
1.350561378063604459e-07
1.379681009328683814e-07
1.355322703174155374e-07
1.385629280513956546e-07
1.368235204364379487e-07
1.345605498728020601e-07
1.365350548134752575e-07
1.314506151541395452e-07
1.330905290797461891e-07
1.325983858348201359e-07
1.299872371140189700e-07
1.329337861300913524e-07
1.299063813009601279e-07
1.303964583152212389e-07
1.301918813087535385e-07
1.284784900008477722e-07
1.307884336910677668e-07
1.293905987253868611e-07
1.302339464928121756e-07
1.312285570899879840e-07
1.296285208020153512e-07
1.296575882587405303e-07
1.297817960953667429e-07
1.282820645819792161e-07
1.278751600225394640e-07
1.285979291560872660e-07
1.263173149274824223e-07
1.264095663257768842e-07
1.254478165905075041e-07
1.232607735137109819e-07
1.234585434982295215e-07
1.213557385021806029e-07
1.216869286025590686e-07
1.203460791012249700e-07
1.187845277938241699e-07
1.190239774097960257e-07
1.169523580315956944e-07
1.168368761580554507e-07
1.151496569375011002e-07
1.150438216635589605e-07
1.135753638558643670e-07
1.119371558815631832e-07
1.132051259838856687e-07
1.096016752630039849e-07
1.112383517492715504e-07
1.108114510464794708e-07
1.080215795173964514e-07
1.103395718647628685e-07
1.078802735387407956e-07
1.091251003771017927e-07
1.093033320564826279e-07
1.092661103028392090e-07
1.116393903070741230e-07
1.091440194674453002e-07
1.120791966008541537e-07
1.114658304187081909e-07
1.111984767630042816e-07
1.146406035697677133e-07
1.121400872277954109e-07
1.149191870605599721e-07
1.147795717010706069e-07
1.141821814546704160e-07
1.164828177082074197e-07
1.136245251724894163e-07
1.153268637912797335e-07
1.135391665306618022e-07
1.117700225137177150e-07
1.132129137857608451e-07
1.097262159133621237e-07
1.108539555749303794e-07
1.094760750293387475e-07
1.082380649506452600e-07
1.105637153730555662e-07
1.086465939946465033e-07
1.113326480252455014e-07
1.118197697707418152e-07
1.113024627487974886e-07
1.135938362904426001e-07
1.104564542576055750e-07
1.107610708652503338e-07
1.098113843517759128e-07
1.079539732373222699e-07
1.099267101046778362e-07
1.075582171013654212e-07
1.091983921025739185e-07
1.087789835263902418e-07
1.051992629419180134e-07
1.071132490314314779e-07
1.037898596238306697e-07
1.033771562343057343e-07
1.051418373100711346e-07
1.024339113755998172e-07
1.040605994571540668e-07
1.032142586096784698e-07
1.016379063195599113e-07
1.014379829531281110e-07
9.983935157948773177e-08
9.928950893112411479e-08
9.786003408359020911e-08
9.808801922998494392e-08
9.645756111376921533e-08
9.630866772623652191e-08
9.637888018511671510e-08
9.423461703647834417e-08
9.716797191119139264e-08
9.527097377242207780e-08
9.598760250264206748e-08
9.792945472500842342e-08
9.422902794951212331e-08
9.652585017848154037e-08
9.332307648366194628e-08
9.212426184093586389e-08
9.333501446816824506e-08
8.982530714714563773e-08
9.264205092983515533e-08
9.056813826645636056e-08
9.062103374760734829e-08
9.181715139473490227e-08
8.917281470248144191e-08
9.153915141706211083e-08
8.944784533753107695e-08
9.005249562851559954e-08
8.983589464298450740e-08
8.778065138708482053e-08
8.891301290919014466e-08
8.594106322984930412e-08
8.710067380012923750e-08
8.590326779258991855e-08
8.587685048645773878e-08
8.744793321329536182e-08
8.480319717119686804e-08
8.769493651922026288e-08
8.578308004197580986e-08
8.645010530720597930e-08
8.809169195169510072e-08
8.466154777402285488e-08
8.771762712997481215e-08
8.503478335044022853e-08
8.398724600677531257e-08
8.569162647518519607e-08
8.395832067651548656e-08
8.650517588199626262e-08
8.537267845002593422e-08
8.632452783885224201e-08
8.687963008578168903e-08
8.547133118282968713e-08
8.727027756624080946e-08
8.463184352440214685e-08
8.538258916416993629e-08
8.475173535186203418e-08
8.187888022335015034e-08
8.318364610962756867e-08
8.110112932269268361e-08
8.128865113130418753e-08
8.106789662261142394e-08
8.015651703179695767e-08
8.106038068680508603e-08
8.014026996868950816e-08
8.208566447706750797e-08
8.133989400220174144e-08
8.231197804178338329e-08
8.377286159318194131e-08
8.180303481602849630e-08
8.449387914254984804e-08
8.228488288044270014e-08
8.230959767662169180e-08
8.307128813420813766e-08
7.902964123591138956e-08
8.152121409162944469e-08
7.844872411136414106e-08
7.773223451477211014e-08
7.933520174585880891e-08
7.552770202276627764e-08
7.809756489864149567e-08
7.673615262149638467e-08
7.691195346936740832e-08
7.848427628317343600e-08
7.678974600334006911e-08
7.889756797441488419e-08
7.719434641076678219e-08
7.795214412310064989e-08
7.782526414484541514e-08
7.683291932108948548e-08
7.828962839090096256e-08
7.625935404921071684e-08
7.757773417009363523e-08
7.651728933183898656e-08
7.657720764914189169e-08
7.779018893507473379e-08
7.627243479019056036e-08
7.829392974263470055e-08
7.788326531257358556e-08
7.853034725142816846e-08
7.875558348014949685e-08
7.870081088439903487e-08
7.892462887084003993e-08
7.721146974205809900e-08
7.839980992946528965e-08
7.657112442504292398e-08
7.702616531332691769e-08
7.688050947117769838e-08
7.506656618434860177e-08
7.580082599507633882e-08
7.280701050764585848e-08
7.413940294847394599e-08
7.365419139339961862e-08
7.309394005001348387e-08
7.560958718975991514e-08
7.388143068404200674e-08
7.524422883958473694e-08
7.479245120454272756e-08
7.441490396514715266e-08
7.508712081923814459e-08
7.443438879776666019e-08
7.451360731214961919e-08
7.287922972559393670e-08
7.310495810073990316e-08
7.113403463602447802e-08
7.054375324049223170e-08
7.004529012533035258e-08
6.869505351929088707e-08
6.973972094244781191e-08
6.751234489863725805e-08
6.904652466076181597e-08
6.819181745046735867e-08
6.741824493934691269e-08
6.848315827311287902e-08
6.559086360827996977e-08
6.726633023581146542e-08
6.485362624577011637e-08
6.513693977926725416e-08
6.572432893098338729e-08
6.340235674284201370e-08
6.693155454407929546e-08
6.371115160515514432e-08
6.507520811254228209e-08
6.598964582424321475e-08
6.351806249577947484e-08
6.667323716104725138e-08
6.395177140411267494e-08
6.568588795403734602e-08
6.514038080271619834e-08
6.305621978026879718e-08
6.488282112970051572e-08
6.184721908102018192e-08
6.367465894975655981e-08
6.324225856354450712e-08
6.411027734625884530e-08
6.601053630504318524e-08
6.494149355669678804e-08
6.813793659195351859e-08
6.645673431897835266e-08
6.797339209670256378e-08
6.809971570174961078e-08
6.634331842163438231e-08
6.901954389668031624e-08
6.623335943367844719e-08
6.833583575973758044e-08
6.821702373436947747e-08
6.689819447797102755e-08
6.961517497700049242e-08
6.716702954864429119e-08
6.910658041652598662e-08
6.887386274908878142e-08
6.830933542434068036e-08
6.950635301458873682e-08
6.723174231332260239e-08
6.939033983344653895e-08
6.794567433466814415e-08
6.722803799688167839e-08
6.833117058536126857e-08
6.524370406532192032e-08
6.555000680177779991e-08
6.488929193680213728e-08
6.386721592335672813e-08
6.440683104397403112e-08
6.399806966544148501e-08
6.370392728657940901e-08
6.292769953215159844e-08
6.234120466994326707e-08
6.137464302580360872e-08
6.105094386545439208e-08
6.085670739903435891e-08
6.031131290622620040e-08
6.007218721616106137e-08
5.963020086372446882e-08
5.885764568457997488e-08
5.810840554166307094e-08
5.757794789623892498e-08
5.625325820224692739e-08
5.636502286953974677e-08
5.524586716924811270e-08
5.438438281247872966e-08
5.533481587992229967e-08
5.401350373163135229e-08
5.518964937105874761e-08
5.558143437377649460e-08
5.585024779881798214e-08
5.733504146420063081e-08
5.720309275396067152e-08
5.882767559907736762e-08
5.802042819252306175e-08
5.889635831140292976e-08
5.932291532538220487e-08
5.850611687192408095e-08
6.035486642109650424e-08
5.918800805261641240e-08
6.019749556818914708e-08
5.983843859143664949e-08
6.015137391618043910e-08
6.061998936307826011e-08
5.944307966160501450e-08
6.249461732046618564e-08
5.980348484393662327e-08
6.162816249269858414e-08
6.218228150687156400e-08
5.917295348859898279e-08
6.289172910998126051e-08
5.835496633256055159e-08
5.946644357548106999e-08
5.885619259881480198e-08
5.472224188378262904e-08
5.861676524402181699e-08
5.393174102152661075e-08
5.591149833944839747e-08
5.694680039580752065e-08
5.462192992645111196e-08
5.825948431624847383e-08
5.497695847487660398e-08
5.709932942270379476e-08
5.612745060198453033e-08
5.425260885503986063e-08
5.630726200291328382e-08
5.281447476267031647e-08
5.495700536877358655e-08
5.354926660833272059e-08
5.302351841860707471e-08
5.419907518434502982e-08
5.105492072385298623e-08
5.236938119199596188e-08
4.951585959129506199e-08
4.906027445920414079e-08
4.874016131137304371e-08
4.592554981016730955e-08
4.770420857634280508e-08
4.516796687998308504e-08
4.595596764451883506e-08
4.625026554309085317e-08
4.442464931590464316e-08
4.739513770697637621e-08
4.568185756021356476e-08
4.680605639690762878e-08
4.860749428571385975e-08
4.699306684663556690e-08
4.953561463870360275e-08
4.932102552553038226e-08
4.975074508478678840e-08
5.112560713514848199e-08
4.978889672297074788e-08
5.106077359174957191e-08
5.005251998602736844e-08
4.905963546910362474e-08
4.980355039448681088e-08
4.791013680081906180e-08
4.810272255326308928e-08
4.822635876687697487e-08
4.696343468015906020e-08
4.724474780882340279e-08
4.667671932050497345e-08
4.609598642072341571e-08
4.635879376844108319e-08
4.643659269806621224e-08
4.673155087302011659e-08
4.664041011822018107e-08
4.624360886693813001e-08
4.607442462680280833e-08
4.532440111268305764e-08
4.553629781213569636e-08
4.599269222210638677e-08
4.573880931366230783e-08
4.670906099938369203e-08
4.632909143526440704e-08
4.628124686225303906e-08
4.685550258276218114e-08
4.631069590574243761e-08
4.739540954444451198e-08
4.750451872238950739e-08
4.776623619468758626e-08
4.818599549009919306e-08
4.783668080144074114e-08
4.848011957024588960e-08
4.830046673870510163e-08
4.906144032235612252e-08
4.924724314691982899e-08
4.959047161159175918e-08
5.030800905756634015e-08
4.993166468381311173e-08
5.110789344792076248e-08
5.145963882599715133e-08
5.246955263440137527e-08
5.347007255981980267e-08
5.364461839715415365e-08
5.349466693003252420e-08
5.267203200017918754e-08
5.280296552670753149e-08
5.147322581781321828e-08
5.282507973579475089e-08
5.254277463072822485e-08
5.175015616739658054e-08
5.356700548643867091e-08
5.068237025847120616e-08
5.214188142611719210e-08
5.127816159964359389e-08
5.002138808458576855e-08
5.303306266335292196e-08
4.970902995432477561e-08
5.283636757575167232e-08
5.296411719873752515e-08
5.072253280915870945e-08
5.397589867299995679e-08
4.987281882323645743e-08
5.011994790102450925e-08
4.909423775283542783e-08
4.652121769468907865e-08
4.801894052812841961e-08
4.569348751791200638e-08
4.750920432348260150e-08
4.651526586238513327e-08
4.596920781803706662e-08
4.746890144582414968e-08
4.555789642114827206e-08
4.770375400188181856e-08
4.650199533836894667e-08
4.747772948905105509e-08
4.818956047288240952e-08
4.632693173971893157e-08
4.977373797361544191e-08
4.751983448418138164e-08
4.875747935865702501e-08
5.075150563736008022e-08
4.791638552059442078e-08
5.076294544633908322e-08
4.883294492367459923e-08
4.838097298349945035e-08
4.994178466224629959e-08
4.756824831897078277e-08
4.958590537874197217e-08
4.860987105801720913e-08
4.877611268451969931e-08
5.035133190459935940e-08
4.864431791475975006e-08
5.078956876193941000e-08
4.942742873010529050e-08
4.824338843979973760e-08
4.943299148065461347e-08
4.688682905692372094e-08
4.776461825570136169e-08
4.780861683537916836e-08
4.723362263999357391e-08
4.804391172780527585e-08
4.639012208374543910e-08
4.690699945375681453e-08
4.527145190154971856e-08
4.438403293553354945e-08
4.500192728101594675e-08
4.248143891860258157e-08
4.348992958164496648e-08
4.265084585027600756e-08
4.218320527869987642e-08
4.346984595098070319e-08
4.215198483693722183e-08
4.393399907798458096e-08
4.270163143010389417e-08
4.254319286297077958e-08
4.385838817137191035e-08
4.196639555623409920e-08
4.428550409838892949e-08
4.435723363587292373e-08
4.485791574267340573e-08
4.638925197917946721e-08
4.487266994627724127e-08
4.607926797707857173e-08
4.460856096004602661e-08
4.394709967672377621e-08
4.525144966709140558e-08
4.353184252063151243e-08
4.457310843528522832e-08
4.521495813551402660e-08
4.378907147518463839e-08
4.486582980579831264e-08
4.441874496651480602e-08
4.336236787540431843e-08
4.461207056560170288e-08
4.325470375858546299e-08
4.378006472050275481e-08
4.435636937888086688e-08
4.214601576707671020e-08
4.374100040361670613e-08
4.219809793541324465e-08
4.191368858075800942e-08
4.356970986902801948e-08
4.180963330308059835e-08
4.340664397855158244e-08
4.243066018700338995e-08
4.181444598422139380e-08
4.193756231773577721e-08
4.081589493364301138e-08
4.285983319405136147e-08
4.189785576777927636e-08
4.297060170122416299e-08
4.381556926321796162e-08
4.218350740005127946e-08
4.340550325238894692e-08
4.245221671961984052e-08
4.203411779709963897e-08
4.283435582399574447e-08
4.257068894971896748e-08
4.263498566198593691e-08
4.301759013628776347e-08
4.266601423509429645e-08
4.250112176772679433e-08
4.269450041260691980e-08
4.198160203270213934e-08
4.278013515835966180e-08
4.225718502052171097e-08
4.255970857204905924e-08
4.263087161711381611e-08
4.163772562633938010e-08
4.339962234682874114e-08
4.185672256469766170e-08
4.295886156490814295e-08
4.330122647289712232e-08
4.153725344506930098e-08
4.373579062005245758e-08
4.198105221985730170e-08
4.306076743639683325e-08
4.366499733571269746e-08
4.309000644356651705e-08
4.455973093661312345e-08
4.260890171097101360e-08
4.470442658032121588e-08
4.357178235840072779e-08
4.271879155729037532e-08
4.470237791981238375e-08
4.192179351372106203e-08
4.312531434387296814e-08
4.261916521413728335e-08
4.193558990081283307e-08
4.303629910773307009e-08
4.154966835523981280e-08
4.245722921299803942e-08
4.146796350206703610e-08
4.108660637775730806e-08
4.173710795193514829e-08
4.075895131080929242e-08
4.137227998169201621e-08
4.101352211540238827e-08
4.040029206814208493e-08
4.021253670242412264e-08
3.961282802337001970e-08
3.939629555918357251e-08
3.994095637705179903e-08
4.032971368612223953e-08
4.058582810310091819e-08
4.126054499648960949e-08
4.092016970801193374e-08
4.136965389608766042e-08
4.156294568083217768e-08
4.138359890802048356e-08
4.232035135862727850e-08
4.182404032947846952e-08
4.154635874642687552e-08
4.159850762168333142e-08
4.094492222443633677e-08
4.077129970292980707e-08
4.088927064638285579e-08
4.114058140858270014e-08
4.109938090161832952e-08
4.160785519148308165e-08
4.197295576407016322e-08
4.151316815899744442e-08
4.151023894358952400e-08
4.141287420578107060e-08
4.083970341483921173e-08
4.042461518759818970e-08
4.075541347675731115e-08
4.095803448217960598e-08
4.071068690055704411e-08
4.133280288451815212e-08
4.161065200237918593e-08
4.169639161095052536e-08
4.268149193126466748e-08
4.258024377232373752e-08
4.285038153943920802e-08
4.334874552254254760e-08
4.266616892244155785e-08
4.310205983471240971e-08
4.212953830994024013e-08
4.145848176217538420e-08
4.160791757405262594e-08
3.972533290629966388e-08
4.027816361072070175e-08
3.946615266684576546e-08
3.823947961280045770e-08
3.901570508724979873e-08
3.721199382360961136e-08
3.765376651145473183e-08
3.754052581444828055e-08
3.732245458156964596e-08
3.883797471977878541e-08
3.792697720176606246e-08
3.915885503115876562e-08
3.896401828890921685e-08
3.865949586961105838e-08
3.974389513324018646e-08
3.889029315835205205e-08
3.970244065452837985e-08
3.893801530812926065e-08
3.913963612094057671e-08
3.918623562907099127e-08
3.865048213268746646e-08
4.020922669169645403e-08
3.905948410266421940e-08
4.049832735004246483e-08
4.026370081977815282e-08
3.917167432264327059e-08
4.067547762296562280e-08
3.841588386224742960e-08
3.902968745044957586e-08
3.831828793280936149e-08
3.747205443812545963e-08
3.866706826285347434e-08
3.716139045053933558e-08
3.897828696833548862e-08
3.792557323505505529e-08
3.771596964949494283e-08
3.852804795471076434e-08
3.557222065262393687e-08
3.667754045298298123e-08
3.482275845931188993e-08
3.397966885729444428e-08
3.475079206357245428e-08
3.243413451576094982e-08
3.399767809680861417e-08
3.273261710959743392e-08
3.217436968571919772e-08
3.309452093105616591e-08
3.104757237075020913e-08
3.210990463659894405e-08
3.098625581487908247e-08
3.037364691578394229e-08
3.142899322393097126e-08
3.011034056323836875e-08
3.122545443383808871e-08
3.097657248309398115e-08
3.056580181748586052e-08
3.112788144329070030e-08
2.976428142675077094e-08
2.986271933881973734e-08
2.929903160115833409e-08
2.898368879405951977e-08
2.933934259897724963e-08
2.891831314910434968e-08
2.965025288455278954e-08
2.953004798782038336e-08
2.953112691180995270e-08
2.980046603164464648e-08
2.987034295101486269e-08
2.996809908035615872e-08
3.002236385259029304e-08
3.048540558665006089e-08
2.955564062592310719e-08
3.005744384046068099e-08
2.944629060473716519e-08
2.832121782654164760e-08
2.921250192544002574e-08
2.737718144984227983e-08
2.816635373750480984e-08
2.848672880888166504e-08
2.727390497627244596e-08
2.880030860152627288e-08
2.744940189863926197e-08
2.686171646950489472e-08
2.578404636685825043e-08
2.418483660276230881e-08
2.361818287196286917e-08
2.156272019112103940e-08
2.149828723096036173e-08
