# bin_5_5
0.000000000000000000e+00
-1.626942788957276043e-08
7.393360731734393846e-06
7.384359610350579947e-06
7.349132766622288140e-06
7.412310384625340425e-06
7.317172125420822492e-06
7.400524279335048330e-06
7.320302472832784686e-06
7.330285445861288905e-06
7.222369120925725998e-06
7.237076041299509516e-06
7.087754985955757044e-06
7.138728016950396301e-06
7.075907260933130416e-06
7.047405963576290929e-06
7.108114226572564955e-06
6.972942394527051029e-06
6.947773442182637887e-06
6.848719704725954323e-06
6.754513672274080297e-06
6.673268786324091087e-06
6.608627165767965701e-06
6.552844459127104693e-06
6.445552345620248338e-06
6.396988242504488832e-06
6.237635745474450860e-06
6.127262855044416094e-06
6.035509227860774971e-06
5.865448510734950786e-06
5.799863537351098037e-06
5.700275898652011131e-06
5.569669632503624792e-06
5.502112348274090247e-06
5.380034525512080476e-06
5.251464559917323456e-06
5.192553783666127684e-06
5.061059059410450519e-06
4.984671084167537646e-06
4.929471438419531108e-06
4.797407825451640423e-06
4.781037320738585951e-06
4.674559561839226956e-06
4.596155588403105918e-06
4.585527908359515923e-06
4.458500655552296935e-06
4.445493547568406152e-06
4.366242756056804887e-06
4.290049865035690101e-06
4.287734684304588467e-06
4.186153733615602823e-06
4.172357601681526839e-06
4.118640455000586725e-06
4.051008240534606622e-06
4.023709216946307417e-06
3.937268183570701866e-06
3.900130812111874105e-06
3.841168534363051192e-06
3.786417021486568852e-06
3.746964389185397906e-06
3.700843577114040065e-06
3.667018231107400772e-06
3.617627340356074401e-06
3.587369679154798204e-06
3.522299104762041516e-06
3.495307778495639915e-06
3.457607479437792648e-06
3.399704151736936192e-06
3.400570595354273916e-06
3.333948444321565404e-06
3.314734897760153267e-06
3.286539534636690788e-06
3.233203892325087808e-06
3.231219245210482935e-06
3.169516182891928171e-06
3.170352106829968065e-06
3.135528798358533748e-06
3.103349239476544546e-06
3.116655643989191633e-06
3.049524653931392926e-06
3.056222327544938491e-06
3.013309340966857632e-06
2.980841799207902560e-06
2.981390897097661061e-06
2.920820570695493169e-06
2.947837380045791485e-06
2.901700072438634681e-06
2.884568417137584385e-06
2.899169003447253324e-06
2.836634620591019238e-06
2.856977403945938661e-06
2.819655895123862974e-06
2.793786425457508786e-06
2.794618260212621000e-06
2.747799576389290333e-06
2.754168473961063187e-06
2.724419007164392721e-06
2.713683901190737738e-06
2.709729745732560554e-06
2.678751788554544109e-06
2.682270690853480891e-06
2.652489870185735170e-06
2.634605454014290113e-06
2.622475713140475942e-06
2.591591289011185439e-06
2.584775235575788289e-06
2.564368856420482890e-06
2.542472685090264623e-06
2.533952488241891250e-06
2.509608674978394620e-06
2.492035303730490823e-06
2.481188946768997483e-06
2.456334147552627570e-06
2.447044604285197316e-06
2.429445008074903319e-06
2.406396471344431931e-06
2.398387838871013208e-06
2.376745080254728315e-06
2.363805303027917356e-06
2.345647408419198787e-06
2.329645396294519742e-06
2.316338989060613717e-06
2.293574383067220410e-06
2.290519873123634532e-06
2.273628086448055180e-06
2.266080948235743375e-06
2.258277732715850150e-06
2.239074577182784077e-06
2.237904874311643638e-06
2.216015319957139846e-06
2.207987894211309942e-06
2.197012562763330349e-06
2.176414435670653569e-06
2.173013156108393603e-06
2.151507057942806266e-06
2.143361424208243818e-06
2.130512560873855946e-06
2.115773600180161878e-06
2.111452308034643468e-06
2.096141933559614444e-06
2.092552122379512955e-06
2.078218503409334766e-06
2.069734730619103843e-06
2.060391657392549284e-06
2.047025730247944757e-06
2.046745969682984287e-06
2.030643472221535352e-06
2.031388451692634379e-06
2.023734602205816878e-06
2.010132616984506157e-06
2.009517319028169589e-06
1.990058127116615316e-06
1.987211710831628939e-06
1.975480221644979285e-06
1.964653122638999117e-06
1.967375202875878275e-06
1.951632270333975816e-06
1.952622704118689154e-06
1.947118697310039807e-06
1.934900056849270053e-06
1.934163281670879469e-06
1.924160070015716625e-06
1.915996744678879542e-06
1.910121135316726631e-06
1.902473246383025689e-06
1.895694667650244686e-06
1.891714166404866675e-06
1.883418689429171446e-06
1.881267215172805805e-06
1.876111360133955765e-06
1.866834112815528121e-06
1.870586806705699919e-06
1.856566509579949162e-06
1.855379773087614605e-06
1.854070240325028567e-06
1.836683605176738567e-06
1.840751436689752941e-06
1.824235016258129275e-06
1.817344483120902362e-06
1.813017183562596971e-06
1.793976832967237640e-06
1.797221452675807164e-06
1.781268533827795016e-06
1.776854661429049980e-06
1.775556283187721468e-06
1.758854857408260609e-06
1.759305222281551979e-06
1.745126529682612860e-06
1.736663123307904087e-06
1.731159350681008530e-06
1.721290122833216459e-06
1.718112237221398252e-06
1.706834050694102173e-06
1.703136286729852679e-06
1.693916569187660426e-06
1.687821394439560399e-06
1.683938826497905560e-06
1.673622120912609326e-06
1.672598288847689205e-06
1.661609548949989606e-06
1.656269265447639894e-06
1.653133245490112215e-06
1.644880034754803249e-06
1.646308571880154987e-06
1.640135366122119433e-06
1.637425362941800134e-06
1.635225927626525873e-06
1.628686362969213896e-06
1.626881259882016395e-06
1.618989834117358374e-06
1.614751912322911013e-06
1.612453735065959950e-06
1.605059598812489963e-06
1.604006163002497297e-06
1.602125090200390674e-06
1.594352615617896442e-06
1.593676061594337151e-06
1.590935110449211615e-06
1.586235059292601567e-06
1.589409689883541629e-06
1.585248387096450963e-06
1.583429753377989077e-06
1.582326593508812993e-06
1.577055719074737631e-06
1.576231965456836481e-06
1.569300186203472550e-06
1.566751603088401085e-06
1.561198003026143922e-06
1.556534298068049941e-06
1.556805935695414791e-06
1.549490220864390178e-06
1.552577413346964265e-06
1.546898580356988281e-06
1.541884217091413739e-06
1.543684384686768210e-06
1.534803741789580632e-06
1.538735235246846153e-06
1.536688562389493122e-06
1.534012950023126558e-06
1.535864794402941371e-06
1.528882552744258531e-06
1.527247754328926160e-06
1.520808929521936412e-06
1.517715712605141431e-06
1.512844137933125864e-06
1.507918827415953951e-06
1.507720884636434439e-06
1.500250311781705022e-06
1.500867068551801384e-06
1.497016353895178670e-06
1.492708910618585667e-06
1.492628840103117281e-06
1.488541743403620235e-06
1.485724202729805005e-06
1.481136995845764031e-06
1.481114133062930964e-06
1.474822115015162435e-06
1.475291181693497605e-06
1.476059007542351379e-06
1.470880863936900079e-06
1.477415703925227780e-06
1.470323030928560748e-06
1.472127653640298354e-06
1.473903892624694971e-06
1.466378481217964898e-06
1.472088223267248008e-06
1.464175552307301155e-06
1.463485954192803888e-06
1.460816653792876634e-06
1.454299055819073084e-06
1.458035095050291092e-06
1.452157995788638318e-06
1.457688388363391164e-06
1.455985921497516002e-06
1.456128500225299079e-06
1.460746127914958194e-06
1.451925001558062552e-06
1.458376656296171747e-06
1.453189603909616182e-06
1.450933907253137511e-06
1.457212214061016701e-06
1.450689301745973639e-06
1.457527086491697352e-06
1.454787602810369499e-06
1.452646735153434608e-06
1.455046817399333197e-06
1.445439488688344131e-06
1.448003565226448816e-06
1.442351036078785493e-06
1.434915672686758336e-06
1.437264601290429818e-06
1.429010538352641311e-06
1.427403523142645700e-06
1.426964576046202779e-06
1.420221144423567099e-06
1.420779459719300105e-06
1.416297800331719235e-06
1.411091179352405735e-06
1.410989745974613776e-06
1.404354588942286956e-06
1.402476311959082338e-06
1.402504079310069743e-06
1.398001004777378715e-06
1.399933580415696645e-06
1.399994190671318752e-06
1.397945858042167951e-06
1.398048235714662190e-06
1.396709844720653548e-06
1.394477020856306919e-06
1.391567180216000284e-06
1.391197281080595503e-06
1.386625798942999213e-06
1.382884480972386787e-06
1.381655959746983379e-06
1.374389826205883922e-06
1.373390172445797020e-06
1.370904940481770529e-06
1.365766849848628583e-06
1.366943211641725221e-06
1.362049265566838397e-06
1.358167824363226931e-06
1.356146547562183812e-06
1.350984537203689598e-06
1.347201436159830790e-06
1.343779720792796445e-06
1.342975925967422283e-06
1.339236386423223281e-06
1.338973200873992940e-06
1.340808428071849585e-06
1.336673041222741909e-06
1.338733215308110233e-06
1.337473247817166298e-06
1.334551048788393054e-06
1.335275894734247080e-06
1.331835784018766120e-06
1.332918538067400838e-06
1.331383766176282224e-06
1.330874036156315994e-06
1.331140064590663511e-06
1.327261643674457468e-06
1.329560849124320413e-06
1.325670730192769015e-06
1.324853081446363666e-06
1.325714061952557097e-06
1.321870997958885270e-06
1.324784524019681639e-06
1.320754042424592910e-06
1.322572912223002221e-06
1.322087762448213714e-06
1.316752112650803756e-06
1.321624489464724392e-06
1.313944436305632645e-06
1.314955857043561604e-06
1.317075516861444973e-06
1.310114860161096850e-06
1.316248495115962454e-06
1.313782283295389848e-06
1.313511811349646484e-06
1.315051827453489552e-06
1.312101478090813967e-06
1.312327043622648910e-06
1.307497952979778426e-06
1.308829078874048314e-06
1.305099155459709356e-06
1.304445693962453049e-06
1.307375810472959367e-06
1.302720854196728784e-06
1.305501810230593746e-06
1.301686446045313434e-06
1.301048076381840364e-06
1.301457256183047745e-06
1.298264305255524355e-06
1.301001790209256576e-06
1.296185212651907589e-06
1.296030595679364344e-06
1.291549947933140054e-06
1.288259360643976893e-06
1.289259400343433941e-06
1.282897034076997274e-06
1.287494658650709615e-06
1.284703065143602323e-06
1.284030067974151439e-06
1.286981697418568864e-06
1.281979691353471388e-06
1.286633355171395074e-06
1.283279441240322647e-06
1.284304374585335465e-06
1.286691666169511355e-06
1.281646912875033170e-06
1.285429699747721150e-06
1.280715674942560238e-06
1.278504017106445340e-06
1.278360628669145674e-06
1.272265972552363204e-06
1.271701203607641381e-06
1.268768010112170064e-06
1.266959053496816074e-06
1.267045165612029947e-06
1.266406781997231151e-06
1.267286445232038941e-06
1.267981983065857390e-06
1.268063668535199996e-06
1.267485673642200214e-06
1.265956262008636965e-06
1.264040652865814809e-06
1.262639991823416507e-06
1.260330019860133132e-06
1.261612530956474314e-06
1.261475458492818200e-06
1.260683384467541782e-06
1.260941441370871417e-06
1.258530822492142552e-06
1.259050306215944154e-06
1.255462891170657709e-06
1.256814622990959595e-06
1.256402721198445391e-06
1.252338160821754095e-06
1.255667446079115809e-06
1.248470001654786656e-06
1.248403267647165016e-06
1.246446402420824833e-06
1.241317376983231198e-06
1.245197654938063068e-06
1.238546308926631953e-06
1.242041345032211053e-06
1.239404610122513510e-06
1.237474704345073540e-06
1.241361285171617712e-06
1.234027008391463151e-06
1.241274570028478046e-06
1.234948340479819644e-06
1.235526855027863122e-06
1.238712846295503438e-06
1.228107828395523265e-06
1.237954989120581000e-06
1.229167807882259804e-06
1.231449318258921607e-06
1.235767471924065239e-06
1.225393009531664475e-06
1.235712444616294942e-06
1.225236234942804927e-06
1.227620007299590845e-06
1.229524077462472187e-06
1.220290009142697162e-06
1.230517329414992975e-06
1.220132056170899698e-06
1.224144095843086230e-06
1.224935903319660305e-06
1.217470015044129527e-06
1.226621463340722889e-06
1.218048962479626661e-06
1.221719966114947976e-06
1.221725431461560447e-06
1.216955710834522286e-06
1.221953657748629991e-06
1.216357326629872237e-06
1.218633742688091949e-06
1.216080858030464714e-06
1.215405077352653417e-06
1.215729218064159745e-06
1.213188909622829453e-06
1.216990919726130368e-06
1.212887214613823875e-06
1.216465510214097058e-06
1.215844681436901341e-06
1.214914141736372914e-06
1.218888588480338399e-06
1.215064923918232783e-06
1.218816570089909427e-06
1.216180052214094306e-06
1.216042252255099264e-06
1.217841283052239857e-06
1.214155818933443422e-06
1.217008296835679506e-06
1.213763318067278401e-06
1.213218374550964265e-06
1.212782358565615159e-06
1.210821079894677103e-06
1.210699439450337651e-06
1.208989824523984241e-06
1.210011691630437318e-06
1.206959621087747747e-06
1.208505786305601838e-06
1.206886017640101773e-06
1.205069328614291614e-06
1.207071212249884908e-06
1.202478879151900816e-06
1.204288871243519458e-06
1.201432318326873373e-06
1.200407348274551703e-06
1.201049034378414948e-06
1.197203752807115889e-06
1.200795131766440752e-06
1.197336678053361613e-06
1.198415026858996139e-06
1.199166788347382723e-06
1.196589264535861762e-06
1.200485044722777178e-06
1.196782904811890979e-06
1.198850821630638772e-06
1.199171420640879713e-06
1.197053188410297213e-06
1.199774619236145668e-06
1.196264169588698091e-06
1.196141623587759101e-06
1.194532056701630620e-06
1.191894545760158056e-06
1.190185834187792837e-06
1.188419005915006640e-06
1.188845786572430181e-06
1.186373585264593806e-06
1.187754473431477317e-06
1.186576399223044357e-06
1.185380151436719185e-06
1.187682127388542422e-06
1.185599808947665193e-06
1.186848187349328462e-06
1.187573120242549765e-06
1.186522474803170816e-06
1.187059037752696973e-06
1.185836435978086806e-06
1.184796017212566014e-06
1.184323035507308207e-06
1.184154736974862024e-06
1.184785106790160659e-06
1.185804472509522571e-06
1.186261070930045352e-06
1.187333157880598053e-06
1.187157869136178754e-06
1.187059483034772735e-06
1.188283416715608057e-06
1.187653939401707670e-06
1.188614152337126340e-06
1.188611081530280958e-06
1.187774221477698273e-06
1.188334596929721624e-06
1.187041126558822498e-06
1.187148138807370161e-06
1.187725393183700667e-06
1.186833030551831774e-06
1.187158914099156935e-06
1.186783908114377484e-06
1.185858867922434681e-06
1.186724822310454989e-06
1.184463198150840011e-06
1.183743593570678331e-06
1.184012134090296026e-06
1.179925884682869071e-06
1.182584856079397723e-06
1.181760865976991601e-06
1.180039066763565233e-06
1.184257094428574145e-06
1.180167913289763736e-06
1.181582957099992401e-06
1.182640169180808750e-06
1.179759747570564258e-06
1.182599917472378765e-06
1.179990935761679525e-06
1.180404102359611027e-06
1.180806639283482691e-06
1.179952667646756733e-06
1.182384755937459823e-06
1.180583043737044847e-06
1.181882371167695335e-06
1.181143473173915186e-06
1.179472029163340313e-06
1.180802749681859304e-06
1.178292624061126067e-06
1.178417749166447613e-06
1.177001700074053487e-06
1.174322373243598498e-06
1.174641032746833317e-06
1.171834317799119279e-06
1.172431794915453430e-06
1.172832780412738324e-06
1.169965535290080452e-06
1.170945773437812490e-06
1.168059029581115017e-06
1.165707116599657075e-06
1.165394028224194621e-06
1.162603907944876032e-06
1.162455259007354683e-06
1.161037758243714824e-06
1.161111139825550129e-06
1.159578044717508967e-06
1.159724088458818071e-06
1.160758768896649917e-06
1.156635177077616475e-06
1.160189109092161326e-06
1.156719125459745661e-06
1.155158846978412176e-06
1.158425546315063984e-06
1.152532447919016183e-06
1.156941604896304884e-06
1.154108745229365884e-06
1.152961724679695741e-06
1.156196480668394737e-06
1.150004811523245480e-06
1.154157370700889531e-06
1.150073908662153411e-06
1.149384213847476550e-06
1.151110400181459561e-06
1.145350358404018619e-06
1.149114571253439413e-06
1.145093609314938981e-06
1.146159726401105623e-06
1.146549368002477667e-06
1.144536927056245555e-06
1.148484225938177237e-06
1.143988801065510276e-06
1.147989939583107316e-06
1.146117144628161816e-06
1.144912433490191451e-06
1.148416348271610323e-06
1.141921418880331301e-06
1.145587203916869062e-06
1.142516709590519623e-06
1.140490319813174562e-06
1.143842997411911457e-06
1.140226413318407412e-06
1.143459498412079810e-06
1.142372639316456613e-06
1.143152312153503901e-06
1.144104497309528168e-06
1.142783420222896387e-06
1.144627164751862108e-06
1.141640821317390403e-06
1.143626120904289871e-06
1.142028340059128965e-06
1.140885522878325259e-06
1.141923564285355403e-06
1.137698471582578450e-06
1.138772792580930760e-06
1.135336733574361085e-06
1.134699059084960783e-06
1.135232824677967721e-06
1.132552290237848237e-06
1.135077583822003379e-06
1.132760683936741336e-06
1.134069904694772805e-06
1.134109342319087983e-06
1.133392853886028901e-06
1.135291918625464871e-06
1.132193758023334013e-06
1.135264222529195883e-06
1.132979777239447330e-06
1.133239150315147650e-06
1.135827876043090364e-06
1.130713461614372531e-06
1.134264789970802409e-06
1.131152351162537277e-06
1.129796352868487942e-06
1.132295662084576963e-06
1.129089089593618303e-06
1.132174045085023382e-06
1.130215041903109734e-06
1.131383615159373955e-06
1.131597461797082246e-06
1.130085609043274685e-06
1.133846711478140132e-06
1.130334406187253871e-06
1.132747934255361374e-06
1.132348296818284025e-06
1.130516356798623589e-06
1.133312213454888836e-06
1.130848610158868631e-06
1.133511388427935282e-06
1.132956290195338970e-06
1.134056079150708862e-06
1.136450203307260709e-06
1.135993103354420055e-06
1.139892259371540058e-06
1.138739617035030773e-06
1.140687738646145034e-06
1.141396014959674495e-06
1.140475244905436410e-06
1.142829005623135419e-06
1.142211183011528183e-06
1.144103200556043615e-06
1.143112793556730871e-06
1.143943345159363289e-06
1.143156889674818144e-06
1.140543811347505988e-06
1.142253104697904946e-06
1.139082394099719821e-06
1.140544047049594557e-06
1.140708781687693477e-06
1.139036578731312724e-06
1.140807909046419676e-06
1.138164303341049942e-06
1.138531514404360140e-06
1.137819969821233436e-06
1.137286407162995004e-06
1.137677953473650547e-06
1.136361194933904311e-06
1.137075186526549001e-06
1.135501730120799497e-06
1.135419814141935457e-06
1.134455916206374354e-06
1.133668363347411997e-06
1.132947869537104746e-06
1.129915422775189742e-06
1.130329672593439183e-06
1.127500406042624599e-06
1.125923890058624145e-06
1.126635074502514902e-06
1.124018475521335388e-06
1.124153001548885659e-06
1.123950020787975609e-06
1.122263536946579125e-06
1.122015443502011041e-06
1.120946687098174495e-06
1.118463937413004277e-06
1.118182893009367374e-06
1.116908665461722995e-06
1.114822139632760561e-06
1.115723671949740526e-06
1.114233589767722752e-06
1.114307873762577136e-06
1.114290306449645805e-06
1.113285600421760639e-06
1.113636318748130253e-06
1.111309938299321859e-06
1.111970187854336556e-06
1.110702343915743772e-06
1.110357912499357045e-06
1.112040860529894594e-06
1.110835628444052240e-06
1.113728079740302059e-06
1.112538478890938019e-06
1.113301088474689889e-06
1.114366661244100658e-06
1.111346072093068275e-06
1.114325741841148565e-06
1.111613855627251026e-06
1.111628247880398160e-06
1.112827652339190425e-06
1.109887207111206983e-06
1.112348031886223874e-06
1.109176187803678435e-06
1.109534061372408541e-06
1.109172217400671804e-06
1.105363095755928304e-06
1.107698452156532425e-06
1.103893007311930123e-06
1.103403451159827089e-06
1.102999248412648289e-06
1.099795563566079676e-06
1.100649108427940678e-06
1.098713892341836193e-06
1.099839118809674411e-06
1.098543352124639070e-06
1.098542203348381514e-06
1.099510439356106502e-06
1.096663133419511712e-06
1.099679298646386835e-06
1.098062835311134777e-06
1.098617594126345586e-06
1.101355256314590002e-06
1.099009346292307896e-06
1.101264610629048697e-06
1.100041571228666474e-06
1.099025766471726686e-06
1.098711179885989857e-06
1.097829178695798034e-06
1.098828892681120743e-06
1.097113405430275028e-06
1.099679476717507332e-06
1.098291202565429633e-06
1.097257179273699695e-06
1.099185205108693182e-06
1.095673536255689897e-06
1.098450110816408916e-06
1.098226283355727233e-06
1.096942760996509626e-06
1.099602609195908200e-06
1.096866259896219022e-06
1.097749417334038132e-06
1.097395478818541910e-06
1.096138107009718680e-06
1.097354051862545873e-06
1.095239059696110132e-06
1.095522011897026150e-06
1.095260593366711065e-06
1.094483980254621680e-06
1.095430038495762708e-06
1.094261045076701042e-06
1.094094758437370200e-06
1.094111882841719661e-06
1.092925317806013669e-06
1.093652532966648163e-06
1.094066306090833692e-06
1.093863201138655105e-06
1.094873134766662487e-06
1.093491416260401626e-06
1.092747747920509476e-06
1.093137430249586941e-06
1.092045456531964665e-06
1.092962007298349239e-06
1.093610269886442088e-06
1.094380161737928948e-06
1.095354951567421956e-06
1.095997666740295756e-06
1.096000438410818041e-06
1.095344275435281029e-06
1.096157929677416871e-06
1.094124680596037169e-06
1.095232275752163128e-06
1.095896861355454102e-06
1.094489268481208834e-06
1.097367095743064559e-06
1.094830618805311898e-06
1.096181462461363463e-06
1.096742572592032909e-06
1.094461831138896032e-06
1.098374348148559683e-06
1.095324756303982057e-06
1.096713547021675924e-06
1.097184195117686763e-06
1.093995373936109552e-06
1.096518861371263566e-06
1.092585696894179353e-06
1.092909681506396971e-06
1.092482697867040437e-06
1.090966834840743712e-06
1.093198139103781965e-06
1.091944725517061743e-06
1.094664267930594815e-06
1.093299081495631937e-06
1.094584545087343941e-06
1.095290536605734961e-06
1.092635861414871539e-06
1.095988123951030358e-06
1.092862938809694647e-06
1.094544736258025010e-06
1.094448213474902507e-06
1.092029151491591727e-06
1.094849609431111551e-06
1.090435607439006021e-06
1.092114075284490430e-06
1.090301854515901422e-06
1.087644493038352285e-06
1.089078685386579011e-06
1.084310293664072670e-06
1.085535209912442264e-06
1.082640123621444762e-06
1.081658619374050470e-06
1.082033402328896343e-06
1.077996306628657092e-06
1.080192502383146840e-06
1.076961027616750732e-06
1.076656046546788366e-06
1.076250438084311085e-06
1.073048426533273148e-06
1.074261448495665837e-06
1.070911002348770773e-06
1.071498393376655249e-06
1.071271375774869176e-06
1.069858963570140652e-06
1.070542469814338282e-06
1.069308310020185796e-06
1.070350716221312453e-06
1.069138821460360039e-06
1.070043589028120820e-06
1.069299171108900627e-06
1.067754353761476350e-06
1.068727950940530763e-06
1.066246444558204427e-06
1.067225360839498601e-06
1.066404650624059783e-06
1.065522864022149847e-06
1.065870477912104544e-06
1.064252872116273754e-06
1.065932410816839264e-06
1.065105008411470960e-06
1.065306690539950376e-06
1.065624472576689311e-06
1.064235489080202586e-06
1.064235938660538992e-06
1.062907285129062706e-06
1.063396861581924977e-06
1.062802114536809096e-06
1.062490805098296256e-06
1.062763381097265274e-06
1.062129942294508006e-06
1.063461415109435141e-06
1.063068251701108610e-06
1.063760198405088128e-06
1.064853555628922322e-06
1.063362624319581723e-06
1.063742829920947914e-06
1.064003450529852904e-06
1.062714034035947536e-06
1.063959908822101740e-06
1.063411945620113753e-06
1.062383543420809253e-06
1.063904677687653550e-06
1.062049238289386741e-06
1.063553223364625988e-06
1.063769025416232056e-06
1.062716716352251861e-06
1.065090542203530342e-06
1.061905138548132758e-06
1.063528186748678902e-06
1.062792605108375724e-06
1.061052689631143627e-06
1.063666898650101247e-06
1.060041520944589612e-06
1.062418627363987318e-06
1.061106568098989347e-06
1.060820911947116893e-06
1.063163415668348593e-06
1.059384720139694391e-06
1.063257119132744500e-06
1.059697330050890423e-06
1.059051096926085264e-06
1.060822681042951218e-06
1.055757797923199448e-06
1.059428969170809405e-06
1.056814254519212586e-06
1.056335716001667297e-06
1.058092899558316528e-06
1.055102355251011475e-06
1.056454594335401121e-06
1.055217646859605596e-06
1.055329991910692272e-06
1.054757608371234855e-06
1.054956231866894180e-06
1.054239020244932164e-06
1.053003952994976418e-06
1.054040607172023722e-06
1.051627487787733114e-06
1.053046120070348128e-06
1.051614448296638475e-06
1.051200055802923155e-06
1.051254720198024513e-06
1.048375869758173280e-06
1.049322623564432542e-06
1.045913655438928765e-06
1.045966516494785723e-06
1.043731370581881495e-06
1.042019810226909547e-06
1.042850414405475430e-06
1.038629360871426316e-06
1.040897137748535033e-06
1.037768666377360258e-06
1.037058035224840359e-06
1.037651027435479911e-06
1.034580731008824279e-06
1.037016914472657017e-06
1.033426501542979694e-06
1.035517534776885860e-06
1.034343062149951433e-06
1.032271101479828430e-06
1.034935639902136078e-06
1.029912459420884810e-06
1.032131093349740605e-06
1.029267092813598536e-06
1.027770775861109050e-06
1.028838053817154784e-06
1.024284014009046219e-06
1.026797069492577100e-06
1.023070812105824057e-06
1.022768825579716620e-06
1.022043155024879973e-06
1.019470276184224483e-06
1.021051137608952470e-06
1.016671584573453150e-06
1.019561495666071269e-06
1.016129142716490498e-06
1.014287860427065096e-06
1.017035199485277307e-06
1.011323580891444098e-06
1.014925938800958039e-06
1.012456678311111623e-06
1.010700069486391785e-06
1.012585327057112552e-06
1.007884404097530640e-06
1.009852671306700050e-06
1.007536347951497433e-06
1.007015320453104755e-06
1.007675199346706291e-06
1.005715966038154877e-06
1.006922807147618028e-06
1.004570302848997784e-06
1.005407716598100527e-06
1.003568645322616944e-06
1.002129263301257711e-06
1.002758243146761368e-06
9.996318317826771671e-07
9.998025534967937066e-07
9.972132105652223508e-07
9.952271353526664907e-07
9.927734628108829843e-07
9.887614834875723879e-07
9.857696703034760622e-07
9.809311063299483156e-07
9.780067728490846702e-07
9.725440456584995145e-07
9.690029043801182185e-07
9.637612292380980566e-07
9.575710613460499125e-07
9.531310648496793501e-07
9.440893315302015841e-07
9.398368769343284015e-07
9.305724270065466814e-07
9.220203647432316971e-07
9.150582635998772449e-07
9.022402477965919306e-07
8.952158198894671993e-07
8.821984037633879430e-07
8.713637874239178231e-07
8.583749430855908398e-07
8.419785903611261378e-07
8.293267956654345324e-07
8.083341335402821855e-07
7.938713872163329588e-07
7.712983502903317408e-07
7.498492192802813298e-07
7.299710164482144695e-07
6.981980759286521391e-07
6.790634903034081559e-07
6.412363284192881488e-07
6.053295377024554836e-07
5.717908992298324299e-07
