# sigma_8
8.114996145348634116e-01
7.945655992729805384e-01
7.779141677732165361e-01
7.615722183321004257e-01
7.455618374743350207e-01
7.299007035556679401e-01
7.146024131302082250e-01
6.996769168828959051e-01
6.851309034105533824e-01
6.709681526340416369e-01
6.571899158949761066e-01
6.437952684683729832e-01
6.307814035102362604e-01
6.181439321130249853e-01
6.058771420504661664e-01
5.939742543682409170e-01
5.824276012801682390e-01
5.712288454892282541e-01
5.603691133744004294e-01
5.498391589354059139e-01
5.396294681585795949e-01
5.297303750303006264e-01
5.201321547307152793e-01
5.108250704806274189e-01
5.017994696752816619e-01
4.930457982780069304e-01
4.845546700164927167e-01
4.763168962920181770e-01
4.683234865299046312e-01
4.605657020182690187e-01
4.530350426281284371e-01
4.457232748498436981e-01
4.386224214419643386e-01
4.317247868286333001e-01
4.250229367576940920e-01
4.185097037563816902e-01
4.121781984177868008e-01
4.060217691117629646e-01
4.000340499880959411e-01
3.942089016650758837e-01
3.885404383248252103e-01
3.830230010386670436e-01
3.776511777560034866e-01
3.724197533943791605e-01
3.673237419458752484e-01
3.623583471767807263e-01
3.575189845687332113e-01
3.528012500251396788e-01
3.482009260332729617e-01
3.437139509427628581e-01
3.393364586863789611e-01
3.350220986743854268e-01
3.308119636071529257e-01
3.267025204064600286e-01
3.226903938171654107e-01
3.187723353315687902e-01
3.149452373833553365e-01
3.112061139487889982e-01
3.075521030652528798e-01
3.039804508077279532e-01
3.004885205553320948e-01
2.970737820926442896e-01
2.937337955977391002e-01
2.904662310970325678e-01
2.872688394533474687e-01
2.841394551173833660e-01
2.810760146614579291e-01
2.780765135192616588e-01
2.751390403409995078e-01
2.722617408196405520e-01
2.694428440252370494e-01
2.666806349502873208e-01
2.639734726208027293e-01
2.613197671037466030e-01
2.587179905644089728e-01
2.561666749515850161e-01
2.536643994984204564e-01
2.512097933278283346e-01
2.488015408493401692e-01
2.464383725737486486e-01
2.441190575103433236e-01
2.418424109466061345e-01
2.396072925490352057e-01
2.374125965248213010e-01
2.352572570282622233e-01
2.331402434788857891e-01
2.310605627054992672e-01
2.290172503913185109e-01
2.270093795003356729e-01
2.250360498693914080e-01
2.230963914359295752e-01
2.211895624371462421e-01
2.193147513230276624e-01
2.174711690609199277e-01
2.156580527697145033e-01
2.138746633382326290e-01
2.121202864116363274e-01
2.103942321995214138e-01
2.086958213923616468e-01
2.070244114898249221e-01
2.053793662934636777e-01
2.037600765250326962e-01
2.021659493019892229e-01
2.005964074009539688e-01
1.990508946394028977e-01
1.975288702079962266e-01
1.960298048939091153e-01
1.945531923285673814e-01
1.930985349949326524e-01
1.916653507709571991e-01
1.902531736684534291e-01
1.888615489536083214e-01
1.874900376349908082e-01
1.861382053032528960e-01
1.848056398577849757e-01
1.834919339053171505e-01
1.821967014943146612e-01
1.809195427896234110e-01
1.796600942958000435e-01
1.784179926709594799e-01
1.771928827262762018e-01
1.759844233190224205e-01
1.747922773047205780e-01
1.736161213357206856e-01
1.724556372923327086e-01
1.713105157271430090e-01
1.701804556180740169e-01
1.690651615721099343e-01
1.679643532195582989e-01
1.668777484278149148e-01
1.658050750434817699e-01
1.647460721897522351e-01
1.637004768441071567e-01
1.626680405409825780e-01
1.616485180755032336e-01
1.606416677243349689e-01
1.596472584142711870e-01
1.586650604287394573e-01
1.576948521366623446e-01
1.567364166115809421e-01
1.557895414884145069e-01
1.548540227655355317e-01
1.539296515073932947e-01
1.530162376771738442e-01
1.521135832213188210e-01
1.512215051324735382e-01
1.503398148713178117e-01
1.494683349751317891e-01
1.486068899806339827e-01
1.477553075905434221e-01
