# bin_4_1
0.000000000000000000e+00
1.972820998581977889e-08
1.394995106164532920e-08
1.139008734594251396e-08
9.864104992909889444e-09
8.822723720536636666e-09
8.054008000623037160e-09
7.456562490705747058e-09
6.974975530822664600e-09
6.576069995273259629e-09
6.238607771326862243e-09
5.948279118936984267e-09
5.695043672971256979e-09
5.471620975153378799e-09
5.272585901519286585e-09
5.093801915037524509e-09
4.932052496454944722e-09
4.784793739758826486e-09
4.649983687215109734e-09
4.525961771849389918e-09
4.411361860268318333e-09
4.305048361238229687e-09
4.206068501390684244e-09
4.113616145588142578e-09
4.027004000311518580e-09
3.945641997163956108e-09
3.869020295613503850e-09
3.796695781980837986e-09
3.728281245352873529e-09
3.663436624944696024e-09
3.601861876144055707e-09
3.543291112950798355e-09
3.487487765411332300e-09
3.434240550533298325e-09
3.383360099962406522e-09
3.334676121538639061e-09
3.288034997636629815e-09
3.243297743016208660e-09
3.200338260265785370e-09
3.159041842908405714e-09
3.119303885663431122e-09
3.081028768813838883e-09
3.044128889567585679e-09
3.008523818058931281e-09
2.974139559468492133e-09
2.940907906845545831e-09
2.908765871743844055e-09
2.877655181850280816e-09
2.847521836485628490e-09
2.818315712259968649e-09
2.789990212329065675e-09
2.762501953666594827e-09
2.735810487576689400e-09
2.709878049350363317e-09
2.684669333541012249e-09
2.660151291817131260e-09
2.636292950759643292e-09
2.613065247319200785e-09
2.590440879945553516e-09
2.568394173654891979e-09
2.546900957518762255e-09
2.525938453245366607e-09
2.505485173685538364e-09
2.485520830235249019e-09
2.466026248227472361e-09
2.446983289511328718e-09
2.428374781507917329e-09
2.410184452112114928e-09
2.392396869879413243e-09
2.374997388998105528e-09
2.357972098600827430e-09
2.341307776016773477e-09
2.324991843607554867e-09
2.309012328866505628e-09
2.293357827493785929e-09
2.278017469188502792e-09
2.262980885924694959e-09
2.248238182500807952e-09
2.233779909172581910e-09
2.219597036197380119e-09
2.205680930134159167e-09
2.192023331757753210e-09
2.178616335459105072e-09
2.165452370014727758e-09
2.152524180619114844e-09
2.139824812083234812e-09
2.127347593110713524e-09
2.115086121570954192e-09
2.103034250695342122e-09
2.091186076128926673e-09
2.079535923775621299e-09
2.068078338380080720e-09
2.056808072794071289e-09
2.045720077879352295e-09
2.034809493002941416e-09
2.024071637084125771e-09
2.013502000155759290e-09
2.003096235405288431e-09
1.992850151663618457e-09
1.982759706312328365e-09
1.972820998581978054e-09
1.963030263216276655e-09
1.953383864478734644e-09
1.943878290480140445e-09
1.934510147806751925e-09
1.925276156430550686e-09
1.916173144884215664e-09
1.907198045684701717e-09
1.898347890990418993e-09
1.889619808478058517e-09
1.881011017426047918e-09
1.872518824992513705e-09
1.864140622676436765e-09
1.855873882951434026e-09
1.847716156062309845e-09
1.839665066975151747e-09
1.831718312472348012e-09
1.823873658384459600e-09
1.816128936951393434e-09
1.808482044305794311e-09
1.800930938072027854e-09
1.793473635074525842e-09
1.786108209149657954e-09
1.778832789055651289e-09
1.771645556475399177e-09
1.764544744107327705e-09
1.757528633839762195e-09
1.750595555004516078e-09
1.743743882705666150e-09
1.736972036219724670e-09
1.730278477463625183e-09
1.723661709527154185e-09
1.717120275266649163e-09
1.710652755956962822e-09
1.704257769998860206e-09
1.697933971679174836e-09
1.691680049981203261e-09
1.685494727442940208e-09
1.679376759060905042e-09
1.673324931237419397e-09
1.667338060769319531e-09
1.661414993876181226e-09
1.655554605266254835e-09
1.649755797238389493e-09
1.644017498818314907e-09
1.638338664927748150e-09
1.632718275584848737e-09
1.627155335134644733e-09
1.621648871508104330e-09
1.616197935508605096e-09
1.610801600124607267e-09
1.605458959867407782e-09
1.600169130132892685e-09
1.594931246586275427e-09
1.589744464568840242e-09
1.584607958525774292e-09
1.579520921454202857e-09
1.574482564370594215e-09
1.569492115796730375e-09
1.564548821263490319e-09
1.559651942831715561e-09
1.554800758629470832e-09
1.549994562405036716e-09
1.545232663095011559e-09
1.540514384406919442e-09
1.535839064415751388e-09
1.531206055173894905e-09
1.526614722333930113e-09
1.522064444783792840e-09
1.517554614293829272e-09
1.513084635175285134e-09
1.508653923949796570e-09
1.504261909029465640e-09
1.499908030407119641e-09
1.495591739356376037e-09
1.491312498141149660e-09
1.487069779734246067e-09
1.482863067544718057e-09
1.478691855153651777e-09
1.474555646058087523e-09
1.470453953422772916e-09
1.466386299839473607e-09
1.462352217093562557e-09
1.458351245937639311e-09
1.454382935871922028e-09
1.450446844931177537e-09
1.446542539477961966e-09
1.442669594001949617e-09
1.438827590925140408e-09
1.435016120412743022e-09
1.431234780189542050e-09
1.427483175361555781e-09
1.423760918242814245e-09
1.420067628187075725e-09
1.416402931424324171e-09
1.412766460901881248e-09
1.409157856129984324e-09
1.405576763031680080e-09
1.402022833796894748e-09
1.398495726740541204e-09
1.394995106164532837e-09
1.391520642223580317e-09
1.388072010794642434e-09
1.384648893349924098e-09
1.381250976833297413e-09
1.377877953540045339e-09
1.374529520999820796e-09
1.371205381862714331e-09
1.367905243788344700e-09
1.364628819337866929e-09
1.361375825868814702e-09
1.358145985432684025e-09
1.354939024675181659e-09
1.351754674739048352e-09
1.348592671169383470e-09
1.345452753821396162e-09
1.342334666770506124e-09
1.339238158224726571e-09
1.336162980439260310e-09
1.333108889633241536e-09
1.330075645908565630e-09
1.327063013170734180e-09
1.324070759051672617e-09
1.321098654834444167e-09
1.318146475379821646e-09
1.315213999054651967e-09
1.312301007661968062e-09
1.309407286372794045e-09
1.306532623659600393e-09
1.303676811231355377e-09
1.300839643970134079e-09
1.298020919869236388e-09
1.295220439972776758e-09
1.292438008316696100e-09
1.289673431871168088e-09
1.286926520484349433e-09
1.284197086827445989e-09
1.281484946341053135e-09
1.278789917182737338e-09
1.276111820175828295e-09
1.273450478759381127e-09
1.270805718939285455e-09
1.268177369240484548e-09
1.265565260660279329e-09
1.262969226622683303e-09
1.260389102933805474e-09
1.257824727738230418e-09
1.255275941476371127e-09
1.252742586842769182e-09
1.250224508745316194e-09
1.247721554265372531e-09
1.245233572618763689e-09
1.242760415117624510e-09
1.240301935133078248e-09
1.237857988058721092e-09
1.235428431274895820e-09
1.233013124113736180e-09
1.230611927824956360e-09
1.228224705542372913e-09
1.225851322251137655e-09
1.223491644755664359e-09
1.221145541648232077e-09
1.218812883278247731e-09
1.216493541722153283e-09
1.214187390753958665e-09
1.211894305816388684e-09
1.209614163992624468e-09
1.207346843978633031e-09
1.205092226056057464e-09
1.202850192065667744e-09
1.200620625381351902e-09
1.198403410884633485e-09
1.196198434939706622e-09
1.194005585368973605e-09
1.191824751429074646e-09
1.189655823787396977e-09
1.187498694499052764e-09
1.185353256984312994e-09
1.183219406006492804e-09
1.181097037650265911e-09
1.178986049300413715e-09
1.176886339620982419e-09
1.174797808534854149e-09
1.172720357203710160e-09
1.170653888008386739e-09
1.168598304529606658e-09
1.166553511529084299e-09
1.164519414930990810e-09
1.162495921803777433e-09
1.160482940342339837e-09
1.158480379850525725e-09
1.156488150723969187e-09
1.154506164433252814e-09
1.152534333507383321e-09
1.150572571517576530e-09
1.148620793061347588e-09
1.146678913746892964e-09
1.144746850177765902e-09
1.142824519937832892e-09
1.140911841576506645e-09
1.139008734594251396e-09
1.137115119428352305e-09
1.135230917438945200e-09
1.133356050895299024e-09
1.131490442962347480e-09
1.129634017687462820e-09
1.127786699987468910e-09
1.125948415635886303e-09
1.124119091250403976e-09
1.122298654280578943e-09
1.120487032995746391e-09
1.118684156473152742e-09
1.116889954586290955e-09
1.115104357993444492e-09
1.113327298126432075e-09
1.111558707179546423e-09
1.109798518098690059e-09
1.108046664570695585e-09
1.106303081012833510e-09
1.104567702562499589e-09
1.102840465067079583e-09
1.101121305073990624e-09
1.099410159820887398e-09
1.097706967226040792e-09
1.096011665878876605e-09
1.094324195030675760e-09
1.092644494585430445e-09
1.090972505090855967e-09
1.089308167729552536e-09
1.087651424310313247e-09
1.086002217259580551e-09
1.084360489613041267e-09
1.082726185007363879e-09
1.081099247672069622e-09
1.079479622421540267e-09
1.077867254647155144e-09
1.076262090309557422e-09
1.074664075931048385e-09
1.073073158588102278e-09
1.071489285904006468e-09
1.069912406041617406e-09
1.068342467696235712e-09
1.066779420088595192e-09
1.065223212957963954e-09
1.063673796555356762e-09
1.062131121636854937e-09
1.060595139457032545e-09
1.059065801762488258e-09
1.057543060785477096e-09
1.056026869237644123e-09
1.054517180303857400e-09
1.053013947636135238e-09
1.051517125347671061e-09
1.050026668006949668e-09
1.048542530631955731e-09
1.047064668684471414e-09
1.045593038064463337e-09
1.044127595104555144e-09
1.042668296564584246e-09
1.041215099626245200e-09
1.039767961887810650e-09
1.038326841358935796e-09
1.036891696455541672e-09
1.035462485994774090e-09
1.034039169190040360e-09
1.032621705646121471e-09
1.031210055354355423e-09
1.029804178687894999e-09
1.028404036397035645e-09
1.027009589604612823e-09
1.025620799801468451e-09
1.024237628841982670e-09
1.022860038939676148e-09
1.021487992662871094e-09
1.020121452930421981e-09
1.018760383007504985e-09
1.017404746501470708e-09
1.016054507357756875e-09
1.014709629855861824e-09
1.013370078605374657e-09
1.012035818542062886e-09
1.010706814924019630e-09
1.009383033327861690e-09
1.008064439644986551e-09
1.006751000077879645e-09
1.005442681136477030e-09
1.004139449634578115e-09
1.002841272686310496e-09
1.001548117702644216e-09
1.000259952387955659e-09
9.989767447366398317e-10
9.976984630297712395e-10
9.964250758318092286e-10
9.951565519873529558e-10
9.938928606179381312e-10
9.926339711188807041e-10
9.913798531561641823e-10
9.901304766633691379e-10
9.888858118386455187e-10
9.876458291417279749e-10
9.864104992909890271e-10
9.851797932605379377e-10
9.839536822773532892e-10
9.827321378184591963e-10
9.815151316081383275e-10
9.803026356151821505e-10
9.790946220501800537e-10
9.778910633628432108e-10
9.766919322393673220e-10
9.754972015998269949e-10
9.743068445956087966e-10
9.731208346068763583e-10
9.719391452400702225e-10
9.707617503254407759e-10
9.695886239146146851e-10
9.684197402781915226e-10
9.672550739033759624e-10
9.660945994916362388e-10
9.649382919563977597e-10
9.637861264207656719e-10
9.626380782152753431e-10
9.614941228756751044e-10
9.603542361407369102e-10
9.592183939500936742e-10
9.580865724421078318e-10
9.569587479517653386e-10
9.558348970085969651e-10
9.547149963346275093e-10
9.535990228423508586e-10
9.524869536327296603e-10
9.513787659932237366e-10
9.502744373958397995e-10
9.491739454952094966e-10
9.480772681266893772e-10
9.469843833044867082e-10
9.458952692198076227e-10
9.448099042390292587e-10
9.437282669018952636e-10
9.426503359197340478e-10
9.415760901736973034e-10
9.405055087130239588e-10
9.394385707533227451e-10
9.383752556748787504e-10
9.373155430209785861e-10
9.362594124962568526e-10
9.352068439650661802e-10
9.341578174498615383e-10
9.331123131296106011e-10
9.320703113382183823e-10
9.310317925629755474e-10
9.299967374430219261e-10
9.289651267678322542e-10
9.279369414757170129e-10
9.269121626523443598e-10
9.258907715292781907e-10
9.248727494825345030e-10
9.238580780311549223e-10
9.228467388357978072e-10
9.218387136973461042e-10
9.208339845555315400e-10
9.198325334875758734e-10
9.188343427068481745e-10
9.178393945615374068e-10
9.168476715333419662e-10
9.158591562361740060e-10
9.148738314148791681e-10
9.138916799439713066e-10
9.129126848263830321e-10
9.119368291922297999e-10
9.109640962975884745e-10
9.099944695232918176e-10
9.090279323737347627e-10
9.080644684756967170e-10
9.071040615771755465e-10
9.061466955462374854e-10
9.051923543698779009e-10
9.042410221528971554e-10
9.032926831167877379e-10
9.023473215986363886e-10
9.014049220500363568e-10
9.004654690360139268e-10
8.995289472339669383e-10
8.985953414326144745e-10
8.976646365309593700e-10
8.967368175372629211e-10
8.958118695680291074e-10
8.948897778470041175e-10
8.939705277041826975e-10
8.930541045748289769e-10
8.921404939985072190e-10
8.912296816181232219e-10
8.903216531789770941e-10
8.894163945278256444e-10
8.885138916119559401e-10
8.876141304782698247e-10
8.867170972723770178e-10
8.858227782376995886e-10
8.849311597145856322e-10
8.840422281394331813e-10
8.831559700438234250e-10
8.822723720536638527e-10
8.813914208883402906e-10
8.805131033598789679e-10
8.796374063721165441e-10
8.787643169198810975e-10
8.778938220881797295e-10
8.770259090513971307e-10
8.761605650725010738e-10
8.752977775022580392e-10
8.744375337784562861e-10
8.735798214251375049e-10
8.727246280518373618e-10
8.718719413528330751e-10
8.710217491064001928e-10
8.701740391740768161e-10
8.693287994999352664e-10
8.684860181098623351e-10
8.676456831108469773e-10
8.668077826902751408e-10
8.659723051152319353e-10
8.651392387318125916e-10
8.643085719644391065e-10
8.634802933151844364e-10
8.626543913631045491e-10
8.618308547635770926e-10
8.610096722476460615e-10
8.601908326213748384e-10
8.593743247652057492e-10
8.585601376333245813e-10
8.577482602530338916e-10
8.569386817241318967e-10
8.561313912182972573e-10
8.553263779784814110e-10
8.545236313183062812e-10
8.537231406214680867e-10
8.529248953411483889e-10
8.521288849994301029e-10
8.513350991867192974e-10
8.505435275611747511e-10
8.497541598481407129e-10
8.489669858395874182e-10
8.481819953935565671e-10
8.473991784336126974e-10
8.466185249482994165e-10
8.458400249906016305e-10
8.450636686774143913e-10
8.442894461890144307e-10
8.435173477685390378e-10
8.427473637214701040e-10
8.419794844151222023e-10
8.412137002781369728e-10
8.404500017999812311e-10
8.396883795304525209e-10
8.389288240791853906e-10
8.381713261151680098e-10
8.374158763662586819e-10
8.366624656187096987e-10
8.359110847166958471e-10
8.351617245618461214e-10
8.344143761127823639e-10
8.336690303846597654e-10
8.329256784487137773e-10
8.321843114318109525e-10
8.314449205160037158e-10
8.307074969380906131e-10
8.299720319891789406e-10
8.292385170142537833e-10
8.285069434117497421e-10
8.277773026331274174e-10
8.270495861824539256e-10
8.263237856159870332e-10
8.255998925417641522e-10
8.248778986191947464e-10
8.241577955586559437e-10
8.234395751210943519e-10
8.227232291176285984e-10
8.220087494091574536e-10
8.212961279059726068e-10
8.205853565673721660e-10
8.198764274012814992e-10
8.191693324638740752e-10
8.184640638591987156e-10
8.177606137388087076e-10
8.170589743013953629e-10
8.163591377924243687e-10
8.156610965037761704e-10
8.149648427733887337e-10
8.142703689849048547e-10
8.135776675673223666e-10
8.128867309946470333e-10
8.121975517855490636e-10
8.115101225030233457e-10
8.108244357540521651e-10
8.101404841892715402e-10
8.094582605026392131e-10
8.087777574311084297e-10
8.080989677543025478e-10
8.074218842941927470e-10
8.067464999147799775e-10
8.060728075217784604e-10
8.054008000623036333e-10
8.047304705245608209e-10
8.040618119375387640e-10
8.033948173707049071e-10
8.027294799337038911e-10
8.020657927760580103e-10
8.014037490868718059e-10
8.007433420945381062e-10
8.000845650664463425e-10
7.994274113086959308e-10
7.987718741658092399e-10
7.981179470204491099e-10
7.974656232931377133e-10
7.968148964419792434e-10
7.961657599623844629e-10
7.955182073867958731e-10
7.948722322844201211e-10
7.942278282609565810e-10
7.935849889583340003e-10
7.929437080544450785e-10
7.923039792628871459e-10
7.916657963327017048e-10
7.910291530481192449e-10
7.903940432283036438e-10
7.897604607271014284e-10
7.891283994327911390e-10
7.884978532678361055e-10
7.878688161886387751e-10
7.872412821852971075e-10
7.866152452813642786e-10
7.859906995336091089e-10
7.853676390317790758e-10
7.847460578983651875e-10
7.841259502883697526e-10
7.835073103890747687e-10
7.828901324198140349e-10
7.822744106317451597e-10
7.816601393076254985e-10
7.810473127615889183e-10
7.804359253389244235e-10
7.798259714158577804e-10
7.792174453993337615e-10
7.786103417267998379e-10
7.780046548659950417e-10
7.774003793147354159e-10
7.767975096007062885e-10
7.761960402812526857e-10
7.755959659431739844e-10
7.749972812025183579e-10
7.743999807043805299e-10
7.738040591227006665e-10
7.732095111600645087e-10
7.726163315475057794e-10
7.720245150443098316e-10
7.714340564378196745e-10
7.708449505432428267e-10
7.702571922034597208e-10
7.696707762888353127e-10
7.690856976970295539e-10
7.685019513528116897e-10
7.679195322078756940e-10
7.673384352406559123e-10
7.667586554561464250e-10
7.661801878857192754e-10
7.656030275869474527e-10
7.650271696434256005e-10
7.644526091645952751e-10
7.638793412855707203e-10
7.633073611669650564e-10
7.627366639947189503e-10
7.621672449799306298e-10
7.615990993586869321e-10
7.610322223918964198e-10
7.604666093651224976e-10
7.599022555884190102e-10
7.593391563961675973e-10
7.587773071469146362e-10
7.582167032232113892e-10
7.576573400314543571e-10
7.570992130017267714e-10
7.565423175876425671e-10
7.559866492661899420e-10
7.554322035375783286e-10
7.548789759250837110e-10
7.543269619748982852e-10
7.537761572559788779e-10
7.532265573598982608e-10
7.526781579006959483e-10
7.521309545147328201e-10
7.515849428605437799e-10
7.510401186186938255e-10
7.504964774916340168e-10
7.499540152035598204e-10
7.494127275002693517e-10
7.488726101490232716e-10
7.483336589384062330e-10
7.477958696781880186e-10
7.472592381991878826e-10
7.467237603531377565e-10
7.461894320125482449e-10
7.456562490705748299e-10
7.451242074408851080e-10
7.445933030575272689e-10
7.440635318748002275e-10
7.435348898671230334e-10
7.430073730289074846e-10
7.424809773744298116e-10
7.419556989377045318e-10
7.414315337723590287e-10
7.409084779515092676e-10
7.403865275676354089e-10
7.398656787324600050e-10
7.393459275768258885e-10
7.388272702505759203e-10
7.383097029224326349e-10
7.377932217798796437e-10
7.372778230290437615e-10
7.367635028945777535e-10
7.362502576195446338e-10
7.357380834653016530e-10
7.352269767113864578e-10
7.347169336554038701e-10
7.342079506129120469e-10
7.337000239173121546e-10
7.331931499197368034e-10
7.326873249889391014e-10
7.321825455111851212e-10
7.316788078901439884e-10
7.311761085467812784e-10
7.306744439192510699e-10
7.301738104627915127e-10
7.296742046496179149e-10
7.291756229688196556e-10
7.286780619262561669e-10
7.281815180444535361e-10
7.276859878625035899e-10
7.271914679359610138e-10
7.266979548367442972e-10
7.262054451530350239e-10
7.257139354891792312e-10
7.252234224655887686e-10
7.247339027186437934e-10
7.242453729005961979e-10
7.237578296794728291e-10
7.232712697389809832e-10
7.227856897784124528e-10
7.223010865125504688e-10
7.218174566715758159e-10
7.213347970009748084e-10
7.208531042614462322e-10
7.203723752288111828e-10
7.198926066939213507e-10
7.194137954625702039e-10
7.189359383554026176e-10
7.184590322078267798e-10
7.179830738699259932e-10
7.175080602063715111e-10
7.170339880963356832e-10
7.165608544334051016e-10
7.160886561254965391e-10
7.156173900947710251e-10
7.151470532775499907e-10
7.146776426242311029e-10
7.142091550992062702e-10
7.137415876807778906e-10
7.132749373610782019e-10
7.128092011459870798e-10
7.123443760550519056e-10
7.118804591214071224e-10
7.114174473916950329e-10
7.109553379259864930e-10
7.104941277977029504e-10
7.100338140935378623e-10
7.095743939133804916e-10
7.091158643702377379e-10
7.086582225901595882e-10
7.082014657121620856e-10
7.077455908881528831e-10
7.072905952828565903e-10
7.068364760737402243e-10
7.063832304509406239e-10
7.059308556171908310e-10
7.054793487877470918e-10
7.050287071903181328e-10
7.045789280649921622e-10
7.041300086641673867e-10
7.036819462524802534e-10
7.032347381067361738e-10
7.027883815158400402e-10
7.023428737807263294e-10
7.018982122142919971e-10
7.014543941413269954e-10
7.010114168984473739e-10
7.005692778340282787e-10
7.001279743081368469e-10
6.996875036924665491e-10
6.992478633702706020e-10
6.988090507362974476e-10
6.983710631967260266e-10
6.979338981691002243e-10
6.974975530822664187e-10
6.970620253763088566e-10
6.966273125024872017e-10
6.961934119231734621e-10
6.957603211117901586e-10
6.953280375527478722e-10
6.948965587413851706e-10
6.944658821839063626e-10
6.940360053973212171e-10
6.936069259093854067e-10
6.931786412585403297e-10
6.927511489938540704e-10
6.923244466749620489e-10
6.918985318720088080e-10
6.914734021655902143e-10
6.910490551466952453e-10
6.906254884166487067e-10
6.902026995870542611e-10
6.897806862797382823e-10
6.893594461266936078e-10
6.889389767700226694e-10
6.885192758618839339e-10
6.881003410644350340e-10
6.876821700497792085e-10
6.872647604999103981e-10
6.868481101066596857e-10
6.864322165716413227e-10
6.860170776061999961e-10
6.856026909313571653e-10
6.851890542777591567e-10
6.847761653856244306e-10
6.843640220046928131e-10
6.839526218941723499e-10
6.835419628226894685e-10
6.831320425682375897e-10
6.827228589181268761e-10
6.823144096689334646e-10
6.819066926264507651e-10
6.814997056056384866e-10
6.810934464305750733e-10
6.806879129344073508e-10
6.802831029593027559e-10
6.798790143564014638e-10
6.794756449857674808e-10
6.790729927163420123e-10
6.786710554258951759e-10
6.782698310009802996e-10
6.778693173368861526e-10
6.774695123375908293e-10
6.770704139157161514e-10
6.766720199924814492e-10
6.762743284976577563e-10
6.758773373695241759e-10
6.754810445548205246e-10
6.750854480087050430e-10
6.746905456947086939e-10
6.742963355846917351e-10
6.739028156587995691e-10
6.735099839054198324e-10
6.731178383211386592e-10
6.727263769106980808e-10
6.723355976869530127e-10
6.719454986708296886e-10
6.715560778912825437e-10
6.711673333852530622e-10
6.707792631976283154e-10
6.703918653811986714e-10
6.700051379966184013e-10
6.696190791123632856e-10
6.692336868046911168e-10
6.688489591576009605e-10
6.684648942627931406e-10
6.680814902196301550e-10
6.676987451350961438e-10
6.673166571237582186e-10
6.669352243077277916e-10
6.665544448166207679e-10
6.661743167875204256e-10
6.657948383649375041e-10
6.654160077007737051e-10
6.650378229542828150e-10
6.646602822920336887e-10
6.642833838878727157e-10
6.639071259228871148e-10
6.635315065853670900e-10
6.631565240707704688e-10
6.627821765816850652e-10
6.624084623277933180e-10
6.620353795258363086e-10
6.616629263995775713e-10
6.612911011797677317e-10
6.609199021041094549e-10
6.605493274172220835e-10
6.601793753706071029e-10
6.598100442226127789e-10
6.594413322384006576e-10
6.590732376899108231e-10
6.587057588558277769e-10
6.583388940215470399e-10
6.579726414791410319e-10
6.576069995273259836e-10
6.572419664714291602e-10
6.568775406233548432e-10
6.565137203015526910e-10
6.561505038309840311e-10
6.557878895430903239e-10
6.554258757757607995e-10
6.550644608733001971e-10
6.547036431863970225e-10
6.543434210720921150e-10
6.539837928937471110e-10
6.536247570210133216e-10
6.532663118298001963e-10
6.529084557022455442e-10
6.525511870266833779e-10
6.521945041976151683e-10
6.518384056156776884e-10
6.514828896876143723e-10
6.511279548262449158e-10
6.507735994504347745e-10
6.504198219850670396e-10
6.500666208610114185e-10
6.497139945150966279e-10
6.493619413900795810e-10
6.490104599346181940e-10
6.486595486032417114e-10
6.483092058563223744e-10
6.479594301600468839e-10
6.476102199863883790e-10
6.472615738130783135e-10
6.469134901235792619e-10
6.465659674070557617e-10
6.462190041583480498e-10
6.458725988779440425e-10
6.455267500719528651e-10
6.451814562520764179e-10
6.448367159355840439e-10
6.444925276452843006e-10
6.441488899094999388e-10
6.438058012620399844e-10
6.434632602421747164e-10
6.431212653946083704e-10
6.427798152694542192e-10
6.424389084222081032e-10
6.420985434137229947e-10
6.417587188101835621e-10
6.414194331830803203e-10
6.410806851091855394e-10
6.407424731705265677e-10
6.404047959543620507e-10
6.400676520531570120e-10
6.397310400645582447e-10
6.393949585913686688e-10
6.390594062415249976e-10
6.387243816280718879e-10
6.383898833691384689e-10
6.380559100879141473e-10
6.377224604126255496e-10
6.373895329765120166e-10
6.370571264178019257e-10
6.367252393796905636e-10
6.363938705103155180e-10
6.360630184627341365e-10
6.357326818949004690e-10
6.354028594696427274e-10
6.350735498546396073e-10
6.347447517223988845e-10
6.344164637502339442e-10
6.340886846202422740e-10
6.337614130192824062e-10
6.334346476389524114e-10
6.331083871755677711e-10
6.327826303301396644e-10
6.324573758083526340e-10
6.321326223205439068e-10
6.318083685816810600e-10
6.314846133113416517e-10
6.311613552336907837e-10
6.308385930774609390e-10
6.305163255759302682e-10
6.301945514669027372e-10
6.298732694926861035e-10
6.295524784000722709e-10
6.292321769403159892e-10
6.289123638691152090e-10
6.285930379465900917e-10
6.282741979372631574e-10
6.279558426100392258e-10
6.276379707381855636e-10
6.273205810993116187e-10
6.270036724753491680e-10
6.266872436525341193e-10
6.263712934213845911e-10
6.260558205766838517e-10
6.257408239174592265e-10
6.254263022469641067e-10
6.251122543726580969e-10
6.247986791061885068e-10
6.244855752633709126e-10
6.241729416641712695e-10
6.238607771326862657e-10
6.235490804971253313e-10
6.232378505897918202e-10
6.229270862470651221e-10
6.226167863093818443e-10
6.223069496212178203e-10
6.219975750310704290e-10
6.216886613914399831e-10
6.213802075588122548e-10
6.210722123936407951e-10
6.207646747603284253e-10
6.204575935272112104e-10
6.201509675665391241e-10
6.198447957544605388e-10
6.195390769710027869e-10
6.192338101000572719e-10
6.189289940293605461e-10
6.186246276504779742e-10
6.183207098587870861e-10
6.180172395534602062e-10
6.177142156374479098e-10
6.174116370174626861e-10
6.171095026039616710e-10
6.168078113111307237e-10
6.165065620568680902e-10
