# bin_5_4
0.000000000000000000e+00
1.551632759464806200e-08
1.097170046128759436e-08
8.958355913604478240e-09
7.758163797324031002e-09
6.939112652557773619e-09
6.334514214792334381e-09
5.864620582349685172e-09
5.485850230643797178e-09
5.172109198216020393e-09
4.906693612040972511e-09
4.678348795971393957e-09
4.479177956802239120e-09
4.303454980723108385e-09
4.146912982865661914e-09
4.006298557891368870e-09
3.879081898662015501e-09
3.763262211436468835e-09
3.657233487095865474e-09
3.559689682102233577e-09
3.469556326278886809e-09
3.385940271914611020e-09
3.308092158387292700e-09
3.235377956715660828e-09
3.167257107396167190e-09
3.103265518929612236e-09
3.043002199400333156e-09
2.986118637868159275e-09
2.932310291174842586e-09
2.881309699954093293e-09
2.832880877742873125e-09
2.786814703983146859e-09
2.742925115321898589e-09
2.701045936717045883e-09
2.661028229089810196e-09
2.622738056875659856e-09
2.586054599108010196e-09
2.550868543258311594e-09
2.517080713134274832e-09
2.484600891565922710e-09
2.453346806020486256e-09
2.423243251152173879e-09
2.394221326963443918e-09
2.366217774996172467e-09
2.339174397985696979e-09
2.313037550852591344e-09
2.287757692895119959e-09
2.263288992671886226e-09
2.239588978401119560e-09
2.216618227806866178e-09
2.194340092257519285e-09
2.172720450803991492e-09
2.151727490361554193e-09
2.131331508813463412e-09
2.111504738264111874e-09
2.092221186049266451e-09
2.073456491432830957e-09
2.055187796193258092e-09
2.037393627536115958e-09
2.020053791968937595e-09
2.003149278945684435e-09
1.986662173235434446e-09
1.970575575096864368e-09
1.954873527449894920e-09
1.939540949331007751e-09
1.924563575001383586e-09
1.909927898148993534e-09
1.895621120688559763e-09
1.881631105718234417e-09
1.867946334239968107e-09
1.854555865292808226e-09
1.841449299185547287e-09
1.828616743547932737e-09
1.816048781948586157e-09
1.803736444853402091e-09
1.791671182720895607e-09
1.779844841051116788e-09
1.768249637222680935e-09
1.756878138968405711e-09
1.745723244354313077e-09
1.734778163139443405e-09
1.724036399405340338e-09
1.713491735354238256e-09
1.703138216184156386e-09
1.692970135957305510e-09
1.682982024385626218e-09
1.673168634463937686e-09
1.663524930887175919e-09
1.654046079193646350e-09
1.644727435581112801e-09
1.635564537346991113e-09
1.626553093907944127e-09
1.617688978357830414e-09
1.608968219526277188e-09
1.600386994503161043e-09
1.591941621597042122e-09
1.583628553698083595e-09
1.575444372018285868e-09
1.567385780183942346e-09
1.559449598657131319e-09
1.551632759464806118e-09
1.543932301215632871e-09
1.536345364386195078e-09
1.528869186859527767e-09
1.521501099700166578e-09
1.514238523151038208e-09
1.507078962838555523e-09
1.500020006173241422e-09
1.493059318934079638e-09
1.486194642025619740e-09
1.479423788397597477e-09
1.472744640117534935e-09
1.466155145587421293e-09
1.459653316896169902e-09
1.453237227300088999e-09
1.446905008824118115e-09
1.440654849977046647e-09
1.434484993574369531e-09
1.428393734662835245e-09
1.422379418541123996e-09
1.416440438871436563e-09
1.410575235877096490e-09
1.404782294621579314e-09
1.399060143364651780e-09
1.393407351991573429e-09
1.387822530511554724e-09
1.382304327621887098e-09
1.376851429334382875e-09
1.371462557660949294e-09
1.366136469355317342e-09
1.360871954708102850e-09
1.355667836392561773e-09
1.350522968358522941e-09
1.345436234772154277e-09
1.340406548999323489e-09
1.335432852630456152e-09
1.330514114544905098e-09
1.325649330012946184e-09
1.320837519833634826e-09
1.316077729506833770e-09
1.311369028437829928e-09
1.306710509173030656e-09
1.302101286665315906e-09
1.297540497567698366e-09
1.293027299554005098e-09
1.288560870665375082e-09
1.284140408681415208e-09
1.279765130514925345e-09
1.275434271629155797e-09
1.271147085476611378e-09
1.266902842958466959e-09
1.262700831903705896e-09
1.258540356567137416e-09
1.254420737145489543e-09
1.250341309310809957e-09
1.246301423760454102e-09
1.242300445782961355e-09
1.238337754839166842e-09
1.234412744157914840e-09
1.230524820345784215e-09
1.226673403010243128e-09
1.222857924395705079e-09
1.219077829031955227e-09
1.215332573394460188e-09
1.211621625576086940e-09
1.207944464969781856e-09
1.204300581961777282e-09
1.200689477634919275e-09
1.197110663481721959e-09
1.193563661126773984e-09
1.190048002058139953e-09
1.186563227367411261e-09
1.183108887498086234e-09
1.179684542001955716e-09
1.176289759303204811e-09
1.172924116469937117e-09
1.169587198992848489e-09
1.166278600570790395e-09
1.162997922902965394e-09
1.159744775487519616e-09
1.156518775426295672e-09
1.153319547235527822e-09
1.150146722662266401e-09
1.146999940506325122e-09
1.143878846447559979e-09
1.140783092878289689e-09
1.137712338740676324e-09
1.134666249368898018e-09
1.131644496335943113e-09
1.128646757304870064e-09
1.125672715884377359e-09
1.122722061488538087e-09
1.119794489200559780e-09
1.116889699640428066e-09
1.114007398836312141e-09
1.111147298099597419e-09
1.108309113903433089e-09
1.105492567764672346e-09
1.102697386129097567e-09
1.099923300259821442e-09
1.097170046128759642e-09
1.094437364311080295e-09
1.091724999882525227e-09
1.089032702319523775e-09
1.086360225401995746e-09
1.083707327118771388e-09
1.081073769575535074e-09
1.078459318905220345e-09
1.075863745180777096e-09
1.073286822330236464e-09
1.070728328054002072e-09
1.068188043744302283e-09
1.065665754406731706e-09
1.063161248583823222e-09
1.060674318280585807e-09
1.058204758891948591e-09
1.055752369132055937e-09
1.053316950965355652e-09
1.050898309539429226e-09
1.048496253119508289e-09
1.046110593024633226e-09
1.043741143565399353e-09
1.041387721983250342e-09
1.039050148391267186e-09
1.036728245716415478e-09
1.034421839643204079e-09
1.032130758558718336e-09
1.029854833498984046e-09
1.027593898096629046e-09
1.025347788529802328e-09
1.023116343472315315e-09
1.020899404044972830e-09
1.018696813768057979e-09
1.016508418514940965e-09
1.014334066466777719e-09
1.012173608068272277e-09
1.010026895984468798e-09
1.007893785058549423e-09
1.005774132270607189e-09
1.003667796697368940e-09
1.001574639472842217e-09
9.994945237498614923e-10
9.974273146625087281e-10
9.953728792893863562e-10
9.933310866177172232e-10
9.913018075082535219e-10
9.892849146609684406e-10
9.872802825815162648e-10
9.852877875484321841e-10
9.833073075810618791e-10
9.813387224081946263e-10
9.793819134373854438e-10
9.774367637249474598e-10
9.755031579465965141e-10
9.735809823687326876e-10
9.716701248203424242e-10
9.697704746655038753e-10
9.678819227764809882e-10
9.660043615073929003e-10
9.641376846684429200e-10
9.622817875006917932e-10
9.604365666513645000e-10
9.586019201496754889e-10
9.567777473831595227e-10
9.549639490744967670e-10
9.531604272588190899e-10
9.513670852614862000e-10
9.495838276763183893e-10
9.478105603442798813e-10
9.460471903325947960e-10
9.442936259142909727e-10
9.425497765481592454e-10
9.408155528591172087e-10
9.390908666189700310e-10
9.373756307275575605e-10
9.356697591942790396e-10
9.339731671199840535e-10
9.322857706792288851e-10
9.306074871028769783e-10
9.289382346610490908e-10
9.272779326464041129e-10
9.256265013577506548e-10
9.239838620839762720e-10
9.223499370882906045e-10
9.207246495927736435e-10
9.191079237632217824e-10
9.174996846942865863e-10
9.158998583948980090e-10
9.143083717739663686e-10
9.127251526263564669e-10
9.111501296191286802e-10
9.095832322780384415e-10
9.080243909742930786e-10
9.064735369115553591e-10
9.049306021131906406e-10
9.033955194097525578e-10
9.018682224267010454e-10
9.003486455723486621e-10
8.988367240260279784e-10
8.973323937264789953e-10
8.958355913604478033e-10
8.943462543514944152e-10
8.928643208490052228e-10
8.913897297174038733e-10
8.899224205255583942e-10
8.884623335363788803e-10
8.870094096966033642e-10
8.855635906267648389e-10
8.841248186113404675e-10
8.826930365890726397e-10
8.812681881434660102e-10
8.798502174934491468e-10
8.784390694842028555e-10
8.770346895781492880e-10
8.756370238460991449e-10
8.742460189585533543e-10
8.728616221771565386e-10
8.714837813462986497e-10
8.701124448848620844e-10
8.687475617781113856e-10
8.673890815697217024e-10
8.660369543539449764e-10
8.646911307679096139e-10
8.633515619840506459e-10
8.620181997026701688e-10
8.606909961446217598e-10
8.593699040441202084e-10
8.580548766416710878e-10
8.567458676771191280e-10
8.554428313828143607e-10
8.541457224768887945e-10
8.528544961566499308e-10
8.515691080920781930e-10
8.502895144194371636e-10
8.490156717349848398e-10
8.477475370887904586e-10
8.464850679786527549e-10
8.452282223441156196e-10
8.439769585605843641e-10
8.427312354335338017e-10
8.414910121928131090e-10
8.402562484870410568e-10
8.390269043780916108e-10
8.378029403356691774e-10
8.365843172319688430e-10
8.353709963364223293e-10
8.341629393105293552e-10
8.329601082027679948e-10
8.317624654435879596e-10
8.305699738404814294e-10
8.293825965731323620e-10
8.282002971886408688e-10
8.270230395968231751e-10
8.258507880655842678e-10
8.246835072163627159e-10
8.235211620196463170e-10
8.223637177905564004e-10
8.212111401845013037e-10
8.200633951928951955e-10
8.189204491389443145e-10
8.177822686734955564e-10
8.166488207709506155e-10
8.155200727252405102e-10
8.143959921458616300e-10
8.132765469539720635e-10
8.121617053785464493e-10
8.110514359525890399e-10
8.099457075094030135e-10
8.088444891789152070e-10
8.077477503840580286e-10
8.066554608372017240e-10
8.055675905366418571e-10
8.044841097631385938e-10
8.034049890765063391e-10
8.023301993122539364e-10
8.012597115782738773e-10
8.001934972515805216e-10
7.991315279750958801e-10
7.980737756544810992e-10
7.970202124550159224e-10
7.959708107985210608e-10
7.949255433603268873e-10
7.938843830662852456e-10
7.928473030898235506e-10
7.918142768490417976e-10
7.907852780038512414e-10
7.897602804531529867e-10
7.887392583320573167e-10
7.877221860091429340e-10
7.867090380837541474e-10
7.856997893833354897e-10
7.846944149608066600e-10
7.836928900919711731e-10
7.826951902729630602e-10
7.817012912177287244e-10
7.807111688555440544e-10
7.797247993285656596e-10
7.787421589894170541e-10
7.777632243988066866e-10
7.767879723231798846e-10
7.758163797324030589e-10
7.748484237974797548e-10
7.738840818882967917e-10
7.729233315714027658e-10
7.719661506078164354e-10
7.710125169508638503e-10
7.700624087440459837e-10
7.691158043189347980e-10
7.681726821930975389e-10
7.672330210680490491e-10
7.662967998272313806e-10
7.653639975340215294e-10
7.644345934297638834e-10
7.635085669318305871e-10
7.625858976317067219e-10
7.616665652931013359e-10
7.607505498500832890e-10
7.598378314052420166e-10
7.589283902278713512e-10
7.580222067521792970e-10
7.571192615755191040e-10
7.562195354566447439e-10
7.553230093139885138e-10
7.544296642239621099e-10
7.535394814192777617e-10
7.526524422872937670e-10
7.517685283683782254e-10
7.508877213542971734e-10
7.500100030866207108e-10
7.491353555551516678e-10
7.482637608963724698e-10
7.473952013919133025e-10
7.465296594670398188e-10
7.456671176891581136e-10
7.448075587663412041e-10
7.439509655458728829e-10
7.430973210128098702e-10
7.422466082885619591e-10
7.413988106294910812e-10
7.405539114255266068e-10
7.397118941987987387e-10
7.388727426022886571e-10
7.380364404184957247e-10
7.372029715581211323e-10
7.363723200587674674e-10
7.355444700836550331e-10
7.347194059203534703e-10
7.338971119795299233e-10
7.330775727937106466e-10
7.322607730160599833e-10
7.314466974191730949e-10
7.306353308938834770e-10
7.298266584480849509e-10
7.290206652055689574e-10
7.282173364048743627e-10
7.274166573981523594e-10
7.266186136500444997e-10
7.258231907365744798e-10
7.250303743440532635e-10
7.242401502679972328e-10
7.234525044120590573e-10
7.226674227869717979e-10
7.218848915095053156e-10
7.211048968014352934e-10
7.203274249885233233e-10
7.195524624995119852e-10
7.187799958651277836e-10
7.180100117170993881e-10
7.172424967871847653e-10
7.164774379062120632e-10
7.157148220031301107e-10
7.149546361040695683e-10
7.141968673314176226e-10
7.134415029028999197e-10
7.126885301306768698e-10
7.119379364204467774e-10
7.111897092705619979e-10
7.104438362711544018e-10
7.097003051032707634e-10
7.089591035380177667e-10
7.082202194357182813e-10
7.074836407450748752e-10
7.067493555023458407e-10
7.060173518305274219e-10
7.052876179385482448e-10
7.045601421204709843e-10
7.038349127547039579e-10
7.031119183032205774e-10
7.023911473107896572e-10
7.016725884042121331e-10
7.009562302915676050e-10
7.002420617614690463e-10
6.995300716823258900e-10
6.988202490016151786e-10
6.981125827451609869e-10
6.974070620164221160e-10
6.967036759957867147e-10
6.960024139398761040e-10
6.953032651808551149e-10
6.946062191257504922e-10
6.939112652557773619e-10
6.932183931256716969e-10
6.925275923630315711e-10
6.918388526676648238e-10
6.911521638109435489e-10
6.904675156351672689e-10
6.897848980529300387e-10
6.891043010464981989e-10
6.884257146671914376e-10
6.877491290347725384e-10
6.870745343368432278e-10
6.864019208282464343e-10
6.857312788304746472e-10
6.850625987310860306e-10
6.843958709831239493e-10
6.837310861045464212e-10
6.830682346776586708e-10
6.824073073485526120e-10
6.817482948265531528e-10
6.810911878836694655e-10
6.804359773540514249e-10
6.797826541334543193e-10
6.791312091787054226e-10
6.784816335071801817e-10
6.778339181962808863e-10
6.771880543829220592e-10
6.765440332630215330e-10
6.759018460909958704e-10
6.752614841792614707e-10
6.746229388977417768e-10
6.739862016733779983e-10
6.733512639896459340e-10
6.727181173860771384e-10
6.720867534577866009e-10
6.714571638550028044e-10
6.708293402826042970e-10
6.702032744996617443e-10
6.695789583189815325e-10
6.689563836066581601e-10
6.683355422816277673e-10
6.677164263152280760e-10
6.670990277307626723e-10
6.664833386030684945e-10
6.658693510580893180e-10
6.652570572724525490e-10
6.646464494730502578e-10
6.640375199366253813e-10
6.634302609893606145e-10
6.628246650064730921e-10
6.622207244118115511e-10
6.616184316774586641e-10
6.610177793233365776e-10
6.604187599168174128e-10
6.598213660723363526e-10
6.592255904510092769e-10
6.586314257602543274e-10
6.580388647534168849e-10
6.574479002293982685e-10
6.568585250322881572e-10
6.562707320510008369e-10
6.556845142189149640e-10
6.550998645135162226e-10
6.545167759560445323e-10
6.539352416111436339e-10
6.533552545865153279e-10
6.527768080325756772e-10
6.521998951421157601e-10
6.516245091499650077e-10
6.510506433326579531e-10
6.504782910081043937e-10
6.499074455352624478e-10
6.493381003138149201e-10
6.487702487838491829e-10
6.482038844255391252e-10
6.476390007588310309e-10
6.470755913431321449e-10
6.465136497770025491e-10
6.459531696978492081e-10
6.453941447816232217e-10
6.448365687425214193e-10
6.442804353326875408e-10
6.437257383419200353e-10
6.431724715973794457e-10
6.426206289633008600e-10
6.420702043407076040e-10
6.415211916671279310e-10
6.409735849163150221e-10
6.404273780979693628e-10
6.398825652574626723e-10
6.393391404755660709e-10
6.387970978681793849e-10
6.382564315860641745e-10
6.377171358145778985e-10
6.371792047734121114e-10
6.366426327163310746e-10
6.361074139309156405e-10
6.355735427383056892e-10
6.350410134929493891e-10
6.345098205823502870e-10
6.339799584268206008e-10
6.334514214792334794e-10
6.329242042247810523e-10
6.323983011807305143e-10
6.318737068961865186e-10
6.313504159518529481e-10
6.308284229597975829e-10
6.303077225632200760e-10
6.297883094362200326e-10
6.292701782835687081e-10
6.287533238404825677e-10
6.282377408723977760e-10
6.277234241747482025e-10
6.272103685727447714e-10
6.266985689211563615e-10
6.261880201040932926e-10
6.256787170347924644e-10
6.251706546554049786e-10
6.246638279367845869e-10
6.241582318782786217e-10
6.236538615075209936e-10
6.231507118802270508e-10
6.226487780799892656e-10
6.221480552180767464e-10
6.216485384332329922e-10
6.211502228914806775e-10
6.206531037859225091e-10
6.201571763365480794e-10
6.196624357900399954e-10
6.191688774195834210e-10
6.186764965246747911e-10
6.181852884309361097e-10
6.176952484899261459e-10
6.172063720789574202e-10
6.167186546009125704e-10
6.162320914840621649e-10
6.157466781818856185e-10
6.152624101728921075e-10
6.147792829604440698e-10
6.142972920725817399e-10
6.138164330618490268e-10
6.133367015051215639e-10
6.128580930034357932e-10
6.123806031818190825e-10
6.119042276891222219e-10
6.114289621978525397e-10
6.109548024040096037e-10
6.104817440269200955e-10
6.100097828090770271e-10
6.095389145159776135e-10
6.090691349359644541e-10
6.086004398800666105e-10
6.081328251818439933e-10
6.076662866972300942e-10
6.072008203043790613e-10
6.067364219035120498e-10
6.062730874167662620e-10
6.058108127880434698e-10
6.053495939828621558e-10
6.048894269882083110e-10
6.044303078123899542e-10
6.039722324848909280e-10
6.035151970562272792e-10
6.030591975978034332e-10
6.026042302017710562e-10
6.021502909808886409e-10
6.016973760683805764e-10
6.012454816178007659e-10
6.007946038028936608e-10
6.003447388174596374e-10
5.998958828752187181e-10
5.994480322096779130e-10
5.990011830739978366e-10
5.985553317408609795e-10
5.981104745023413241e-10
5.976666076697750974e-10
5.972237275736318344e-10
5.967818305633869922e-10
5.963409130073961153e-10
5.959009712927685870e-10
5.954620018252444828e-10
5.950240010290699766e-10
5.945869653468755383e-10
5.941508912395554752e-10
5.937157751861454066e-10
5.932816136837056306e-10
5.928484032471999427e-10
5.924161404093802438e-10
5.919848217206687705e-10
5.915544437490431168e-10
5.911250030799209461e-10
5.906964963160468740e-10
5.902689200773790412e-10
5.898422710009778580e-10
5.894165457408936106e-10
5.889917409680575838e-10
5.885678533701722529e-10
5.881448796516024057e-10
5.877228165332682297e-10
5.873016607525377783e-10
5.868814090631220226e-10
5.864620582349685586e-10
5.860436050541584162e-10
5.856260463228018348e-10
5.852093788589365196e-10
5.847935994964242447e-10
5.843787050848516941e-10
5.839646924894289258e-10
5.835515585908902134e-10
5.831393002853951977e-10
5.827279144844315901e-10
5.823173981147173582e-10
5.819077481181042557e-10
5.814989614514826970e-10
5.810910350866861143e-10
5.806839660103973825e-10
5.802777512240548315e-10
5.798723877437598079e-10
5.794678726001845484e-10
5.790642028384806727e-10
5.786613755181886072e-10
5.782593877131478360e-10
5.778582365114071519e-10
5.774579190151366647e-10
5.770584323405392932e-10
5.766597736177639112e-10
5.762619399908187000e-10
5.758649286174850189e-10
5.754687366692321014e-10
5.750733613311332004e-10
5.746787998017800781e-10
5.742850492932010116e-10
5.738921070307776617e-10
5.734999702531625612e-10
5.731086362121977411e-10
5.727181021728348045e-10
5.723283654130526218e-10
5.719394232237799897e-10
5.715512729088147739e-10
5.711639117847462577e-10
5.707773371808766633e-10
5.703915464391448443e-10
5.700065369140481172e-10
5.696223059725675047e-10
5.692388509940907051e-10
5.688561693703381622e-10
5.684742585052878961e-10
5.680931158151017801e-10
5.677127387280521287e-10
5.673331246844490090e-10
5.669542711365669321e-10
5.665761755485747491e-10
5.661988353964621357e-10
5.658222481679715566e-10
5.654464113625253700e-10
5.650713224911574822e-10
5.646969790764443809e-10
5.643233786524350321e-10
5.639505187645844985e-10
5.635783969696846635e-10
5.632070108357974359e-10
5.628363579421886793e-10
5.624664358792610035e-10
5.620972422484881067e-10
5.617287746623504629e-10
5.613610307442690435e-10
5.609940081285420382e-10
5.606277044602801280e-10
5.602621173953438264e-10
5.598972446002798900e-10
5.595330837522585557e-10
5.591696325390124332e-10
5.588068886587738459e-10
5.584448498202140332e-10
5.580835137423824559e-10
5.577228781546458953e-10
5.573629407966294131e-10
5.570036994181560704e-10
5.566451517791880949e-10
5.562872956497683574e-10
5.559301288099621593e-10
5.555736490497987094e-10
5.552178541692147726e-10
5.548627419779970766e-10
5.545083102957253408e-10
5.541545569517165445e-10
5.538014797849691955e-10
5.534490766441071855e-10
5.530973453873258166e-10
5.527462838823361731e-10
5.523958900063108380e-10
5.520461616458309534e-10
5.516970966968315231e-10
5.513486930645487834e-10
5.510009486634677803e-10
5.506538614172693268e-10
5.503074292587779937e-10
5.499616501299107211e-10
5.496165219816250162e-10
5.492720427738687022e-10
5.489282104755284261e-10
5.485850230643798212e-10
5.482424785270376692e-10
5.479005748589056496e-10
5.475593100641281557e-10
5.472186821555401473e-10
5.468786891546189673e-10
5.465393290914371920e-10
5.462006000046126908e-10
5.458624999412626137e-10
5.455250269569552083e-10
5.451881791156638077e-10
5.448519544897184406e-10
5.445163511597618873e-10
5.441813672147012896e-10
5.438470007516645169e-10
5.435132498759531206e-10
5.431801127009978729e-10
5.428475873483146160e-10
5.425156719474586640e-10
5.421843646359812723e-10
5.418536635593856938e-10
5.415235668710833382e-10
5.411940727323506553e-10
5.408651793122861215e-10
5.405368847877675368e-10
5.402091873434092179e-10
5.398820851715204327e-10
5.395555764720630070e-10
5.392296594526101725e-10
5.389043323283046906e-10
5.385795933218182174e-10
5.382554406633104613e-10
5.379318725903885482e-10
5.376088873480669026e-10
5.372864831887272334e-10
5.369646583720786223e-10
5.366434111651182322e-10
5.363227398420924304e-10
5.360026426844571868e-10
5.356831179808400240e-10
5.353641640270010361e-10
5.350457791257952522e-10
5.347279615871342758e-10
5.344107097279487514e-10
5.340940218721511416e-10
5.337778963505979866e-10
5.334623315010537156e-10
5.331473256681532163e-10
5.328328772033658530e-10
5.325189844649589671e-10
5.322056458179619978e-10
5.318928596341307073e-10
5.315806242919116112e-10
5.312689381764067204e-10
5.309577996793381793e-10
5.306472071990140406e-10
5.303371591402929037e-10
5.300276539145501040e-10
5.297186899396430740e-10
5.294102656398776362e-10
5.291023794459742953e-10
5.287950297950345308e-10
5.284882151305072958e-10
5.281819339021566541e-10
5.278761845660279684e-10
5.275709655844156413e-10
5.272662754258310611e-10
5.269621125649692048e-10
5.266584754826778258e-10
5.263553626659246764e-10
5.260527726077662822e-10
5.257507038073164056e-10
5.254491547697146128e-10
5.251481240060953582e-10
5.248476100335572754e-10
5.245476113751319505e-10
5.242481265597541445e-10
5.239491541222308768e-10
5.236506926032117501e-10
5.233527405491587586e-10
5.230552965123166129e-10
5.227583590506833746e-10
5.224619267279807821e-10
5.221659981136256083e-10
5.218705717826996763e-10
5.215756463159224586e-10
5.212812202996209884e-10
5.209872923257024594e-10
5.206938609916251710e-10
5.204009249003712311e-10
5.201084826604180190e-10
5.198165328857104742e-10
5.195250741956335928e-10
5.192341052149853377e-10
5.189436245739486174e-10
5.186536309080651266e-10
5.183641228582077392e-10
5.180750990705539348e-10
5.177865581965593292e-10
5.174984988929312045e-10
5.172109198216020393e-10
5.169238196497039694e-10
5.166371970495420083e-10
5.163510506985688175e-10
5.160653792793591679e-10
5.157801814795839866e-10
5.154954559919855416e-10
5.152112015143519029e-10
5.149274167494920231e-10
5.146441004052108191e-10
5.143612511942850802e-10
5.140788678344378256e-10
5.137969490483145230e-10
5.135154935634588932e-10
5.132345001122887158e-10
5.129539674320715301e-10
5.126738942649011639e-10
5.123942793576738491e-10
5.121151214620650604e-10
5.118364193345052167e-10
5.115581717361576576e-10
5.112803774328942416e-10
5.110030351952735292e-10
5.107261437985167945e-10
5.104497020224864152e-10
5.101737086516624015e-10
5.098981624751204757e-10
5.096230622865092211e-10
5.093484068840289894e-10
5.090741950704085323e-10
5.088004256528839089e-10
5.085270974431762548e-10
5.082542092574704824e-10
5.079817599163936709e-10
5.077097482449933526e-10
5.074381730727167301e-10
5.071670332333888593e-10
5.068963275651924872e-10
5.066260549106461312e-10
5.063562141165844337e-10
5.060868040341361386e-10
5.058178235187048591e-10
5.055492714299479847e-10
5.052811466317565188e-10
5.050134479922343988e-10
5.047461743836794716e-10
5.044793246825625030e-10
5.042128977695082570e-10
5.039468925292747117e-10
5.036813078507345523e-10
5.034161426268550078e-10
5.031513957546785159e-10
5.028870661353035943e-10
5.026231526738659194e-10
5.023596542795185767e-10
5.020965698654140702e-10
5.018338983486844698e-10
5.015716386504237302e-10
5.013097896956680455e-10
5.010483504133783753e-10
5.007873197364211087e-10
5.005266966015503839e-10
5.002664799493896832e-10
5.000066687244138417e-10
4.997472618749307462e-10
4.994882583530638607e-10
4.992296571147344425e-10
4.989714571196435504e-10
4.987136573312543641e-10
4.984562567167755372e-10
4.981992542471426888e-10
4.979426488970022739e-10
4.976864396446931781e-10
4.974306254722306913e-10
4.971752053652890334e-10
4.969201783131845006e-10
4.966655433088586116e-10
4.964112993488615638e-10
4.961574454333356899e-10
4.959039805659983970e-10
4.956509037541267609e-10
4.953982140085398446e-10
4.951459103435840159e-10
4.948939917771152667e-10
4.946424573304842203e-10
4.943913060285200010e-10
4.941405368995137944e-10
4.938901489752034408e-10
4.936401412907581324e-10
4.933905128847619734e-10
4.931412627991991936e-10
4.928923900794380189e-10
4.926438937742160920e-10
4.923957729356244458e-10
4.921480266190928209e-10
4.919006538833744662e-10
4.916536537905309395e-10
4.914070254059172183e-10
4.911607677981671203e-10
4.909148800391783116e-10
4.906693612040973132e-10
4.904242103713055427e-10
4.901794266224044253e-10
4.899350090422008141e-10
4.896909567186927219e-10
4.894472687430553621e-10
4.892039442096265697e-10
4.889609822158924294e-10
4.887183818624737299e-10
4.884761422531121091e-10
4.882342624946552682e-10
4.879927416970440466e-10
4.877515789732982571e-10
4.875107734395029334e-10
4.872703242147949921e-10
4.870302304213495844e-10
4.867904911843663438e-10
4.865511056320566684e-10
4.863120728956295556e-10
4.860733921092791940e-10
4.858350624101712121e-10
4.855970829384299598e-10
4.853594528371247567e-10
4.851221712522582085e-10
4.848852373327519377e-10
