# bin_4_4
0.000000000000000000e+00
1.479808777902633703e-08
1.046382821714330009e-08
8.543679962712568252e-09
7.399043889513168517e-09
6.617906042182354839e-09
6.041294037921686104e-09
5.593151448943975231e-09
5.231914108571650044e-09
4.932695926342111793e-09
4.679566239682569030e-09
4.461791343434002603e-09
4.271839981356284126e-09
4.104251097392037365e-09
3.954955317751648645e-09
3.820849834925633447e-09
3.699521944756584258e-09
3.589063468828673335e-09
3.487942739047765869e-09
3.394914167706318717e-09
3.308953021091177419e-09
3.229207494666149870e-09
3.154962915181619384e-09
3.085614602408835429e-09
3.020647018960843052e-09
2.959617555805267489e-09
2.902143782658238737e-09
2.847893320904189142e-09
2.796575724471987615e-09
2.747935914499994161e-09
2.701748828171416403e-09
2.657815024970752026e-09
2.615957054285825022e-09
2.576016433199563542e-09
2.537851116917667686e-09
2.501333369658034854e-09
2.466347963171055897e-09
2.432790644927713628e-09
2.400566829531422300e-09
2.369590475901109910e-09
2.339783119841284515e-09
2.311073037208350487e-09
2.283394517336856640e-09
2.256687229957905457e-09
2.230895671717001301e-09
2.205968680727451889e-09
2.181859009491520586e-09
2.158522948072774035e-09
2.135919990678142063e-09
2.114012539860905409e-09
2.092765643428659935e-09
2.072146759866886545e-09
2.052125548696018682e-09
2.032673682689260979e-09
2.013764679307228839e-09
1.995373749067708165e-09
1.977477658875824323e-09
1.960054608600917600e-09
1.943084119409002639e-09
1.926546932550077375e-09
1.910424917462816724e-09
1.894700988199650235e-09
1.879359027296311811e-09
1.864383816314658686e-09
1.849760972378292129e-09
1.835476890099341036e-09
1.821518688363394298e-09
1.807874161499478279e-09
1.794531734414336667e-09
1.781480421316181402e-09
1.768709787693393711e-09
1.756209915249107108e-09
1.743971369523882934e-09
1.731985169966282178e-09
1.720242762235580445e-09
1.708735992542513278e-09
1.697457083853159359e-09
1.686398613798164908e-09
1.675553494144733118e-09
1.664914951702378976e-09
1.654476510545588710e-09
1.644231975447370529e-09
1.634175416427414900e-09
1.624301154327306266e-09
1.614603747333074935e-09
1.605077978372422160e-09
1.595718843320320710e-09
1.586521539952411733e-09
1.577481457590809692e-09
1.568594167391594117e-09
1.559855413227523148e-09
1.551261103123323995e-09
1.542807301204417714e-09
1.534490220123095735e-09
1.526306213929036511e-09
1.518251771353689789e-09
1.510323509480421526e-09
1.502518167774506559e-09
1.494832602449042633e-09
1.487263781144667396e-09
1.479808777902633745e-09
1.472464768412314548e-09
1.465229025515607954e-09
1.458098914951986907e-09
1.451071891329119368e-09
1.444145494305060042e-09
1.437317344969008869e-09
1.430585142408546231e-09
1.423946660452094571e-09
1.417399744576131652e-09
1.410942308967400913e-09
1.404572333731018707e-09
1.398287862235993808e-09
1.392086998590235434e-09
1.385967905237653122e-09
1.379928800670428687e-09
1.373967957249997081e-09
1.368083699130679122e-09
1.362274400280301987e-09
1.356538482592498400e-09
1.350874414085708202e-09
1.345280707184212458e-09
1.339755917076825353e-09
1.334298640149127196e-09
1.328907512485376013e-09
1.323581208436471175e-09
1.318318439250549686e-09
1.313117951763006310e-09
1.307978527142912511e-09
1.302898979692987701e-09
1.297878155700439400e-09
1.292914932336144036e-09
1.288008216599781771e-09
1.283156944308678096e-09
1.278360079128224698e-09
1.273616611641878023e-09
1.268925558458833843e-09
1.264285961357596717e-09
1.259696886463739503e-09
1.255157423460260822e-09
1.250666684829017427e-09
1.246223805121800646e-09
1.241827940259695800e-09
1.237478266859435198e-09
1.233173981585527948e-09
1.228914300527007288e-09
1.224698458597693410e-09
1.220525708958938233e-09
1.216395322463856814e-09
1.212306587122109022e-09
1.208258807584337097e-09
1.204251304645417218e-09
1.200283414765711150e-09
1.196354489609557778e-09
1.192463895600275992e-09
1.188611013490980371e-09
1.184795237950554955e-09
1.181015977164152513e-09
1.177272652447625392e-09
1.173564697875312644e-09
1.169891559920642257e-09
1.166252697109031689e-09
1.162647579682588761e-09
1.159075689276145955e-09
1.155536518604175244e-09
1.152029571158153928e-09
1.148554360913975344e-09
1.145110412049006567e-09
1.141697258668428320e-09
1.138314444540487544e-09
1.134961522840334454e-09
1.131638055902106377e-09
1.128343614978952729e-09
1.125077780010701072e-09
1.121840139398874540e-09
1.118630289788795088e-09
1.115447835858500651e-09
1.112292390114234872e-09
1.109163572692262484e-09
1.106061011166783910e-09
1.102984340363725944e-09
1.099933202180200697e-09
1.096907245409426610e-09
1.093906125570918203e-09
1.090929504745760293e-09
1.087977051416784294e-09
1.085048440313478881e-09
1.082143352261465659e-09
1.079261474036387017e-09
1.076402498222049819e-09
1.073566123072681840e-09
1.070752052379159089e-09
1.067959995339071031e-09
1.065189666430492419e-09
1.062440785289340319e-09
1.059713076590191657e-09
1.057006269930452704e-09
1.054320099717764285e-09
1.051654305060539726e-09
1.049008629661531939e-09
1.046382821714329967e-09
1.043776633802692967e-09
1.041189822802626907e-09
1.038622149787119010e-09
1.036073379933443272e-09
1.033543282432954346e-09
1.031031630403297003e-09
1.028538200802945143e-09
1.026062774348009341e-09
1.023605135431231468e-09
1.021165072043106604e-09
1.018742375695061745e-09
1.016336841344630490e-09
1.013948267322561884e-09
1.011576455261805727e-09
1.009221210028315394e-09
1.006882339653614420e-09
1.004559655269076380e-09
1.002252971041863060e-09
9.999621041124727333e-10
9.976868745338540823e-10
9.954271052120332454e-10
9.931826218482177894e-10
9.909532528823273647e-10
9.887388294379121613e-10
9.865391852684225654e-10
9.843541567047832792e-10
9.821835826042435737e-10
9.800273043004587999e-10
9.778851655547752411e-10
9.757570125086796353e-10
9.736426936373821418e-10
9.715420597045013195e-10
9.694549637178194767e-10
9.673812608860796479e-10
9.653208085767942128e-10
9.632734662750386874e-10
9.612390955432011151e-10
9.592175599816649319e-10
9.572087251903953184e-10
9.552124587314083618e-10
9.532286300920969691e-10
9.512571106493907854e-10
9.492977736347296449e-10
9.473504940998251173e-10
9.454151488831936075e-10
9.434916165774368132e-10
9.415797774972527892e-10
9.396795136481559056e-10
9.377907086958901907e-10
9.359132479365139300e-10
9.340470182671424954e-10
9.321919081573293430e-10
9.303478076210694651e-10
9.285146081894115438e-10
9.266922028836581255e-10
9.248804861891460646e-10
9.230793540295847949e-10
9.212887037419452983e-10
9.195084340518813628e-10
9.177384450496705182e-10
9.159786381666648238e-10
9.142289161522337259e-10
9.124891830511921604e-10
9.107593441816971492e-10
9.090393061136049296e-10
9.073289766472752783e-10
9.056282647928137243e-10
9.039370807497391393e-10
9.022553358870683301e-10
9.005829427238054332e-10
8.989198149098298032e-10
8.972658672071683337e-10
8.956210154716468335e-10
8.939851766349100148e-10
8.923582686868005826e-10
8.907402106580907008e-10
8.891309226035560167e-10
8.875303255853853126e-10
8.859383416569172043e-10
8.843548938466968555e-10
8.827799061428439182e-10
8.812133034777276682e-10
8.796550117129394075e-10
8.781049576245535538e-10
8.765630688886790699e-10
8.750292740672826216e-10
8.735035025942882217e-10
8.719856847619414672e-10
8.704757517074315476e-10
8.689736353997696790e-10
8.674792686269146577e-10
8.659925849831410890e-10
8.645135188566456362e-10
8.630420054173837439e-10
8.615779806051350756e-10
8.601213811177902226e-10
8.586721443998544451e-10
8.572302086311631701e-10
8.557955127158067672e-10
8.543679962712566391e-10
8.529475996176924200e-10
8.515342637675213910e-10
8.501279304150896969e-10
8.487285419265796793e-10
8.473360413300889831e-10
8.459503723058892630e-10
8.445714791768580829e-10
8.431993068990824539e-10
8.418338010526309105e-10
8.404749078324870949e-10
8.391225740396462943e-10
8.377767470723665588e-10
8.364373749175758455e-10
8.351044061424289864e-10
8.337777898860115834e-10
8.324574758511894878e-10
8.311434142965987967e-10
8.298355560287754364e-10
8.285338523944196795e-10
8.272382552727943549e-10
8.259487170682533389e-10
8.246651907028969157e-10
8.233876296093542120e-10
8.221159877236852644e-10
8.208502194784073695e-10
8.195902797956345514e-10
8.183361240803363498e-10
8.170877082137074502e-10
8.158449885466496046e-10
8.146079218933610849e-10
8.133764655250334630e-10
8.121505771636531331e-10
8.109302149759045772e-10
8.097153375671742356e-10
8.085059039756534338e-10
8.073018736665374674e-10
8.061032065263192972e-10
8.049098628571768185e-10
8.037218033714504995e-10
8.025389891862110800e-10
8.013613818179138130e-10
8.001889431771406979e-10
7.990216355634251216e-10
7.978594216601603552e-10
7.967022645295894244e-10
7.955501276078733551e-10
7.944029747002397591e-10
7.932607699762058665e-10
7.921234779648792086e-10
7.909910635503297497e-10
7.898634919670365679e-10
7.887407287954048459e-10
7.876227399573530701e-10
7.865094917119682636e-10
7.854009506512296698e-10
7.842970836957970584e-10
7.831978580908654138e-10
7.821032414020824881e-10
7.810132015115293236e-10
7.799277066137615739e-10
7.788467252119125517e-10
7.777702261138537672e-10
7.766981784284152298e-10
7.756305515616619974e-10
7.745673152132268715e-10
7.735084393726992370e-10
7.724538943160660137e-10
7.714036506022088572e-10
7.703576790694501624e-10
7.693159508321534549e-10
7.682784372773716550e-10
7.672451100615478676e-10
7.662159411072614609e-10
7.651909026000252229e-10
7.641699669851266688e-10
7.631531069645182553e-10
7.621402954937505054e-10
7.611315057789520754e-10
7.601267112738518010e-10
7.591258856768448945e-10
7.581290029281016386e-10
7.571360372067166119e-10
7.561469629279005135e-10
7.551617547402107630e-10
7.541803875228222178e-10
7.532028363828376986e-10
7.522290766526351179e-10
7.512590838872532793e-10
7.502928338618144855e-10
7.493303025689836471e-10
7.483714662164629585e-10
7.474163012245213167e-10
7.464647842235595150e-10
7.455168920517081106e-10
7.445726017524596199e-10
7.436318905723336982e-10
7.426947359585739581e-10
7.417611155568769457e-10
7.408310072091529625e-10
7.399043889513168724e-10
7.389812390111102391e-10
7.380615358059520006e-10
7.371452579408191285e-10
7.362323842061572740e-10
7.353228935758172618e-10
7.344167652050220872e-10
7.335139784283596592e-10
7.326145127578039771e-10
7.317183478807615372e-10
7.308254636581452426e-10
7.299358401224732317e-10
7.290494574759934535e-10
7.281662960888332640e-10
7.272863364971733218e-10
7.264095594014466094e-10
7.255359456645596842e-10
7.246654763101386425e-10
7.237981325207981402e-10
7.229338956364325414e-10
7.220727471525300208e-10
7.212146687185080695e-10
7.203596421360715414e-10
7.195076493575913795e-10
7.186586724845044345e-10
7.178126937657346877e-10
7.169696955961337051e-10
7.161296605149430122e-10
7.152925712042731154e-10
7.144584104876063051e-10
7.136271613283146588e-10
7.127988068281992393e-10
7.119733302260472854e-10
7.111507148962074968e-10
7.103309443471843436e-10
7.095140022202484033e-10
7.086998722880658258e-10
7.078885384533446521e-10
7.070799847474979873e-10
7.062741953293236135e-10
7.054711544837004565e-10
7.046708466203018029e-10
7.038732562723235100e-10
7.030783680952291729e-10
7.022861668655093534e-10
7.014966374794576628e-10
7.007097649519613208e-10
6.999255344153059828e-10
6.991439311179969038e-10
6.983649404235923040e-10
6.975885478095533805e-10
6.968147388661056937e-10
6.960434992951177168e-10
6.952748149089897255e-10
6.945086716295580939e-10
6.937450554870128256e-10
6.929839526188265610e-10
6.922253492686987851e-10
6.914692317855113050e-10
6.907155866222954115e-10
6.899644003352143437e-10
6.892156595825539217e-10
6.884693511237291028e-10
6.877254618182997397e-10
6.869839786249985403e-10
6.862448886007714345e-10
6.855081788998284879e-10
6.847738367727059826e-10
6.840418495653395608e-10
6.833122047181488466e-10
6.825848897651324068e-10
6.818598923329722244e-10
6.811372001401509937e-10
6.804168009960769629e-10
6.796986828002211851e-10
6.789828335412636608e-10
6.782692412962492002e-10
6.775578942297535219e-10
6.768487805930589672e-10
6.761418887233393135e-10
6.754372070428541008e-10
6.747347240581523666e-10
6.740344283592847566e-10
6.733363086190264916e-10
6.726403535921062288e-10
6.719465521144460893e-10
6.712548931024095442e-10
6.705653655520572622e-10
6.698779585384126767e-10
6.691926612147340671e-10
6.685094628117957381e-10
6.678283526371779895e-10
6.671493200745635982e-10
6.664723545830434007e-10
6.657974456964279753e-10
6.651245830225693537e-10
6.644537562426880066e-10
6.637849551107084105e-10
6.631181694526020598e-10
6.624533891657371991e-10
6.617906042182355873e-10
6.611298046483372226e-10
6.604709805637714784e-10
6.598141221411344435e-10
6.591592196252748431e-10
6.585062633286840976e-10
6.578552436308957883e-10
6.572061509778897780e-10
6.565589758815031549e-10
6.559137089188478970e-10
6.552703407317345344e-10
6.546288620261027387e-10
6.539892635714562555e-10
6.533515362003056943e-10
6.527156708076172132e-10
6.520816583502654421e-10
6.514494898464938507e-10
6.508191563753803897e-10
6.501906490763086126e-10
6.495639591484447938e-10
6.489390778502197000e-10
6.483159964988174962e-10
6.476947064696675463e-10
6.470751991959447963e-10
6.464574661680720181e-10
6.458414989332299119e-10
6.452272890948708275e-10
6.446148283122382756e-10
6.440041082998908855e-10
6.433951208272321528e-10
6.427878577180439096e-10
6.421823108500256882e-10
6.415784721543390481e-10
6.409763336151541777e-10
6.403758872692048708e-10
6.397771252053452616e-10
6.391800395641123492e-10
6.385846225372924519e-10
6.379908663674921069e-10
6.373987633477146575e-10
6.368083058209390113e-10
6.362194861797037749e-10
6.356322968656969729e-10
6.350467303693459724e-10
6.344627792294169214e-10
6.338804360326137726e-10
6.332996934131833048e-10
6.327205440525238664e-10
6.321429806787983585e-10
6.315669960665500092e-10
6.309925830363238354e-10
6.304197344542893445e-10
6.298484432318697514e-10
6.292787023253726419e-10
6.287105047356257029e-10
6.281438435076157620e-10
6.275787117301304112e-10
6.270151025354046972e-10
6.264530090987706037e-10
6.258924246383094293e-10
6.253333424145087134e-10
6.247757557299212317e-10
6.242196579288288505e-10
6.236650423969081387e-10
6.231119025609003232e-10
6.225602318882840350e-10
6.220100238869513650e-10
6.214612721048860908e-10
6.209139701298479001e-10
6.203681115890552707e-10
6.198236901488757946e-10
6.192806995145161920e-10
6.187391334297175988e-10
6.181989856764516811e-10
6.176602500746222298e-10
6.171229204817671685e-10
6.165869907927639741e-10
6.160524549395400604e-10
6.155193068907823338e-10
6.149875406516524364e-10
6.144571502635036442e-10
6.139281298035998313e-10
6.134004733848380554e-10
6.128741751554735192e-10
6.123492292988467050e-10
6.118256300331136099e-10
6.113033716109783600e-10
6.107824483194276851e-10
6.102628544794691165e-10
6.097445844458705280e-10
6.092276326069026763e-10
6.087119933840843256e-10
6.081976612319284070e-10
6.076846306376929336e-10
6.071728961211313983e-10
6.066624522342483428e-10
6.061532935610545112e-10
6.056454147173259343e-10
6.051388103503651843e-10
6.046334751387640776e-10
6.041294037921685484e-10
6.036265910510470382e-10
6.031250316864585754e-10
6.026247204998261274e-10
6.021256523227086088e-10
6.016278220165776468e-10
6.011312244725953790e-10
6.006358546113933897e-10
6.001417073828555751e-10
5.996487777659010082e-10
5.991570607682706297e-10
5.986665514263138354e-10
5.981772448047788892e-10
5.976891359966035431e-10
5.972022201227092763e-10
5.967164923317956367e-10
5.962319478001379959e-10
5.957485817313855102e-10
5.952663893563622868e-10
5.947853659328696879e-10
5.943055067454901853e-10
5.938268071053936971e-10
5.933492623501447508e-10
5.928728678435115079e-10
5.923976189752774776e-10
5.919235111610535393e-10
5.914505398420925509e-10
5.909787004851048880e-10
5.905079885820762567e-10
5.900383996500866447e-10
5.895699292311311336e-10
5.891025728919420546e-10
5.886363262238126958e-10
5.881711848424226640e-10
5.877071443876651069e-10
5.872442005234742461e-10
5.867823489376563221e-10
5.863215853417195054e-10
5.858619054707081498e-10
5.854033050830358060e-10
5.849457799603211287e-10
5.844893259072256467e-10
5.840339387512910147e-10
5.835796143427797808e-10
5.831263485545158446e-10
5.826741372817277061e-10
5.822229764418916116e-10
5.817728619745773880e-10
5.813237898412943804e-10
5.808757560253398711e-10
5.804287565316477060e-10
5.799827873866388845e-10
5.795378446380729774e-10
5.790939243549016130e-10
5.786510226271217552e-10
5.782091355656318779e-10
5.777682593020876218e-10
5.773283899887607605e-10
5.768895237983970281e-10
5.764516569240771537e-10
5.760147855790769638e-10
5.755789059967316217e-10
5.751440144302971778e-10
5.747101071528172906e-10
5.742771804569876719e-10
5.738452306550231181e-10
5.734142540785268151e-10
5.729842470783581967e-10
5.725552060245032836e-10
5.721271273059469879e-10
5.717000073305441757e-10
5.712738425248940395e-10
5.708486293342141600e-10
5.704243642222156013e-10
5.700010436709803854e-10
5.695786641808378283e-10
5.691572222702437718e-10
5.687367144756597117e-10
5.683171373514336837e-10
5.678984874696810461e-10
5.674807614201672269e-10
5.670639558101909881e-10
5.666480672644689302e-10
5.662330924250203078e-10
5.658190279510531885e-10
5.654058705188516463e-10
5.649936168216641956e-10
5.645822635695911912e-10
5.641718074894763643e-10
5.637622453247960836e-10
5.633535738355513051e-10
5.629457897981600381e-10
5.625388900053505361e-10
5.621328712660549003e-10
5.617277304053048549e-10
5.613234642641263851e-10
5.609200696994372700e-10
5.605175435839436851e-10
5.601158828060388726e-10
5.597150842697019152e-10
5.593151448943975438e-10
5.589160616149766691e-10
5.585178313815775335e-10
5.581204511595287243e-10
5.577239179292503253e-10
5.573282286861593083e-10
5.569333804405730630e-10
5.565393702176141679e-10
5.561461950571174360e-10
5.557538520135352024e-10
5.553623381558455072e-10
5.549716505674596585e-10
5.545817863461312421e-10
5.541927426038659589e-10
5.538045164668303251e-10
5.534171050752644042e-10
5.530305055833919548e-10
5.526447151593332666e-10
5.522597309850178924e-10
5.518755502560980013e-10
5.514921701818629722e-10
5.511095879851537804e-10
5.507278009022789356e-10
5.503468061829303165e-10
5.499666010901003487e-10
5.495871828999987702e-10
5.492085489019714640e-10
5.488306963984182573e-10
5.484536227047133051e-10
5.480773251491236130e-10
5.477018010727308687e-10
5.473270478293515157e-10
5.469530627854591014e-10
5.465798433201060056e-10
5.462073868248470294e-10
5.458356907036619506e-10
5.454647523728801464e-10
5.450945692611047004e-10
5.447251388091382657e-10
5.443564584699081021e-10
5.439885257083921469e-10
5.436213380015468432e-10
5.432548928382331071e-10
5.428891877191453975e-10
5.425242201567394404e-10
5.421599876751612989e-10
5.417964878101769591e-10
5.414337181091021232e-10
5.410716761307328297e-10
5.407103594452764872e-10
5.403497656342833220e-10
5.399898922905781353e-10
5.396307370181935087e-10
5.392722974323019756e-10
5.389145711591501562e-10
5.385575558359922735e-10
5.382012491110249093e-10
5.378456486433218636e-10
5.374907521027695312e-10
5.371365571700025882e-10
5.367830615363409199e-10
5.364302629037255140e-10
5.360781589846566289e-10
5.357267475021309279e-10
5.353760261895795443e-10
5.350259927908073867e-10
5.346766450599315142e-10
5.343279807613206490e-10
5.339799976695355157e-10
5.336326935692686641e-10
5.332860662552858425e-10
5.329401135323667513e-10
5.325948332152462096e-10
5.322502231285575965e-10
5.319062811067735012e-10
5.315630049941504053e-10
5.312203926446701594e-10
5.308784419219849761e-10
5.305371506993607677e-10
5.301965168596218288e-10
5.298565382950958285e-10
5.295172129075585964e-10
5.291785386081802522e-10
5.288405133174707155e-10
5.285031349652263522e-10
5.281664014904768285e-10
5.278303108414319644e-10
5.274948609754293112e-10
5.271600498588821426e-10
5.268258754672274453e-10
5.264923357848749446e-10
5.261594288051551983e-10
5.258271525302698628e-10
5.254955049712408214e-10
5.251644841478600363e-10
5.248340880886404351e-10
5.245043148307659693e-10
5.241751624200431214e-10
5.238466289108521007e-10
5.235187123660983502e-10
5.231914108571649837e-10
5.228647224638647056e-10
5.225386452743929722e-10
5.222131773852802219e-10
5.218883169013464833e-10
5.215640619356535027e-10
5.212404106094599727e-10
5.209173610521750030e-10
5.205949114013134533e-10
5.202730598024498173e-10
5.199518044091743826e-10
5.196311433830483557e-10
5.193110748935595052e-10
5.189915971180788372e-10
5.186727082418160319e-10
5.183544064577773601e-10
5.180366899667216362e-10
5.177195569771180319e-10
5.174030057051036831e-10
5.170870343744412971e-10
5.167716412164771730e-10
5.164568244701004630e-10
5.161425823817003660e-10
5.158289132051268365e-10
5.155158152016485016e-10
5.152032866399127498e-10
5.148913257959054056e-10
5.145799309529109219e-10
5.142691004014725714e-10
5.139588324393530526e-10
5.136491253714951984e-10
5.133399775099834089e-10
5.130313871740046706e-10
5.127233526898104026e-10
5.124158723906784063e-10
5.121089446168746083e-10
5.118025677156157339e-10
5.114967400410318772e-10
5.111914599541292780e-10
5.108867258227537188e-10
5.105825360215533020e-10
5.102788889319426742e-10
5.099757829420664234e-10
5.096732164467635103e-10
5.093711878475308725e-10
5.090696955524888894e-10
5.087687379763454001e-10
5.084683135403613752e-10
5.081684206723152448e-10
5.078690578064688807e-10
5.075702233835335785e-10
5.072719158506352126e-10
5.069741336612809422e-10
5.066768752753251937e-10
5.063801391589363665e-10
5.060839237845633319e-10
5.057882276309028636e-10
5.054930491828667565e-10
5.051983869315484298e-10
5.049042393741917005e-10
5.046106050141576969e-10
5.043174823608933213e-10
5.040248699298997147e-10
5.037327662426995826e-10
5.034411698268072098e-10
5.031500792156963041e-10
5.028594929487694934e-10
5.025694095713275138e-10
5.022798276345381900e-10
5.019907456954066569e-10
5.017021623167447539e-10
5.014140760671411430e-10
5.011264855209315302e-10
5.008393892581688873e-10
5.005527858645940867e-10
5.002666739316069500e-10
4.999810520562363666e-10
4.996959188411124792e-10
4.994112728944369055e-10
4.991271128299550277e-10
4.988434372669270412e-10
4.985602448301002439e-10
4.982775341496809122e-10
4.979953038613061770e-10
4.977135526060166227e-10
4.974322790302288877e-10
4.971514817857081602e-10
4.968711595295410878e-10
4.965913109241088947e-10
4.963119346370604979e-10
4.960330293412857274e-10
4.957545937148892700e-10
4.954766264411636824e-10
4.951991262085639555e-10
4.949220917106811483e-10
4.946455216462165378e-10
4.943694147189560807e-10
4.940937696377447698e-10
4.938185851164614060e-10
4.935438598739932650e-10
4.932695926342112827e-10
4.929957821259446187e-10
4.927224270829566684e-10
4.924495262439199374e-10
4.921770783523916396e-10
4.919050821567897090e-10
4.916335364103682943e-10
4.913624398711938744e-10
4.910917913021217869e-10
4.908215894707715160e-10
4.905518331495044624e-10
4.902825211153992309e-10
4.900136521502294000e-10
4.897452250404396372e-10
4.894772385771232617e-10
4.892096915559987730e-10
4.889425827773876206e-10
4.886759110461913529e-10
4.884096751718692836e-10
4.881438739684161577e-10
4.878785062543398176e-10
4.876135708526393863e-10
4.873490665907829332e-10
4.870849923006863816e-10
4.868213468186910709e-10
4.865581289855427670e-10
4.862953376463698456e-10
4.860329716506623023e-10
4.857710298522506597e-10
4.855095111092846673e-10
4.852484142842124150e-10
4.849877382437598611e-10
4.847274818589097383e-10
4.844676440048813920e-10
4.842082235611104102e-10
4.839492194112276344e-10
4.836906304430398239e-10
4.834324555485091834e-10
4.831746936237334069e-10
4.829173435689263426e-10
4.826604042883971064e-10
4.824038746905319876e-10
4.821477536877738725e-10
4.818920401966033228e-10
4.816367331375193437e-10
4.813818314350199449e-10
4.811273340175836329e-10
4.808732398176498681e-10
4.806195477716005576e-10
4.803662568197418563e-10
4.801133659062844187e-10
4.798608739793259243e-10
4.796087799908324659e-10
4.793570828966200421e-10
4.791057816563362552e-10
4.788548752334430441e-10
4.786043625951976592e-10
4.783542427126359120e-10
4.781045145605532533e-10
4.778551771174882293e-10
4.776062293657041809e-10
4.773576702911721824e-10
4.771094988835534643e-10
4.768617141361821458e-10
4.766143150460484845e-10
4.763673006137814021e-10
4.761206698436316303e-10
4.758744217434550646e-10
4.756285553246953927e-10
4.753830696023684819e-10
4.751379635950446977e-10
4.748932363248330848e-10
4.746488868173648225e-10
4.744049141017769918e-10
4.741613172106958251e-10
4.739180951802219200e-10
4.736752470499125586e-10
4.734327718627671283e-10
4.731906686652103712e-10
4.729489365070771853e-10
4.727075744415968038e-10
4.724665815253771827e-10
4.722259568183894912e-10
4.719856993839526014e-10
4.717458082887184066e-10
4.715062826026555875e-10
4.712671213990351364e-10
4.710283237544152617e-10
4.707898887486263946e-10
4.705518154647557833e-10
4.703141029891336377e-10
4.700767504113174126e-10
4.698397568240779528e-10
4.696031213233845005e-10
4.693668430083899090e-10
4.691309209814175118e-10
4.688953543479450953e-10
4.686601422165918714e-10
4.684252836991036912e-10
4.681907779103396034e-10
4.679566239682569650e-10
4.677228209938982067e-10
4.674893681113766671e-10
4.672562644478630478e-10
4.670235091335712477e-10
4.667911013017452319e-10
4.665590400886451762e-10
4.663273246335341286e-10
4.660959540786646715e-10
4.658649275692650659e-10
4.656342442535268442e-10
4.654039032825909544e-10
4.651739038105347326e-10
4.649442449943592878e-10
4.647149259939758025e-10
4.644859459721934344e-10
4.642573040947057719e-10
4.640289995300785296e-10
4.638010314497366234e-10
4.635733990279515048e-10
4.633461014418290628e-10
4.631191378712965444e-10
4.628925074990900952e-10
4.626662095107430239e-10
4.624402430945730323e-10
