# bin_22_1
6.915657515111399510e-08
-1.353501603262652352e-07
3.013784454983368130e-08
-1.864026127243228345e-07
-2.170780269970976932e-07
2.285373076356417988e-07
-4.057358628246768394e-08
4.716348584600336807e-08
1.552131809568909692e-07
-3.218031154560566273e-08
-3.108813409142605945e-08
1.388604185345167945e-08
2.441657303506721273e-08
-2.899543649871063494e-08
-6.545354401717909729e-08
-5.580358975940118761e-08
-4.439010657574138668e-08
-3.241813662161539412e-08
-1.708006951621252699e-08
-1.226121977220265168e-09
9.485611322300926507e-09
1.255447816837716777e-08
5.636986620951304677e-09
-5.921322501298545298e-09
-1.499614078559233283e-08
-1.765647797419024394e-08
-1.355384486094836024e-08
-6.371882405915893650e-09
1.147159332326803549e-09
7.279426406702839354e-09
1.099909345197516066e-08
1.257322234229215244e-08
1.315928036014818075e-08
1.329268011781517671e-08
1.334498670006110759e-08
1.356793401530754958e-08
1.412582957670925301e-08
1.521151222511666847e-08
1.663537057629912354e-08
1.803623618428388536e-08
1.915903532327688167e-08
1.982913259196807393e-08
1.993266833212157289e-08
1.940146752472625951e-08
1.765211383529546393e-08
1.468475057323939565e-08
1.118646366377371337e-08
7.680392767840764043e-09
4.559188227991612529e-09
2.111783179713706608e-09
5.448475534120420443e-10
4.081316665927317846e-23
3.051175915326423176e-23
2.212879345876431620e-23
1.541982682479785737e-23
1.017107585314496441e-23
6.195345757823027471e-24
3.328541879277149366e-24
1.426673553079205881e-24
3.632753721660202764e-25
2.718316106368049745e-26
2.160487555879355674e-26
1.691618258406003290e-26
1.301067612766927710e-26
9.794361195986778401e-27
7.184139071005245497e-27
5.106490060223860067e-27
3.496326102662123267e-27
2.295989740932704715e-27
1.454379450755293303e-27
9.261842494385361482e-28
6.712129766238916902e-28
5.492425665107908733e-28
4.434430767283437235e-28
3.523062492707383451e-28
2.744635770507076341e-28
2.086725108437668513e-28
1.538041404462379914e-28
1.088321791570003896e-28
7.282310210729557060e-29
4.492730749031515081e-29
2.437118579900041665e-29
1.044999611966737444e-29
2.521460649173164990e-30
-8.411215597606226436e-37
-8.110873689326923197e-37
-7.634989514930162998e-37
-7.029603824795204539e-37
-6.334880645383145552e-37
-5.585764796611550763e-37
-4.812566397562334946e-37
-4.041480744234028095e-37
-3.295050932262275811e-37
-2.592579715377536348e-37
-1.950496319548132537e-37
-1.382683258431784729e-37
-9.007676051788992526e-38
-5.143806578179084811e-38
-2.313894809517038767e-38
-5.810340714259020755e-39
5.417698939877015588e-41
5.257874858678186221e-41
5.005933689540123176e-41
4.682646593113663760e-41
4.306522681794800785e-41
3.894024946516139818e-41
3.459765707582685332e-41
3.016683599959005998e-41
2.576203895879820962e-41
2.148383782767893934e-41
1.742044049581034403e-41
1.364888487588048034e-41
1.023612180165008216e-41
7.239997387407333502e-42
4.710144369377118878e-42
2.688791008727623918e-42
1.211495292873104768e-42
3.078114159326500858e-43
1.894840993395697842e-45
1.684427339202992445e-45
1.490881918483143511e-45
1.313233605995973306e-45
1.150567248580754412e-45
1.002020208975736970e-45
8.667791419345437634e-46
7.440769856242496157e-46
6.331901526431710132e-46
5.334359062336320153e-46
4.441699083968034819e-46
3.647839276521764955e-46
2.947036951328932871e-46
2.333868985772988911e-46
1.803213045741204371e-46
1.350230001500203372e-46
9.703474545972753417e-47
6.592442995562879062e-47
4.128362498077547057e-47
2.272622625061254012e-47
9.887180168540204164e-48
2.421288362311930412e-48
2.085235178855949649e-51
1.882066599995183658e-51
1.693032463816746687e-51
1.517437857253837923e-51
1.354622005921172916e-51
1.203956477178158071e-51
1.064843486213178873e-51
9.367142987067791721e-52
8.190277240691467957e-52
7.112686936530642889e-52
6.129469187199111236e-52
5.235956232846105453e-52
4.427703472893578319e-52
3.700478158562183655e-52
3.050248706474142565e-52
2.473174596215836850e-52
1.965596817147902517e-52
1.524028831992817592e-52
1.145148026810861611e-52
8.257876189165450927e-53
5.629289960911849600e-53
3.536944621286232194e-53
1.953403653194632808e-53
8.525058793744644702e-54
2.093037615547964714e-54
4.910887179663866128e-59
4.508219456604419779e-59
4.129142881453440705e-59
3.772670411900265000e-59
3.437856382479533113e-59
3.123794643201386533e-59
2.829616789499483408e-59
2.554490478605436749e-59
2.058233889793864429e-59
1.835605202374093922e-59
1.629028406418558300e-59
1.437828930687377495e-59
1.261359738737571657e-59
1.099000135135755552e-59
9.501546278585069991e-60
8.142518439992747403e-60
5.791033962693821237e-60
4.788265164641081278e-60
3.894280912991013106e-60
3.104427625568206192e-60
2.414237625414150218e-60
1.819421346053539325e-60
1.315859889748985540e-60
5.668368814725751762e-61
3.139285029045374080e-61
1.373686163880037486e-61
3.379123091573626105e-62
-3.664660344946616329e-65
-3.598242372061055021e-65
-3.515270813062195599e-65
-3.417734246873482175e-65
-3.307506824025010409e-65
-3.055938306968756106e-65
-2.917824022852951809e-65
-2.773482679470338564e-65
-2.471567908055741202e-65
-2.316513816118750537e-65
-2.160279624938520349e-65
-2.003938079815527417e-65
-1.694887309598382081e-65
-1.543997200490101862e-65
-1.396644394131720424e-65
-1.115561020128329100e-65
-9.832075153095581957e-66
-8.571506867788531584e-66
-6.261727814101488969e-66
-5.222709543622234521e-66
-3.399011846067675235e-66
-2.622300580094475034e-66
-1.940441926975595563e-66
-8.737257893496284643e-67
-4.943801068673266128e-67
-5.552076612631522235e-68
1.316713688246358783e-74
1.284323732368209280e-74
1.261536825778144963e-74
1.234925497023230091e-74
1.171816459337307108e-74
1.136063735853816696e-74
1.057887637204129430e-74
1.016103152898426784e-74
9.286187622908287529e-75
8.834647921704855149e-75
7.915932144499122404e-75
7.453401184454915591e-75
6.532687006562534608e-75
5.630696530548043868e-75
5.191171528869528101e-75
4.343093341716975010e-75
3.937476191703030089e-75
3.169782402908611119e-75
2.468139745336963846e-75
2.144807900953067458e-75
1.557959073343102737e-75
1.296183699901955530e-75
8.398371609675612106e-76
4.776569052178720756e-76
3.333961099444862063e-76
1.211484398876592613e-76
1.357319418476027457e-77
3.602627349970943969e-85
3.243635148258470756e-85
2.910277704605541648e-85
2.601252853986333506e-85
2.455476414974695163e-85
2.180652627461687373e-85
1.927187647151117581e-85
1.693995571019752703e-85
1.584677498568401376e-85
1.379977032598391211e-85
1.193066634420828250e-85
1.023038621819925329e-85
8.690302914501316307e-86
7.977756262788094334e-86
6.662718538087415584e-86
5.488125941707721665e-86
4.446748067431550854e-86
3.531707939611626805e-86
2.736463806116458075e-86
2.054791945431890890e-86
1.480770426538668478e-86
1.008763764209935650e-86
6.334084161239255704e-87
3.495990716611404877e-87
1.524756854947177865e-87
3.741121209211972735e-88
4.753242273931100572e-97
4.345045293335699750e-97
3.961827225932405666e-97
3.602505371491474186e-97
3.266043972930962485e-97
2.951452033640254439e-97
2.657781245433201060e-97
2.384124021009754617e-97
2.129611625173714342e-97
1.893412399397985850e-97
1.674730074651756351e-97
1.472802167704205087e-97
1.286898456403004314e-97
1.036566378689122087e-97
8.877272547081177778e-98
7.525902988825420033e-98
6.305535083608450420e-98
5.210399895464415706e-98
3.790477055838769972e-98
2.984734121868714739e-98
2.285855204288454837e-98
1.689071961132226573e-98
9.753771605964659187e-99
6.142402374412289277e-99
3.400024291754794005e-99
8.298883695419803210e-100
9.075814521593961069e-101
9.325107177823565913e-113
8.312566450884413227e-113
7.681522101425326282e-113
6.797704995866451673e-113
6.248531772472433174e-113
5.730012517404252676e-113
5.007246354525537738e-113
4.560502337195692359e-113
3.940458500793675447e-113
3.559041545348676536e-113
3.032483702133925985e-113
2.710513805288407374e-113
2.269017046006223136e-113
1.874822016676528669e-113
1.637004556098698399e-113
1.315892838130975940e-113
1.124527503096183648e-113
8.698490149580551204e-114
6.520790171026052139e-114
5.263759449911560811e-114
3.655691464982246150e-114
2.363829930370032103e-114
1.669349873902227508e-114
8.650453392828717407e-115
3.310952476823767127e-115
5.191386539980321395e-116
3.911510881161584025e-132
3.552451542444028665e-132
3.216964307571323331e-132
2.903948086063930285e-132
2.612353257810360982e-132
2.429361354816712973e-132
2.171268040809370392e-132
1.932029590129089544e-132
1.710764081385629419e-132
1.506630168102709683e-132
1.318825088695248680e-132
1.146582782534788300e-132
9.891721059403722066e-133
8.458951423203235780e-133
7.160856010533843627e-133
5.991073000352738948e-133
4.943527271320327188e-133
4.012416760755827287e-133
3.192199526107003101e-133
2.261961140887343321e-133
1.680313361144505552e-133
1.192811372428753825e-133
7.949063553285838131e-134
4.822509479248504771e-134
2.506899349079457088e-134
6.124905878268885554e-135
3.763079684838615483e-136
3.089571217813968969e-157
2.764246501635161166e-157
2.536359959945457910e-157
2.321669681112032593e-157
2.055038844841300220e-157
1.869133430705964930e-157
1.694753170014949319e-157
1.479383167443125586e-157
1.330140330592017027e-157
1.146734093227287741e-157
1.020349895418672281e-157
8.660066347445374278e-158
7.604039327405392906e-158
6.324787931331758738e-158
5.457631843510015696e-158
4.418433536585181295e-158
3.506393925027667488e-158
2.901694180521823222e-158
2.195971029846218739e-158
1.599459735314950414e-158
1.220174297415963667e-158
8.007190801874986555e-159
4.749017498753994819e-159
2.375819370452619606e-159
8.387531348305743719e-160
2.066554717547582483e-160
3.409907769338733099e-185
3.106735788489351776e-185
2.822785552560981018e-185
2.557193915223985182e-185
2.309136493416394560e-185
2.077825800876972864e-185
1.862509479626635785e-185
1.662468623787841647e-185
1.477016190481320809e-185
1.305495492866323124e-185
1.147278770693156391e-185
1.001765834021832703e-185
8.368674533769549022e-186
7.178777550430870106e-186
6.098165128577804249e-186
5.121871148850723847e-186
4.040983094874068826e-186
3.282345923880250728e-186
2.613321942010024849e-186
1.896804209435540545e-186
1.414622239874848901e-186
1.009303721320767045e-186
6.053165452397145886e-187
3.601089983762724231e-187
1.457611643590527269e-187
4.425091014072712065e-188
1.768768068190446278e-222
1.635719652167254378e-222
1.479407994008682996e-222
1.333712657521201073e-222
1.224460068214792674e-222
1.096618036504406913e-222
9.780383012484968426e-223
8.895464468396852163e-223
7.865419927737267144e-223
6.916171016852950076e-223
6.043863935582707318e-223
5.244824330792986624e-223
4.515548411356727536e-223
3.852694540752365138e-223
3.368088373432593016e-223
2.816860642891805715e-223
2.323494912130058886e-223
1.803908256428495398e-223
1.428181491412116453e-223
1.101814881283481077e-223
8.224011361450689022e-224
5.876420448412175955e-224
3.953432977024327577e-224
2.176889356403077233e-224
1.115599169830255356e-224
4.151203506890150332e-225
5.736554099617828835e-226
1.046043169486260234e-271
9.613352498070989192e-272
8.660964123504605491e-272
7.918424236895293531e-272
7.085908384580192832e-272
6.438816698072261229e-272
5.715746858192497920e-272
5.155798450394266127e-272
4.532646933390943496e-272
3.960275559229426232e-272
3.520306009033979401e-272
3.034707091338693566e-272
2.593195762828920596e-272
2.193620175315131356e-272
1.833929408921836282e-272
1.512168463734424412e-272
1.226473520661955048e-272
9.750674557744749016e-273
7.562555933726119991e-273
5.684216839778503315e-273
4.100240942985717343e-273
2.795921970359327992e-273
1.757229491463027196e-273
9.707764788101855963e-274
4.237885458008115970e-274
7.206038007707414388e-275
0.000000000000000000e+00
0.000000000000000000e+00
0.000000000000000000e+00
0.000000000000000000e+00
0.000000000000000000e+00
0.000000000000000000e+00
0.000000000000000000e+00
0.000000000000000000e+00
0.000000000000000000e+00
0.000000000000000000e+00
0.000000000000000000e+00
0.000000000000000000e+00
0.000000000000000000e+00
0.000000000000000000e+00
0.000000000000000000e+00
0.000000000000000000e+00
0.000000000000000000e+00
0.000000000000000000e+00
0.000000000000000000e+00
0.000000000000000000e+00
0.000000000000000000e+00
0.000000000000000000e+00
0.000000000000000000e+00
0.000000000000000000e+00
0.000000000000000000e+00
0.000000000000000000e+00
0.000000000000000000e+00
0.000000000000000000e+00
0.000000000000000000e+00
0.000000000000000000e+00
0.000000000000000000e+00
0.000000000000000000e+00
0.000000000000000000e+00
0.000000000000000000e+00
0.000000000000000000e+00
0.000000000000000000e+00
0.000000000000000000e+00
0.000000000000000000e+00
0.000000000000000000e+00
0.000000000000000000e+00
0.000000000000000000e+00
0.000000000000000000e+00
0.000000000000000000e+00
0.000000000000000000e+00
0.000000000000000000e+00
0.000000000000000000e+00
0.000000000000000000e+00
0.000000000000000000e+00
0.000000000000000000e+00
0.000000000000000000e+00
0.000000000000000000e+00
0.000000000000000000e+00
0.000000000000000000e+00
0.000000000000000000e+00
0.000000000000000000e+00
0.000000000000000000e+00
0.000000000000000000e+00
0.000000000000000000e+00
0.000000000000000000e+00
0.000000000000000000e+00
0.000000000000000000e+00
0.000000000000000000e+00
0.000000000000000000e+00
0.000000000000000000e+00
0.000000000000000000e+00
0.000000000000000000e+00
0.000000000000000000e+00
0.000000000000000000e+00
0.000000000000000000e+00
0.000000000000000000e+00
0.000000000000000000e+00
0.000000000000000000e+00
0.000000000000000000e+00
0.000000000000000000e+00
0.000000000000000000e+00
0.000000000000000000e+00
0.000000000000000000e+00
0.000000000000000000e+00
0.000000000000000000e+00
0.000000000000000000e+00
0.000000000000000000e+00
0.000000000000000000e+00
0.000000000000000000e+00
0.000000000000000000e+00
0.000000000000000000e+00
0.000000000000000000e+00
0.000000000000000000e+00
0.000000000000000000e+00
0.000000000000000000e+00
0.000000000000000000e+00
0.000000000000000000e+00
0.000000000000000000e+00
0.000000000000000000e+00
0.000000000000000000e+00
0.000000000000000000e+00
0.000000000000000000e+00
0.000000000000000000e+00
0.000000000000000000e+00
0.000000000000000000e+00
0.000000000000000000e+00
0.000000000000000000e+00
0.000000000000000000e+00
0.000000000000000000e+00
0.000000000000000000e+00
0.000000000000000000e+00
0.000000000000000000e+00
0.000000000000000000e+00
0.000000000000000000e+00
0.000000000000000000e+00
0.000000000000000000e+00
0.000000000000000000e+00
0.000000000000000000e+00
0.000000000000000000e+00
0.000000000000000000e+00
0.000000000000000000e+00
0.000000000000000000e+00
0.000000000000000000e+00
0.000000000000000000e+00
0.000000000000000000e+00
0.000000000000000000e+00
0.000000000000000000e+00
0.000000000000000000e+00
0.000000000000000000e+00
0.000000000000000000e+00
0.000000000000000000e+00
0.000000000000000000e+00
0.000000000000000000e+00
0.000000000000000000e+00
0.000000000000000000e+00
0.000000000000000000e+00
0.000000000000000000e+00
0.000000000000000000e+00
0.000000000000000000e+00
0.000000000000000000e+00
0.000000000000000000e+00
0.000000000000000000e+00
0.000000000000000000e+00
0.000000000000000000e+00
0.000000000000000000e+00
0.000000000000000000e+00
0.000000000000000000e+00
0.000000000000000000e+00
0.000000000000000000e+00
0.000000000000000000e+00
0.000000000000000000e+00
0.000000000000000000e+00
0.000000000000000000e+00
0.000000000000000000e+00
0.000000000000000000e+00
0.000000000000000000e+00
0.000000000000000000e+00
0.000000000000000000e+00
0.000000000000000000e+00
0.000000000000000000e+00
0.000000000000000000e+00
0.000000000000000000e+00
0.000000000000000000e+00
0.000000000000000000e+00
0.000000000000000000e+00
0.000000000000000000e+00
0.000000000000000000e+00
0.000000000000000000e+00
0.000000000000000000e+00
0.000000000000000000e+00
0.000000000000000000e+00
0.000000000000000000e+00
0.000000000000000000e+00
0.000000000000000000e+00
0.000000000000000000e+00
0.000000000000000000e+00
0.000000000000000000e+00
0.000000000000000000e+00
0.000000000000000000e+00
0.000000000000000000e+00
0.000000000000000000e+00
0.000000000000000000e+00
0.000000000000000000e+00
0.000000000000000000e+00
0.000000000000000000e+00
0.000000000000000000e+00
0.000000000000000000e+00
0.000000000000000000e+00
0.000000000000000000e+00
0.000000000000000000e+00
0.000000000000000000e+00
0.000000000000000000e+00
0.000000000000000000e+00
0.000000000000000000e+00
0.000000000000000000e+00
0.000000000000000000e+00
0.000000000000000000e+00
0.000000000000000000e+00
0.000000000000000000e+00
0.000000000000000000e+00
0.000000000000000000e+00
0.000000000000000000e+00
0.000000000000000000e+00
0.000000000000000000e+00
0.000000000000000000e+00
0.000000000000000000e+00
0.000000000000000000e+00
0.000000000000000000e+00
0.000000000000000000e+00
0.000000000000000000e+00
0.000000000000000000e+00
0.000000000000000000e+00
0.000000000000000000e+00
0.000000000000000000e+00
0.000000000000000000e+00
0.000000000000000000e+00
0.000000000000000000e+00
0.000000000000000000e+00
0.000000000000000000e+00
0.000000000000000000e+00
0.000000000000000000e+00
0.000000000000000000e+00
0.000000000000000000e+00
0.000000000000000000e+00
0.000000000000000000e+00
0.000000000000000000e+00
0.000000000000000000e+00
0.000000000000000000e+00
0.000000000000000000e+00
0.000000000000000000e+00
0.000000000000000000e+00
0.000000000000000000e+00
0.000000000000000000e+00
0.000000000000000000e+00
0.000000000000000000e+00
0.000000000000000000e+00
0.000000000000000000e+00
0.000000000000000000e+00
0.000000000000000000e+00
0.000000000000000000e+00
0.000000000000000000e+00
0.000000000000000000e+00
0.000000000000000000e+00
0.000000000000000000e+00
0.000000000000000000e+00
0.000000000000000000e+00
0.000000000000000000e+00
0.000000000000000000e+00
0.000000000000000000e+00
0.000000000000000000e+00
0.000000000000000000e+00
0.000000000000000000e+00
0.000000000000000000e+00
0.000000000000000000e+00
0.000000000000000000e+00
0.000000000000000000e+00
0.000000000000000000e+00
0.000000000000000000e+00
0.000000000000000000e+00
0.000000000000000000e+00
0.000000000000000000e+00
0.000000000000000000e+00
0.000000000000000000e+00
0.000000000000000000e+00
0.000000000000000000e+00
0.000000000000000000e+00
0.000000000000000000e+00
0.000000000000000000e+00
0.000000000000000000e+00
0.000000000000000000e+00
0.000000000000000000e+00
0.000000000000000000e+00
0.000000000000000000e+00
0.000000000000000000e+00
0.000000000000000000e+00
0.000000000000000000e+00
0.000000000000000000e+00
0.000000000000000000e+00
0.000000000000000000e+00
0.000000000000000000e+00
0.000000000000000000e+00
0.000000000000000000e+00
0.000000000000000000e+00
0.000000000000000000e+00
0.000000000000000000e+00
0.000000000000000000e+00
0.000000000000000000e+00
0.000000000000000000e+00
0.000000000000000000e+00
0.000000000000000000e+00
0.000000000000000000e+00
0.000000000000000000e+00
0.000000000000000000e+00
0.000000000000000000e+00
0.000000000000000000e+00
0.000000000000000000e+00
0.000000000000000000e+00
0.000000000000000000e+00
0.000000000000000000e+00
0.000000000000000000e+00
0.000000000000000000e+00
0.000000000000000000e+00
0.000000000000000000e+00
0.000000000000000000e+00
0.000000000000000000e+00
0.000000000000000000e+00
0.000000000000000000e+00
0.000000000000000000e+00
0.000000000000000000e+00
0.000000000000000000e+00
0.000000000000000000e+00
0.000000000000000000e+00
0.000000000000000000e+00
0.000000000000000000e+00
0.000000000000000000e+00
0.000000000000000000e+00
0.000000000000000000e+00
0.000000000000000000e+00
0.000000000000000000e+00
0.000000000000000000e+00
0.000000000000000000e+00
0.000000000000000000e+00
0.000000000000000000e+00
0.000000000000000000e+00
0.000000000000000000e+00
0.000000000000000000e+00
0.000000000000000000e+00
0.000000000000000000e+00
0.000000000000000000e+00
0.000000000000000000e+00
0.000000000000000000e+00
0.000000000000000000e+00
0.000000000000000000e+00
0.000000000000000000e+00
0.000000000000000000e+00
0.000000000000000000e+00
0.000000000000000000e+00
0.000000000000000000e+00
0.000000000000000000e+00
0.000000000000000000e+00
0.000000000000000000e+00
0.000000000000000000e+00
0.000000000000000000e+00
0.000000000000000000e+00
0.000000000000000000e+00
0.000000000000000000e+00
0.000000000000000000e+00
0.000000000000000000e+00
0.000000000000000000e+00
0.000000000000000000e+00
0.000000000000000000e+00
0.000000000000000000e+00
0.000000000000000000e+00
0.000000000000000000e+00
0.000000000000000000e+00
0.000000000000000000e+00
0.000000000000000000e+00
0.000000000000000000e+00
0.000000000000000000e+00
0.000000000000000000e+00
0.000000000000000000e+00
0.000000000000000000e+00
0.000000000000000000e+00
0.000000000000000000e+00
0.000000000000000000e+00
0.000000000000000000e+00
0.000000000000000000e+00
0.000000000000000000e+00
0.000000000000000000e+00
0.000000000000000000e+00
0.000000000000000000e+00
0.000000000000000000e+00
0.000000000000000000e+00
0.000000000000000000e+00
0.000000000000000000e+00
0.000000000000000000e+00
0.000000000000000000e+00
0.000000000000000000e+00
0.000000000000000000e+00
0.000000000000000000e+00
0.000000000000000000e+00
0.000000000000000000e+00
0.000000000000000000e+00
0.000000000000000000e+00
0.000000000000000000e+00
0.000000000000000000e+00
0.000000000000000000e+00
0.000000000000000000e+00
0.000000000000000000e+00
0.000000000000000000e+00
0.000000000000000000e+00
0.000000000000000000e+00
0.000000000000000000e+00
0.000000000000000000e+00
0.000000000000000000e+00
0.000000000000000000e+00
0.000000000000000000e+00
0.000000000000000000e+00
0.000000000000000000e+00
0.000000000000000000e+00
0.000000000000000000e+00
0.000000000000000000e+00
0.000000000000000000e+00
0.000000000000000000e+00
0.000000000000000000e+00
0.000000000000000000e+00
0.000000000000000000e+00
0.000000000000000000e+00
0.000000000000000000e+00
0.000000000000000000e+00
0.000000000000000000e+00
0.000000000000000000e+00
0.000000000000000000e+00
0.000000000000000000e+00
0.000000000000000000e+00
0.000000000000000000e+00
0.000000000000000000e+00
0.000000000000000000e+00
0.000000000000000000e+00
0.000000000000000000e+00
0.000000000000000000e+00
0.000000000000000000e+00
0.000000000000000000e+00
0.000000000000000000e+00
0.000000000000000000e+00
0.000000000000000000e+00
0.000000000000000000e+00
0.000000000000000000e+00
0.000000000000000000e+00
0.000000000000000000e+00
0.000000000000000000e+00
0.000000000000000000e+00
0.000000000000000000e+00
0.000000000000000000e+00
0.000000000000000000e+00
0.000000000000000000e+00
0.000000000000000000e+00
0.000000000000000000e+00
0.000000000000000000e+00
0.000000000000000000e+00
0.000000000000000000e+00
0.000000000000000000e+00
0.000000000000000000e+00
0.000000000000000000e+00
0.000000000000000000e+00
0.000000000000000000e+00
0.000000000000000000e+00
0.000000000000000000e+00
0.000000000000000000e+00
0.000000000000000000e+00
0.000000000000000000e+00
0.000000000000000000e+00
0.000000000000000000e+00
0.000000000000000000e+00
0.000000000000000000e+00
0.000000000000000000e+00
0.000000000000000000e+00
0.000000000000000000e+00
0.000000000000000000e+00
0.000000000000000000e+00
0.000000000000000000e+00
0.000000000000000000e+00
0.000000000000000000e+00
0.000000000000000000e+00
0.000000000000000000e+00
0.000000000000000000e+00
0.000000000000000000e+00
0.000000000000000000e+00
0.000000000000000000e+00
0.000000000000000000e+00
0.000000000000000000e+00
0.000000000000000000e+00
0.000000000000000000e+00
0.000000000000000000e+00
0.000000000000000000e+00
0.000000000000000000e+00
0.000000000000000000e+00
0.000000000000000000e+00
0.000000000000000000e+00
0.000000000000000000e+00
0.000000000000000000e+00
0.000000000000000000e+00
0.000000000000000000e+00
0.000000000000000000e+00
0.000000000000000000e+00
0.000000000000000000e+00
0.000000000000000000e+00
0.000000000000000000e+00
0.000000000000000000e+00
0.000000000000000000e+00
0.000000000000000000e+00
0.000000000000000000e+00
0.000000000000000000e+00
0.000000000000000000e+00
0.000000000000000000e+00
0.000000000000000000e+00
0.000000000000000000e+00
0.000000000000000000e+00
0.000000000000000000e+00
0.000000000000000000e+00
0.000000000000000000e+00
0.000000000000000000e+00
0.000000000000000000e+00
0.000000000000000000e+00
0.000000000000000000e+00
0.000000000000000000e+00
0.000000000000000000e+00
0.000000000000000000e+00
0.000000000000000000e+00
0.000000000000000000e+00
0.000000000000000000e+00
0.000000000000000000e+00
0.000000000000000000e+00
0.000000000000000000e+00
0.000000000000000000e+00
0.000000000000000000e+00
0.000000000000000000e+00
0.000000000000000000e+00
0.000000000000000000e+00
0.000000000000000000e+00
0.000000000000000000e+00
0.000000000000000000e+00
0.000000000000000000e+00
0.000000000000000000e+00
0.000000000000000000e+00
0.000000000000000000e+00
0.000000000000000000e+00
0.000000000000000000e+00
0.000000000000000000e+00
0.000000000000000000e+00
0.000000000000000000e+00
0.000000000000000000e+00
0.000000000000000000e+00
0.000000000000000000e+00
0.000000000000000000e+00
0.000000000000000000e+00
0.000000000000000000e+00
0.000000000000000000e+00
0.000000000000000000e+00
0.000000000000000000e+00
0.000000000000000000e+00
0.000000000000000000e+00
0.000000000000000000e+00
0.000000000000000000e+00
0.000000000000000000e+00
0.000000000000000000e+00
0.000000000000000000e+00
0.000000000000000000e+00
0.000000000000000000e+00
nan
