# bin_13_13
6.671572740845800942e-06
6.837009190253074408e-06
7.028988022118000076e-06
7.217846004794932976e-06
7.425930887720482247e-06
7.618844255519394600e-06
7.819571973052618041e-06
8.011545599053376839e-06
8.196096730744490259e-06
8.373958004712945424e-06
8.544646705093158183e-06
8.701914918358888467e-06
8.851153051692337739e-06
8.984479739985112447e-06
9.116666987554485652e-06
9.235294326123008954e-06
9.334452787776271069e-06
9.439970341618876282e-06
9.532179608582129867e-06
9.600278560800810736e-06
9.660324782116342488e-06
9.720376815908832047e-06
9.768381665982998064e-06
9.798711288800113423e-06
9.821032566435054168e-06
9.841009596327448503e-06
9.854617782212406194e-06
9.857088026435132270e-06
9.850439843481986695e-06
9.836218708983158389e-06
9.815627269242802221e-06
9.788255413197822737e-06
9.753373774819980009e-06
9.711555168900287932e-06
9.663405468785278763e-06
9.609535579789362349e-06
9.550542980777900585e-06
9.486870882043575403e-06
9.418967071248490275e-06
9.347383161463510695e-06
9.272624500009863166e-06
9.195151701947537314e-06
9.115382876056158428e-06
9.033696243770810607e-06
8.952012782723506746e-06
8.870888028733316485e-06
8.788972501924479001e-06
8.705300502404627453e-06
8.619206311290718772e-06
8.530257728899680555e-06
8.438203330711366179e-06
8.342930602180568826e-06
8.245365724619420413e-06
8.146809985128458247e-06
8.047732492799980863e-06
7.948526763799286543e-06
7.849522099724763521e-06
7.750993196785819865e-06
7.653168276760033729e-06
7.556235979809050226e-06
7.460351217806472918e-06
7.365005144395830168e-06
7.269959858034296925e-06
7.175681066105360204e-06
7.082548557712785229e-06
6.990869252007939357e-06
6.900888300703580066e-06
6.812798543601198285e-06
6.726748567917848292e-06
6.642849582285840402e-06
6.561181283066359038e-06
6.481796862888188774e-06
6.403594166265660231e-06
6.325809518136844600e-06
6.248918418982656587e-06
6.173315366302470262e-06
6.099324847432594356e-06
6.027210885822790088e-06
5.957185335715022188e-06
5.889415092733975227e-06
5.824028364524026708e-06
5.761120125620056749e-06
5.700756863689542865e-06
5.642980709689135227e-06
5.587813031967019018e-06
5.534499085745684691e-06
5.482323617925927737e-06
5.431342783914676011e-06
5.381599830799186471e-06
5.333126772131885513e-06
5.285945863556076815e-06
5.240070903077670417e-06
5.195508376840436631e-06
5.152258468696767928e-06
5.110315949630833881e-06
5.069670961141501028e-06
5.030309704990006585e-06
4.992215050229389646e-06
4.955367067130785371e-06
4.919743496481134099e-06
4.885320161727444834e-06
4.852211549405442661e-06
4.820409771337356725e-06
4.789722136030112766e-06
4.759975995693997402e-06
4.731016857102778715e-06
4.702706670603907961e-06
4.674922279842895136e-06
4.647554016562193805e-06
4.620504426435002052e-06
4.593687113322073166e-06
4.567025690613215725e-06
4.540452829453602947e-06
4.513909394672473939e-06
4.487343660142214067e-06
4.460710596111333398e-06
4.433971221785413763e-06
4.407092017085521386e-06
4.380044388101647415e-06
4.353518681716995830e-06
4.328063517607727311e-06
4.303458388195180742e-06
4.279504277745139558e-06
4.256021863116720080e-06
4.232849862971973884e-06
4.209843522805104843e-06
4.186873224280389033e-06
4.163823208391326007e-06
4.140590402880715554e-06
4.117083345202258738e-06
4.093221193066911528e-06
4.068932815309725479e-06
4.044155956441790434e-06
4.018836468823489778e-06
3.992927606914986065e-06
3.966389378532852390e-06
3.939187948472149107e-06
3.911295090245399752e-06
3.882687682047278948e-06
3.853347243379516900e-06
3.823259509067815010e-06
3.792664188894479313e-06
3.761840380214434513e-06
3.730833278459704834e-06
3.699684862793763741e-06
3.668434103761088367e-06
3.637117157278336466e-06
3.605767545912831488e-06
3.574416328324461868e-06
3.543092257682921352e-06
3.511821929812969325e-06
3.480629921765933974e-06
3.449538921465213590e-06
3.418569849027086817e-06
3.387741970315220531e-06
3.357073003247520409e-06
3.326579217337368080e-06
3.296275526917296497e-06
3.266175578461839091e-06
3.236291832397176560e-06
3.206635639758354245e-06
3.177217314029919495e-06
3.148046198482715449e-06
3.119130729298194881e-06
3.090478494751756153e-06
3.062096290708165885e-06
3.033670686588934418e-06
3.004948263124205599e-06
2.976020110149974242e-06
2.946970771544216837e-06
2.917878642253422382e-06
2.888816341549393687e-06
2.859851063989469551e-06
2.802455193570709037e-06
2.774134739663607709e-06
2.746132153463786447e-06
2.718492081525444465e-06
2.691255454400413597e-06
2.664459715472897802e-06
2.638139036322878300e-06
2.612324519428757136e-06
2.562324170433001360e-06
2.538186859713560864e-06
2.514653082298433521e-06
2.491741243156323325e-06
2.469467667862975752e-06
2.447846735485825812e-06
2.426891003712003277e-06
2.387016965907971672e-06
2.368115694824159461e-06
2.349913897103589646e-06
2.332416659338673710e-06
2.299467834812133245e-06
2.283832903194783358e-06
2.268691288475840804e-06
2.254012812852283104e-06
2.239768818850720398e-06
2.212476812871096041e-06
2.199378448065378052e-06
2.186613730366256618e-06
2.161998039576480450e-06
2.150106245004422424e-06
2.138466349004075659e-06
2.127060484618969060e-06
2.104883994417229499e-06
2.094082115184646424e-06
2.083451678227315993e-06
2.062651323844198661e-06
2.052456291683288127e-06
2.042382404455647226e-06
2.022554991358408242e-06
2.012781400143895543e-06
1.993468407882048774e-06
1.983912130515141224e-06
1.974412213339532141e-06
1.955552786731543822e-06
1.946179984725141858e-06
1.927517895226909941e-06
1.918217575701586404e-06
1.900381839781961681e-06
1.891973897335913277e-06
1.883861744451568308e-06
1.868402140563734634e-06
1.860997197608115179e-06
1.846704127015316130e-06
1.839766906313655628e-06
1.826197828378562255e-06
1.819524221319838995e-06
1.806302771490421450e-06
1.799719597026727428e-06
1.786527249814104565e-06
1.773202571249541973e-06
1.766457111139269692e-06
1.752739745431338649e-06
1.745745922040774263e-06
1.731438227614159157e-06
1.716644716678049668e-06
1.709045792837161787e-06
1.693408336704713538e-06
1.685357192026177901e-06
1.668762009240119392e-06
1.651477229687715654e-06
1.642565581004287821e-06
1.624185671002267355e-06
1.605043427755199721e-06
1.595180035048375417e-06
1.575235564685390915e-06
1.555286456350000321e-06
1.535383992363587308e-06
1.525464998081798740e-06
1.505718589232187854e-06
1.486127455187390171e-06
1.466728072435067726e-06
1.457110709740171463e-06
1.438059663473759235e-06
1.419276619608194331e-06
1.400786759763784995e-06
1.382612565093472049e-06
1.373650179598891981e-06
1.355986225423259107e-06
1.338683626360766888e-06
1.321756923518751889e-06
1.305218766469147946e-06
1.289080059273291847e-06
1.273350096115905852e-06
1.258036687294284717e-06
1.243146276253033678e-06
1.228684048303347203e-06
1.214654031618521033e-06
1.201059191053750289e-06
1.187901515297998241e-06
1.175182097828580072e-06
1.163154818224327084e-06
1.152010235272296644e-06
1.141658514854630068e-06
1.132015760410920372e-06
1.123003655127117101e-06
1.114549125839709170e-06
1.106584027280441276e-06
1.099044845378803642e-06
1.091872418425011254e-06
1.085011674975574628e-06
1.078411387457416885e-06
1.072023940495117531e-06
1.062745990032418885e-06
1.056704101284279642e-06
1.050733814758521820e-06
1.044801253989642092e-06
1.038875105799657257e-06
1.029935298121801022e-06
1.023903627258857482e-06
1.017786791595957628e-06
1.011563213016122685e-06
1.001984932921687334e-06
9.954117142145762772e-07
9.886697858162419621e-07
9.782097440110300567e-07
9.709866054866472233e-07
9.635648063216277245e-07
9.522320075097779106e-07
9.445836357462720875e-07
9.330145234447997222e-07
9.252606646153765183e-07
9.174911988408134459e-07
9.058375834272699256e-07
8.980873504066735273e-07
8.865193303907169540e-07
8.788610844710233068e-07
8.674787751868971179e-07
8.599736209065776096e-07
8.488608170103506281e-07
8.379439408601133559e-07
8.307859722690481470e-07
8.202438573979096685e-07
8.133535171662951861e-07
8.032366943005801330e-07
7.933951214091896331e-07
7.869933285926748661e-07
7.776378271344649709e-07
7.685875814139329199e-07
7.627278400175845108e-07
7.542041581074740408e-07
7.460048895881127462e-07
7.381348968055490107e-07
7.330730655899916277e-07
7.257308122234954218e-07
7.186508571792677783e-07
7.118108261085295883e-07
7.051898751909987829e-07
7.008879770314696481e-07
6.945896884618456222e-07
6.884616519666794932e-07
6.824878423128719205e-07
6.766533577835558901e-07
6.709443482791889888e-07
6.653479480341468427e-07
6.598522126406748627e-07
6.544460600937608714e-07
6.491192155905699953e-07
6.438621598366649923e-07
6.386660806284541979e-07
6.335228274972458830e-07
6.284248692150811391e-07
6.216861134576293876e-07
6.166677402491167671e-07
6.116735372597619661e-07
6.066982274514276654e-07
6.017369675809521016e-07
5.967853199938507023e-07
5.901911124250927258e-07
5.852467194382347159e-07
5.803049926742187225e-07
5.737480669909186306e-07
5.688606657943252666e-07
5.640032347610256451e-07
5.575789567000629556e-07
5.528038683663530546e-07
5.480687922785050375e-07
5.418218948379508006e-07
5.371895533933235883e-07
5.310874032599316763e-07
5.265688783925116160e-07
5.206247141604819457e-07
5.162288583332096300e-07
5.104531528252163634e-07
5.061868896058739844e-07
5.005877244060896842e-07
4.950922612588326398e-07
4.910397035059288251e-07
4.857294214329362872e-07
4.805265501624176752e-07
4.766953853155921031e-07
4.716822967975300817e-07
4.667782814969508547e-07
4.619835262944148259e-07
4.572980255345579214e-07
4.538554953718619483e-07
4.493597892697947876e-07
4.449520935891212544e-07
4.406226880545218109e-07
4.363695782870285892e-07
4.321908350280644438e-07
4.280845915756843380e-07
4.240490413381078163e-07
4.200824354984567927e-07
4.161830807849670456e-07
4.123493373412651675e-07
4.085796166916188192e-07
4.048723797963525828e-07
4.003239336922441351e-07
3.967519016940256200e-07
3.932376710680139546e-07
3.897798930949289635e-07
3.855350679771980843e-07
3.821995848047751560e-07
3.789164433689471390e-07
3.748843182056400906e-07
3.717146609882180940e-07
3.685936149848116186e-07
3.647590277135821746e-07
3.617434624949277241e-07
3.580374795912615110e-07
3.551222801969897195e-07
3.515387105369462181e-07
3.487181810932947311e-07
3.452478318150413248e-07
3.418378105445152815e-07
3.391524277989364898e-07
3.358480057730058104e-07
3.326006237767671013e-07
3.300430229206485408e-07
3.268954638432989103e-07
3.238018150280677012e-07
3.207609971870807642e-07
3.177719512160277618e-07
3.148336380988359161e-07
3.119450387828599153e-07
3.096692811161744651e-07
3.068676617603587986e-07
3.041130076914491319e-07
3.008680881153470073e-07
2.982134589432334622e-07
2.956028385574049579e-07
2.930353423023738476e-07
2.905101037667613572e-07
2.880262745113389696e-07
2.850991711930052341e-07
2.827035426185080053e-07
2.803467258066323053e-07
2.780279446946890046e-07
2.752930569420472735e-07
2.730466253057186613e-07
2.703888593399114280e-07
2.682058926693530346e-07
2.656247389010218219e-07
2.635058893108739278e-07
2.610018809697982084e-07
2.589474008923495451e-07
2.565206293919175675e-07
2.541358894584073897e-07
2.521806155337733559e-07
2.498725401161592421e-07
2.476059833333042536e-07
2.453806820475353599e-07
2.431963367651652580e-07
2.410526152222212784e-07
2.389491557004628004e-07
2.368855700932376510e-07
2.348614467392844050e-07
2.328763530412464119e-07
2.309298378844333246e-07
2.290214338702231531e-07
2.271506593774494229e-07
2.253170204641431367e-07
2.235200126210997956e-07
2.214691156356590282e-07
2.197497242625250213e-07
2.180659732630291643e-07
2.161450492484410367e-07
2.145338099481079090e-07
2.126928882750884036e-07
2.111465078313778094e-07
2.093771797537136832e-07
2.078888705873982588e-07
2.061836778318048911e-07
2.045102296434200768e-07
2.028667294325540594e-07
2.014805715676432671e-07
1.998883008415142887e-07
1.983214408019904623e-07
1.967785913957386270e-07
1.952584403796469913e-07
1.937597578981238318e-07
1.922813914021789348e-07
1.908222608877702059e-07
1.893813544324618369e-07
1.879577240108973694e-07
1.865504815709311338e-07
1.849612068801921072e-07
1.835863483567242518e-07
1.822254375034258556e-07
1.806863239939244625e-07
1.793530789857096543e-07
1.778445109605468613e-07
1.765396496924377763e-07
1.750682863999133661e-07
1.738002326249271201e-07
1.723753202244425315e-07
1.709772059099095650e-07
1.696025695628894833e-07
1.684185862086021139e-07
1.670868081015878221e-07
1.657776065966692953e-07
1.644907143087705434e-07
1.632252472629253830e-07
1.619805390954292944e-07
1.607560683033232616e-07
1.595513304064052200e-07
1.582189801509157303e-07
1.570545640259929323e-07
1.559083614699509867e-07
1.546400598503038073e-07
1.535309947963105016e-07
1.524387048364959543e-07
1.512293377966131675e-07
1.500400322047240475e-07
1.489993971164936130e-07
1.478469247268080050e-07
1.467134038089440769e-07
1.457213331600235045e-07
1.446220660766885209e-07
1.435402820812084012e-07
1.424756691219417236e-07
1.414279188896126925e-07
1.403966815424549250e-07
1.393813235994062561e-07
1.382713622075161874e-07
1.372885003087088525e-07
1.363206231085502922e-07
1.352624425075387794e-07
1.343250287685692702e-07
1.334014243343137869e-07
1.323911043998407025e-07
1.313972183961007620e-07
1.305165103892448052e-07
1.295527922327929851e-07
1.286042293386451106e-07
1.276705250349401385e-07
1.268426544880420227e-07
1.259363838462965943e-07
1.250440563828304463e-07
1.240780611381047158e-07
1.232137273761621931e-07
1.223622984137678819e-07
1.215235100676440440e-07
1.206151052756362029e-07
1.198018438538931623e-07
1.190002655471484781e-07
1.181317288961193217e-07
1.172767106374805087e-07
1.165108830880121124e-07
1.156807151979143573e-07
1.148630637699937302e-07
1.140576396188934923e-07
1.132641622793508502e-07
1.124823584157613470e-07
1.117119138901614066e-07
1.109525461138370543e-07
1.102040059276609583e-07
1.094660516358953560e-07
1.086728083881334471e-07
1.079562177012237002e-07
1.071856875791900060e-07
1.064894071971867445e-07
1.057405273850736303e-07
1.050025561408743588e-07
1.043354412037443911e-07
1.036176358309861277e-07
1.029099810193425899e-07
1.022122401436415010e-07
1.015241842803055912e-07
1.008455917868752914e-07
1.001208764372304405e-07
9.946130345031790006e-08
9.881053667260011211e-08
9.811524474818728650e-08
9.748218931230574242e-08
9.680565572203818051e-08
9.613854426148248380e-08
9.548062290769020588e-08
9.488127425583741024e-08
9.424040457556759478e-08
9.360812032844729430e-08
9.298423936192778235e-08
9.232153013792353964e-08
9.171445519685600833e-08
9.111517590725831841e-08
9.047833319629990030e-08
8.989476115795955313e-08
8.927446937242291999e-08
8.866243913164359195e-08
8.810134061913394682e-08
8.750467927723589729e-08
8.691578100534129237e-08
8.633445725689510134e-08
8.576051741104690888e-08
8.515356784188789740e-08
8.459435622773370567e-08
8.404207658913410288e-08
8.345786992941860751e-08
8.291945269344469946e-08
8.234972116424547207e-08
8.178719583476539128e-08
8.123177884882150805e-08
8.068333613382979928e-08
8.014168637248178868e-08
7.960665584879239213e-08
7.907807805471519849e-08
7.855585566359878634e-08
7.800572989510227890e-08
7.749629774844711334e-08
7.695945862707328898e-08
7.646216254163744694e-08
7.593798148016952983e-08
7.542022213496658153e-08
7.490872064197929654e-08
7.440331225540580633e-08
7.390383944290680101e-08
7.337950634324551106e-08
7.289197361872605222e-08
7.238015294842756794e-08
7.190410445261030828e-08
7.140416252446549040e-08
7.091010627606470526e-08
7.042191250337139672e-08
6.993947630509737124e-08
6.946264065350731541e-08
6.899125576654467118e-08
6.849792509886301372e-08
6.803742663430574363e-08
6.755552004822480714e-08
6.710560425592075955e-08
6.663459754873234311e-08
6.616897167846271265e-08
6.570865543198294067e-08
6.525363677058701902e-08
6.480377467536131549e-08
6.433436294205121249e-08
6.389467651252255678e-08
6.343575713554036432e-08
6.300592781984112673e-08
6.255730752223751266e-08
6.211377453068951125e-08
6.167519433238540686e-08
6.124145204352281343e-08
6.079012563332950642e-08
6.036625398388122202e-08
5.992508262483777751e-08
5.951060725089541377e-08
5.907907707187374713e-08
5.865242864347081844e-08
5.823060418627924747e-08
5.781347874903988734e-08
5.740093316039999624e-08
5.697256499792469020e-08
5.656913978142605978e-08
5.615029941162897755e-08
5.573620465794566220e-08
5.532673275425318376e-08
5.492176668111715784e-08
5.452124314253962122e-08
5.412518174831724411e-08
5.371492852447215854e-08
5.332766440803795062e-08
5.292639068563331939e-08
5.252956240828213001e-08
5.213721102768219810e-08
5.174924412003681162e-08
5.136554983846948718e-08
5.096886754926433001e-08
5.059359234055312876e-08
5.020563100716319009e-08
4.982207472744350688e-08
4.944281268463557634e-08
4.906773914827134979e-08
4.869675334320036611e-08
4.832984803131562979e-08
4.795131543402996720e-08
4.757709275143592805e-08
4.722241078309811550e-08
4.685633166998078278e-08
4.647932143265280450e-08
4.612154539619509327e-08
4.576774653261372997e-08
4.540333852528374490e-08
4.504305151479791369e-08
4.468681833182979255e-08
4.433465281060920160e-08
4.398647368205611794e-08
4.364219182502698427e-08
4.328818106782636677e-08
4.295159659744056441e-08
4.260552336283605366e-08
4.226343840259339662e-08
4.192525161286923032e-08
4.157809098843739415e-08
4.124758809603804563e-08
4.090831677861165692e-08
4.057301924520215302e-08
4.024160540698189463e-08
3.991398884951759805e-08
3.959008663525880220e-08
3.925808131318573640e-08
3.893002325296848337e-08
3.861733767425067924e-08
3.829678048718723693e-08
3.796867055739234183e-08
3.765558340472553664e-08
3.733515367300283071e-08
3.702940543720000664e-08
3.671641982121730265e-08
3.640710292049417829e-08
3.609091256602917188e-08
3.578892492564142235e-08
3.548024695561839853e-08
3.517527727278675679e-08
3.487393993806266708e-08
3.457616546989142925e-08
3.428194216824282266e-08
3.398158884793166295e-08
3.368489862554038360e-08
3.339179859457446031e-08
3.310221842063941792e-08
3.281613092034506092e-08
3.252443938316830891e-08
3.224530558586156430e-08
3.196065128940866079e-08
3.167073586099340456e-08
3.139308515976003485e-08
3.111883562920479221e-08
3.083950877634516810e-08
3.056365895357528428e-08
3.029121799369968265e-08
3.001402945448814659e-08
2.974837782955791027e-08
2.947809881361291404e-08
2.921122560342657428e-08
2.894769170830655916e-08
2.867983161098157567e-08
2.842292821512653548e-08
2.816181377758390951e-08
2.790402738946592278e-08
2.764228027610711496e-08
2.739105100794444107e-08
2.713595084412422242e-08
2.688415696425981352e-08
2.663560634476111164e-08
2.638346678876754437e-08
2.614130656019305542e-08
2.589562880827665989e-08
2.565316515509310028e-08
2.540743117112626374e-08
2.517130061623222250e-08
2.493194955018337351e-08
2.469575131446883487e-08
2.446266941339510070e-08
2.422663538329022245e-08
2.399376456307776506e-08
2.376399825156869891e-08
2.353728298637966569e-08
2.331358205983264247e-08
2.308722159017564009e-08
2.286391889899605858e-08
2.264361740116927069e-08
2.242086629805714609e-08
2.220649208988074900e-08
2.198972576249570281e-08
2.177072912515325039e-08
2.155987492855774293e-08
2.134682159566535046e-08
2.113670306987600671e-08
2.092947297224748519e-08
2.072024528293302398e-08
2.051393294101968578e-08
2.031048122262753137e-08
2.010984262985529968e-08
1.990740577328866166e-08
1.970781548334046924e-08
1.951101834964028251e-08
1.931696224130109297e-08
1.912128060651502975e-08
1.892837179382323910e-08
1.873818476348149941e-08
1.854653180888711292e-08
1.835761720948391862e-08
1.817139028028664295e-08
1.798780774413764139e-08
1.780291612635056507e-08
1.762068451764050315e-08
1.744106305610093832e-08
1.726026341454042065e-08
1.708208931022596809e-08
1.690649348360873734e-08
1.672984874691869152e-08
1.655579047239583868e-08
1.638426969051932362e-08
1.621524083389089725e-08
1.604528505214224041e-08
1.587782930055797483e-08
1.571282625900849799e-08
1.554700198407974857e-08
1.538363435911043729e-08
1.522267873138085533e-08
1.506100329495032480e-08
1.490174071466531844e-08
1.474484478669106348e-08
1.458732054356845299e-08
1.443216312717917847e-08
1.427932721579174156e-08
1.412876832395300905e-08
1.397766558287513002e-08
1.382610168999009899e-08
1.367954440586211759e-08
1.353252147060964995e-08
1.338772368045321931e-08
1.324253484961704647e-08
1.309956369162293818e-08
1.295876712952491724e-08
1.281764609037827222e-08
1.267869094015582328e-08
1.253947734633373182e-08
1.240476368994935191e-08
1.226978104404511407e-08
1.213459595313978591e-08
1.200151149273854734e-08
1.187048605058190006e-08
1.174147899175994558e-08
1.161231423780978151e-08
1.148305177769268022e-08
1.135788958772509407e-08
1.123057827084744969e-08
1.110728706472443477e-08
1.098393341842198844e-08
1.086251393780772087e-08
1.074107746378270909e-08
1.062155874911925602e-08
1.050391935784359546e-08
1.038629830067806174e-08
1.027053821378449654e-08
1.015483522155257734e-08
1.004097461875403131e-08
9.928919196448908491e-09
9.816949544522948437e-09
9.706765428527360102e-09
9.596700016364696558e-09
9.488399545799568053e-09
9.380250355058536859e-09
9.275397780631886659e-09
9.169148501680017328e-09
9.064620552551318908e-09
8.961778377366113274e-09
8.860587338222730535e-09
8.759582273486845909e-09
8.658799101060075428e-09
8.559656480599209869e-09
8.462120139904958124e-09
8.364816295948995580e-09
8.269096268517909935e-09
8.173629850056454647e-09
8.079723020169637479e-09
7.986087864112389684e-09
7.893988448902245171e-09
7.802178414088119927e-09
7.711880061020843763e-09
7.623060610901533362e-09
7.534533247150381233e-09
7.446324669082726915e-09
7.360695122502275743e-09
7.274261604115486753e-09
7.189264523846877390e-09
7.105672454944911226e-09
7.022410522126557888e-09
6.940529489927425471e-09
6.858989315587727602e-09
6.777811382789751952e-09
6.698969708426375148e-09
6.619503505703474452e-09
6.541371420051331770e-09
6.464544938677233329e-09
6.388082478150025464e-09
6.312899350171161232e-09
6.238084887993625549e-09
6.163656959372286853e-09
6.090486183345967982e-09
6.018545499053998074e-09
5.946981940906201622e-09
5.875810984354357762e-09
5.805845377184192678e-09
5.736275343404631033e-09
5.667885937383573197e-09
5.599892981899654009e-09
5.533053798751192616e-09
5.466611597678830801e-09
5.401298907382687895e-09
5.336384091361410199e-09
5.271878698276944937e-09
5.208476199976100909e-09
5.145481112901920900e-09
5.083564605633450270e-09
5.022054523393833458e-09
4.960960947479177519e-09
4.900918663313720994e-09
4.841904620385358946e-09
4.782685985333245381e-09
4.725087817795999255e-09
4.667303156607965797e-09
4.610518312585114815e-09
4.554146481345169043e-09
4.498750283787183989e-09
4.443763242143705482e-09
4.389728393377913174e-09
4.335570755832897572e-09
4.282875569157053236e-09
4.230070439819473569e-09
4.178187184680301099e-09
4.126714800287830306e-09
4.076154665173925301e-09
4.026015004815064439e-09
3.976278653776603751e-09
3.927386090359766672e-09
3.878848396396968350e-09
3.830680445633390049e-09
3.783391049237255542e-09
3.736537170451359384e-09
3.690121347939470024e-09
3.644556215506897798e-09
3.599002313111440114e-09
3.554605587445753528e-09
3.510167097117778898e-09
3.466496459909290466e-09
3.423219153521536409e-09
3.380354809793373942e-09
3.338256351021581378e-09
3.296542915848231667e-09
3.255216802516768635e-09
3.214623901135269628e-09
3.174409924206480239e-09
3.134575813814324082e-09
3.095122542052460198e-09
3.056051583896007053e-09
3.017678470014917245e-09
2.979678701998582709e-09
2.942052803304425922e-09
2.905098455176972057e-09
2.868508011075382855e-09
2.832282303415111085e-09
2.796421981233923804e-09
2.760927208568251356e-09
2.726069159478500940e-09
2.691299032943549944e-09
2.657156103546652631e-09
2.623626051118031325e-09
2.590188903227259416e-09
2.557105662044592959e-09
2.524619637056105107e-09
2.492477698861086603e-09
2.460679491283037603e-09
2.429224497139054197e-09
2.398337869876312547e-09
2.367560930923085430e-09
2.337342323116316219e-09
2.307454619187105451e-09
2.277896982212116654e-09
2.248667825808370919e-09
2.219765419758307281e-09
2.191188668752935301e-09
2.163132145408353111e-09
2.135199446582419815e-09
2.107776904188908154e-09
2.080666608739327950e-09
2.053867200253180545e-09
2.027377273429142289e-09
2.001195344403090259e-09
1.975319679796583032e-09
1.949747751857110555e-09
1.924477759753727141e-09
1.899670735028100549e-09
1.874996351004856850e-09
1.850618515141366891e-09
1.826688533811659112e-09
1.802893442465452333e-09
1.779536370864532573e-09
1.756315816829339145e-09
1.733523682256935088e-09
1.710868917827823354e-09
1.688632281566590757e-09
1.666533545756536706e-09
1.644843301457010713e-09
1.623291442224489351e-09
1.602138386838389631e-09
1.581123555030186748e-09
1.560497719510946746e-09
1.540009883572606738e-09
1.519782930622234334e-09
1.499930691168269967e-09
1.480215683872171487e-09
1.460753840501637365e-09
1.441542513884414081e-09
1.422579057529216694e-09
1.403860847461654234e-09
1.385385389709381102e-09
1.367150058342030238e-09
1.349052037739935977e-09
1.331290866916705162e-09
1.313665091673904318e-09
1.296266316822863433e-09
1.279187806699901290e-09
1.262245976277799678e-09
1.245449874286330526e-09
nan
