# bin_6_6
1.658152948256820807e-04
1.748600814237993330e-04
1.828671768478029992e-04
1.893503642104732172e-04
1.943388561914903003e-04
1.976642417902653643e-04
1.995351165335047491e-04
1.999251516772828155e-04
1.991204933439736963e-04
1.971180322323873378e-04
1.941980175758886609e-04
1.904180522108066200e-04
1.860331527272574893e-04
1.811504134208390517e-04
1.758502053896202066e-04
1.702768219258177110e-04
1.646101331920596877e-04
1.589129400459656969e-04
1.532258736022590524e-04
1.476662131423485435e-04
1.423460122779559775e-04
1.373198832955731090e-04
1.324717007843575448e-04
1.278279276994014101e-04
1.235427410161730685e-04
1.196901818773317861e-04
1.161412299653141777e-04
1.128012159565937599e-04
1.097242876041749405e-04
1.069349566931270250e-04
1.044384626458823572e-04
1.021915200559849547e-04
1.001186938125621503e-04
9.817739121398565052e-05
9.633601927869870772e-05
9.457121307683265341e-05
9.286577097836597400e-05
9.128659511709996113e-05
8.983930692655078961e-05
8.844069348981068899e-05
8.703146533496150940e-05
8.557048480472459983e-05
8.403034300242612437e-05
8.239396512210977585e-05
8.072664669116651800e-05
7.908592307859697737e-05
7.745384972804617799e-05
7.581758192088197418e-05
7.416824284370515880e-05
7.250002908418150184e-05
7.080950345157831108e-05
6.909503591522430104e-05
6.733804590851147386e-05
6.554994670773913107e-05
6.376817767894318997e-05
6.202217404871344019e-05
6.033478857662011584e-05
5.872346673529555393e-05
5.720121917714543730e-05
5.577742716136061620e-05
5.445851008357015553e-05
5.320997509247122931e-05
5.199976176331961355e-05
5.083462892575483350e-05
4.971968343061130749e-05
4.865865640647352205e-05
4.765413618877573944e-05
4.670776478653337687e-05
4.582040362438671936e-05
4.499227336396249409e-05
4.422307183367638371e-05
4.351207345168203944e-05
4.286898388514618323e-05
4.229221015181010550e-05
4.176576543564211288e-05
4.127599487166373646e-05
4.081127284724512237e-05
4.036173935270026054e-05
3.991907017675636884e-05
3.947627646970568963e-05
3.902752981719367529e-05
3.856800949729108363e-05
3.809376904664331219e-05
3.760161964975309331e-05
3.708902819861157403e-05
3.656189463338985543e-05
3.602970411777079953e-05
3.549542204936960589e-05
3.496162946647385133e-05
3.443056570512476023e-05
3.390416636128409570e-05
3.338409709320004100e-05
3.287178373495794489e-05
3.236843913619333660e-05
3.187508709397056725e-05
3.139258369995579471e-05
3.092163638843537491e-05
3.046282093775892118e-05
3.001659664882468865e-05
2.958331989875744833e-05
2.916325624551315918e-05
2.875174875935950354e-05
2.834473846305992942e-05
2.794321787682187312e-05
2.754804661288544126e-05
2.715996481285655597e-05
2.677960527825601919e-05
2.640750442436692701e-05
2.604411217391954683e-05
2.568980089509469706e-05
2.534487347758441084e-05
2.500957063086709301e-05
2.468407748030468639e-05
2.436852952903198607e-05
2.406301804678078848e-05
2.376759494067493951e-05
2.348227715756443955e-05
2.320705066256863278e-05
2.294187403410687961e-05
2.268726656215687057e-05
2.244298834730450694e-05
2.220791759409099049e-05
2.198102856693547735e-05
2.176138393611481436e-05
2.154812773950958384e-05
2.134047890847856705e-05
2.113772531079384498e-05
2.093921826770995726e-05
2.074436750599579918e-05
2.055263650916560822e-05
2.036353823523906386e-05
2.017663117117131556e-05
1.999151569664890275e-05
1.980783073227149481e-05
1.962525064925424708e-05
1.944348241971202365e-05
1.926226298834109190e-05
1.908135684791383401e-05
1.890055380246122454e-05
1.871966690334900680e-05
1.853853054466967726e-05
1.835714396807992371e-05
1.817586526056628185e-05
1.799505684007906715e-05
1.781504946841308440e-05
1.763614451147049018e-05
1.745861604123536597e-05
1.728271279090760147e-05
1.710865997377290036e-05
1.693666097558542045e-05
1.676689892950248553e-05
1.659953818193364076e-05
1.643472565704163650e-05
1.627259212705832900e-05
1.611325339504871115e-05
1.595681139626760280e-05
1.580335522380335575e-05
1.565296208378698476e-05
1.550569818506169039e-05
1.536161956785321963e-05
1.522077287565430076e-05
1.508319607423400028e-05
1.494891912140292885e-05
1.481796459090694436e-05
1.469034825358246750e-05
1.456607961868506219e-05
1.444479900954920713e-05
1.432605895362355814e-05
1.420973792706856702e-05
1.409572084656220966e-05
1.398389871930320918e-05
1.387416831288666002e-05
1.376643184385711309e-05
1.355657508207104485e-05
1.345428390374240726e-05
1.335364438258139133e-05
1.325458188746626978e-05
1.315702570187291270e-05
1.306090881552862994e-05
1.296616772754449224e-05
1.287274226036028546e-05
1.268961304919140300e-05
1.259980403137896758e-05
1.251109978081253499e-05
1.242345428252629768e-05
1.233682392317095142e-05
1.225116736513005577e-05
1.216644542739413357e-05
1.199965880136909251e-05
1.191752554913685603e-05
1.183618959261049286e-05
1.175562095810414836e-05
1.159670318925249872e-05
1.151838261314827909e-05
1.144083600398226521e-05
1.136406888602608456e-05
1.128808586989113272e-05
1.113848634580467714e-05
1.106487497334482488e-05
1.099205806991410738e-05
1.084881030175199351e-05
1.077837923293469668e-05
1.070874230202521785e-05
1.063989805682075811e-05
1.050457945738932143e-05
1.043809993479998030e-05
1.037240281951901621e-05
1.024334131127310488e-05
1.017996885342454767e-05
1.011736271974733619e-05
9.994430198290279923e-06
9.934093598034606550e-06
9.815652583369358395e-06
9.757536745153963439e-06
9.700149457574243272e-06
9.587535963645389358e-06
9.532297150598714462e-06
9.423923041123347197e-06
9.370774518389326225e-06
9.266201136657485816e-06
9.214689815592810466e-06
9.163692389203190769e-06
9.063229197455815355e-06
9.013758054639913576e-06
8.916322236730716115e-06
8.868351426903428676e-06
8.773887872103179646e-06
8.727388388130279055e-06
8.635836532623486906e-06
8.590776948767265951e-06
8.502071956157840148e-06
8.415227203304716735e-06
8.372492743821052252e-06
8.288379970954966224e-06
8.246993686510691572e-06
8.165541202609758015e-06
8.085821777973812874e-06
8.046601764468906649e-06
7.969420657571736396e-06
7.931451359143991842e-06
7.856734755635007538e-06
7.783620158318053212e-06
7.747653392482316520e-06
7.676880572572264321e-06
7.607628380052620065e-06
7.573562456189814126e-06
7.506403436820279418e-06
7.440437627827658935e-06
7.375644650599607134e-06
7.343681598603370412e-06
7.280609623676540547e-06
7.218659528407082085e-06
7.157811028265248453e-06
7.127793564928149607e-06
7.068559657554281474e-06
7.010377145103143452e-06
6.953226217983098945e-06
6.897087253081613983e-06
6.869391179665816296e-06
6.814733816019685055e-06
6.761040284294926028e-06
6.708291740452442546e-06
6.656469591005908948e-06
6.605555502343042904e-06
6.555531408600130219e-06
6.506379518222630438e-06
6.458082319333752128e-06
6.410622584022191261e-06
6.363983371651186542e-06
6.318148031282177986e-06
6.273100203298506393e-06
6.228823820307427207e-06
6.185244936464633188e-06
6.142294672111032241e-06
6.099964718736607126e-06
6.058246702505550003e-06
6.017132200987426410e-06
5.976612758498778308e-06
5.936679900156925334e-06
5.897325144740191601e-06
5.858540016442113295e-06
5.820316055600630532e-06
5.782644828477660409e-06
5.745517936158705318e-06
5.690829960225109222e-06
5.655027459115059939e-06
5.619740280903625930e-06
5.584960273023030073e-06
5.550679353622821658e-06
5.500176272660720200e-06
5.467108220342254984e-06
5.434511588528751337e-06
5.402378663335268703e-06
5.355032074003053198e-06
5.324025264911170634e-06
5.293455888738651991e-06
5.248406087092628311e-06
5.218898606367456808e-06
5.189795766001289976e-06
5.146798013642072039e-06
5.118556348046760504e-06
5.076818241595903593e-06
5.049402793281286683e-06
5.022310292585909450e-06
4.982267726606152614e-06
4.955963955691831388e-06
4.917084700872642867e-06
4.891543393942592510e-06
4.853788426872422081e-06
4.828983834562456417e-06
4.792314954803457001e-06
4.756279764096574847e-06
4.732601814890843426e-06
4.697593494371278299e-06
4.674588123682936731e-06
4.640570938010311266e-06
4.607131705759705154e-06
4.585153900708029559e-06
4.552650769094828809e-06
4.520693376602518551e-06
4.499685868856929118e-06
4.468612242319034135e-06
4.438053769842920840e-06
4.407999402041398027e-06
4.388237861593022790e-06
4.358974990394892072e-06
4.330138899427841448e-06
4.301720171739194900e-06
4.273709651811976599e-06
4.255258347547863810e-06
4.227908512249183713e-06
4.200943686035235041e-06
4.174355603224423282e-06
4.148136223233358361e-06
4.122277723515474695e-06
4.096772492737541290e-06
4.071613124186119262e-06
4.046792409396412100e-06
4.022303331995995469e-06
3.998139061756248824e-06
3.974292948844408463e-06
3.950758518269370895e-06
3.927529464514673556e-06
3.897021832017622222e-06
3.874481716214695833e-06
3.852227117531592103e-06
3.830252407105539702e-06
3.808552099827341375e-06
3.787120850017896277e-06
3.758955397408334907e-06
3.738131911802555326e-06
3.717560319920264812e-06
3.690512297248447149e-06
3.670504011694042799e-06
3.650727368071840473e-06
3.624709293139618915e-06
3.605451945885643352e-06
3.586408541559364934e-06
3.561341691899069396e-06
3.542778732171556911e-06
3.518335790098858346e-06
3.500228733440681497e-06
3.476378302713060432e-06
3.458704548803642839e-06
3.435417692414350710e-06
3.418156393761933501e-06
3.395406396816078596e-06
3.372951964049057569e-06
3.356300449045683231e-06
3.334344883870222449e-06
3.312664441109737494e-06
3.296580522765602783e-06
3.275365215870190550e-06
3.254406845180680889e-06
3.233699293967710083e-06
3.213236688520680995e-06
3.198047076996885153e-06
3.178000557075355556e-06
3.158203294704193528e-06
3.138655181247336649e-06
3.119348300388037881e-06
3.100275128161519628e-06
3.081428510759227950e-06
3.062801643678892521e-06
3.044388052133510485e-06
3.026181572638380775e-06
3.008176335700720368e-06
2.990366749541698926e-06
2.972747484785372568e-06
2.950983324657996646e-06
2.933774060199186682e-06
2.916739440471363549e-06
2.899875100506678020e-06
2.879027797508039584e-06
2.862531623936187567e-06
2.846192841620107454e-06
2.825985221123487018e-06
2.809987631043860121e-06
2.794136276816752309e-06
2.774522974762662517e-06
2.758989410550455043e-06
2.739764133891267364e-06
2.724533945531983829e-06
2.705679495650827122e-06
2.690753906437862682e-06
2.672310798908945776e-06
2.654097683624073006e-06
2.639687552674767683e-06
2.621869141982711127e-06
2.604260038814400030e-06
2.590318987116104872e-06
2.573070159550157050e-06
2.556012949086183094e-06
2.539141667993024181e-06
2.522450928175617740e-06
2.505935622983743488e-06
2.489590910188031269e-06
2.476634871517517758e-06
2.460585806232229083e-06
2.444695050023018237e-06
2.425829528603238752e-06
2.410273338571710057e-06
2.394863415391848551e-06
2.379596373932927089e-06
2.364468990934124807e-06
2.349478195531750670e-06
2.331665424570949749e-06
2.316965007373701851e-06
2.302392275086749097e-06
2.287944706061677455e-06
2.270771115560886443e-06
2.256601416357926238e-06
2.239768287196933444e-06
2.225881942470954211e-06
2.209386720216907429e-06
2.195780098030709838e-06
2.179618185938601509e-06
2.166287275109441758e-06
2.150453664609893414e-06
2.134796894387718572e-06
2.121883493054629083e-06
2.106546651697714169e-06
2.091381914958812324e-06
2.076387546569053746e-06
2.061561783802308180e-06
2.046902841550970660e-06
2.032408916088112137e-06
2.018078188538319793e-06
2.003908828077939140e-06
1.989898994883915039e-06
1.976046842849093880e-06
1.962350522080511680e-06
1.948808181196076491e-06
1.935417969433920996e-06
1.922178038587686018e-06
1.906918931371196167e-06
1.893999096830401345e-06
1.881259282257829830e-06
1.866635136172459537e-06
1.854292509817160648e-06
1.840102867093991319e-06
1.828109485173485597e-06
1.814302050701248160e-06
1.802616019139272217e-06
1.789145117545567594e-06
1.775838577457817151e-06
1.762685678728679372e-06
1.751526487757923311e-06
1.738633063343431989e-06
1.725866710013520140e-06
1.713219398642379859e-06
1.700683688501189809e-06
1.688252687973553623e-06
1.675920017858044796e-06
1.663679777082631522e-06
1.651526510668147436e-06
1.639455179789514407e-06
1.627461133794040683e-06
1.613842801398839069e-06
1.602000356513124611e-06
1.590222825388209532e-06
1.576838051788221492e-06
1.565188846215797999e-06
1.551954494166354114e-06
1.540469611643386210e-06
1.527465859696250408e-06
1.516203304410433949e-06
1.503473966141100749e-06
1.490901893564048319e-06
1.478476341881095692e-06
1.467720896750288799e-06
1.455559966990070052e-06
1.443536098805861536e-06
1.431646865178066067e-06
1.419892422551560739e-06
1.408270841303006267e-06
1.396779526649550146e-06
1.385415974866031295e-06
1.372781790160955553e-06
1.361684206195302622e-06
1.350710204875787388e-06
1.338509338776376602e-06
1.327790475130397635e-06
1.317188311313608356e-06
1.305399115192609464e-06
1.293755392361574198e-06
1.283525242653930563e-06
1.272148605771904819e-06
1.260909444886553414e-06
1.251032974144048052e-06
1.240049521721652536e-06
1.229198822549962806e-06
1.218478448984336377e-06
1.207886043978469794e-06
1.197419524225534227e-06
1.187078199672826690e-06
1.175732342045592428e-06
1.165648749834063629e-06
1.155683931553095417e-06
1.144748816914154455e-06
1.135029476382861352e-06
1.125424338115179158e-06
1.114883542064145936e-06
1.104478745492866503e-06
1.095228622275011665e-06
1.085076185863344159e-06
1.075054280084468927e-06
1.065160506727911183e-06
1.056363733346912514e-06
1.046707031463510891e-06
1.037172305942171912e-06
1.026823455413527115e-06
1.017539800920152173e-06
1.008372464489088908e-06
9.993194177391147364e-07
9.894909086109892831e-07
9.806726815337115330e-07
9.719638126945394753e-07
9.625081323509225283e-07
9.531800797761622148e-07
9.448088576892081412e-07
9.357188284217715866e-07
9.267507299431039083e-07
9.179023491624263810e-07
9.091715259483530770e-07
9.005561645682709303e-07
8.920547175615473303e-07
8.836654299041832790e-07
8.753863263037927795e-07
8.672154761467865280e-07
8.584230675872790061e-07
8.504727655843643670e-07
8.419172843792495314e-07
8.341806290078399529e-07
8.258540377304481065e-07
8.176436355041128352e-07
8.102177916258256797e-07
8.022247743680393090e-07
7.943423667767528346e-07
7.865685525715868028e-07
7.789013613914575805e-07
7.713389055289954967e-07
7.632626195807300150e-07
7.559131038491383836e-07
7.486630268988780871e-07
7.409189424526126577e-07
7.338704105134356893e-07
7.263409332285312633e-07
7.189202069447764607e-07
7.116061791854901176e-07
7.049477371670251226e-07
6.978333039842819440e-07
6.908199895225127093e-07
6.839060686988388337e-07
6.765693593200054809e-07
6.698560533358064965e-07
6.632366238182377783e-07
6.562111137477546889e-07
6.497815419522587557e-07
6.429568252028331617e-07
6.362332794367862604e-07
6.300788704939919625e-07
6.235450043084214554e-07
6.171069063355308714e-07
6.107627745773936688e-07
6.045108305829239429e-07
5.979126460041237285e-07
5.918461888801601262e-07
5.858668206521648617e-07
5.795551922477769486e-07
5.737511788201532541e-07
5.676238413223839757e-07
5.615890869281448831e-07
5.556451723643404081e-07
5.497903732279558674e-07
5.440229660962567012e-07
5.383412676254803414e-07
5.327436334948930694e-07
5.272284869459162127e-07
5.214348608132933273e-07
5.160853437200250209e-07
5.104649480130736709e-07
5.052746829455835508e-07
4.998208836127989147e-07
4.944506078276561839e-07
4.891622134694932646e-07
4.839540951591229419e-07
4.788246852252220869e-07
4.734592186405181369e-07
4.684873690069040266e-07
4.632859972701787336e-07
4.584655343090401306e-07
4.534218395255442327e-07
4.484569653112751673e-07
4.435693290936072475e-07
4.387573884726119795e-07
4.340196378478251064e-07
4.293546074791197391e-07
4.244928320587005620e-07
4.199730324196316182e-07
4.152619183533143268e-07
4.108815536295166393e-07
4.063151334410347314e-07
4.018208991117736335e-07
3.973973744874727567e-07
3.930431138034197972e-07
3.887567289476586988e-07
3.843043523381521535e-07
3.801532720057709249e-07
3.758407977456550034e-07
3.718195253964620570e-07
3.676412693835875252e-07
3.635298532307540851e-07
3.594839105015783775e-07
3.555021037420408633e-07
3.513785391215334069e-07
3.475242432425330782e-07
3.435321254224841378e-07
3.398001443855246686e-07
3.359341500650383500e-07
3.321308066870312383e-07
3.283887940462795083e-07
3.247068522193858376e-07
3.210837520342517546e-07
3.173415133399788987e-07
3.138352875893498675e-07
3.102131430209925361e-07
3.066505786477770642e-07
3.031463450725323190e-07
2.996992240923367633e-07
2.963080080643140053e-07
2.929714867423021403e-07
2.895335186388959639e-07
2.863055061307917645e-07
2.829788366296314821e-07
2.797073157947445006e-07
2.764897188101978591e-07
2.733249021226905081e-07
2.702117606314703289e-07
2.670111954390307296e-07
2.640004238038141308e-07
2.609045599814070293e-07
2.578604685871779143e-07
2.548670433848542095e-07
2.519232064366823086e-07
2.490279072156271442e-07
2.461800860689755265e-07
2.432579570375568285e-07
2.403853063397642544e-07
2.376777857735739158e-07
2.348989497624053742e-07
2.320536183724670008e-07
2.293683522893727385e-07
2.267274163034437461e-07
2.240225690058089439e-07
2.213637716984694159e-07
2.187500086712384846e-07
2.161802606883978485e-07
2.136535714599647720e-07
2.111690140063954439e-07
2.086287973625019505e-07
2.062274113800325480e-07
2.037717788656856139e-07
2.013578413809736097e-07
1.989846876340528200e-07
1.965624747621266912e-07
1.942697342498843211e-07
1.919291624931204561e-07
1.896287857924647003e-07
1.873677155933956669e-07
1.851450871549352491e-07
1.829600588078099919e-07
1.807329235456494857e-07
1.785444138501988419e-07
1.764698400701777053e-07
1.743547165800769389e-07
1.722021419353082107e-07
1.701597407870293909e-07
1.680807632166030753e-07
1.661078147615282877e-07
1.640991847767054676e-07
1.621251677908413121e-07
1.601186837909085384e-07
1.582126985580192490e-07
1.562749818069462382e-07
1.543710647245291863e-07
1.525001910433884425e-07
1.506616228877783634e-07
1.488546124977232440e-07
1.470197728133635157e-07
1.452171321928739268e-07
1.434459662666262074e-07
1.417055702722326442e-07
1.399952339396460494e-07
1.382605299160880314e-07
1.366092132993965083e-07
1.349340736514877508e-07
1.332372105395337936e-07
1.316207775802162681e-07
1.300322397484740491e-07
1.284226229122474861e-07
1.268413566462034323e-07
1.252878005872090242e-07
1.237155239276855031e-07
1.222164512354537011e-07
1.206989810958933923e-07
1.192081965481570946e-07
1.177433715030509285e-07
1.162618956668608887e-07
1.148482303296788130e-07
1.134187174691139484e-07
1.120147011036419338e-07
1.105965426001772126e-07
1.092424285948804476e-07
1.078740469094450199e-07
1.065297744019125037e-07
1.052091711621430545e-07
1.038760927964649738e-07
1.026021598954305327e-07
1.013160439923626807e-07
1.000528196220566897e-07
9.877873300041661932e-08
9.756032197543346191e-08
9.633120336657276403e-08
9.512407962099674657e-08
9.393842435760811869e-08
9.274337655385152380e-08
9.156991111339779327e-08
9.041752827457843980e-08
8.928573792353612442e-08
8.817404601471001164e-08
8.705424496147988818e-08
8.595462247163617351e-08
8.487471256619078086e-08
8.378778766056010358e-08
8.274639872457295351e-08
8.169801920352187125e-08
8.064359779758956744e-08
7.963290313053496500e-08
7.861618945991819565e-08
7.761787919253564306e-08
7.663753375547821589e-08
7.565202704850146397e-08
7.468448714022953571e-08
7.373449544388400221e-08
7.280163399431756183e-08
7.186438020115514739e-08
7.094422101877337106e-08
7.004075877131395292e-08
6.915360695526408939e-08
6.826276522601948081e-08
6.738817167857060687e-08
6.652944708642259285e-08
6.566765988932875326e-08
6.482169114176640930e-08
6.399116810414198058e-08
6.317570891065063618e-08
6.235771457292923724e-08
6.155471850767296266e-08
6.076637095406214628e-08
5.997601542568793060e-08
5.920021144256684529e-08
5.843860894193539762e-08
5.767544461573174911e-08
5.692639316484562065e-08
5.619112247156340100e-08
5.546929656286271774e-08
5.474626026404675475e-08
5.403656078763475664e-08
5.333988464192190334e-08
5.264237577347023972e-08
5.195777874844963116e-08
5.128577307944921277e-08
5.061324771074254750e-08
4.995319950816521209e-08
4.930533267195493330e-08
4.865724158560619819e-08
4.802119433226538853e-08
4.739690209097414370e-08
4.678408625446304880e-08
4.617123111186119049e-08
4.555869651094880286e-08
4.496847291777321583e-08
4.437842421515893338e-08
4.379931497018555709e-08
4.322064616321481833e-08
4.265277990015663409e-08
4.209545150112418882e-08
4.153872827151790504e-08
4.099239880625133026e-08
4.044689440914446602e-08
3.992077852580977000e-08
3.939534372014277611e-08
3.887085621970212692e-08
3.835621536592943839e-08
3.785118177139461969e-08
3.735552319339120477e-08
3.686084489850946042e-08
3.636738113619992307e-08
3.589108542698366159e-08
3.540814154029966266e-08
3.494191938053476623e-08
3.447691126112829301e-08
3.402061097815401025e-08
3.356565406376565256e-08
3.311925805840818572e-08
3.268121633619504902e-08
3.224456902222149261e-08
3.181612332873720714e-08
3.138917303842602313e-08
3.097027887031347046e-08
3.055924828538532061e-08
3.014974783496146125e-08
2.974796108674324808e-08
2.934777910419644594e-08
2.895516464105739730e-08
2.856424460504625711e-08
2.818634097815407192e-08
2.780450843115757620e-08
2.742994081573903925e-08
2.706246798682639570e-08
2.670192515313944981e-08
2.634307382436216318e-08
2.598604016904853082e-08
2.563580886789965725e-08
2.529221993936852112e-08
2.495041906418976111e-08
2.461513817584963494e-08
2.428170034419263781e-08
2.395462670722065500e-08
2.362940940295474622e-08
2.331042417433376467e-08
2.299333916908299145e-08
2.268236059864602447e-08
2.237732514774161103e-08
2.207413014887681508e-08
2.177286737823563390e-08
2.148122401194257976e-08
2.118766152898443232e-08
2.089978178063109460e-08
2.061743462456631276e-08
2.033696938259304171e-08
2.006190593073578431e-08
1.978873079642568600e-08
1.951751071439821114e-08
1.925480724222638322e-08
1.899072940118841126e-08
1.873177406805019619e-08
1.847780967010501005e-08
1.822570274358002388e-08
1.797846458687333168e-08
1.773307381710217199e-08
1.748957041521676672e-08
1.725077358152910395e-08
1.701655813843519783e-08
1.678415126961224654e-08
1.655359211329279033e-08
1.632747914261106783e-08
1.610316179496316222e-08
1.588313933828685247e-08
1.566489210436851816e-08
1.545084534994699429e-08
1.523854041455271498e-08
1.503028448020902485e-08
1.482371215644004707e-08
1.461885676227856801e-08
1.441793144519184323e-08
1.421870356718816671e-08
1.402326741489278650e-08
1.382947388542127735e-08
1.363734226365575834e-08
1.344887938106398600e-08
1.326399010314375849e-08
1.307879719199561051e-08
1.289898884857611196e-08
1.271890607625981992e-08
1.254224590955088846e-08
1.236717814552603207e-08
1.219544366625918883e-08
1.202527987685422587e-08
1.185836046082093784e-08
1.169134433616646141e-08
1.152911565764956928e-08
1.136684217585733536e-08
1.120770680981163031e-08
1.105014917810996303e-08
1.089563024450800631e-08
1.074261300659719191e-08
1.059114075192863748e-08
1.044264164357892979e-08
1.029571224859160269e-08
1.015036202866983798e-08
1.000785769258349233e-08
9.866871024170934019e-09
9.727435059139525762e-09
9.590810227806290425e-09
9.454534306235816593e-09
9.322196871288470538e-09
9.190182025983526460e-09
9.060829711842453182e-09
8.932962557667339054e-09
8.806580068134368268e-09
8.682718732274250279e-09
8.560282462352860589e-09
8.439299346778112287e-09
8.320797969976042683e-09
8.203758495385749294e-09
8.088148257594088254e-09
7.973948528477283350e-09
7.861183364779351574e-09
7.750777883015443966e-09
7.641811588180915218e-09
7.534275334182464482e-09
7.428979703344959610e-09
7.325049165629511695e-09
7.222491379191396924e-09
7.121312967834043164e-09
7.021515433371836824e-09
6.923840138018120904e-09
6.826732296567884090e-09
6.731682253898481501e-09
6.638627850136265179e-09
6.546114876160096980e-09
6.454881792906122332e-09
6.365576484202105521e-09
6.277472988757572360e-09
6.190544412180528338e-09
6.104766019424956710e-09
6.020778721855218929e-09
5.937325138557044707e-09
5.855583496934604346e-09
5.774899673202603823e-09
5.695236183096475570e-09
5.616617874510267028e-09
5.539062311512075252e-09
5.462511864366753045e-09
5.387434557360138194e-09
5.312719709114545323e-09
5.239381294151198370e-09
5.166931571903506606e-09
5.095366361644092886e-09
5.024679153029319658e-09
4.954863306678797514e-09
4.885903022249120695e-09
4.817761443455619720e-09
4.750465734584526370e-09
4.684481959946356906e-09
4.618967538283875294e-09
4.554389587833466800e-09
4.491120622443838499e-09
4.428316074170688008e-09
4.366771908019672782e-09
4.305689612562215901e-09
4.245833111072094738e-09
4.186435536267784501e-09
4.128230336101222101e-09
4.070480503714296905e-09
4.013889770341798154e-09
3.957750050126474595e-09
3.902736832185036725e-09
3.848169977061237256e-09
3.794697788693914916e-09
3.741666721216836276e-09
3.689392803933254854e-09
3.638166763044352736e-09
3.587373221177987148e-09
3.537309076592351397e-09
3.487965062804719048e-09
3.439331962713515124e-09
3.391400627693072482e-09
3.344162069698125892e-09
3.297607262223524295e-09
3.251472070698192198e-09
3.206262958588624323e-09
3.161465892842884041e-09
3.117330875801292235e-09
3.074082219190236256e-09
3.031231386711048277e-09
2.988779409828612468e-09
nan
