# bin_17_12
-2.394417516574012998e-08
-2.323431082381266167e-08
-7.713462702110210110e-09
-1.163688830847614062e-08
3.957956114055251909e-10
-8.849197997768273934e-09
3.927011033673783626e-09
-7.323271676752601123e-09
7.688787741676315986e-09
-8.840215146606771131e-09
8.792220803679704175e-09
-9.462259148800478608e-09
8.281054513948227868e-09
8.249348648168082221e-09
7.527839873032674465e-09
3.119738782696434021e-09
-2.535545101614480455e-09
-4.610298834464298783e-09
-3.392897250629216120e-09
-1.382846323081376390e-09
7.502832296311912193e-10
2.641700739365873081e-09
4.800626330949659369e-09
6.997400410320352800e-09
8.363191751555595121e-09
8.452256863575461729e-09
6.994004422279612041e-09
4.712473781265601483e-09
2.517612817291642037e-09
9.706870185745207323e-10
3.953936331279599175e-10
1.131243685908862103e-09
2.820227326932695368e-09
4.808713157700871802e-09
6.649686531763097910e-09
8.046645382964481950e-09
8.812369144220340972e-09
9.124590581901937542e-09
9.266850498294164835e-09
9.269208332273896230e-09
9.156784908205168252e-09
8.950608620753253025e-09
8.668306416210358050e-09
8.324670177564955157e-09
7.569540646533970237e-09
6.284695191570884947e-09
4.767407339976328491e-09
3.244078187411331481e-09
1.884694356779588610e-09
8.143977729686491574e-10
1.227576717050270041e-10
-1.287903054810265582e-10
-1.435219611329250296e-10
-1.544506788117155251e-10
-1.620842525846213974e-10
-1.668657554742649865e-10
-1.691821962803786124e-10
-1.693719333202163785e-10
-1.677310374534260027e-10
-1.645187647470893166e-10
-1.599622728304983329e-10
-1.525166894601602148e-10
-1.415667227003776665e-10
-1.285027515842319932e-10
-1.144699453968510469e-10
-1.004056417761166883e-10
-8.707110926181407959e-11
-7.507856230413264729e-11
-6.491415647383060706e-11
-5.695757517893139212e-11
-5.149872232475541448e-11
-4.875195459524467792e-11
-5.886428751478674602e-11
-8.752933650333693253e-11
-1.289587169229594115e-10
-1.782310896957621278e-10
-2.311788551971326123e-10
-2.842894995752765700e-10
-3.346196385843665402e-10
-3.797200773258829186e-10
-4.175704373438632190e-10
-4.465221015686813115e-10
-4.652483978797707345e-10
-4.727010879437384201e-10
-4.680723531593944730e-10
-4.554889386729783166e-10
-4.400610598341786647e-10
-4.225377301213218473e-10
-4.035728823476639904e-10
-3.837359695152610437e-10
-3.635213912770262869e-10
-3.433568806356450799e-10
-3.236109692965447324e-10
-3.045996359417168380e-10
-2.865922293249102922e-10
-2.698167472689529371e-10
-2.544645431685430757e-10
-2.406945232909404934e-10
-2.286368908711446930e-10
-2.183964865866229363e-10
-2.100557693563990677e-10
-2.030995746787525398e-10
-1.968843007067870822e-10
-1.912942354595987524e-10
-1.862255618359127731e-10
-1.815852448916316672e-10
-1.772900236122077802e-10
-1.732654969772691978e-10
-1.694452951643806385e-10
-1.657703276740587032e-10
-1.621881009923214828e-10
-1.586520991517230378e-10
-1.551212212171367237e-10
-1.515592703174709593e-10
-1.479344893768934723e-10
-1.442191391759498155e-10
-1.403891148003285576e-10
-1.364235969183534037e-10
-1.323047346723756517e-10
-1.273401971059388827e-10
-1.210232710746977638e-10
-1.135985866621070910e-10
-1.052883415265199740e-10
-9.629412186028806928e-11
-8.679857584395836684e-11
-7.696695200192325153e-11
-6.694851376642234829e-11
-5.687784056050591496e-11
-4.687602480721721866e-11
-3.705177345259163292e-11
-2.750242184595553848e-11
-1.831486714501742534e-11
-9.566427798802184316e-12
-1.325635102649320150e-12
6.347037689035800416e-12
1.339850366964798312e-11
1.978244340605323039e-11
2.545873466677687392e-11
3.039292688710988059e-11
3.455575682549540723e-11
3.792270215771688505e-11
4.075508776721360884e-11
4.333724460320080916e-11
4.568196529784581932e-11
4.780140469932558178e-11
4.970711369628271489e-11
5.141007109427309813e-11
5.292071366638739131e-11
5.424896449191039987e-11
5.540425968917179610e-11
5.639557364158851937e-11
5.723144280928225080e-11
5.791998821250088821e-11
5.846893666737005408e-11
5.888564084920744342e-11
5.917709825370516143e-11
5.934996912171954517e-11
5.941059338915089774e-11
5.936500671944600870e-11
5.921895567257187176e-11
5.897791206088646047e-11
5.864708653914251684e-11
5.823144147288460328e-11
5.773570312673364721e-11
5.716437321146680793e-11
5.652173982639162893e-11
5.567664281540910429e-11
5.452138212060688101e-11
5.309335120268892833e-11
5.142749030678801777e-11
4.955643056547108597e-11
4.751062961206834628e-11
4.531849922542098360e-11
4.059938195060989801e-11
3.812003611806786517e-11
3.558984984194625186e-11
3.302867380725355793e-11
3.045493657519608010e-11
2.788572847252309540e-11
2.533688064001642170e-11
2.282303952806652432e-11
1.795345706130903283e-11
1.562169715717076647e-11
1.337302808612565085e-11
1.121714891386356796e-11
9.162939378424721782e-12
7.218509206034423981e-12
5.391244619889531765e-12
2.114400277811310349e-12
6.763579160548541859e-13
-6.213682361747242808e-13
-1.774399241396484718e-12
-3.690918948343828902e-12
-4.569081594719260259e-12
-5.413267709850742757e-12
-6.223449460569482624e-12
-6.999639508271194186e-12
-8.450280742119711469e-12
-9.124934984885090663e-12
-9.765998746331547156e-12
-1.094808339076427671e-11
-1.148953095470711768e-11
-1.199823755448632167e-11
-1.247447047490568821e-11
-1.333067536848189801e-11
-1.371126829480833077e-11
-1.406062661273971971e-11
-1.466703163798459424e-11
-1.492480232580672496e-11
-1.515278415296279975e-11
-1.552092866854928271e-11
-1.566188279281592861e-11
-1.585957757427872110e-11
-1.591714175577637142e-11
-1.594773914543677654e-11
-1.592971693410853561e-11
-1.588194417235489255e-11
-1.571100223630132530e-11
-1.558868568274507243e-11
-1.488264348875300503e-11
-1.423155960753192636e-11
-1.340705503510640627e-11
-1.130817386126620486e-11
-1.006684811255529002e-11
-7.277004125308043746e-12
-5.756841895127532811e-12
-2.531626118258151227e-12
-8.508147336422617577e-13
2.591253810806077963e-12
4.331872811427106565e-12
7.804752523402908999e-12
1.120901334353312462e-11
1.286562375397348850e-11
1.605206464995552291e-11
1.756882352177317719e-11
2.041958860418853307e-11
2.299103719350573125e-11
2.415988447476000373e-11
2.624223711656228542e-11
2.714796122332859723e-11
2.867103636180310003e-11
2.978919172801047780e-11
3.018962267155868701e-11
3.066144324312176553e-11
3.068115307071825964e-11
3.051712362891441051e-11
3.001730646331821313e-11
2.941375329049445100e-11
2.871348312663401486e-11
2.832916346603704571e-11
2.749611664813764915e-11
2.658221378913616714e-11
2.559318192607477551e-11
2.507219355416379299e-11
2.398050539745080236e-11
2.282663359443036565e-11
2.161525338847604157e-11
2.035077678223694462e-11
1.969993775353157824e-11
1.836354934932228752e-11
1.698403767227048600e-11
1.556500409699945964e-11
1.410984668592899440e-11
1.262177143213315956e-11
1.110380284864375058e-11
9.558793944915279339e-12
7.989435628427007089e-12
6.398265566879259177e-12
4.787676544078038784e-12
3.159924340424625302e-12
1.517135166899056933e-12
-1.386873204641218234e-13
-2.046456804161030205e-12
-4.396936154337204656e-12
-7.119921936038682178e-12
-1.015020136222735481e-11
-1.342724316151717721e-11
-1.689490747477289622e-11
-2.050117356546903759e-11
-2.419788421048209521e-11
-2.794050571394634308e-11
-3.168790255734515237e-11
-3.540212576459883581e-11
-3.904821412183664731e-11
-4.431996593367461147e-11
-4.766071453707395935e-11
-5.083189684496205176e-11
-5.380984273781176593e-11
-5.657297296006149247e-11
-6.027247254379580594e-11
-6.241670030085164804e-11
-6.428520623010818230e-11
-6.586428931219469428e-11
-6.766382795680947692e-11
-6.846871750020203570e-11
-6.894706858544879379e-11
-6.903541667172956009e-11
-6.866531642113748057e-11
-6.798201115716350052e-11
-6.679453140845944176e-11
-6.594125492627701215e-11
-6.458619890212233195e-11
-6.364206323721702849e-11
-6.267226703269155931e-11
-6.118149362301699697e-11
-6.017105290021105488e-11
-5.864229114298604153e-11
-5.762071026995772762e-11
-5.609470045860723547e-11
-5.508693934003547171e-11
-5.359805173503241481e-11
-5.214559203114789036e-11
-5.120214945972820620e-11
-4.983054134150464974e-11
-4.894848935007969207e-11
-4.767909148857536852e-11
-4.647963259019022461e-11
-4.572160782950943151e-11
-4.465065808568751117e-11
-4.366288666129113657e-11
-4.305248798570534089e-11
-4.221154382015997628e-11
-4.146274249878754842e-11
-4.080852796884427055e-11
-4.042594133034587287e-11
-3.994920395636259180e-11
-3.959696703056714580e-11
-3.936221442244347703e-11
-3.923828461167749947e-11
-3.921409597390448610e-11
-3.926097220242484859e-11
-3.940250292063500410e-11
-3.963317574876289578e-11
-3.994775473665991570e-11
-4.034126615449054587e-11
-4.080898506392674858e-11
-4.134642262354232372e-11
-4.194931408507427815e-11
-4.261360743998051185e-11
-4.333545267829886275e-11
-4.411119162420907529e-11
-4.493734831493205075e-11
-4.581061989169045424e-11
-4.704287011854922062e-11
-4.801414065055450343e-11
-4.902265933515249037e-11
-5.006577940324439099e-11
-5.114098612277997361e-11
-5.224589032122150260e-11
-5.376138543042804761e-11
-5.492695244204284697e-11
-5.619178482290542426e-11
-5.837746227615005170e-11
-6.034770254504521124e-11
-6.255101311463586217e-11
-6.577860869295869553e-11
-6.836610385937724605e-11
-7.105638127825697572e-11
-7.474575920212290241e-11
-7.754963094235916624e-11
-8.128348336751253683e-11
-8.404678609748658520e-11
-8.763662256878988350e-11
-9.022996871236536096e-11
-9.351812794774330014e-11
-9.583370014308012887e-11
-9.868935220902943065e-11
-1.012482278511748120e-10
-1.029537470532241759e-10
-1.049204731863402752e-10
-1.065132226758916707e-10
-1.074490536764137407e-10
-1.083362826645071667e-10
-1.087959617952124760e-10
-1.088135008402253683e-10
-1.083765915770639635e-10
-1.077444614178011121e-10
-1.064981821922605603e-10
-1.049926848232443080e-10
-1.033209917898547806e-10
-1.014933883927624486e-10
-9.951964131523659475e-11
-9.740902515697245141e-11
-9.517034752193229616e-11
-9.281197274519553827e-11
-9.034184433841319808e-11
-8.776750622844220401e-11
-8.509612285903955730e-11
-8.233449822113619048e-11
-7.876537820621580099e-11
-7.582384166639977562e-11
-7.281189886083249327e-11
-6.973501174710062930e-11
-6.580545049159479561e-11
-6.260100213905284051e-11
-5.934752506017761575e-11
-5.521838318404341604e-11
-5.187026712328637503e-11
-4.848655900461760932e-11
-4.421248312393946361e-11
-4.076191418934205239e-11
-3.641495178595992326e-11
-3.291414864798430452e-11
-2.851388038016956084e-11
-2.458747558859131743e-11
-1.867495416581007479e-11
-1.182806435900722631e-11
-5.799447432850414573e-12
2.284565738615813929e-12
1.083332011668911060e-11
1.791053190539193755e-11
2.694366645108638340e-11
3.607039123592321731e-11
4.517855021633420883e-11
5.416556153685187103e-11
6.293776135968949653e-11
7.140979135029656967e-11
7.791888325157925010e-11
8.565984860984237772e-11
9.290110217114772707e-11
1.008487567233448098e-10
1.067922783243787709e-10
1.120683868153352498e-10
1.166358032889143207e-10
1.204579089564894644e-10
1.235024138591531631e-10
1.260898473318672365e-10
1.273293504875703038e-10
1.277135372751743072e-10
1.272251467609286791e-10
1.246865073463634940e-10
1.177364195469937880e-10
1.036849353696858565e-10
8.788572977294781099e-11
6.481216238721407676e-11
4.273252263073196952e-11
1.349718660347840900e-11
-1.265306567684518736e-11
-4.559338997606928346e-11
-7.964763236793990858e-11
-1.084622898243806604e-10
-1.431057679435206996e-10
-1.773631010819689155e-10
-2.107898564690689198e-10
-2.429810693962250845e-10
-2.735685078775128623e-10
-3.022181199951691795e-10
-3.286276514376524746e-10
-3.525244216321271596e-10
-3.736632476998517694e-10
-3.918245062274780295e-10
-4.068123235544403902e-10
-4.184528859313384890e-10
-4.265928615101535495e-10
-4.310979266884985042e-10
-4.316049543594906178e-10
-4.278662416116019771e-10
-4.207756953238116603e-10
-4.090459797802127134e-10
-3.964448878075724126e-10
-3.792468744544741740e-10
-3.627243443859103509e-10
-3.417781547462005502e-10
-3.227009288008357376e-10
-2.994836433845115979e-10
-2.755794264448536086e-10
-2.513242003641903165e-10
-2.304887508530350854e-10
-2.063787202796053744e-10
-1.827295321759309118e-10
-1.597791676913874705e-10
-1.377442978390767103e-10
-1.168217503373238975e-10
-9.718987948389544049e-11
-7.900984561784720539e-11
-6.242681026045591512e-11
-4.757105259761694155e-11
-3.455901256904889841e-11
-2.207803488047956444e-11
-1.335029713829357977e-11
-6.752635126237036697e-12
-1.908523108546472702e-12
-9.487483922806460726e-14
0.000000000000000000e+00
0.000000000000000000e+00
0.000000000000000000e+00
0.000000000000000000e+00
0.000000000000000000e+00
0.000000000000000000e+00
0.000000000000000000e+00
0.000000000000000000e+00
0.000000000000000000e+00
0.000000000000000000e+00
0.000000000000000000e+00
0.000000000000000000e+00
0.000000000000000000e+00
0.000000000000000000e+00
0.000000000000000000e+00
0.000000000000000000e+00
0.000000000000000000e+00
0.000000000000000000e+00
0.000000000000000000e+00
0.000000000000000000e+00
0.000000000000000000e+00
0.000000000000000000e+00
0.000000000000000000e+00
0.000000000000000000e+00
0.000000000000000000e+00
0.000000000000000000e+00
0.000000000000000000e+00
0.000000000000000000e+00
0.000000000000000000e+00
0.000000000000000000e+00
0.000000000000000000e+00
0.000000000000000000e+00
0.000000000000000000e+00
0.000000000000000000e+00
0.000000000000000000e+00
0.000000000000000000e+00
0.000000000000000000e+00
0.000000000000000000e+00
0.000000000000000000e+00
0.000000000000000000e+00
0.000000000000000000e+00
0.000000000000000000e+00
0.000000000000000000e+00
0.000000000000000000e+00
0.000000000000000000e+00
0.000000000000000000e+00
0.000000000000000000e+00
0.000000000000000000e+00
0.000000000000000000e+00
0.000000000000000000e+00
0.000000000000000000e+00
0.000000000000000000e+00
0.000000000000000000e+00
0.000000000000000000e+00
0.000000000000000000e+00
0.000000000000000000e+00
0.000000000000000000e+00
0.000000000000000000e+00
0.000000000000000000e+00
0.000000000000000000e+00
0.000000000000000000e+00
0.000000000000000000e+00
0.000000000000000000e+00
0.000000000000000000e+00
0.000000000000000000e+00
0.000000000000000000e+00
0.000000000000000000e+00
0.000000000000000000e+00
0.000000000000000000e+00
0.000000000000000000e+00
0.000000000000000000e+00
0.000000000000000000e+00
0.000000000000000000e+00
0.000000000000000000e+00
0.000000000000000000e+00
0.000000000000000000e+00
0.000000000000000000e+00
0.000000000000000000e+00
0.000000000000000000e+00
0.000000000000000000e+00
0.000000000000000000e+00
0.000000000000000000e+00
0.000000000000000000e+00
0.000000000000000000e+00
0.000000000000000000e+00
0.000000000000000000e+00
0.000000000000000000e+00
0.000000000000000000e+00
0.000000000000000000e+00
0.000000000000000000e+00
0.000000000000000000e+00
0.000000000000000000e+00
0.000000000000000000e+00
0.000000000000000000e+00
0.000000000000000000e+00
0.000000000000000000e+00
0.000000000000000000e+00
0.000000000000000000e+00
0.000000000000000000e+00
0.000000000000000000e+00
0.000000000000000000e+00
0.000000000000000000e+00
0.000000000000000000e+00
0.000000000000000000e+00
0.000000000000000000e+00
0.000000000000000000e+00
0.000000000000000000e+00
0.000000000000000000e+00
0.000000000000000000e+00
0.000000000000000000e+00
0.000000000000000000e+00
0.000000000000000000e+00
0.000000000000000000e+00
0.000000000000000000e+00
0.000000000000000000e+00
0.000000000000000000e+00
0.000000000000000000e+00
0.000000000000000000e+00
0.000000000000000000e+00
0.000000000000000000e+00
0.000000000000000000e+00
0.000000000000000000e+00
0.000000000000000000e+00
0.000000000000000000e+00
0.000000000000000000e+00
0.000000000000000000e+00
0.000000000000000000e+00
0.000000000000000000e+00
0.000000000000000000e+00
0.000000000000000000e+00
0.000000000000000000e+00
0.000000000000000000e+00
0.000000000000000000e+00
0.000000000000000000e+00
0.000000000000000000e+00
0.000000000000000000e+00
0.000000000000000000e+00
0.000000000000000000e+00
0.000000000000000000e+00
0.000000000000000000e+00
0.000000000000000000e+00
0.000000000000000000e+00
0.000000000000000000e+00
0.000000000000000000e+00
0.000000000000000000e+00
0.000000000000000000e+00
0.000000000000000000e+00
0.000000000000000000e+00
0.000000000000000000e+00
0.000000000000000000e+00
0.000000000000000000e+00
0.000000000000000000e+00
0.000000000000000000e+00
0.000000000000000000e+00
0.000000000000000000e+00
0.000000000000000000e+00
0.000000000000000000e+00
0.000000000000000000e+00
0.000000000000000000e+00
0.000000000000000000e+00
0.000000000000000000e+00
0.000000000000000000e+00
0.000000000000000000e+00
0.000000000000000000e+00
0.000000000000000000e+00
0.000000000000000000e+00
0.000000000000000000e+00
0.000000000000000000e+00
0.000000000000000000e+00
0.000000000000000000e+00
0.000000000000000000e+00
0.000000000000000000e+00
0.000000000000000000e+00
0.000000000000000000e+00
0.000000000000000000e+00
0.000000000000000000e+00
0.000000000000000000e+00
0.000000000000000000e+00
0.000000000000000000e+00
0.000000000000000000e+00
0.000000000000000000e+00
0.000000000000000000e+00
0.000000000000000000e+00
0.000000000000000000e+00
0.000000000000000000e+00
0.000000000000000000e+00
0.000000000000000000e+00
0.000000000000000000e+00
0.000000000000000000e+00
0.000000000000000000e+00
0.000000000000000000e+00
0.000000000000000000e+00
0.000000000000000000e+00
0.000000000000000000e+00
0.000000000000000000e+00
0.000000000000000000e+00
0.000000000000000000e+00
0.000000000000000000e+00
0.000000000000000000e+00
0.000000000000000000e+00
0.000000000000000000e+00
0.000000000000000000e+00
0.000000000000000000e+00
0.000000000000000000e+00
0.000000000000000000e+00
0.000000000000000000e+00
0.000000000000000000e+00
0.000000000000000000e+00
0.000000000000000000e+00
0.000000000000000000e+00
0.000000000000000000e+00
0.000000000000000000e+00
0.000000000000000000e+00
0.000000000000000000e+00
0.000000000000000000e+00
0.000000000000000000e+00
0.000000000000000000e+00
0.000000000000000000e+00
0.000000000000000000e+00
0.000000000000000000e+00
0.000000000000000000e+00
0.000000000000000000e+00
0.000000000000000000e+00
0.000000000000000000e+00
0.000000000000000000e+00
0.000000000000000000e+00
0.000000000000000000e+00
0.000000000000000000e+00
0.000000000000000000e+00
0.000000000000000000e+00
0.000000000000000000e+00
0.000000000000000000e+00
0.000000000000000000e+00
0.000000000000000000e+00
0.000000000000000000e+00
0.000000000000000000e+00
0.000000000000000000e+00
0.000000000000000000e+00
0.000000000000000000e+00
0.000000000000000000e+00
0.000000000000000000e+00
0.000000000000000000e+00
0.000000000000000000e+00
0.000000000000000000e+00
0.000000000000000000e+00
0.000000000000000000e+00
0.000000000000000000e+00
0.000000000000000000e+00
0.000000000000000000e+00
0.000000000000000000e+00
0.000000000000000000e+00
0.000000000000000000e+00
0.000000000000000000e+00
0.000000000000000000e+00
0.000000000000000000e+00
0.000000000000000000e+00
0.000000000000000000e+00
0.000000000000000000e+00
0.000000000000000000e+00
0.000000000000000000e+00
0.000000000000000000e+00
0.000000000000000000e+00
0.000000000000000000e+00
0.000000000000000000e+00
0.000000000000000000e+00
0.000000000000000000e+00
0.000000000000000000e+00
0.000000000000000000e+00
0.000000000000000000e+00
0.000000000000000000e+00
0.000000000000000000e+00
0.000000000000000000e+00
0.000000000000000000e+00
0.000000000000000000e+00
0.000000000000000000e+00
0.000000000000000000e+00
0.000000000000000000e+00
0.000000000000000000e+00
0.000000000000000000e+00
0.000000000000000000e+00
0.000000000000000000e+00
0.000000000000000000e+00
0.000000000000000000e+00
0.000000000000000000e+00
0.000000000000000000e+00
0.000000000000000000e+00
0.000000000000000000e+00
0.000000000000000000e+00
0.000000000000000000e+00
0.000000000000000000e+00
0.000000000000000000e+00
0.000000000000000000e+00
0.000000000000000000e+00
0.000000000000000000e+00
0.000000000000000000e+00
0.000000000000000000e+00
0.000000000000000000e+00
0.000000000000000000e+00
0.000000000000000000e+00
0.000000000000000000e+00
0.000000000000000000e+00
0.000000000000000000e+00
0.000000000000000000e+00
0.000000000000000000e+00
0.000000000000000000e+00
0.000000000000000000e+00
0.000000000000000000e+00
0.000000000000000000e+00
0.000000000000000000e+00
0.000000000000000000e+00
0.000000000000000000e+00
0.000000000000000000e+00
0.000000000000000000e+00
0.000000000000000000e+00
0.000000000000000000e+00
0.000000000000000000e+00
0.000000000000000000e+00
0.000000000000000000e+00
0.000000000000000000e+00
0.000000000000000000e+00
0.000000000000000000e+00
0.000000000000000000e+00
0.000000000000000000e+00
0.000000000000000000e+00
0.000000000000000000e+00
0.000000000000000000e+00
0.000000000000000000e+00
0.000000000000000000e+00
0.000000000000000000e+00
0.000000000000000000e+00
0.000000000000000000e+00
0.000000000000000000e+00
0.000000000000000000e+00
0.000000000000000000e+00
0.000000000000000000e+00
0.000000000000000000e+00
0.000000000000000000e+00
0.000000000000000000e+00
0.000000000000000000e+00
0.000000000000000000e+00
0.000000000000000000e+00
0.000000000000000000e+00
0.000000000000000000e+00
0.000000000000000000e+00
0.000000000000000000e+00
0.000000000000000000e+00
0.000000000000000000e+00
0.000000000000000000e+00
0.000000000000000000e+00
0.000000000000000000e+00
0.000000000000000000e+00
0.000000000000000000e+00
0.000000000000000000e+00
0.000000000000000000e+00
0.000000000000000000e+00
0.000000000000000000e+00
0.000000000000000000e+00
0.000000000000000000e+00
0.000000000000000000e+00
0.000000000000000000e+00
0.000000000000000000e+00
0.000000000000000000e+00
0.000000000000000000e+00
0.000000000000000000e+00
0.000000000000000000e+00
0.000000000000000000e+00
0.000000000000000000e+00
0.000000000000000000e+00
0.000000000000000000e+00
0.000000000000000000e+00
0.000000000000000000e+00
0.000000000000000000e+00
0.000000000000000000e+00
0.000000000000000000e+00
0.000000000000000000e+00
0.000000000000000000e+00
0.000000000000000000e+00
0.000000000000000000e+00
0.000000000000000000e+00
0.000000000000000000e+00
0.000000000000000000e+00
0.000000000000000000e+00
0.000000000000000000e+00
0.000000000000000000e+00
0.000000000000000000e+00
0.000000000000000000e+00
0.000000000000000000e+00
0.000000000000000000e+00
0.000000000000000000e+00
0.000000000000000000e+00
0.000000000000000000e+00
0.000000000000000000e+00
0.000000000000000000e+00
0.000000000000000000e+00
0.000000000000000000e+00
0.000000000000000000e+00
0.000000000000000000e+00
0.000000000000000000e+00
0.000000000000000000e+00
0.000000000000000000e+00
0.000000000000000000e+00
0.000000000000000000e+00
0.000000000000000000e+00
0.000000000000000000e+00
0.000000000000000000e+00
0.000000000000000000e+00
0.000000000000000000e+00
0.000000000000000000e+00
0.000000000000000000e+00
0.000000000000000000e+00
0.000000000000000000e+00
0.000000000000000000e+00
0.000000000000000000e+00
0.000000000000000000e+00
0.000000000000000000e+00
0.000000000000000000e+00
0.000000000000000000e+00
0.000000000000000000e+00
0.000000000000000000e+00
0.000000000000000000e+00
0.000000000000000000e+00
0.000000000000000000e+00
0.000000000000000000e+00
0.000000000000000000e+00
0.000000000000000000e+00
0.000000000000000000e+00
0.000000000000000000e+00
0.000000000000000000e+00
0.000000000000000000e+00
0.000000000000000000e+00
0.000000000000000000e+00
0.000000000000000000e+00
0.000000000000000000e+00
0.000000000000000000e+00
0.000000000000000000e+00
0.000000000000000000e+00
0.000000000000000000e+00
0.000000000000000000e+00
0.000000000000000000e+00
0.000000000000000000e+00
0.000000000000000000e+00
0.000000000000000000e+00
0.000000000000000000e+00
0.000000000000000000e+00
0.000000000000000000e+00
0.000000000000000000e+00
0.000000000000000000e+00
0.000000000000000000e+00
0.000000000000000000e+00
0.000000000000000000e+00
0.000000000000000000e+00
0.000000000000000000e+00
0.000000000000000000e+00
0.000000000000000000e+00
0.000000000000000000e+00
0.000000000000000000e+00
0.000000000000000000e+00
0.000000000000000000e+00
0.000000000000000000e+00
0.000000000000000000e+00
0.000000000000000000e+00
0.000000000000000000e+00
0.000000000000000000e+00
0.000000000000000000e+00
0.000000000000000000e+00
0.000000000000000000e+00
0.000000000000000000e+00
0.000000000000000000e+00
0.000000000000000000e+00
0.000000000000000000e+00
0.000000000000000000e+00
0.000000000000000000e+00
0.000000000000000000e+00
0.000000000000000000e+00
0.000000000000000000e+00
0.000000000000000000e+00
0.000000000000000000e+00
0.000000000000000000e+00
0.000000000000000000e+00
0.000000000000000000e+00
0.000000000000000000e+00
0.000000000000000000e+00
0.000000000000000000e+00
0.000000000000000000e+00
0.000000000000000000e+00
0.000000000000000000e+00
0.000000000000000000e+00
0.000000000000000000e+00
0.000000000000000000e+00
0.000000000000000000e+00
0.000000000000000000e+00
0.000000000000000000e+00
0.000000000000000000e+00
0.000000000000000000e+00
0.000000000000000000e+00
0.000000000000000000e+00
0.000000000000000000e+00
0.000000000000000000e+00
0.000000000000000000e+00
0.000000000000000000e+00
0.000000000000000000e+00
0.000000000000000000e+00
0.000000000000000000e+00
0.000000000000000000e+00
0.000000000000000000e+00
0.000000000000000000e+00
0.000000000000000000e+00
0.000000000000000000e+00
0.000000000000000000e+00
0.000000000000000000e+00
0.000000000000000000e+00
0.000000000000000000e+00
0.000000000000000000e+00
0.000000000000000000e+00
0.000000000000000000e+00
0.000000000000000000e+00
nan
