# bin_17_10
-1.012147782372280275e-09
-2.058727296102754623e-08
8.017201377687159921e-09
-1.410312144543934180e-08
1.201855873002850737e-08
-1.219397041531686240e-08
1.246431323025192619e-08
-1.044422175431937119e-08
1.273974017834023943e-08
-1.107651193817120768e-08
1.062636619509562093e-08
-7.907272365445140445e-09
4.817857993107498449e-09
2.138528772569384446e-09
2.428168035470828243e-10
1.925361241492370517e-09
4.995785783181537218e-09
7.626044476288587379e-09
1.031094023149057694e-08
1.292643223221804284e-08
1.432534909014059738e-08
1.401918779426533050e-08
1.234259070304139618e-08
1.037013292889793245e-08
8.727126886452551812e-09
7.753631798225176037e-09
8.822682107877067499e-09
1.159404306739307789e-08
1.434952075638127793e-08
1.602438017949855733e-08
1.599957615167567673e-08
1.341176929664731009e-08
8.853584862954123443e-09
3.711387291880484763e-09
-1.067552242066338685e-09
-4.855782700412118741e-09
-7.258020881811473344e-09
-8.690476052112618397e-09
-9.758976759050010966e-09
-1.048841006587243810e-08
-1.090531482958714719e-08
-1.103669694941753747e-08
-1.090921605611767775e-08
-1.054864174661416759e-08
-9.592909322799431468e-09
-7.968548480254552016e-09
-6.052608532859300454e-09
-4.132173686198805965e-09
-2.422722265862924062e-09
-1.082817713640492314e-09
-2.258813257227455272e-10
7.036280662511806430e-11
6.772651769029922439e-11
6.515011104607292163e-11
6.266074803701684820e-11
6.027885980314803472e-11
5.801939649549043843e-11
5.589285537718151272e-11
5.390612755124644490e-11
5.206319564166167091e-11
5.036570878740798542e-11
4.940305882539151114e-11
4.964607245782798871e-11
5.093288973391321898e-11
5.312066279254721371e-11
5.608327096564862679e-11
5.970932770435326040e-11
6.390043934362911018e-11
6.856968160036238186e-11
7.364026465425456445e-11
7.904436184515988362e-11
8.472208056231990519e-11
9.527553207951488066e-11
1.133987072752984135e-10
1.365046404363895594e-10
1.623995768959476688e-10
1.892312861819021426e-10
2.154440802957458500e-10
2.397396407545498021e-10
2.610428835172711415e-10
2.784721979026861410e-10
2.913134869670626535e-10
2.989975149498744527e-10
3.010801343311773669e-10
2.972250224661770209e-10
2.903525291076998370e-10
2.835629689052080510e-10
2.768609899412111143e-10
2.702505063665848296e-10
2.637347772075961627e-10
2.573164769760003352e-10
2.509977589659472146e-10
2.447803120207310390e-10
2.386654114639063930e-10
2.326539648114067757e-10
2.267465528126850661e-10
2.209434663083754777e-10
2.152447393385424584e-10
2.096501788883458695e-10
2.041593916161661015e-10
1.987718078722067336e-10
1.922609299984382805e-10
1.837132905050753485e-10
1.735602340739834078e-10
1.621868918858144633e-10
1.499365584946089685e-10
1.371146555910742991e-10
1.239923230880610081e-10
1.108096737972577821e-10
9.777874425530640995e-11
8.508617094791179716e-11
7.289561822643299481e-11
6.134998157225091044e-11
5.057338750460670476e-11
4.067300931621823520e-11
3.174071593018356341e-11
2.385456947721690776e-11
1.708018567252161711e-11
1.147196970764671917e-11
6.626546770361747917e-12
2.104629380685967771e-12
-2.101117589739655383e-12
-5.998190257659144843e-12
-9.594204917107797952e-12
-1.289686175976746160e-11
-1.591391268042735245e-11
-1.865313276477560626e-11
-2.112229509594124827e-11
-2.332914855148447878e-11
-2.528139829432137755e-11
-2.698668868970332364e-11
-2.845258840619364481e-11
-2.968657748187172445e-11
-3.069603615800782801e-11
-3.148823530141899446e-11
-3.207032825385088696e-11
-3.244934396220020257e-11
-3.263218125738081499e-11
-3.262560416228017334e-11
-3.243623812068330512e-11
-3.207056704938808168e-11
-3.155781039243061383e-11
-3.093581119453775555e-11
-3.022273711776641144e-11
-2.943531550785230040e-11
-2.858893367910070986e-11
-2.769773224524533660e-11
-2.677469199680234839e-11
-2.583171478747594990e-11
-2.487969885725221680e-11
-2.392860898769298065e-11
-2.298754185536701022e-11
-2.206478692212585673e-11
-2.116788317584270306e-11
-2.030367201210733963e-11
-1.947834652605140281e-11
-1.869749746380648331e-11
-1.796615606494905966e-11
-1.728883401052608154e-11
-1.666956067578069845e-11
-1.611191787239555344e-11
-1.561907225185308096e-11
-1.519380552929204643e-11
-1.483854267593107925e-11
-1.455537821767037148e-11
-1.434610076779731802e-11
-1.428415483895897155e-11
-1.442379148235437469e-11
-1.473915405369131951e-11
-1.520611368415076774e-11
-1.580216686983385087e-11
-1.650633912747820608e-11
-1.729909434273250750e-11
-1.907889419814491995e-11
-2.003331545309635383e-11
-2.101092615668231417e-11
-2.199819826848279211e-11
-2.298259968321701192e-11
-2.395253480774872250e-11
-2.489728858929808711e-11
-2.580697378871157969e-11
-2.748543337390790982e-11
-2.823813945886699606e-11
-2.892355469456312174e-11
-2.953524071401200465e-11
-3.006732873057085559e-11
-3.051448473925244125e-11
-3.087187671422710590e-11
-3.130036659172162439e-11
-3.136404078844799156e-11
-3.132305014581153824e-11
-3.117464261476046815e-11
-3.060363201656232647e-11
-3.029306394463354867e-11
-2.998472110666498610e-11
-2.967861958062055329e-11
-2.937477350226936723e-11
-2.877389512859650701e-11
-2.847688228842957030e-11
-2.818216398662545100e-11
-2.759963304253343496e-11
-2.731182800001799685e-11
-2.702633284323147553e-11
-2.674314827597801689e-11
-2.618370819945142606e-11
-2.590744875530852521e-11
-2.563349214634361702e-11
-2.509246942943431542e-11
-2.482539227881432691e-11
-2.456059597269664720e-11
-2.403781582795577186e-11
-2.377981535828914066e-11
-2.327054765718706083e-11
-2.301926043454192302e-11
-2.277019015716515562e-11
-2.227865535631559875e-11
-2.203616728540462090e-11
-2.155768820029550479e-11
-2.132167155862698735e-11
-2.056782810516272474e-11
-1.999254697015162093e-11
-1.929742481318608647e-11
-1.758237602339537925e-11
-1.657883597221308005e-11
-1.431794006788441094e-11
-1.307483321490022386e-11
-1.039650051999888488e-11
-8.973640322229138319e-12
-5.989310700044009051e-12
-4.438547372465574749e-12
-1.244707024750120726e-12
2.041777381841630142e-12
3.709168012278333469e-12
7.072853346399526357e-12
8.761965523017936631e-12
1.213811505214272934e-11
1.549129820725001775e-11
1.715228857869417953e-11
2.043036721443388761e-11
2.204278481706198050e-11
2.520365544394955132e-11
2.826633333556018380e-11
2.975642658145676376e-11
3.264618217136291490e-11
3.540589644069991627e-11
3.673377361048956071e-11
3.954282739647616248e-11
4.267572178216822244e-11
4.605605908578842662e-11
4.781695547567966828e-11
5.143945824821662567e-11
5.514612260180328845e-11
5.888152174076598482e-11
6.074406199324583191e-11
6.442954113716613042e-11
6.802639377399303024e-11
7.149523477946459590e-11
7.480052276164266002e-11
7.638170783651939964e-11
7.938273497430715969e-11
8.214634338873055381e-11
8.464832104335471362e-11
8.686716294790198409e-11
8.878386585071807986e-11
9.038173749512506309e-11
9.164621939386917973e-11
9.256472215405736153e-11
9.312647245696137444e-11
9.332237086347497655e-11
9.314485967720582171e-11
9.258780015365234999e-11
9.164635839602811736e-11
9.047123226160214927e-11
8.922344014076127166e-11
8.791394258335759580e-11
8.655293861619585808e-11
8.514991233871255909e-11
8.371367667228323967e-11
8.225241444396243763e-11
8.077371697333937710e-11
7.928462031993139957e-11
7.779163933807586991e-11
7.630079967655325898e-11
7.481766785113441620e-11
7.261854529205857569e-11
7.117627398706268952e-11
6.975797071432748702e-11
6.836746212307184845e-11
6.700825165953236506e-11
6.503504261428091483e-11
6.376746255508179747e-11
6.254117765726128641e-11
6.135846957120826357e-11
5.967055189912356126e-11
5.860531864527320782e-11
5.758995879819532497e-11
5.616338563553973681e-11
5.527834551069255024e-11
5.444315936771048425e-11
5.323660924544910516e-11
5.245827316262698212e-11
5.132859070125760806e-11
5.059999029529205886e-11
4.989046701204688381e-11
4.886096923208332804e-11
4.819719121492143960e-11
4.723429411304029739e-11
4.661360876326896437e-11
4.571345062092246529e-11
4.513335945392227957e-11
4.429230298329183809e-11
4.348505009949765463e-11
4.296507210735929990e-11
4.221153589454783947e-11
4.172631483426219547e-11
4.102338242647731975e-11
4.034939378232770037e-11
3.991564360450102112e-11
3.928764975279109113e-11
3.868596361526340216e-11
3.829899658824578484e-11
3.773911633481901833e-11
3.720314778400444600e-11
3.669024968563687797e-11
3.636073248663323682e-11
3.741017780422424577e-11
4.124552752267295558e-11
4.746042338168357388e-11
5.567886587436760170e-11
6.209812193902002461e-11
7.289640796917366291e-11
8.482915129422955314e-11
9.761547839814677481e-11
1.109965759515512485e-10
1.247342291675770957e-10
1.386094554336729871e-10
1.524212268060975871e-10
1.659852754077352954e-10
1.791329761896889725e-10
1.917103019057112421e-10
2.035768455082719236e-10
2.146049055082401847e-10
2.246786301489598389e-10
2.364460976817533790e-10
2.439031723913660843e-10
2.500954157392060679e-10
2.549497049615058190e-10
2.584010477566726137e-10
2.603920193766480849e-10
2.606888279673499684e-10
2.590875773290271904e-10
2.559354806249729759e-10
2.497132076445686075e-10
2.437508852977541292e-10
2.368453019568151270e-10
2.264113190504188188e-10
2.178338210742594297e-10
2.087454402430716573e-10
1.960248525511012716e-10
1.861658814328008350e-10
1.727762845432727073e-10
1.626640108741182640e-10
1.492400259303529388e-10
1.393116899164074680e-10
1.263882325559304633e-10
1.170112404828405845e-10
1.050362653908329155e-10
9.377481456291003254e-11
8.586279892553106996e-11
7.610443494466459812e-11
6.733082556942622848e-11
6.144450970906424405e-11
5.457768575207597517e-11
4.888961928681504663e-11
4.443480785924994411e-11
4.126023721757830806e-11
3.974381476882150284e-11
3.910317080797185716e-11
4.418087383027027699e-11
5.587299332020249311e-11
7.323542665599326480e-11
9.539202848361313620e-11
1.215302908424712452e-10
1.508972972666962910e-10
1.827959328076702481e-10
2.165813331784254210e-10
2.516575573827576580e-10
2.874744692693677007e-10
3.235248144496879881e-10
3.682080065293851618e-10
4.031327018021474485e-10
4.369064296222944567e-10
4.691756037586839610e-10
5.069064703223151151e-10
5.346512532521632466e-10
5.599414693125835100e-10
5.877423894554347178e-10
6.066748235553138839e-10
6.224607084272345568e-10
6.375122396681895817e-10
6.456274602030965491e-10
6.506508421926669388e-10
6.504360219751661989e-10
6.447176329914023313e-10
6.345308364466198572e-10
6.136244874897670315e-10
5.847637504292082116e-10
5.567048889814680255e-10
5.162974084056590076e-10
4.708700956621432508e-10
4.315220762825769005e-10
3.792840720165095745e-10
3.243792754153084091e-10
2.675271123426422943e-10
2.093900598915261155e-10
1.505774409019105977e-10
9.164896977714698491e-11
4.476927286244940705e-11
-1.310304100943309788e-11
-6.976053456421000651e-11
-1.355858014269047798e-10
-1.882138463324669708e-10
-2.384700037069078665e-10
-2.860601749335192321e-10
-3.307186667748317784e-10
-3.722062528533490734e-10
-4.175052757976308072e-10
-4.512937806940508407e-10
-4.813033223587791214e-10
-5.073873404101589361e-10
-5.340287497005299920e-10
-5.553375766122181510e-10
-5.803956167115753329e-10
-6.007479374523738177e-10
-6.244169892272928834e-10
-6.434288647503309695e-10
-6.652912463924636928e-10
-6.826480851118916510e-10
-7.023636056221631467e-10
-7.207891130601177791e-10
-7.351065175575916274e-10
-7.509881609507272558e-10
-7.654004271682725077e-10
-7.782956425501672295e-10
-7.896332819448982027e-10
-7.993794076974498543e-10
-8.075061482885255199e-10
-8.139912138236147863e-10
-8.188174457753297922e-10
-8.219723985715720396e-10
-8.234479507968172451e-10
-8.232399439351771241e-10
-8.213478467331681464e-10
-8.177744433980237201e-10
-8.125255439750060632e-10
-8.042957577977221299e-10
-7.953897505756810038e-10
-7.822086502812333581e-10
-7.604034817187276365e-10
-7.369784520567759023e-10
-7.050078915848999098e-10
-6.742930330800221164e-10
-6.353547319644991141e-10
-5.998907749829764394e-10
-5.567305789675641328e-10
-5.122933990729164880e-10
-4.672037043361015956e-10
-4.284712656015366706e-10
-3.836514847000551711e-10
-3.396883953096699802e-10
-2.970243968268156742e-10
-2.560622737815797021e-10
-2.171679226494485154e-10
-1.806728984039576981e-10
-1.468767929956233271e-10
-1.160494570809651420e-10
-8.843307552781529881e-11
-6.424410648501228033e-11
-4.104236546132268242e-11
-2.481777826393189276e-11
-1.255293417998121005e-11
-3.547883828266228279e-12
-1.763693121137321668e-13
0.000000000000000000e+00
0.000000000000000000e+00
0.000000000000000000e+00
0.000000000000000000e+00
0.000000000000000000e+00
0.000000000000000000e+00
0.000000000000000000e+00
0.000000000000000000e+00
0.000000000000000000e+00
0.000000000000000000e+00
0.000000000000000000e+00
0.000000000000000000e+00
0.000000000000000000e+00
0.000000000000000000e+00
0.000000000000000000e+00
0.000000000000000000e+00
0.000000000000000000e+00
0.000000000000000000e+00
0.000000000000000000e+00
0.000000000000000000e+00
0.000000000000000000e+00
0.000000000000000000e+00
0.000000000000000000e+00
0.000000000000000000e+00
0.000000000000000000e+00
0.000000000000000000e+00
0.000000000000000000e+00
0.000000000000000000e+00
0.000000000000000000e+00
0.000000000000000000e+00
0.000000000000000000e+00
0.000000000000000000e+00
0.000000000000000000e+00
0.000000000000000000e+00
0.000000000000000000e+00
0.000000000000000000e+00
0.000000000000000000e+00
0.000000000000000000e+00
0.000000000000000000e+00
0.000000000000000000e+00
0.000000000000000000e+00
0.000000000000000000e+00
0.000000000000000000e+00
0.000000000000000000e+00
0.000000000000000000e+00
0.000000000000000000e+00
0.000000000000000000e+00
0.000000000000000000e+00
0.000000000000000000e+00
0.000000000000000000e+00
0.000000000000000000e+00
0.000000000000000000e+00
0.000000000000000000e+00
0.000000000000000000e+00
0.000000000000000000e+00
0.000000000000000000e+00
0.000000000000000000e+00
0.000000000000000000e+00
0.000000000000000000e+00
0.000000000000000000e+00
0.000000000000000000e+00
0.000000000000000000e+00
0.000000000000000000e+00
0.000000000000000000e+00
0.000000000000000000e+00
0.000000000000000000e+00
0.000000000000000000e+00
0.000000000000000000e+00
0.000000000000000000e+00
0.000000000000000000e+00
0.000000000000000000e+00
0.000000000000000000e+00
0.000000000000000000e+00
0.000000000000000000e+00
0.000000000000000000e+00
0.000000000000000000e+00
0.000000000000000000e+00
0.000000000000000000e+00
0.000000000000000000e+00
0.000000000000000000e+00
0.000000000000000000e+00
0.000000000000000000e+00
0.000000000000000000e+00
0.000000000000000000e+00
0.000000000000000000e+00
0.000000000000000000e+00
0.000000000000000000e+00
0.000000000000000000e+00
0.000000000000000000e+00
0.000000000000000000e+00
0.000000000000000000e+00
0.000000000000000000e+00
0.000000000000000000e+00
0.000000000000000000e+00
0.000000000000000000e+00
0.000000000000000000e+00
0.000000000000000000e+00
0.000000000000000000e+00
0.000000000000000000e+00
0.000000000000000000e+00
0.000000000000000000e+00
0.000000000000000000e+00
0.000000000000000000e+00
0.000000000000000000e+00
0.000000000000000000e+00
0.000000000000000000e+00
0.000000000000000000e+00
0.000000000000000000e+00
0.000000000000000000e+00
0.000000000000000000e+00
0.000000000000000000e+00
0.000000000000000000e+00
0.000000000000000000e+00
0.000000000000000000e+00
0.000000000000000000e+00
0.000000000000000000e+00
0.000000000000000000e+00
0.000000000000000000e+00
0.000000000000000000e+00
0.000000000000000000e+00
0.000000000000000000e+00
0.000000000000000000e+00
0.000000000000000000e+00
0.000000000000000000e+00
0.000000000000000000e+00
0.000000000000000000e+00
0.000000000000000000e+00
0.000000000000000000e+00
0.000000000000000000e+00
0.000000000000000000e+00
0.000000000000000000e+00
0.000000000000000000e+00
0.000000000000000000e+00
0.000000000000000000e+00
0.000000000000000000e+00
0.000000000000000000e+00
0.000000000000000000e+00
0.000000000000000000e+00
0.000000000000000000e+00
0.000000000000000000e+00
0.000000000000000000e+00
0.000000000000000000e+00
0.000000000000000000e+00
0.000000000000000000e+00
0.000000000000000000e+00
0.000000000000000000e+00
0.000000000000000000e+00
0.000000000000000000e+00
0.000000000000000000e+00
0.000000000000000000e+00
0.000000000000000000e+00
0.000000000000000000e+00
0.000000000000000000e+00
0.000000000000000000e+00
0.000000000000000000e+00
0.000000000000000000e+00
0.000000000000000000e+00
0.000000000000000000e+00
0.000000000000000000e+00
0.000000000000000000e+00
0.000000000000000000e+00
0.000000000000000000e+00
0.000000000000000000e+00
0.000000000000000000e+00
0.000000000000000000e+00
0.000000000000000000e+00
0.000000000000000000e+00
0.000000000000000000e+00
0.000000000000000000e+00
0.000000000000000000e+00
0.000000000000000000e+00
0.000000000000000000e+00
0.000000000000000000e+00
0.000000000000000000e+00
0.000000000000000000e+00
0.000000000000000000e+00
0.000000000000000000e+00
0.000000000000000000e+00
0.000000000000000000e+00
0.000000000000000000e+00
0.000000000000000000e+00
0.000000000000000000e+00
0.000000000000000000e+00
0.000000000000000000e+00
0.000000000000000000e+00
0.000000000000000000e+00
0.000000000000000000e+00
0.000000000000000000e+00
0.000000000000000000e+00
0.000000000000000000e+00
0.000000000000000000e+00
0.000000000000000000e+00
0.000000000000000000e+00
0.000000000000000000e+00
0.000000000000000000e+00
0.000000000000000000e+00
0.000000000000000000e+00
0.000000000000000000e+00
0.000000000000000000e+00
0.000000000000000000e+00
0.000000000000000000e+00
0.000000000000000000e+00
0.000000000000000000e+00
0.000000000000000000e+00
0.000000000000000000e+00
0.000000000000000000e+00
0.000000000000000000e+00
0.000000000000000000e+00
0.000000000000000000e+00
0.000000000000000000e+00
0.000000000000000000e+00
0.000000000000000000e+00
0.000000000000000000e+00
0.000000000000000000e+00
0.000000000000000000e+00
0.000000000000000000e+00
0.000000000000000000e+00
0.000000000000000000e+00
0.000000000000000000e+00
0.000000000000000000e+00
0.000000000000000000e+00
0.000000000000000000e+00
0.000000000000000000e+00
0.000000000000000000e+00
0.000000000000000000e+00
0.000000000000000000e+00
0.000000000000000000e+00
0.000000000000000000e+00
0.000000000000000000e+00
0.000000000000000000e+00
0.000000000000000000e+00
0.000000000000000000e+00
0.000000000000000000e+00
0.000000000000000000e+00
0.000000000000000000e+00
0.000000000000000000e+00
0.000000000000000000e+00
0.000000000000000000e+00
0.000000000000000000e+00
0.000000000000000000e+00
0.000000000000000000e+00
0.000000000000000000e+00
0.000000000000000000e+00
0.000000000000000000e+00
0.000000000000000000e+00
0.000000000000000000e+00
0.000000000000000000e+00
0.000000000000000000e+00
0.000000000000000000e+00
0.000000000000000000e+00
0.000000000000000000e+00
0.000000000000000000e+00
0.000000000000000000e+00
0.000000000000000000e+00
0.000000000000000000e+00
0.000000000000000000e+00
0.000000000000000000e+00
0.000000000000000000e+00
0.000000000000000000e+00
0.000000000000000000e+00
0.000000000000000000e+00
0.000000000000000000e+00
0.000000000000000000e+00
0.000000000000000000e+00
0.000000000000000000e+00
0.000000000000000000e+00
0.000000000000000000e+00
0.000000000000000000e+00
0.000000000000000000e+00
0.000000000000000000e+00
0.000000000000000000e+00
0.000000000000000000e+00
0.000000000000000000e+00
0.000000000000000000e+00
0.000000000000000000e+00
0.000000000000000000e+00
0.000000000000000000e+00
0.000000000000000000e+00
0.000000000000000000e+00
0.000000000000000000e+00
0.000000000000000000e+00
0.000000000000000000e+00
0.000000000000000000e+00
0.000000000000000000e+00
0.000000000000000000e+00
0.000000000000000000e+00
0.000000000000000000e+00
0.000000000000000000e+00
0.000000000000000000e+00
0.000000000000000000e+00
0.000000000000000000e+00
0.000000000000000000e+00
0.000000000000000000e+00
0.000000000000000000e+00
0.000000000000000000e+00
0.000000000000000000e+00
0.000000000000000000e+00
0.000000000000000000e+00
0.000000000000000000e+00
0.000000000000000000e+00
0.000000000000000000e+00
0.000000000000000000e+00
0.000000000000000000e+00
0.000000000000000000e+00
0.000000000000000000e+00
0.000000000000000000e+00
0.000000000000000000e+00
0.000000000000000000e+00
0.000000000000000000e+00
0.000000000000000000e+00
0.000000000000000000e+00
0.000000000000000000e+00
0.000000000000000000e+00
0.000000000000000000e+00
0.000000000000000000e+00
0.000000000000000000e+00
0.000000000000000000e+00
0.000000000000000000e+00
0.000000000000000000e+00
0.000000000000000000e+00
0.000000000000000000e+00
0.000000000000000000e+00
0.000000000000000000e+00
0.000000000000000000e+00
0.000000000000000000e+00
0.000000000000000000e+00
0.000000000000000000e+00
0.000000000000000000e+00
0.000000000000000000e+00
0.000000000000000000e+00
0.000000000000000000e+00
0.000000000000000000e+00
0.000000000000000000e+00
0.000000000000000000e+00
0.000000000000000000e+00
0.000000000000000000e+00
0.000000000000000000e+00
0.000000000000000000e+00
0.000000000000000000e+00
0.000000000000000000e+00
0.000000000000000000e+00
0.000000000000000000e+00
0.000000000000000000e+00
0.000000000000000000e+00
0.000000000000000000e+00
0.000000000000000000e+00
0.000000000000000000e+00
0.000000000000000000e+00
0.000000000000000000e+00
0.000000000000000000e+00
0.000000000000000000e+00
0.000000000000000000e+00
0.000000000000000000e+00
0.000000000000000000e+00
0.000000000000000000e+00
0.000000000000000000e+00
0.000000000000000000e+00
0.000000000000000000e+00
0.000000000000000000e+00
0.000000000000000000e+00
0.000000000000000000e+00
0.000000000000000000e+00
0.000000000000000000e+00
0.000000000000000000e+00
0.000000000000000000e+00
0.000000000000000000e+00
0.000000000000000000e+00
0.000000000000000000e+00
0.000000000000000000e+00
0.000000000000000000e+00
0.000000000000000000e+00
0.000000000000000000e+00
0.000000000000000000e+00
0.000000000000000000e+00
0.000000000000000000e+00
0.000000000000000000e+00
0.000000000000000000e+00
0.000000000000000000e+00
0.000000000000000000e+00
0.000000000000000000e+00
0.000000000000000000e+00
0.000000000000000000e+00
0.000000000000000000e+00
0.000000000000000000e+00
0.000000000000000000e+00
0.000000000000000000e+00
0.000000000000000000e+00
0.000000000000000000e+00
0.000000000000000000e+00
0.000000000000000000e+00
0.000000000000000000e+00
0.000000000000000000e+00
0.000000000000000000e+00
0.000000000000000000e+00
0.000000000000000000e+00
0.000000000000000000e+00
0.000000000000000000e+00
0.000000000000000000e+00
0.000000000000000000e+00
0.000000000000000000e+00
0.000000000000000000e+00
0.000000000000000000e+00
0.000000000000000000e+00
0.000000000000000000e+00
0.000000000000000000e+00
0.000000000000000000e+00
0.000000000000000000e+00
0.000000000000000000e+00
0.000000000000000000e+00
0.000000000000000000e+00
0.000000000000000000e+00
0.000000000000000000e+00
0.000000000000000000e+00
0.000000000000000000e+00
0.000000000000000000e+00
0.000000000000000000e+00
0.000000000000000000e+00
0.000000000000000000e+00
0.000000000000000000e+00
0.000000000000000000e+00
0.000000000000000000e+00
0.000000000000000000e+00
0.000000000000000000e+00
0.000000000000000000e+00
0.000000000000000000e+00
0.000000000000000000e+00
0.000000000000000000e+00
0.000000000000000000e+00
0.000000000000000000e+00
0.000000000000000000e+00
0.000000000000000000e+00
0.000000000000000000e+00
0.000000000000000000e+00
0.000000000000000000e+00
0.000000000000000000e+00
0.000000000000000000e+00
0.000000000000000000e+00
0.000000000000000000e+00
0.000000000000000000e+00
0.000000000000000000e+00
0.000000000000000000e+00
0.000000000000000000e+00
0.000000000000000000e+00
0.000000000000000000e+00
0.000000000000000000e+00
0.000000000000000000e+00
0.000000000000000000e+00
0.000000000000000000e+00
0.000000000000000000e+00
0.000000000000000000e+00
0.000000000000000000e+00
0.000000000000000000e+00
0.000000000000000000e+00
0.000000000000000000e+00
0.000000000000000000e+00
0.000000000000000000e+00
0.000000000000000000e+00
0.000000000000000000e+00
0.000000000000000000e+00
0.000000000000000000e+00
0.000000000000000000e+00
0.000000000000000000e+00
0.000000000000000000e+00
0.000000000000000000e+00
0.000000000000000000e+00
0.000000000000000000e+00
0.000000000000000000e+00
0.000000000000000000e+00
0.000000000000000000e+00
0.000000000000000000e+00
0.000000000000000000e+00
0.000000000000000000e+00
0.000000000000000000e+00
0.000000000000000000e+00
0.000000000000000000e+00
0.000000000000000000e+00
0.000000000000000000e+00
0.000000000000000000e+00
0.000000000000000000e+00
0.000000000000000000e+00
0.000000000000000000e+00
0.000000000000000000e+00
0.000000000000000000e+00
0.000000000000000000e+00
0.000000000000000000e+00
0.000000000000000000e+00
0.000000000000000000e+00
0.000000000000000000e+00
0.000000000000000000e+00
0.000000000000000000e+00
0.000000000000000000e+00
0.000000000000000000e+00
0.000000000000000000e+00
0.000000000000000000e+00
0.000000000000000000e+00
0.000000000000000000e+00
0.000000000000000000e+00
0.000000000000000000e+00
0.000000000000000000e+00
0.000000000000000000e+00
0.000000000000000000e+00
0.000000000000000000e+00
0.000000000000000000e+00
0.000000000000000000e+00
0.000000000000000000e+00
0.000000000000000000e+00
0.000000000000000000e+00
0.000000000000000000e+00
0.000000000000000000e+00
0.000000000000000000e+00
0.000000000000000000e+00
0.000000000000000000e+00
0.000000000000000000e+00
0.000000000000000000e+00
0.000000000000000000e+00
0.000000000000000000e+00
nan
