# bin_20_7
1.208688241914457237e-08
-9.814326854202426779e-09
1.375180509956018516e-08
-1.040268500062626779e-08
1.436259725771058803e-08
-1.171871104806843264e-08
1.445301056757824282e-08
-1.279396976138401832e-08
1.350879595864111650e-08
-1.006835427672323848e-08
1.113207836732876979e-08
-6.293885174344753199e-09
5.800918925894688819e-09
1.205743295687825816e-09
-1.999687599664496173e-09
4.011962287145685430e-09
1.224619517154463980e-08
1.479597994675468756e-08
1.329992954132408953e-08
1.192735347794495121e-08
1.067504365620216002e-08
9.536424272451685822e-09
3.573458260801816657e-09
-6.234898154980329436e-09
-1.388468684255346389e-08
-1.606735783338868463e-08
-1.419393954939942320e-08
-1.142305894052796031e-08
-8.282718174608167388e-09
-5.123675568199594812e-09
-2.172578199473849648e-09
1.203901121773658221e-09
5.031183075054745852e-09
8.510144735701493662e-09
1.112018792416917690e-08
1.254073225306549606e-08
1.259393678427955639e-08
1.178027559778041512e-08
1.075607457508320348e-08
9.631498408715790759e-09
8.487930334438912652e-09
7.384582588722485625e-09
6.363607463223685354e-09
5.454057955273231583e-09
4.536648209199584193e-09
3.553360128443434458e-09
2.595889927867600465e-09
1.732260677417059573e-09
1.011794035829690446e-09
4.690737799206712077e-10
1.271091365723438239e-10
-1.385896715251786906e-13
-1.536693727007114213e-11
-2.727008538648983429e-11
-3.635221087525872008e-11
-4.304575351469775591e-11
-4.772188296329717462e-11
-5.069935422031644002e-11
-5.225201565081947673e-11
-5.261518753485797168e-11
-5.199109155863715948e-11
-5.086711695116272443e-11
-4.964636259632190101e-11
-4.837551274017094367e-11
-4.709291563986289871e-11
-4.582985724245020460e-11
-4.461164341274745451e-11
-4.345852030412676516e-11
-4.238645768438219248e-11
-4.140781605933447482e-11
-4.053191513441919695e-11
-3.976551840118397320e-11
-9.739535544944021856e-11
-2.495283233159263948e-10
-4.666104552118506380e-10
-7.235159665082994465e-10
-9.989685213386968387e-10
-1.275037342768801309e-09
-1.536698180719205250e-09
-1.771450547918784098e-09
-1.968983824624439671e-09
-2.120885849609342474e-09
-2.220388484710212363e-09
-2.262145385425269380e-09
-2.242037849460435030e-09
-2.190783212836834716e-09
-2.141247431820195792e-09
-2.093354721162153553e-09
-2.047033423496342778e-09
-2.002215742463846568e-09
-1.958837495757261866e-09
-1.916837886401787992e-09
-1.876159290749839435e-09
-1.836747061807421510e-09
-1.798549346637748788e-09
-1.761516916701939560e-09
-1.725603010099483239e-09
-1.690763184763863803e-09
-1.656955181752248402e-09
-1.624138797843600287e-09
-1.592275766727703877e-09
-1.556407196507315210e-09
-1.512776760178166497e-09
-1.463010760690808278e-09
-1.408562168665829526e-09
-1.350726992389660869e-09
-1.290659105456978423e-09
-1.229383682835052571e-09
-1.167809380609951457e-09
-1.106739380848115080e-09
-1.046881410674291251e-09
-9.888568336581092495e-10
-9.332089017655516570e-10
-8.804102473367858696e-10
-8.308696866814729889e-10
-7.849383998339788408e-10
-7.429155446935335756e-10
-7.050533581079267498e-10
-6.715617913732242660e-10
-6.414527836968990485e-10
-6.134585669932040654e-10
-5.873552288280481049e-10
-5.629374060439427150e-10
-5.400168344693126897e-10
-5.184210139538122852e-10
-4.979919791333308027e-10
-4.785851671729141006e-10
-4.600683745015227065e-10
-4.423207952472235062e-10
-4.252321347119602911e-10
-4.087017917978567509e-10
-3.926381048175913581e-10
-3.769576555948472983e-10
-3.615846271916791211e-10
-3.464502109919378604e-10
-3.314920592272513201e-10
-3.166537793578641602e-10
-3.018844670177449587e-10
-2.871382745044915380e-10
-2.723740120421530477e-10
-2.575547792711917368e-10
-2.426263509481116195e-10
-2.276109248474748361e-10
-2.125839456663105273e-10
-1.976142007896870723e-10
-1.827643010246190070e-10
-1.680911273958407382e-10
-1.536462464721466271e-10
-1.394762965033932473e-10
-1.256233464749007079e-10
-1.121252300266073541e-10
-9.901585603760136543e-11
-8.632549754168169835e-11
-7.408106051526588243e-11
-6.230633396439035872e-11
-5.102222263204162837e-11
-4.024696354966362509e-11
-2.999632756695467687e-11
-2.028380691116980796e-11
-1.112078975071253993e-11
-2.516722667140118645e-12
5.520738125556154854e-12
1.298558603578930036e-11
1.987333310054990372e-11
2.618088807164600883e-11
3.190644295845856759e-11
3.721988931500264510e-11
4.229150866270895826e-11
4.712128430471639259e-11
5.170958303164685748e-11
5.605712309647703931e-11
6.016494438609802783e-11
6.403438064256905326e-11
7.106474888981037185e-11
7.422959365459679922e-11
7.716383566138503366e-11
7.986992390944067943e-11
8.235047057727394830e-11
8.460823423871198890e-11
8.664610426144390580e-11
8.846708630986656583e-11
9.147091079327671890e-11
9.266022960096149068e-11
9.364559081428060956e-11
9.443039793039783172e-11
9.501810318710867675e-11
9.541219900300201246e-11
9.561621005716226268e-11
9.546819451897903466e-11
9.512331543263162691e-11
9.460263459455698737e-11
9.390973875896906905e-11
9.110982005287469865e-11
8.732653259172724288e-11
8.190309384930042202e-11
7.503257516654906019e-11
6.689696377028662055e-11
4.750632463758590816e-11
3.656475356829382960e-11
2.498598826108838039e-11
4.464674833358530193e-13
-1.226937478777422793e-11
-2.513178258517143654e-11
-3.803641200773322938e-11
-6.358757971550496318e-11
-7.605705989601625232e-11
-8.821402347544251756e-11
-1.112971446099034384e-10
-1.220890920424358206e-10
-1.322995945019572449e-10
-1.507571339711472856e-10
-1.589046523033878369e-10
-1.728163655984984860e-10
-1.785026132689626684e-10
-1.832958366511561161e-10
-1.900811986241924915e-10
-1.920192183345548796e-10
-1.928697753795233199e-10
-1.917429334327003321e-10
-1.866755297748341348e-10
-1.829426902998553557e-10
-1.785136127575082529e-10
-1.678539319556967127e-10
-1.617581589975119660e-10
-1.483470990893586116e-10
-1.411474540645477618e-10
-1.260273748039277378e-10
-1.182057701115671733e-10
-1.022675259842347835e-10
-9.423498864187228137e-11
-7.823671774507181279e-11
-6.256160798807290788e-11
-5.492581077304940536e-11
-4.020320484499023975e-11
-3.316958369591216614e-11
-1.987903389021262915e-11
-7.768991065580609429e-12
-2.205963461190972951e-12
7.848436915942793022e-12
1.230822990048636271e-11
2.002215539774799366e-11
2.604578713946439057e-11
2.839620992492248634e-11
3.172677935450183382e-11
3.317627914110005480e-11
3.317813218755348741e-11
3.241278694805722650e-11
3.110980401807612556e-11
2.930416735164241397e-11
2.822324825341992324e-11
2.572497689645197995e-11
2.280319547973671268e-11
1.948651609618237793e-11
1.768859287894646447e-11
1.382975445935649301e-11
9.640774729859473474e-12
5.145072737971033287e-12
3.647668263467336990e-13
-2.125538331593566614e-12
-7.293946005207982197e-12
-1.269688661141312274e-11
-1.831625032534084104e-11
-2.413493354119432115e-11
-3.013678359262899034e-11
-3.630654667535154482e-11
-4.262981877287258386e-11
-4.909299939972541621e-11
-5.568324798876005931e-11
-6.238844276065981662e-11
-6.919714192446060840e-11
-7.609854706775566512e-11
-8.308246860450209436e-11
-1.115541324929236342e-10
-1.791546583025598273e-10
-2.805217874664385220e-10
-4.106655387493666837e-10
-5.649453654282824084e-10
-7.390487114505784456e-10
-9.289708775218250353e-10
-1.130996114054171377e-09
-1.341679863461482919e-09
-1.557832079447135999e-09
-1.776501555727969414e-09
-1.994961201095845438e-09
-2.316805987277737136e-09
-2.524158165633664699e-09
-2.723328191990892157e-09
-2.912437813924817624e-09
-3.089766373310196417e-09
-3.330267076433218849e-09
-3.471562005042976264e-09
-3.596157602844452626e-09
-3.702928643242635985e-09
-3.827472147470295655e-09
-3.885464823060615734e-09
-3.922517238843875223e-09
-3.937363287115888500e-09
-3.919258095364683109e-09
-3.878173047508258818e-09
-3.775558774303911551e-09
-3.683346187778174148e-09
-3.515120295851153059e-09
-3.386163070431344544e-09
-3.246096542645709977e-09
-3.019216534903933120e-09
-2.859290444692020986e-09
-2.610370284033866570e-09
-2.440542010038158659e-09
-2.183354659915371141e-09
-2.012078098609599717e-09
-1.758288222816142461e-09
-1.511359753107702221e-09
-1.352134665216297144e-09
-1.123535538098832497e-09
-9.791033096401732494e-10
-7.761849901877008262e-10
-5.916594426317846059e-10
-4.798228473191654155e-10
-3.301243869980051753e-10
-2.034616916214095233e-10
-1.324954497582859392e-10
-4.715034806864925766e-11
1.194011533258802901e-11
4.387520914351322048e-11
4.970058883612506881e-11
4.886853854629506416e-11
4.773418361878819040e-11
4.634078008354834659e-11
4.472837707048326228e-11
4.355019054181995535e-11
4.165373943344670540e-11
3.963097023146209977e-11
3.751187695065299543e-11
3.532412005345664477e-11
3.309318035788728463e-11
3.084250294061054280e-11
2.859363170737703357e-11
2.636633525551233261e-11
2.417872460921229556e-11
2.204736336770788087e-11
1.998737076869903764e-11
1.801251813457030823e-11
1.613531913656184618e-11
1.380373464179899138e-11
1.219661586266107224e-11
1.072082495647065991e-11
9.384335331424522899e-12
8.194255289766493426e-12
7.156887487186816389e-12
6.020778565317478642e-12
5.360134091495826850e-12
4.843679883442395309e-12
4.252402456351105401e-12
3.868626342917592110e-12
3.530090930502145411e-12
3.140543890949975341e-12
2.888784192373041481e-12
2.666880167448628750e-12
2.410570827134800860e-12
2.243207462937712880e-12
2.046696865764828522e-12
1.915187420216734574e-12
1.755443979617740730e-12
1.643840570395141187e-12
1.501248391117396496e-12
1.395998587367906669e-12
1.253928715605649159e-12
1.105710135511898681e-12
9.880088541673604529e-13
8.193277926839981902e-13
6.340860373075398625e-13
4.824142904381286856e-13
2.609490482332351287e-13
1.519190027841614534e-14
-2.571086811817735010e-13
-5.579411583445982224e-13
-8.033482242527479256e-13
-1.351465526154741447e-12
-6.160076996739535567e-12
-1.623683907481805458e-11
-3.082649876574892599e-11
-4.922820523895326505e-11
-7.079205066832652395e-11
-9.491583049164044867e-11
-1.210420086284555356e-10
-1.486548742012653289e-10
-1.772778772355349132e-10
-2.064711316773267366e-10
-2.358290748668618850e-10
-2.721920862330808799e-10
-3.006008402878477328e-10
-3.280676473602648445e-10
-3.543099361241290533e-10
-3.849994288626682323e-10
-4.075763702883041490e-10
-4.281698090782058615e-10
-4.508347172922535454e-10
-4.662984819935579925e-10
-4.792262451102167820e-10
-4.916154255521725206e-10
-4.983656946678849775e-10
-5.026822431209222754e-10
-5.027292645184635411e-10
-4.984044719257256973e-10
-4.921327589735803496e-10
-4.821375876474833130e-10
-4.700501427079386363e-10
-4.590771395396959188e-10
-4.439682344223872375e-10
-4.275555324191908366e-10
-4.136499846466891872e-10
-3.954880900356545525e-10
-3.766543672100867958e-10
-3.573419693137506627e-10
-3.377287233551986439e-10
-3.179781516750786891e-10
-2.982404264675539371e-10
-2.825524366856863089e-10
-2.631770367610905207e-10
-2.441713157302706248e-10
-2.220025382966904672e-10
-2.041736684144798376e-10
-1.870244200041705506e-10
-1.706334924821677498e-10
-1.550719429632235542e-10
-1.404037081106555656e-10
-1.240612466728730076e-10
-1.115513512985497391e-10
-1.000970075661931413e-10
-8.973722504526371010e-11
-7.859189504333898953e-11
-6.950076256658677575e-11
-5.868039902928227333e-11
-4.978080275763149852e-11
-3.929247050405451178e-11
-3.074750666590757882e-11
-2.076967944520775224e-11
-1.271464950888776595e-11
-3.394699635400633233e-12
5.514106440818262271e-12
1.260097500084860272e-11
2.067599928137732497e-11
2.825895331247701904e-11
3.532760912804676899e-11
4.186264553820239003e-11
4.784742606025504956e-11
5.326779235968752665e-11
5.811187211275276473e-11
6.236990028154889391e-11
6.603405286560146217e-11
6.909829226159872058e-11
7.155822342539384860e-11
7.341096008818265553e-11
7.465500033217716087e-11
7.529011088054046167e-11
7.526275131121102655e-11
7.458375554481448947e-11
7.334776279853980496e-11
7.130309053503335990e-11
6.910652377682140164e-11
6.610864196461640222e-11
6.322850741842275543e-11
5.957726005242567096e-11
5.625180219199019641e-11
5.220466743000724743e-11
4.803778979553363840e-11
4.380972579620891348e-11
4.017778216084969967e-11
3.597502800176127482e-11
3.185260586882064857e-11
2.785199958604360538e-11
2.401097828850829213e-11
2.036385211569367641e-11
1.694171100190926926e-11
1.377264770643982863e-11
1.088196614523961407e-11
8.292376011218311887e-12
6.024174600949012036e-12
3.848545634806940749e-12
2.327164897288166670e-12
1.177089563414956002e-12
3.326853281140336451e-13
1.653816339824136782e-14
0.000000000000000000e+00
0.000000000000000000e+00
0.000000000000000000e+00
0.000000000000000000e+00
0.000000000000000000e+00
0.000000000000000000e+00
0.000000000000000000e+00
0.000000000000000000e+00
0.000000000000000000e+00
0.000000000000000000e+00
0.000000000000000000e+00
0.000000000000000000e+00
0.000000000000000000e+00
0.000000000000000000e+00
0.000000000000000000e+00
0.000000000000000000e+00
0.000000000000000000e+00
0.000000000000000000e+00
0.000000000000000000e+00
0.000000000000000000e+00
0.000000000000000000e+00
0.000000000000000000e+00
0.000000000000000000e+00
0.000000000000000000e+00
0.000000000000000000e+00
0.000000000000000000e+00
0.000000000000000000e+00
0.000000000000000000e+00
0.000000000000000000e+00
0.000000000000000000e+00
0.000000000000000000e+00
0.000000000000000000e+00
0.000000000000000000e+00
0.000000000000000000e+00
0.000000000000000000e+00
0.000000000000000000e+00
0.000000000000000000e+00
0.000000000000000000e+00
0.000000000000000000e+00
0.000000000000000000e+00
0.000000000000000000e+00
0.000000000000000000e+00
0.000000000000000000e+00
0.000000000000000000e+00
0.000000000000000000e+00
0.000000000000000000e+00
0.000000000000000000e+00
0.000000000000000000e+00
0.000000000000000000e+00
0.000000000000000000e+00
0.000000000000000000e+00
0.000000000000000000e+00
0.000000000000000000e+00
0.000000000000000000e+00
0.000000000000000000e+00
0.000000000000000000e+00
0.000000000000000000e+00
0.000000000000000000e+00
0.000000000000000000e+00
0.000000000000000000e+00
0.000000000000000000e+00
0.000000000000000000e+00
0.000000000000000000e+00
0.000000000000000000e+00
0.000000000000000000e+00
0.000000000000000000e+00
0.000000000000000000e+00
0.000000000000000000e+00
0.000000000000000000e+00
0.000000000000000000e+00
0.000000000000000000e+00
0.000000000000000000e+00
0.000000000000000000e+00
0.000000000000000000e+00
0.000000000000000000e+00
0.000000000000000000e+00
0.000000000000000000e+00
0.000000000000000000e+00
0.000000000000000000e+00
0.000000000000000000e+00
0.000000000000000000e+00
0.000000000000000000e+00
0.000000000000000000e+00
0.000000000000000000e+00
0.000000000000000000e+00
0.000000000000000000e+00
0.000000000000000000e+00
0.000000000000000000e+00
0.000000000000000000e+00
0.000000000000000000e+00
0.000000000000000000e+00
0.000000000000000000e+00
0.000000000000000000e+00
0.000000000000000000e+00
0.000000000000000000e+00
0.000000000000000000e+00
0.000000000000000000e+00
0.000000000000000000e+00
0.000000000000000000e+00
0.000000000000000000e+00
0.000000000000000000e+00
0.000000000000000000e+00
0.000000000000000000e+00
0.000000000000000000e+00
0.000000000000000000e+00
0.000000000000000000e+00
0.000000000000000000e+00
0.000000000000000000e+00
0.000000000000000000e+00
0.000000000000000000e+00
0.000000000000000000e+00
0.000000000000000000e+00
0.000000000000000000e+00
0.000000000000000000e+00
0.000000000000000000e+00
0.000000000000000000e+00
0.000000000000000000e+00
0.000000000000000000e+00
0.000000000000000000e+00
0.000000000000000000e+00
0.000000000000000000e+00
0.000000000000000000e+00
0.000000000000000000e+00
0.000000000000000000e+00
0.000000000000000000e+00
0.000000000000000000e+00
0.000000000000000000e+00
0.000000000000000000e+00
0.000000000000000000e+00
0.000000000000000000e+00
0.000000000000000000e+00
0.000000000000000000e+00
0.000000000000000000e+00
0.000000000000000000e+00
0.000000000000000000e+00
0.000000000000000000e+00
0.000000000000000000e+00
0.000000000000000000e+00
0.000000000000000000e+00
0.000000000000000000e+00
0.000000000000000000e+00
0.000000000000000000e+00
0.000000000000000000e+00
0.000000000000000000e+00
0.000000000000000000e+00
0.000000000000000000e+00
0.000000000000000000e+00
0.000000000000000000e+00
0.000000000000000000e+00
0.000000000000000000e+00
0.000000000000000000e+00
0.000000000000000000e+00
0.000000000000000000e+00
0.000000000000000000e+00
0.000000000000000000e+00
0.000000000000000000e+00
0.000000000000000000e+00
0.000000000000000000e+00
0.000000000000000000e+00
0.000000000000000000e+00
0.000000000000000000e+00
0.000000000000000000e+00
0.000000000000000000e+00
0.000000000000000000e+00
0.000000000000000000e+00
0.000000000000000000e+00
0.000000000000000000e+00
0.000000000000000000e+00
0.000000000000000000e+00
0.000000000000000000e+00
0.000000000000000000e+00
0.000000000000000000e+00
0.000000000000000000e+00
0.000000000000000000e+00
0.000000000000000000e+00
0.000000000000000000e+00
0.000000000000000000e+00
0.000000000000000000e+00
0.000000000000000000e+00
0.000000000000000000e+00
0.000000000000000000e+00
0.000000000000000000e+00
0.000000000000000000e+00
0.000000000000000000e+00
0.000000000000000000e+00
0.000000000000000000e+00
0.000000000000000000e+00
0.000000000000000000e+00
0.000000000000000000e+00
0.000000000000000000e+00
0.000000000000000000e+00
0.000000000000000000e+00
0.000000000000000000e+00
0.000000000000000000e+00
0.000000000000000000e+00
0.000000000000000000e+00
0.000000000000000000e+00
0.000000000000000000e+00
0.000000000000000000e+00
0.000000000000000000e+00
0.000000000000000000e+00
0.000000000000000000e+00
0.000000000000000000e+00
0.000000000000000000e+00
0.000000000000000000e+00
0.000000000000000000e+00
0.000000000000000000e+00
0.000000000000000000e+00
0.000000000000000000e+00
0.000000000000000000e+00
0.000000000000000000e+00
0.000000000000000000e+00
0.000000000000000000e+00
0.000000000000000000e+00
0.000000000000000000e+00
0.000000000000000000e+00
0.000000000000000000e+00
0.000000000000000000e+00
0.000000000000000000e+00
0.000000000000000000e+00
0.000000000000000000e+00
0.000000000000000000e+00
0.000000000000000000e+00
0.000000000000000000e+00
0.000000000000000000e+00
0.000000000000000000e+00
0.000000000000000000e+00
0.000000000000000000e+00
0.000000000000000000e+00
0.000000000000000000e+00
0.000000000000000000e+00
0.000000000000000000e+00
0.000000000000000000e+00
0.000000000000000000e+00
0.000000000000000000e+00
0.000000000000000000e+00
0.000000000000000000e+00
0.000000000000000000e+00
0.000000000000000000e+00
0.000000000000000000e+00
0.000000000000000000e+00
0.000000000000000000e+00
0.000000000000000000e+00
0.000000000000000000e+00
0.000000000000000000e+00
0.000000000000000000e+00
0.000000000000000000e+00
0.000000000000000000e+00
0.000000000000000000e+00
0.000000000000000000e+00
0.000000000000000000e+00
0.000000000000000000e+00
0.000000000000000000e+00
0.000000000000000000e+00
0.000000000000000000e+00
0.000000000000000000e+00
0.000000000000000000e+00
0.000000000000000000e+00
0.000000000000000000e+00
0.000000000000000000e+00
0.000000000000000000e+00
0.000000000000000000e+00
0.000000000000000000e+00
0.000000000000000000e+00
0.000000000000000000e+00
0.000000000000000000e+00
0.000000000000000000e+00
0.000000000000000000e+00
0.000000000000000000e+00
0.000000000000000000e+00
0.000000000000000000e+00
0.000000000000000000e+00
0.000000000000000000e+00
0.000000000000000000e+00
0.000000000000000000e+00
0.000000000000000000e+00
0.000000000000000000e+00
0.000000000000000000e+00
0.000000000000000000e+00
0.000000000000000000e+00
0.000000000000000000e+00
0.000000000000000000e+00
0.000000000000000000e+00
0.000000000000000000e+00
0.000000000000000000e+00
0.000000000000000000e+00
0.000000000000000000e+00
0.000000000000000000e+00
0.000000000000000000e+00
0.000000000000000000e+00
0.000000000000000000e+00
0.000000000000000000e+00
0.000000000000000000e+00
0.000000000000000000e+00
0.000000000000000000e+00
0.000000000000000000e+00
0.000000000000000000e+00
0.000000000000000000e+00
0.000000000000000000e+00
0.000000000000000000e+00
0.000000000000000000e+00
0.000000000000000000e+00
0.000000000000000000e+00
0.000000000000000000e+00
0.000000000000000000e+00
0.000000000000000000e+00
0.000000000000000000e+00
0.000000000000000000e+00
0.000000000000000000e+00
0.000000000000000000e+00
0.000000000000000000e+00
0.000000000000000000e+00
0.000000000000000000e+00
0.000000000000000000e+00
0.000000000000000000e+00
0.000000000000000000e+00
0.000000000000000000e+00
0.000000000000000000e+00
0.000000000000000000e+00
0.000000000000000000e+00
0.000000000000000000e+00
0.000000000000000000e+00
0.000000000000000000e+00
0.000000000000000000e+00
0.000000000000000000e+00
0.000000000000000000e+00
0.000000000000000000e+00
0.000000000000000000e+00
0.000000000000000000e+00
0.000000000000000000e+00
0.000000000000000000e+00
0.000000000000000000e+00
0.000000000000000000e+00
0.000000000000000000e+00
0.000000000000000000e+00
0.000000000000000000e+00
0.000000000000000000e+00
0.000000000000000000e+00
0.000000000000000000e+00
0.000000000000000000e+00
0.000000000000000000e+00
0.000000000000000000e+00
0.000000000000000000e+00
0.000000000000000000e+00
0.000000000000000000e+00
0.000000000000000000e+00
0.000000000000000000e+00
0.000000000000000000e+00
0.000000000000000000e+00
0.000000000000000000e+00
0.000000000000000000e+00
0.000000000000000000e+00
0.000000000000000000e+00
0.000000000000000000e+00
0.000000000000000000e+00
0.000000000000000000e+00
0.000000000000000000e+00
0.000000000000000000e+00
0.000000000000000000e+00
0.000000000000000000e+00
0.000000000000000000e+00
0.000000000000000000e+00
0.000000000000000000e+00
0.000000000000000000e+00
0.000000000000000000e+00
0.000000000000000000e+00
0.000000000000000000e+00
0.000000000000000000e+00
0.000000000000000000e+00
0.000000000000000000e+00
0.000000000000000000e+00
0.000000000000000000e+00
0.000000000000000000e+00
0.000000000000000000e+00
0.000000000000000000e+00
0.000000000000000000e+00
0.000000000000000000e+00
0.000000000000000000e+00
0.000000000000000000e+00
0.000000000000000000e+00
0.000000000000000000e+00
0.000000000000000000e+00
0.000000000000000000e+00
0.000000000000000000e+00
0.000000000000000000e+00
0.000000000000000000e+00
0.000000000000000000e+00
0.000000000000000000e+00
0.000000000000000000e+00
0.000000000000000000e+00
0.000000000000000000e+00
0.000000000000000000e+00
0.000000000000000000e+00
0.000000000000000000e+00
0.000000000000000000e+00
0.000000000000000000e+00
0.000000000000000000e+00
0.000000000000000000e+00
0.000000000000000000e+00
0.000000000000000000e+00
0.000000000000000000e+00
0.000000000000000000e+00
0.000000000000000000e+00
0.000000000000000000e+00
0.000000000000000000e+00
0.000000000000000000e+00
0.000000000000000000e+00
0.000000000000000000e+00
0.000000000000000000e+00
0.000000000000000000e+00
0.000000000000000000e+00
0.000000000000000000e+00
0.000000000000000000e+00
0.000000000000000000e+00
0.000000000000000000e+00
0.000000000000000000e+00
0.000000000000000000e+00
0.000000000000000000e+00
0.000000000000000000e+00
0.000000000000000000e+00
0.000000000000000000e+00
0.000000000000000000e+00
0.000000000000000000e+00
0.000000000000000000e+00
0.000000000000000000e+00
0.000000000000000000e+00
0.000000000000000000e+00
0.000000000000000000e+00
0.000000000000000000e+00
0.000000000000000000e+00
0.000000000000000000e+00
0.000000000000000000e+00
0.000000000000000000e+00
0.000000000000000000e+00
0.000000000000000000e+00
0.000000000000000000e+00
0.000000000000000000e+00
0.000000000000000000e+00
0.000000000000000000e+00
0.000000000000000000e+00
0.000000000000000000e+00
0.000000000000000000e+00
0.000000000000000000e+00
0.000000000000000000e+00
0.000000000000000000e+00
0.000000000000000000e+00
0.000000000000000000e+00
0.000000000000000000e+00
0.000000000000000000e+00
0.000000000000000000e+00
0.000000000000000000e+00
0.000000000000000000e+00
0.000000000000000000e+00
0.000000000000000000e+00
0.000000000000000000e+00
0.000000000000000000e+00
0.000000000000000000e+00
0.000000000000000000e+00
0.000000000000000000e+00
0.000000000000000000e+00
0.000000000000000000e+00
0.000000000000000000e+00
0.000000000000000000e+00
0.000000000000000000e+00
0.000000000000000000e+00
0.000000000000000000e+00
0.000000000000000000e+00
0.000000000000000000e+00
0.000000000000000000e+00
0.000000000000000000e+00
0.000000000000000000e+00
0.000000000000000000e+00
0.000000000000000000e+00
0.000000000000000000e+00
0.000000000000000000e+00
0.000000000000000000e+00
0.000000000000000000e+00
0.000000000000000000e+00
0.000000000000000000e+00
0.000000000000000000e+00
0.000000000000000000e+00
0.000000000000000000e+00
0.000000000000000000e+00
0.000000000000000000e+00
0.000000000000000000e+00
0.000000000000000000e+00
0.000000000000000000e+00
0.000000000000000000e+00
0.000000000000000000e+00
0.000000000000000000e+00
0.000000000000000000e+00
0.000000000000000000e+00
0.000000000000000000e+00
0.000000000000000000e+00
0.000000000000000000e+00
0.000000000000000000e+00
0.000000000000000000e+00
0.000000000000000000e+00
0.000000000000000000e+00
0.000000000000000000e+00
0.000000000000000000e+00
0.000000000000000000e+00
0.000000000000000000e+00
0.000000000000000000e+00
0.000000000000000000e+00
0.000000000000000000e+00
0.000000000000000000e+00
0.000000000000000000e+00
0.000000000000000000e+00
0.000000000000000000e+00
0.000000000000000000e+00
0.000000000000000000e+00
0.000000000000000000e+00
0.000000000000000000e+00
0.000000000000000000e+00
0.000000000000000000e+00
nan
