# bin_9_5
-6.613078697771802405e-07
-3.486226729018164565e-07
-1.462303053314391759e-07
-9.020162543657150679e-08
-1.741826009541782247e-08
-2.792275782358051069e-08
-3.411201970880284217e-09
-2.219430632025754743e-08
1.566055309323290429e-09
-1.604837149874395616e-08
2.649888661348754451e-09
-7.733689814516662756e-09
7.190448102579805864e-09
1.074832702646612152e-08
1.064816779447994850e-08
3.823311936464101558e-09
-4.996040283376413589e-09
-8.174216741267505273e-09
-5.381329265812763682e-09
-6.851195133114672390e-10
3.993939284397266557e-09
7.649342974077712737e-09
1.121826380057058718e-08
1.466952706281933638e-08
1.668963477069760850e-08
1.661620758190974003e-08
1.328706651813469398e-08
7.867320205401408070e-09
2.636282666576780474e-09
-9.991930199017519857e-10
-2.226778627303596276e-09
-2.764163576974460165e-10
3.799066661703275106e-09
8.289027641884511511e-09
1.203870932170427243e-08
1.429651524015661265e-08
1.460203904430016048e-08
1.340563841072527505e-08
1.163729185706215024e-08
9.637379540815366908e-09
7.653962355491818174e-09
5.864387567386215539e-09
4.391937353530256739e-09
3.318683061879519316e-09
2.525068821182184160e-09
1.848021977581782276e-09
1.279566522008851094e-09
8.117767840289136510e-10
4.369103993084097655e-10
1.474997572319357987e-10
-6.358770264598256519e-11
-2.031124534036239151e-10
-2.975790119736979763e-10
-3.711904486421562198e-10
-4.266728127565609786e-10
-4.664073858624916905e-10
-4.924766168178541511e-10
-5.067034761553515846e-10
-5.106852464937011767e-10
-5.058225967849264081e-10
-4.933446492639819370e-10
-4.648248309868361516e-10
-4.160862584903816760e-10
-3.536716029799031880e-10
-2.830146193235105938e-10
-2.086062791893995398e-10
-1.341361889853002820e-10
-6.261308856197216477e-11
3.532384010238875778e-12
6.235998353823193754e-11
1.123449489230245146e-10
1.523139910686500183e-10
1.877348144023644388e-10
2.237152374148793519e-10
2.589593139148324064e-10
2.923932738915630591e-10
3.231350151283948774e-10
3.504676429461457299e-10
3.738165093584687245e-10
3.927292804652203821e-10
4.068586269430307724e-10
4.159471888128255143e-10
4.198145137748963709e-10
4.183457095620669834e-10
4.114815860256628987e-10
3.945200501468587976e-10
3.651498289599862740e-10
3.265956790828980589e-10
2.816711859336865536e-10
2.328247519887386147e-10
1.821804792222268116e-10
1.315745319638545562e-10
8.258749573530097427e-11
3.657318594338136125e-11
-5.315693590016559681e-12
-4.210468943210757896e-11
-7.297722314382571481e-11
-9.725642635873065441e-11
-1.143889427907627601e-10
-1.239304815499545638e-10
-1.255329307069310953e-10
-1.193970872132161180e-10
-1.069301142157443561e-10
-8.953474086562009248e-11
-6.846124558078459155e-11
-4.482199908909078720e-11
-1.960462877887231956e-11
6.316060299033672321e-12
3.216728640410498183e-11
5.726850512596533463e-11
8.102253862129361312e-11
1.029075321416564960e-10
1.224696587721821890e-10
1.393165012083225742e-10
1.531110464719634062e-10
1.635662358016563407e-10
1.704400176264247165e-10
1.735308566209355835e-10
1.726736564056148381e-10
1.690712982416262073e-10
1.641598436746417592e-10
1.581352688365412386e-10
1.511763609800813887e-10
1.434460856620355686e-10
1.350928444817336092e-10
1.262516325086081188e-10
1.170451037274334061e-10
1.075845521002271960e-10
9.797081518185617214e-11
8.829510662551182109e-11
7.863978336848744013e-11
6.907905279268992521e-11
5.967962470327405922e-11
5.050131255837832832e-11
4.159758800929903593e-11
3.301609247003804718e-11
2.479910912494194189e-11
1.698399850021231104e-11
9.603600466899041674e-12
2.686605307338544964e-12
-3.742103738301376167e-12
-1.017403873995730098e-11
-1.703347051009828716e-11
-2.420507331424249501e-11
-3.158327133777602725e-11
-3.907154236558580241e-11
-4.658177041123585595e-11
-5.403364374204636570e-11
-6.135409501763792576e-11
-6.847678050880318409e-11
-7.534159559281916621e-11
-8.189422393230635289e-11
-8.808571793890484029e-11
-9.387210830187613629e-11
-9.921404052652193265e-11
-1.040764365791365230e-10
-1.084281798752753712e-10
-1.122418219772652607e-10
-1.154933094861124979e-10
-1.181617297229895034e-10
-1.202290738971334765e-10
-1.216800165508987947e-10
-1.225017101594759843e-10
-1.226835938430667806e-10
-1.222172152235083831e-10
-1.210960645260278845e-10
-1.195043816087444335e-10
-1.176476392403002488e-10
-1.155513147862573512e-10
-1.132393261162590977e-10
-1.107341200813514057e-10
-1.080567558879872867e-10
-1.052269836774778447e-10
-9.918311065246481507e-11
-9.600261053708449333e-11
-9.273703177193813696e-11
-8.940060928174837194e-11
-8.600665467362130715e-11
-8.256760839422630002e-11
-7.909508895137049669e-11
-7.559993937173331262e-11
-6.858150518210181519e-11
-6.507641180011837691e-11
-6.158514674953167573e-11
-5.811528652664589642e-11
-5.467386121823664713e-11
-5.126738561247155477e-11
-4.790188859091063769e-11
-4.131568138866895757e-11
-3.810484181408123093e-11
-3.495477027068741740e-11
-3.186945334516345395e-11
-2.578793389084820475e-11
-2.257469675838315690e-11
-1.923776342174613660e-11
-1.580056922101504563e-11
-1.228512460879785128e-11
-5.100839232257549671e-12
-1.469538567414512860e-12
2.164803132849228319e-12
9.379975372440815003e-12
1.293202470133051027e-11
1.642944770614515983e-11
1.986015820524768291e-11
2.647723483918833604e-11
2.964343735262434928e-11
3.270251903885835470e-11
3.846667465946506139e-11
4.115698787297392801e-11
4.371059278170342063e-11
4.838433372798001369e-11
5.049405184311833184e-11
5.423662048162101197e-11
5.586173389630043222e-11
5.731823652685107304e-11
5.971411804213497014e-11
6.064869698004675829e-11
6.198147248412889434e-11
6.237666871396151776e-11
6.283988463247916037e-11
6.297141052021739282e-11
6.304365156787484873e-11
6.303101558381815571e-11
6.295589014997940039e-11
6.269066273511591415e-11
6.250896104402220366e-11
6.206685514839948384e-11
6.181366559959021014e-11
6.125971001746479832e-11
6.096511848585353796e-11
6.035496887226966119e-11
5.973417345181736800e-11
5.942576379874847492e-11
5.882376982114134883e-11
5.853417015190823667e-11
5.798689999131935868e-11
5.749318250258726446e-11
5.727016473343864811e-11
5.687854854890053377e-11
5.671239614804884164e-11
5.644493849425239887e-11
5.627048612763226830e-11
5.622033964404013272e-11
5.619806758246720221e-11
5.628430420512503174e-11
5.636959418704193775e-11
5.903428249597516107e-11
6.612355892242450087e-11
7.692414340543443301e-11
8.350927574942434827e-11
9.866533868066241173e-11
1.159945910404134588e-10
1.349694396317779525e-10
1.449214113222439716e-10
1.654723855301196322e-10
1.865386999693241189e-10
2.077357309764061424e-10
2.287132767241169152e-10
2.390190998396654522e-10
2.590799976525522033e-10
2.781805755089093704e-10
2.960726031048337965e-10
3.125323580951493287e-10
3.273588295869500019e-10
3.403720470456181147e-10
3.514115256919231919e-10
3.603348201316098138e-10
3.670161785694828779e-10
3.713452905233607643e-10
3.732261214727246631e-10
3.725758283563597636e-10
3.693237502759426740e-10
3.624504681617369303e-10
3.513849406089528033e-10
3.367059323351263029e-10
3.189520113634142787e-10
2.986240154306442336e-10
2.761873673538232405e-10
2.520742489686422603e-10
2.266856426079773101e-10
2.003932484887367244e-10
1.735412858183807949e-10
1.464481849145274545e-10
1.194081771498021299e-10
7.953581848049309459e-11
5.377024046741927377e-11
2.891777436506933241e-11
5.180998005991328442e-12
-1.725452695831839587e-11
-4.810106258895591755e-11
-6.657386809602132856e-11
-8.321516350508256060e-11
-9.790367805760989482e-11
-1.160387960565585620e-10
-1.253910157712112626e-10
-1.324548234591778755e-10
-1.386015731217294386e-10
-1.396422475337960961e-10
-1.382056805959649883e-10
-1.319609738293415074e-10
-1.254440207309939855e-10
-1.127015042486284150e-10
-1.025329127716629328e-10
-9.125263098216352552e-11
-7.264169184739752166e-11
-5.935196421754597125e-11
-3.848080309920341936e-11
-2.415051183723306997e-11
-2.359574494514221365e-12
1.218831233144069272e-11
3.376320316557834171e-11
5.473860566755409522e-11
6.823496513693766624e-11
8.753922737114182897e-11
9.967053099324703276e-11
1.165865379463502156e-10
1.317782388242123914e-10
1.408540759130356952e-10
1.527641658286445587e-10
1.624959792776962607e-10
1.677073017600581316e-10
1.735220907965648650e-10
1.768429708658119914e-10
1.775813457229104799e-10
1.766015761306715257e-10
1.715008660628054698e-10
1.614449003310970039e-10
1.471640552919451323e-10
1.293340713087645881e-10
1.157861701043147591e-10
9.340555241151062711e-11
6.903738698841577377e-11
4.318622959048077605e-11
1.631694049097524588e-11
-1.114268412336865513e-11
-3.879945231836785726e-11
-6.629247659047558345e-11
-9.329102332485888528e-11
-1.194925015574861111e-10
-1.446205817651201010e-10
-1.684234360549955599e-10
-1.906720917260093387e-10
-2.111588907293961963e-10
-2.354120828979890997e-10
-2.510894412420991080e-10
-2.644488597070655049e-10
-2.753595280884471709e-10
-2.837052563144861558e-10
-2.893834613070050740e-10
-2.926512071461263125e-10
-2.917757080137472024e-10
-2.871781430297660472e-10
-2.718207648880866446e-10
-2.541373151373968147e-10
-2.319441712418376385e-10
-1.964539210991769772e-10
-1.661899103294075503e-10
-1.334203581501838972e-10
-8.672038454891555601e-11
-5.005944297059444121e-11
1.658766230429820185e-13
3.831761350607973099e-11
8.912207965198920302e-11
1.267339241514557636e-10
1.756321243535960630e-10
2.109961537051694986e-10
2.559046371057523250e-10
2.977346456211401859e-10
3.267801507054396637e-10
3.620368367024097037e-10
3.929499746011530662e-10
4.130616903131431273e-10
4.355158175332214780e-10
4.527185595156620320e-10
4.644140582649066126e-10
4.703812256382077489e-10
4.709825209077613611e-10
4.664799963387462278e-10
4.557426919973130050e-10
4.390131380044264050e-10
4.166362712614390093e-10
3.889399760003463195e-10
3.562359485391162205e-10
3.188205151445955758e-10
2.769754057506552000e-10
2.309684861050801362e-10
1.810544507567378157e-10
1.274754791430761282e-10
7.046185689729894899e-11
-5.302576499205277148e-12
-6.925983852694446071e-11
-1.359785590019275703e-10
-2.052727974113416269e-10
-2.952438887498175910e-10
-3.696997637883813691e-10
-4.461876300259251599e-10
-5.444269965962269761e-10
-6.249492783892632421e-10
-7.070422216677713067e-10
-8.116737408251891372e-10
-8.968446242999146573e-10
-1.004953928281135293e-09
-1.092627193950637843e-09
-1.203534889451960116e-09
-1.313778027305667293e-09
-1.505066973955857897e-09
-1.746767854460741950e-09
-1.970386631496711703e-09
-2.280744800246227685e-09
-2.618181373177552959e-09
-2.902827891479314819e-09
-3.271468895781893523e-09
-3.648692525368533075e-09
-4.028895955940779691e-09
-4.406947327262063051e-09
-4.778153629963374434e-09
-5.138230723470372412e-09
-5.415644250823877096e-09
-5.746091742399039932e-09
-6.055358320409477592e-09
-6.394357633793906295e-09
-6.646977438872560586e-09
-6.869904416520783496e-09
-7.061027956170361363e-09
-7.218467732352403448e-09
-7.340557458274505781e-09
-7.438350072185345587e-09
-7.477763392426670025e-09
-7.477762287567200297e-09
-7.437424781790991548e-09
-7.327727651295230383e-09
-7.158003111022546087e-09
-6.866876640698173622e-09
-6.561782242821459830e-09
-6.132983782285551666e-09
-5.732364910440464574e-09
-5.210258093564192765e-09
-4.748384630407066584e-09
-4.171063748121049544e-09
-3.577685836844492860e-09
-3.077366804081454630e-09
-2.477067248430778780e-09
-1.883953985881287077e-09
-1.304910261997115625e-09
-7.462063352912239903e-10
-2.135419903768002774e-10
2.879137890294157064e-10
7.534857930083556052e-10
1.178958023905400396e-09
1.560541432878198341e-09
1.894843798929492232e-09
2.178841605825733367e-09
2.409853782483243133e-09
2.585517181826010954e-09
2.703763681848476147e-09
2.766769600938773302e-09
2.755371786197420615e-09
2.709710106704979401e-09
2.634173118446176432e-09
2.553024642777908998e-09
2.442272926088867664e-09
2.335871184703424240e-09
2.200981973196086373e-09
2.078128508686288211e-09
1.928613901160173360e-09
1.774675593995324873e-09
1.618476859178647341e-09
1.484300791631135996e-09
1.329037086422325415e-09
1.176741113218410658e-09
1.028945422337376372e-09
8.870453311432151324e-10
7.523083702075673655e-10
6.258831050217440874e-10
5.088073754714451944e-10
4.020159923018705025e-10
3.063479270378442169e-10
2.225530292666532319e-10
1.421780652178159726e-10
8.597320492883982012e-11
4.348560017083407339e-11
1.229050159878880149e-11
6.109747154739571096e-13
0.000000000000000000e+00
0.000000000000000000e+00
0.000000000000000000e+00
0.000000000000000000e+00
0.000000000000000000e+00
0.000000000000000000e+00
0.000000000000000000e+00
0.000000000000000000e+00
0.000000000000000000e+00
0.000000000000000000e+00
0.000000000000000000e+00
0.000000000000000000e+00
0.000000000000000000e+00
0.000000000000000000e+00
0.000000000000000000e+00
0.000000000000000000e+00
0.000000000000000000e+00
0.000000000000000000e+00
0.000000000000000000e+00
0.000000000000000000e+00
0.000000000000000000e+00
0.000000000000000000e+00
0.000000000000000000e+00
0.000000000000000000e+00
0.000000000000000000e+00
0.000000000000000000e+00
0.000000000000000000e+00
0.000000000000000000e+00
0.000000000000000000e+00
0.000000000000000000e+00
0.000000000000000000e+00
0.000000000000000000e+00
0.000000000000000000e+00
0.000000000000000000e+00
0.000000000000000000e+00
0.000000000000000000e+00
0.000000000000000000e+00
0.000000000000000000e+00
0.000000000000000000e+00
0.000000000000000000e+00
0.000000000000000000e+00
0.000000000000000000e+00
0.000000000000000000e+00
0.000000000000000000e+00
0.000000000000000000e+00
0.000000000000000000e+00
0.000000000000000000e+00
0.000000000000000000e+00
0.000000000000000000e+00
0.000000000000000000e+00
0.000000000000000000e+00
0.000000000000000000e+00
0.000000000000000000e+00
0.000000000000000000e+00
0.000000000000000000e+00
0.000000000000000000e+00
0.000000000000000000e+00
0.000000000000000000e+00
0.000000000000000000e+00
0.000000000000000000e+00
0.000000000000000000e+00
0.000000000000000000e+00
0.000000000000000000e+00
0.000000000000000000e+00
0.000000000000000000e+00
0.000000000000000000e+00
0.000000000000000000e+00
0.000000000000000000e+00
0.000000000000000000e+00
0.000000000000000000e+00
0.000000000000000000e+00
0.000000000000000000e+00
0.000000000000000000e+00
0.000000000000000000e+00
0.000000000000000000e+00
0.000000000000000000e+00
0.000000000000000000e+00
0.000000000000000000e+00
0.000000000000000000e+00
0.000000000000000000e+00
0.000000000000000000e+00
0.000000000000000000e+00
0.000000000000000000e+00
0.000000000000000000e+00
0.000000000000000000e+00
0.000000000000000000e+00
0.000000000000000000e+00
0.000000000000000000e+00
0.000000000000000000e+00
0.000000000000000000e+00
0.000000000000000000e+00
0.000000000000000000e+00
0.000000000000000000e+00
0.000000000000000000e+00
0.000000000000000000e+00
0.000000000000000000e+00
0.000000000000000000e+00
0.000000000000000000e+00
0.000000000000000000e+00
0.000000000000000000e+00
0.000000000000000000e+00
0.000000000000000000e+00
0.000000000000000000e+00
0.000000000000000000e+00
0.000000000000000000e+00
0.000000000000000000e+00
0.000000000000000000e+00
0.000000000000000000e+00
0.000000000000000000e+00
0.000000000000000000e+00
0.000000000000000000e+00
0.000000000000000000e+00
0.000000000000000000e+00
0.000000000000000000e+00
0.000000000000000000e+00
0.000000000000000000e+00
0.000000000000000000e+00
0.000000000000000000e+00
0.000000000000000000e+00
0.000000000000000000e+00
0.000000000000000000e+00
0.000000000000000000e+00
0.000000000000000000e+00
0.000000000000000000e+00
0.000000000000000000e+00
0.000000000000000000e+00
0.000000000000000000e+00
0.000000000000000000e+00
0.000000000000000000e+00
0.000000000000000000e+00
0.000000000000000000e+00
0.000000000000000000e+00
0.000000000000000000e+00
0.000000000000000000e+00
0.000000000000000000e+00
0.000000000000000000e+00
0.000000000000000000e+00
0.000000000000000000e+00
0.000000000000000000e+00
0.000000000000000000e+00
0.000000000000000000e+00
0.000000000000000000e+00
0.000000000000000000e+00
0.000000000000000000e+00
0.000000000000000000e+00
0.000000000000000000e+00
0.000000000000000000e+00
0.000000000000000000e+00
0.000000000000000000e+00
0.000000000000000000e+00
0.000000000000000000e+00
0.000000000000000000e+00
0.000000000000000000e+00
0.000000000000000000e+00
0.000000000000000000e+00
0.000000000000000000e+00
0.000000000000000000e+00
0.000000000000000000e+00
0.000000000000000000e+00
0.000000000000000000e+00
0.000000000000000000e+00
0.000000000000000000e+00
0.000000000000000000e+00
0.000000000000000000e+00
0.000000000000000000e+00
0.000000000000000000e+00
0.000000000000000000e+00
0.000000000000000000e+00
0.000000000000000000e+00
0.000000000000000000e+00
0.000000000000000000e+00
0.000000000000000000e+00
0.000000000000000000e+00
0.000000000000000000e+00
0.000000000000000000e+00
0.000000000000000000e+00
0.000000000000000000e+00
0.000000000000000000e+00
0.000000000000000000e+00
0.000000000000000000e+00
0.000000000000000000e+00
0.000000000000000000e+00
0.000000000000000000e+00
0.000000000000000000e+00
0.000000000000000000e+00
0.000000000000000000e+00
0.000000000000000000e+00
0.000000000000000000e+00
0.000000000000000000e+00
0.000000000000000000e+00
0.000000000000000000e+00
0.000000000000000000e+00
0.000000000000000000e+00
0.000000000000000000e+00
0.000000000000000000e+00
0.000000000000000000e+00
0.000000000000000000e+00
0.000000000000000000e+00
0.000000000000000000e+00
0.000000000000000000e+00
0.000000000000000000e+00
0.000000000000000000e+00
0.000000000000000000e+00
0.000000000000000000e+00
0.000000000000000000e+00
0.000000000000000000e+00
0.000000000000000000e+00
0.000000000000000000e+00
0.000000000000000000e+00
0.000000000000000000e+00
0.000000000000000000e+00
0.000000000000000000e+00
0.000000000000000000e+00
0.000000000000000000e+00
0.000000000000000000e+00
0.000000000000000000e+00
0.000000000000000000e+00
0.000000000000000000e+00
0.000000000000000000e+00
0.000000000000000000e+00
0.000000000000000000e+00
0.000000000000000000e+00
0.000000000000000000e+00
0.000000000000000000e+00
0.000000000000000000e+00
0.000000000000000000e+00
0.000000000000000000e+00
0.000000000000000000e+00
0.000000000000000000e+00
0.000000000000000000e+00
0.000000000000000000e+00
0.000000000000000000e+00
0.000000000000000000e+00
0.000000000000000000e+00
0.000000000000000000e+00
0.000000000000000000e+00
0.000000000000000000e+00
0.000000000000000000e+00
0.000000000000000000e+00
0.000000000000000000e+00
0.000000000000000000e+00
0.000000000000000000e+00
0.000000000000000000e+00
0.000000000000000000e+00
0.000000000000000000e+00
0.000000000000000000e+00
0.000000000000000000e+00
0.000000000000000000e+00
0.000000000000000000e+00
0.000000000000000000e+00
0.000000000000000000e+00
0.000000000000000000e+00
0.000000000000000000e+00
0.000000000000000000e+00
0.000000000000000000e+00
0.000000000000000000e+00
0.000000000000000000e+00
0.000000000000000000e+00
0.000000000000000000e+00
0.000000000000000000e+00
0.000000000000000000e+00
0.000000000000000000e+00
0.000000000000000000e+00
0.000000000000000000e+00
0.000000000000000000e+00
0.000000000000000000e+00
0.000000000000000000e+00
0.000000000000000000e+00
0.000000000000000000e+00
0.000000000000000000e+00
0.000000000000000000e+00
0.000000000000000000e+00
0.000000000000000000e+00
0.000000000000000000e+00
0.000000000000000000e+00
0.000000000000000000e+00
0.000000000000000000e+00
0.000000000000000000e+00
0.000000000000000000e+00
0.000000000000000000e+00
0.000000000000000000e+00
0.000000000000000000e+00
0.000000000000000000e+00
0.000000000000000000e+00
0.000000000000000000e+00
0.000000000000000000e+00
0.000000000000000000e+00
0.000000000000000000e+00
0.000000000000000000e+00
0.000000000000000000e+00
0.000000000000000000e+00
0.000000000000000000e+00
0.000000000000000000e+00
0.000000000000000000e+00
0.000000000000000000e+00
0.000000000000000000e+00
0.000000000000000000e+00
0.000000000000000000e+00
0.000000000000000000e+00
0.000000000000000000e+00
0.000000000000000000e+00
0.000000000000000000e+00
0.000000000000000000e+00
0.000000000000000000e+00
0.000000000000000000e+00
0.000000000000000000e+00
0.000000000000000000e+00
0.000000000000000000e+00
0.000000000000000000e+00
0.000000000000000000e+00
0.000000000000000000e+00
0.000000000000000000e+00
0.000000000000000000e+00
0.000000000000000000e+00
0.000000000000000000e+00
0.000000000000000000e+00
0.000000000000000000e+00
0.000000000000000000e+00
0.000000000000000000e+00
0.000000000000000000e+00
0.000000000000000000e+00
0.000000000000000000e+00
0.000000000000000000e+00
0.000000000000000000e+00
0.000000000000000000e+00
0.000000000000000000e+00
0.000000000000000000e+00
0.000000000000000000e+00
0.000000000000000000e+00
0.000000000000000000e+00
0.000000000000000000e+00
0.000000000000000000e+00
0.000000000000000000e+00
0.000000000000000000e+00
0.000000000000000000e+00
0.000000000000000000e+00
0.000000000000000000e+00
0.000000000000000000e+00
0.000000000000000000e+00
0.000000000000000000e+00
0.000000000000000000e+00
0.000000000000000000e+00
0.000000000000000000e+00
0.000000000000000000e+00
0.000000000000000000e+00
0.000000000000000000e+00
0.000000000000000000e+00
0.000000000000000000e+00
0.000000000000000000e+00
0.000000000000000000e+00
0.000000000000000000e+00
0.000000000000000000e+00
0.000000000000000000e+00
0.000000000000000000e+00
0.000000000000000000e+00
0.000000000000000000e+00
0.000000000000000000e+00
0.000000000000000000e+00
0.000000000000000000e+00
0.000000000000000000e+00
0.000000000000000000e+00
0.000000000000000000e+00
0.000000000000000000e+00
0.000000000000000000e+00
0.000000000000000000e+00
0.000000000000000000e+00
0.000000000000000000e+00
0.000000000000000000e+00
0.000000000000000000e+00
0.000000000000000000e+00
0.000000000000000000e+00
0.000000000000000000e+00
0.000000000000000000e+00
0.000000000000000000e+00
0.000000000000000000e+00
0.000000000000000000e+00
0.000000000000000000e+00
0.000000000000000000e+00
0.000000000000000000e+00
0.000000000000000000e+00
0.000000000000000000e+00
0.000000000000000000e+00
0.000000000000000000e+00
0.000000000000000000e+00
0.000000000000000000e+00
0.000000000000000000e+00
0.000000000000000000e+00
0.000000000000000000e+00
0.000000000000000000e+00
0.000000000000000000e+00
0.000000000000000000e+00
0.000000000000000000e+00
0.000000000000000000e+00
0.000000000000000000e+00
0.000000000000000000e+00
0.000000000000000000e+00
0.000000000000000000e+00
0.000000000000000000e+00
0.000000000000000000e+00
0.000000000000000000e+00
0.000000000000000000e+00
0.000000000000000000e+00
0.000000000000000000e+00
0.000000000000000000e+00
0.000000000000000000e+00
0.000000000000000000e+00
0.000000000000000000e+00
0.000000000000000000e+00
0.000000000000000000e+00
0.000000000000000000e+00
0.000000000000000000e+00
0.000000000000000000e+00
0.000000000000000000e+00
0.000000000000000000e+00
0.000000000000000000e+00
0.000000000000000000e+00
0.000000000000000000e+00
0.000000000000000000e+00
0.000000000000000000e+00
0.000000000000000000e+00
0.000000000000000000e+00
0.000000000000000000e+00
0.000000000000000000e+00
0.000000000000000000e+00
0.000000000000000000e+00
0.000000000000000000e+00
0.000000000000000000e+00
0.000000000000000000e+00
0.000000000000000000e+00
0.000000000000000000e+00
0.000000000000000000e+00
0.000000000000000000e+00
0.000000000000000000e+00
0.000000000000000000e+00
0.000000000000000000e+00
0.000000000000000000e+00
0.000000000000000000e+00
0.000000000000000000e+00
0.000000000000000000e+00
0.000000000000000000e+00
0.000000000000000000e+00
0.000000000000000000e+00
0.000000000000000000e+00
0.000000000000000000e+00
0.000000000000000000e+00
0.000000000000000000e+00
0.000000000000000000e+00
0.000000000000000000e+00
0.000000000000000000e+00
0.000000000000000000e+00
0.000000000000000000e+00
0.000000000000000000e+00
0.000000000000000000e+00
0.000000000000000000e+00
0.000000000000000000e+00
0.000000000000000000e+00
0.000000000000000000e+00
0.000000000000000000e+00
0.000000000000000000e+00
0.000000000000000000e+00
0.000000000000000000e+00
0.000000000000000000e+00
0.000000000000000000e+00
0.000000000000000000e+00
0.000000000000000000e+00
0.000000000000000000e+00
0.000000000000000000e+00
0.000000000000000000e+00
0.000000000000000000e+00
0.000000000000000000e+00
0.000000000000000000e+00
0.000000000000000000e+00
0.000000000000000000e+00
0.000000000000000000e+00
0.000000000000000000e+00
0.000000000000000000e+00
0.000000000000000000e+00
0.000000000000000000e+00
0.000000000000000000e+00
0.000000000000000000e+00
0.000000000000000000e+00
0.000000000000000000e+00
0.000000000000000000e+00
0.000000000000000000e+00
0.000000000000000000e+00
0.000000000000000000e+00
0.000000000000000000e+00
0.000000000000000000e+00
0.000000000000000000e+00
0.000000000000000000e+00
0.000000000000000000e+00
0.000000000000000000e+00
0.000000000000000000e+00
0.000000000000000000e+00
0.000000000000000000e+00
0.000000000000000000e+00
0.000000000000000000e+00
0.000000000000000000e+00
0.000000000000000000e+00
0.000000000000000000e+00
0.000000000000000000e+00
0.000000000000000000e+00
0.000000000000000000e+00
0.000000000000000000e+00
0.000000000000000000e+00
0.000000000000000000e+00
0.000000000000000000e+00
0.000000000000000000e+00
0.000000000000000000e+00
0.000000000000000000e+00
0.000000000000000000e+00
0.000000000000000000e+00
0.000000000000000000e+00
0.000000000000000000e+00
0.000000000000000000e+00
0.000000000000000000e+00
nan
