# bin_16_11
-3.227409426306992959e-08
-3.349436073119201759e-08
-8.558055611274484115e-09
-1.826273751407514998e-08
1.625405600507560627e-09
-1.174903446127201014e-08
3.076351976227784017e-09
-1.081127009489745374e-08
3.590237673109014956e-09
-8.279392819973679149e-09
3.883181137927687507e-09
-4.421351594237579368e-09
4.010820483452348797e-09
2.919383663877024971e-09
2.109049266618916334e-09
2.108924721658512150e-09
2.476807369309621743e-09
3.043970850797415807e-09
5.291845525362565982e-09
8.569779331782892133e-09
1.080466971560717306e-08
1.101419173939889559e-08
9.716822037160180538e-09
8.203047353655852208e-09
6.940085731964910441e-09
6.181813500296990572e-09
6.318694189917208812e-09
7.082248946788302628e-09
7.861496287392306099e-09
8.277108901256757249e-09
8.107826614670264743e-09
7.297435799613564260e-09
6.145322262479152701e-09
4.954248841792388027e-09
3.927746425632850560e-09
3.197447891427107689e-09
2.843119686807778975e-09
2.724436896698187400e-09
2.649099845577787224e-09
2.594824611555264575e-09
2.545343261445417332e-09
2.488992742700903011e-09
2.417628367590307104e-09
2.325785580510637045e-09
2.136797847497996651e-09
1.829064678144256125e-09
1.467515673529378731e-09
1.101680444186494629e-09
7.688229288773321316e-10
4.964504254313080063e-10
3.043250460706000403e-10
2.060781656096049127e-10
1.640519386865715526e-10
1.320982390066983141e-10
1.077113837915752943e-10
8.883708306910952156e-11
7.379702287904517912e-11
6.122613123748051729e-11
5.002031474597128272e-11
3.929285841500933735e-11
2.833800803406297409e-11
1.787440119253780956e-11
8.835323373479814386e-12
9.829297827281634829e-13
-5.886316311114500137e-12
-1.194644730080089896e-11
-1.734610578430022939e-11
-2.221207343389931374e-11
-2.665230129553325073e-11
-3.075851496964918714e-11
-3.460845673216640592e-11
-3.826781712697177882e-11
-4.199141862649578411e-11
-4.586287411323750583e-11
-4.970778327980213518e-11
-5.338112196017444811e-11
-5.676323122790465094e-11
-5.975633722058846184e-11
-6.228152986950554548e-11
-6.427613885197934843e-11
-6.569145371878020893e-11
-6.649074251463358123e-11
-6.664752950283930651e-11
-6.614409798954756898e-11
-6.497018885717924957e-11
-6.263781811684609568e-11
-5.892853188810547178e-11
-5.420330039041050455e-11
-4.877702138767461921e-11
-4.292367491999457484e-11
-3.688090565091498184e-11
-3.085409855515866457e-11
-2.502000574760174784e-11
-1.952997533854809447e-11
-1.451282715744470027e-11
-1.007741490075205376e-11
-6.314909629781695229e-12
-3.300835484872685471e-12
-1.096884919174825381e-12
2.474623754472139012e-13
6.934954315891797067e-13
-5.200643165268056673e-13
-3.803762095469868979e-12
-8.703002906607101540e-12
-1.481254600301295170e-11
-2.177179829882113880e-11
-2.926055390064377673e-11
-3.699513596955665631e-11
-4.472490164209945493e-11
-5.222907476550619936e-11
-5.931387479303471346e-11
-6.580991338958194309e-11
-7.156983315988685728e-11
-7.646616547002198761e-11
-8.038938662166722822e-11
-8.324615368787195175e-11
-8.495770315506813276e-11
-8.545839716244952889e-11
-8.469440360711595323e-11
-8.278158185819379691e-11
-7.997871538110172089e-11
-7.644294786705620927e-11
-7.231704518137472551e-11
-6.773056198251779269e-11
-6.280091384632145172e-11
-5.763436284350552272e-11
-5.232692381413304308e-11
-4.696519794439056099e-11
-4.162713967229500316e-11
-3.638276242380046103e-11
-3.129478820404363441e-11
-2.641924563538330181e-11
-2.180602064024020782e-11
-1.749936360872564588e-11
-1.353835656525397841e-11
-9.957343551678541807e-12
-6.786327174254067475e-12
-4.051334015387080622e-12
-1.774751386476047215e-12
2.436230684004992960e-14
1.329991502864752975e-12
2.342968472242141054e-12
3.276163823664582972e-12
4.133585798088967982e-12
4.919044092948874921e-12
5.636160357196079032e-12
6.288378083104837628e-12
6.878971932625524441e-12
7.411056533504113158e-12
7.887594778001334226e-12
8.311405654835156979e-12
8.685171642925197711e-12
9.011445693615790022e-12
9.292657826291886141e-12
9.531121360665869832e-12
9.729038807490239219e-12
9.888507438039873455e-12
1.001152455139149463e-11
1.009999245730698543e-11
1.015572319138806441e-11
1.018044297811165827e-11
1.017579645636886813e-11
1.014335068121039406e-11
1.008459891464579278e-11
1.000096421754413105e-11
9.893802853938567716e-12
9.253172257971784656e-12
7.653447804625295718e-12
5.216052999284702319e-12
2.054331547548624686e-12
-1.725974731164233397e-12
-6.026276263256950544e-12
-1.075471261357037920e-11
-2.115982789489876617e-11
-2.668296332937226258e-11
-3.232646150146758241e-11
-3.802658150748065732e-11
-4.372424598853787510e-11
-4.936476361186632739e-11
-5.489756764574340830e-11
-6.027596966775857486e-11
-7.040082657027223009e-11
-7.507127377842354710e-11
-7.943490334080832282e-11
-8.346119370062327033e-11
-8.712229497953704324e-11
-9.039286631368340366e-11
-9.324992250380316157e-11
-9.764246778008877513e-11
-9.914250444128183564e-11
-1.001578713935928646e-10
-1.006753513954331423e-10
-1.003964201377002639e-10
-1.000412911908785825e-10
-9.962523506452046748e-11
-9.915513185332379512e-11
-9.863747078755197405e-11
-9.748359469190631530e-11
-9.685857589147705157e-11
-9.620842628411249316e-11
-9.485169137347461967e-11
-9.415388209155517850e-11
-9.344852223177856439e-11
-9.273935966317213208e-11
-9.132346431062569150e-11
-9.062310849735942048e-11
-8.993172578648452889e-11
-8.858647910936930786e-11
-8.793747493043212510e-11
-8.730718130643867526e-11
-8.611069783111987493e-11
-8.554813755814112172e-11
-8.450246064521190638e-11
-8.402220750153105544e-11
-8.357206350193666976e-11
-8.276662501909130172e-11
-8.241334640985656378e-11
-8.181002837241209517e-11
-8.156147951994272200e-11
-8.123995356288169925e-11
-8.117336178241430617e-11
-8.116071786488323448e-11
-8.127273049996802780e-11
-8.138588111116354552e-11
-8.169986463911061703e-11
-8.189086631397281275e-11
-8.231820003591228011e-11
-8.254616604824059046e-11
-8.301143332037558108e-11
-8.324165007447658700e-11
-8.368098302379963498e-11
-8.407258450406339812e-11
-8.424376247626080370e-11
-8.452478405459512720e-11
-8.463022514375879807e-11
-8.476096828447818188e-11
-8.477298256792329740e-11
-8.473044749291469811e-11
-8.454119799707420375e-11
-8.439194576944355810e-11
-8.397853844007166620e-11
-8.340540241710071333e-11
-8.305678909560527325e-11
-8.223182618132589121e-11
-8.123248069686340950e-11
-8.066612520254435927e-11
-7.949904520500762366e-11
-7.835272430935954080e-11
-7.722672561312292106e-11
-7.667121324148723821e-11
-7.557490003413812052e-11
-7.449785923937420401e-11
-7.343968745608101121e-11
-7.291755389116872762e-11
-7.188694923971545496e-11
-7.087424477851936457e-11
-6.987906836874788914e-11
-6.890105639030362567e-11
-6.841837571597507812e-11
-6.746544678298437381e-11
-6.652880930674060063e-11
-6.560812805546734431e-11
-6.470307550733940719e-11
-6.381333167599860938e-11
-6.293858393842258269e-11
-6.207852686529878443e-11
-6.123286205403159514e-11
-6.040129796449034393e-11
-5.958354975758556767e-11
-5.877933913674483554e-11
-5.798839419234333378e-11
-5.721044924913122894e-11
-5.618180888034711990e-11
-5.468495900330820414e-11
-5.278532008579921119e-11
-5.054376096266350393e-11
-4.801687829880923826e-11
-4.525725893236994090e-11
-4.231372618788677308e-11
-3.923157117618660643e-11
-3.605277002964023089e-11
-3.281618795832897304e-11
-2.955777095392655540e-11
-2.631072591353872335e-11
-2.152783603093080685e-11
-1.843802569509712026e-11
-1.545659465923123339e-11
-1.260637709242178945e-11
-9.908281734078590405e-12
-6.187691870086485500e-12
-3.949809967403278363e-12
-1.923743935142397415e-12
-1.231292010973976269e-13
2.128534444373020845e-12
3.314486237831174153e-12
4.237307697383723578e-12
5.110453691253996447e-12
5.341629590665443594e-12
5.302858236051592689e-12
4.955027824937961149e-12
4.569863999156878353e-12
3.798760306879017377e-12
3.175534986832386033e-12
2.479720278895637808e-12
1.325444569302893364e-12
4.980906593421088957e-13
-8.045840759512201626e-13
-1.700622770625152473e-12
-3.064733092664089143e-12
-3.976062254696440318e-12
-5.327911284106371175e-12
-6.641913401204113512e-12
-7.486881779293668697e-12
-8.694192747292036560e-12
-9.451744206591413625e-12
-1.050581502682333681e-11
-1.144902588196667242e-11
-1.201013921727165912e-11
-1.274210313742984050e-11
-1.333372301710942436e-11
-1.364585311667509503e-11
-1.398494555894263663e-11
-1.416318072578288066e-11
-1.417479651376567575e-11
-1.408754732329090607e-11
-1.384670888809730987e-11
-1.351159157831285420e-11
-1.309642909844649064e-11
-1.261438731423689470e-11
-1.226191920462059320e-11
-1.169499105866009092e-11
-1.109159486531751447e-11
-1.046155126422379786e-11
-9.813905315672630089e-12
-9.156977970024267960e-12
-8.498414179805891411e-12
-7.845227880580746537e-12
-7.203844050654120579e-12
-6.580138044882014997e-12
-5.979472384147070573e-12
-5.406731169382969261e-12
-4.866352277281664083e-12
-4.362357483930631815e-12
-3.753190108710573481e-12
-3.347601948791667555e-12
-2.989147238780755551e-12
-2.680348017773927939e-12
-2.423441111215357668e-12
-2.220397936015064722e-12
-2.036409055073931997e-12
-1.965360170451160659e-12
-2.145842121089436292e-12
-3.666359681159524453e-12
-5.680596483549444202e-12
-8.334977958751048765e-12
-1.271318376211269642e-11
-1.651676495765420919e-11
-2.067889242732117496e-11
-2.666102090877720332e-11
-3.138502132257947106e-11
-3.788254436810253705e-11
-4.283098072986995370e-11
-4.942971733082483301e-11
-5.431707390403371428e-11
-6.066752246417940583e-11
-6.525359051829309513e-11
-7.106267518410095969e-11
-7.645002718422665561e-11
-8.017059997613641135e-11
-8.465296200349711642e-11
-8.853546716383904281e-11
-9.102231436825583675e-11
-9.373419237741336712e-11
-9.571824926573845126e-11
-9.693838138547364173e-11
-9.736336820962331538e-11
-9.714406026387657809e-11
-9.614046137514859127e-11
-9.485213443506525101e-11
-9.350367420440610189e-11
-9.209924449248548805e-11
-9.064279334756919573e-11
-8.913806422733726179e-11
-8.758860655661910244e-11
-8.599778570856476860e-11
-8.436879244311246227e-11
-8.270465183447114899e-11
-8.100823171733368304e-11
-7.928225067967685106e-11
-7.708711718796518650e-11
-7.530384161499605635e-11
-7.349889853410876561e-11
-7.167445192305199623e-11
-6.936957984151743414e-11
-6.750858231242273457e-11
-6.563435757025302660e-11
-6.327558484313258100e-11
-6.137774246238620850e-11
-5.947192962615321983e-11
-5.708063697745241773e-11
-5.516202704984357773e-11
-5.275887510170629332e-11
-5.083389246242797208e-11
-4.842642009768702127e-11
-4.614815818345787419e-11
-4.240193857179814758e-11
-3.780835741668182732e-11
-3.362443831198281208e-11
-2.787516796801894288e-11
-2.166903404925461104e-11
-1.645552217373704201e-11
-9.720605804111372508e-12
-2.838481319634845756e-12
4.097019916343146350e-12
1.099993848677371080e-11
1.779165062709818198e-11
2.440036750368734169e-11
2.951141854011128504e-11
3.562988115730083977e-11
4.139683865863422389e-11
4.778339250473947899e-11
5.260846552252728425e-11
5.693920908779695820e-11
6.074017839199819208e-11
6.397978061673181299e-11
6.663000351073327493e-11
6.899775334843546989e-11
7.026878390801174105e-11
7.088200704913293247e-11
7.082186496491873199e-11
6.916421634726435480e-11
6.366991289764077398e-11
5.220454682907935905e-11
3.916040827468922663e-11
1.999527697626371253e-11
1.589055049959940776e-12
-2.283966931208381805e-11
-4.472580550072361084e-11
-7.232557466643525181e-11
-1.008824599539029336e-10
-1.250576795279695490e-10
-1.541316501032229359e-10
-1.828849548120228086e-10
-2.109389955158650810e-10
-2.379487838728600769e-10
-2.636006122122042591e-10
-2.876098799580894317e-10
-3.097190649665125890e-10
-3.296958298997678816e-10
-3.473312544672287727e-10
-3.624381850119714975e-10
-3.748496935249070520e-10
-3.844176387255491658e-10
-3.910113223644570214e-10
-3.945162343803670450e-10
-3.945694826604210130e-10
-3.910652881420959231e-10
-3.845846026907845125e-10
-3.738637648616428344e-10
-3.623464980526878142e-10
-3.466276929839155786e-10
-3.315262726013168891e-10
-3.123816734479024700e-10
-2.949452876438356420e-10
-2.737249306065210870e-10
-2.518767253120160975e-10
-2.297077013187732924e-10
-2.106643174893791824e-10
-1.886280006773790902e-10
-1.670128890825611884e-10
-1.460364949966232871e-10
-1.258968534686765401e-10
-1.067738629830963030e-10
-8.883053751028755019e-11
-7.221417592148761789e-11
-5.705745433512875335e-11
-4.347944657012045766e-11
-3.158657751851714510e-11
-2.017909391408239009e-11
-1.220203252657788105e-11
-6.171838169362936428e-12
-1.744370241873628534e-12
-8.671461483025001949e-14
0.000000000000000000e+00
0.000000000000000000e+00
0.000000000000000000e+00
0.000000000000000000e+00
0.000000000000000000e+00
0.000000000000000000e+00
0.000000000000000000e+00
0.000000000000000000e+00
0.000000000000000000e+00
0.000000000000000000e+00
0.000000000000000000e+00
0.000000000000000000e+00
0.000000000000000000e+00
0.000000000000000000e+00
0.000000000000000000e+00
0.000000000000000000e+00
0.000000000000000000e+00
0.000000000000000000e+00
0.000000000000000000e+00
0.000000000000000000e+00
0.000000000000000000e+00
0.000000000000000000e+00
0.000000000000000000e+00
0.000000000000000000e+00
0.000000000000000000e+00
0.000000000000000000e+00
0.000000000000000000e+00
0.000000000000000000e+00
0.000000000000000000e+00
0.000000000000000000e+00
0.000000000000000000e+00
0.000000000000000000e+00
0.000000000000000000e+00
0.000000000000000000e+00
0.000000000000000000e+00
0.000000000000000000e+00
0.000000000000000000e+00
0.000000000000000000e+00
0.000000000000000000e+00
0.000000000000000000e+00
0.000000000000000000e+00
0.000000000000000000e+00
0.000000000000000000e+00
0.000000000000000000e+00
0.000000000000000000e+00
0.000000000000000000e+00
0.000000000000000000e+00
0.000000000000000000e+00
0.000000000000000000e+00
0.000000000000000000e+00
0.000000000000000000e+00
0.000000000000000000e+00
0.000000000000000000e+00
0.000000000000000000e+00
0.000000000000000000e+00
0.000000000000000000e+00
0.000000000000000000e+00
0.000000000000000000e+00
0.000000000000000000e+00
0.000000000000000000e+00
0.000000000000000000e+00
0.000000000000000000e+00
0.000000000000000000e+00
0.000000000000000000e+00
0.000000000000000000e+00
0.000000000000000000e+00
0.000000000000000000e+00
0.000000000000000000e+00
0.000000000000000000e+00
0.000000000000000000e+00
0.000000000000000000e+00
0.000000000000000000e+00
0.000000000000000000e+00
0.000000000000000000e+00
0.000000000000000000e+00
0.000000000000000000e+00
0.000000000000000000e+00
0.000000000000000000e+00
0.000000000000000000e+00
0.000000000000000000e+00
0.000000000000000000e+00
0.000000000000000000e+00
0.000000000000000000e+00
0.000000000000000000e+00
0.000000000000000000e+00
0.000000000000000000e+00
0.000000000000000000e+00
0.000000000000000000e+00
0.000000000000000000e+00
0.000000000000000000e+00
0.000000000000000000e+00
0.000000000000000000e+00
0.000000000000000000e+00
0.000000000000000000e+00
0.000000000000000000e+00
0.000000000000000000e+00
0.000000000000000000e+00
0.000000000000000000e+00
0.000000000000000000e+00
0.000000000000000000e+00
0.000000000000000000e+00
0.000000000000000000e+00
0.000000000000000000e+00
0.000000000000000000e+00
0.000000000000000000e+00
0.000000000000000000e+00
0.000000000000000000e+00
0.000000000000000000e+00
0.000000000000000000e+00
0.000000000000000000e+00
0.000000000000000000e+00
0.000000000000000000e+00
0.000000000000000000e+00
0.000000000000000000e+00
0.000000000000000000e+00
0.000000000000000000e+00
0.000000000000000000e+00
0.000000000000000000e+00
0.000000000000000000e+00
0.000000000000000000e+00
0.000000000000000000e+00
0.000000000000000000e+00
0.000000000000000000e+00
0.000000000000000000e+00
0.000000000000000000e+00
0.000000000000000000e+00
0.000000000000000000e+00
0.000000000000000000e+00
0.000000000000000000e+00
0.000000000000000000e+00
0.000000000000000000e+00
0.000000000000000000e+00
0.000000000000000000e+00
0.000000000000000000e+00
0.000000000000000000e+00
0.000000000000000000e+00
0.000000000000000000e+00
0.000000000000000000e+00
0.000000000000000000e+00
0.000000000000000000e+00
0.000000000000000000e+00
0.000000000000000000e+00
0.000000000000000000e+00
0.000000000000000000e+00
0.000000000000000000e+00
0.000000000000000000e+00
0.000000000000000000e+00
0.000000000000000000e+00
0.000000000000000000e+00
0.000000000000000000e+00
0.000000000000000000e+00
0.000000000000000000e+00
0.000000000000000000e+00
0.000000000000000000e+00
0.000000000000000000e+00
0.000000000000000000e+00
0.000000000000000000e+00
0.000000000000000000e+00
0.000000000000000000e+00
0.000000000000000000e+00
0.000000000000000000e+00
0.000000000000000000e+00
0.000000000000000000e+00
0.000000000000000000e+00
0.000000000000000000e+00
0.000000000000000000e+00
0.000000000000000000e+00
0.000000000000000000e+00
0.000000000000000000e+00
0.000000000000000000e+00
0.000000000000000000e+00
0.000000000000000000e+00
0.000000000000000000e+00
0.000000000000000000e+00
0.000000000000000000e+00
0.000000000000000000e+00
0.000000000000000000e+00
0.000000000000000000e+00
0.000000000000000000e+00
0.000000000000000000e+00
0.000000000000000000e+00
0.000000000000000000e+00
0.000000000000000000e+00
0.000000000000000000e+00
0.000000000000000000e+00
0.000000000000000000e+00
0.000000000000000000e+00
0.000000000000000000e+00
0.000000000000000000e+00
0.000000000000000000e+00
0.000000000000000000e+00
0.000000000000000000e+00
0.000000000000000000e+00
0.000000000000000000e+00
0.000000000000000000e+00
0.000000000000000000e+00
0.000000000000000000e+00
0.000000000000000000e+00
0.000000000000000000e+00
0.000000000000000000e+00
0.000000000000000000e+00
0.000000000000000000e+00
0.000000000000000000e+00
0.000000000000000000e+00
0.000000000000000000e+00
0.000000000000000000e+00
0.000000000000000000e+00
0.000000000000000000e+00
0.000000000000000000e+00
0.000000000000000000e+00
0.000000000000000000e+00
0.000000000000000000e+00
0.000000000000000000e+00
0.000000000000000000e+00
0.000000000000000000e+00
0.000000000000000000e+00
0.000000000000000000e+00
0.000000000000000000e+00
0.000000000000000000e+00
0.000000000000000000e+00
0.000000000000000000e+00
0.000000000000000000e+00
0.000000000000000000e+00
0.000000000000000000e+00
0.000000000000000000e+00
0.000000000000000000e+00
0.000000000000000000e+00
0.000000000000000000e+00
0.000000000000000000e+00
0.000000000000000000e+00
0.000000000000000000e+00
0.000000000000000000e+00
0.000000000000000000e+00
0.000000000000000000e+00
0.000000000000000000e+00
0.000000000000000000e+00
0.000000000000000000e+00
0.000000000000000000e+00
0.000000000000000000e+00
0.000000000000000000e+00
0.000000000000000000e+00
0.000000000000000000e+00
0.000000000000000000e+00
0.000000000000000000e+00
0.000000000000000000e+00
0.000000000000000000e+00
0.000000000000000000e+00
0.000000000000000000e+00
0.000000000000000000e+00
0.000000000000000000e+00
0.000000000000000000e+00
0.000000000000000000e+00
0.000000000000000000e+00
0.000000000000000000e+00
0.000000000000000000e+00
0.000000000000000000e+00
0.000000000000000000e+00
0.000000000000000000e+00
0.000000000000000000e+00
0.000000000000000000e+00
0.000000000000000000e+00
0.000000000000000000e+00
0.000000000000000000e+00
0.000000000000000000e+00
0.000000000000000000e+00
0.000000000000000000e+00
0.000000000000000000e+00
0.000000000000000000e+00
0.000000000000000000e+00
0.000000000000000000e+00
0.000000000000000000e+00
0.000000000000000000e+00
0.000000000000000000e+00
0.000000000000000000e+00
0.000000000000000000e+00
0.000000000000000000e+00
0.000000000000000000e+00
0.000000000000000000e+00
0.000000000000000000e+00
0.000000000000000000e+00
0.000000000000000000e+00
0.000000000000000000e+00
0.000000000000000000e+00
0.000000000000000000e+00
0.000000000000000000e+00
0.000000000000000000e+00
0.000000000000000000e+00
0.000000000000000000e+00
0.000000000000000000e+00
0.000000000000000000e+00
0.000000000000000000e+00
0.000000000000000000e+00
0.000000000000000000e+00
0.000000000000000000e+00
0.000000000000000000e+00
0.000000000000000000e+00
0.000000000000000000e+00
0.000000000000000000e+00
0.000000000000000000e+00
0.000000000000000000e+00
0.000000000000000000e+00
0.000000000000000000e+00
0.000000000000000000e+00
0.000000000000000000e+00
0.000000000000000000e+00
0.000000000000000000e+00
0.000000000000000000e+00
0.000000000000000000e+00
0.000000000000000000e+00
0.000000000000000000e+00
0.000000000000000000e+00
0.000000000000000000e+00
0.000000000000000000e+00
0.000000000000000000e+00
0.000000000000000000e+00
0.000000000000000000e+00
0.000000000000000000e+00
0.000000000000000000e+00
0.000000000000000000e+00
0.000000000000000000e+00
0.000000000000000000e+00
0.000000000000000000e+00
0.000000000000000000e+00
0.000000000000000000e+00
0.000000000000000000e+00
0.000000000000000000e+00
0.000000000000000000e+00
0.000000000000000000e+00
0.000000000000000000e+00
0.000000000000000000e+00
0.000000000000000000e+00
0.000000000000000000e+00
0.000000000000000000e+00
0.000000000000000000e+00
0.000000000000000000e+00
0.000000000000000000e+00
0.000000000000000000e+00
0.000000000000000000e+00
0.000000000000000000e+00
0.000000000000000000e+00
0.000000000000000000e+00
0.000000000000000000e+00
0.000000000000000000e+00
0.000000000000000000e+00
0.000000000000000000e+00
0.000000000000000000e+00
0.000000000000000000e+00
0.000000000000000000e+00
0.000000000000000000e+00
0.000000000000000000e+00
0.000000000000000000e+00
0.000000000000000000e+00
0.000000000000000000e+00
0.000000000000000000e+00
0.000000000000000000e+00
0.000000000000000000e+00
0.000000000000000000e+00
0.000000000000000000e+00
0.000000000000000000e+00
0.000000000000000000e+00
0.000000000000000000e+00
0.000000000000000000e+00
0.000000000000000000e+00
0.000000000000000000e+00
0.000000000000000000e+00
0.000000000000000000e+00
0.000000000000000000e+00
0.000000000000000000e+00
0.000000000000000000e+00
0.000000000000000000e+00
0.000000000000000000e+00
0.000000000000000000e+00
0.000000000000000000e+00
0.000000000000000000e+00
0.000000000000000000e+00
0.000000000000000000e+00
0.000000000000000000e+00
0.000000000000000000e+00
0.000000000000000000e+00
0.000000000000000000e+00
0.000000000000000000e+00
0.000000000000000000e+00
0.000000000000000000e+00
0.000000000000000000e+00
0.000000000000000000e+00
0.000000000000000000e+00
0.000000000000000000e+00
0.000000000000000000e+00
0.000000000000000000e+00
0.000000000000000000e+00
0.000000000000000000e+00
0.000000000000000000e+00
0.000000000000000000e+00
0.000000000000000000e+00
0.000000000000000000e+00
0.000000000000000000e+00
0.000000000000000000e+00
0.000000000000000000e+00
0.000000000000000000e+00
0.000000000000000000e+00
0.000000000000000000e+00
0.000000000000000000e+00
0.000000000000000000e+00
0.000000000000000000e+00
0.000000000000000000e+00
0.000000000000000000e+00
0.000000000000000000e+00
0.000000000000000000e+00
0.000000000000000000e+00
0.000000000000000000e+00
0.000000000000000000e+00
0.000000000000000000e+00
0.000000000000000000e+00
0.000000000000000000e+00
0.000000000000000000e+00
0.000000000000000000e+00
0.000000000000000000e+00
0.000000000000000000e+00
0.000000000000000000e+00
0.000000000000000000e+00
0.000000000000000000e+00
0.000000000000000000e+00
0.000000000000000000e+00
0.000000000000000000e+00
0.000000000000000000e+00
0.000000000000000000e+00
0.000000000000000000e+00
0.000000000000000000e+00
0.000000000000000000e+00
0.000000000000000000e+00
0.000000000000000000e+00
0.000000000000000000e+00
0.000000000000000000e+00
0.000000000000000000e+00
0.000000000000000000e+00
0.000000000000000000e+00
0.000000000000000000e+00
0.000000000000000000e+00
0.000000000000000000e+00
0.000000000000000000e+00
0.000000000000000000e+00
0.000000000000000000e+00
0.000000000000000000e+00
0.000000000000000000e+00
0.000000000000000000e+00
0.000000000000000000e+00
0.000000000000000000e+00
0.000000000000000000e+00
0.000000000000000000e+00
0.000000000000000000e+00
0.000000000000000000e+00
0.000000000000000000e+00
0.000000000000000000e+00
0.000000000000000000e+00
0.000000000000000000e+00
0.000000000000000000e+00
0.000000000000000000e+00
0.000000000000000000e+00
0.000000000000000000e+00
0.000000000000000000e+00
0.000000000000000000e+00
0.000000000000000000e+00
0.000000000000000000e+00
0.000000000000000000e+00
0.000000000000000000e+00
0.000000000000000000e+00
0.000000000000000000e+00
0.000000000000000000e+00
0.000000000000000000e+00
0.000000000000000000e+00
0.000000000000000000e+00
0.000000000000000000e+00
0.000000000000000000e+00
0.000000000000000000e+00
0.000000000000000000e+00
0.000000000000000000e+00
0.000000000000000000e+00
0.000000000000000000e+00
0.000000000000000000e+00
0.000000000000000000e+00
0.000000000000000000e+00
0.000000000000000000e+00
0.000000000000000000e+00
0.000000000000000000e+00
0.000000000000000000e+00
0.000000000000000000e+00
0.000000000000000000e+00
0.000000000000000000e+00
0.000000000000000000e+00
0.000000000000000000e+00
0.000000000000000000e+00
0.000000000000000000e+00
0.000000000000000000e+00
0.000000000000000000e+00
0.000000000000000000e+00
0.000000000000000000e+00
0.000000000000000000e+00
0.000000000000000000e+00
0.000000000000000000e+00
0.000000000000000000e+00
0.000000000000000000e+00
0.000000000000000000e+00
0.000000000000000000e+00
0.000000000000000000e+00
0.000000000000000000e+00
0.000000000000000000e+00
0.000000000000000000e+00
0.000000000000000000e+00
0.000000000000000000e+00
0.000000000000000000e+00
0.000000000000000000e+00
0.000000000000000000e+00
0.000000000000000000e+00
0.000000000000000000e+00
0.000000000000000000e+00
0.000000000000000000e+00
nan
