# bin_18_7
-2.549267177889928099e-09
-3.213410515368728052e-09
2.165292628206457371e-09
-2.753737857501601488e-09
3.587945614261364740e-09
-3.317864308091140866e-09
4.005474336757365271e-09
-6.050701873193365143e-09
4.024152592751471720e-09
-7.793335653325812987e-09
4.339629226981871805e-09
-9.623794328439163921e-09
5.218718833791323097e-09
6.123878683238932048e-09
5.804991977631960536e-09
2.026549185169390238e-09
-2.861795404287043813e-09
-4.618277916434195749e-09
-2.553799071567275448e-09
8.215108137158129564e-10
3.740293625007370627e-09
5.322154604236202939e-09
5.723452071169564770e-09
5.706286810485382352e-09
5.588987691804509394e-09
5.559956721057485653e-09
5.707929615883328182e-09
5.911367803563240703e-09
6.032628525951816493e-09
5.990642741776839490e-09
5.742394606184144821e-09
4.481491438277764680e-09
2.170963782690653099e-09
-3.276926430753423393e-10
-2.433438687361240473e-09
-3.768596328658353974e-09
-4.102330905556429134e-09
-3.534070241594761427e-09
-2.514394215655945850e-09
-1.345389789940985356e-09
-2.451288359126575188e-10
6.324416810325048087e-10
1.182203848983219353e-09
1.336084753423689250e-09
1.209163003746502324e-09
9.894021349315348954e-10
7.289942489658741968e-10
4.676820543202715029e-10
2.352991825749336528e-10
5.380296289059931736e-11
-6.109658046558067993e-11
-9.862981207676583205e-11
-9.162298237118970518e-11
-7.964148094983055659e-11
-6.472355315982023795e-11
-4.850085751526947094e-11
-3.226925089740075877e-11
-1.704740667188283616e-11
-3.625416742452017964e-12
7.394868568794082259e-12
1.556632907708862362e-11
2.201848267068968383e-11
2.801410380869558687e-11
3.343061287082394021e-11
3.817520895163287337e-11
4.217983620046741436e-11
4.539694633268577476e-11
4.779593037514484032e-11
4.936011365246095025e-11
5.008422535216782822e-11
4.997226837987703564e-11
4.903572715921021333e-11
3.738343009404649399e-11
9.040429566909883044e-12
-3.076002629341929803e-11
-7.756902371530134077e-11
-1.276194677516564413e-10
-1.777368248242418469e-10
-2.252613543880792798e-10
-2.679803080755377571e-10
-3.040687855673009688e-10
-3.320381165560197403e-10
-3.506907922498421988e-10
-3.590811018738410419e-10
-3.564807428966486054e-10
-3.448858042841051774e-10
-3.276542888606309639e-10
-3.061097794236625212e-10
-2.814111006321814709e-10
-2.545705430573398914e-10
-2.264700770253464232e-10
-1.978757860679137286e-10
-1.694507221744674972e-10
-1.417663609259786103e-10
-1.153128135119721849e-10
-9.050793418612665202e-11
-6.770544555478414842e-11
-4.720218991767164424e-11
-2.924460243364182465e-11
-1.403449094393576611e-11
-1.734197658980937885e-12
8.764722458233435566e-12
1.864250258015202099e-11
2.787579872474050974e-11
3.644675434343738455e-11
4.434236384422815814e-11
5.155390222429652686e-11
5.807641396699047151e-11
6.390825508969394324e-11
6.905068287911938935e-11
7.350748842831066776e-11
7.728466760352025767e-11
8.039012652668559466e-11
8.283341806683284147e-11
8.462550619715860227e-11
8.577855539880747672e-11
8.630574258186420890e-11
8.622108925274658949e-11
8.553931188843407920e-11
8.456152710134139877e-11
8.357956355504929038e-11
8.259457635999236397e-11
8.160763349492885020e-11
8.061972184565215248e-11
7.963175281100716744e-11
7.864456750921785777e-11
7.765894161483282462e-11
7.667558985413302000e-11
7.569517018459527790e-11
7.471828768195343145e-11
7.374549815651966118e-11
7.277731151871294053e-11
7.181419491217008558e-11
7.085657563137595792e-11
6.990484383943156753e-11
6.895935510037075090e-11
6.802043273932740631e-11
6.708837004283852113e-11
6.616343231063402862e-11
6.524585876940662947e-11
6.433586435826598330e-11
6.309449971528991181e-11
6.125070910245122769e-11
5.890051383345472936e-11
5.613235998318353097e-11
5.302764501369894547e-11
4.966120790796674671e-11
4.610178543690142960e-11
4.241243698618292697e-11
3.865094018616578251e-11
3.487015941971827952e-11
3.111838912772235938e-11
2.743967368915025648e-11
2.387410552104858869e-11
2.045810292247071343e-11
1.722466907458205510e-11
1.420363350598425161e-11
1.142187723711314384e-11
8.903542729655690964e-12
6.670229685762402276e-12
4.741177666814212650e-12
3.133436432166668978e-12
1.862024834194372350e-12
9.400790466375273958e-13
3.789908483848288491e-13
1.885366340193211953e-13
3.790927986933290841e-13
9.230710241224552859e-13
1.774580502641092561e-12
2.890801616107933512e-12
4.231803807902498633e-12
5.760374245631209295e-12
7.441856609703185240e-12
1.113681308253303634e-11
1.309243582246483027e-11
1.508500681081971258e-11
1.709054719222104015e-11
1.908684785736510952e-11
2.105336377922255511e-11
2.297111448778831608e-11
2.482259031665563436e-11
2.826350784142495642e-11
2.982451452131669509e-11
3.126222397777252758e-11
3.256525337658502137e-11
3.372323155178926958e-11
3.472673713876048096e-11
3.556724025753800116e-11
3.672925030520622530e-11
3.703767570540501916e-11
3.715684066328738447e-11
3.708190844748374664e-11
3.628174996087690821e-11
3.547062209389276577e-11
3.440711541753525588e-11
3.312126294597319255e-11
3.164137136446415620e-11
2.820458535114838440e-11
2.629643653966116182e-11
2.429189334917151734e-11
2.007595899209632180e-11
1.790263910393250632e-11
1.570919239316267268e-11
1.351183401891158889e-11
9.165163724625537422e-12
7.043357149011584559e-12
4.972746502959740069e-12
1.030648068967780087e-12
-8.200054794556074302e-13
-2.577715461945838520e-12
-5.780309405703571975e-12
-7.209759584125864781e-12
-9.690736495877559183e-12
-1.073018702622268466e-11
-1.162839358425720799e-11
-1.298219553554652050e-11
-1.342942303432943214e-11
-1.384658917704631135e-11
-1.381045336795898482e-11
-1.343152142222443354e-11
-1.314051833411391363e-11
-1.278532790684382057e-11
-1.189237435762934794e-11
-1.135939843581319188e-11
-1.013182343914205964e-11
-9.441548515446340038e-12
-7.918299805701191497e-12
-7.089232716605384648e-12
-5.305497763044475363e-12
-4.354359966051606604e-12
-2.341933752316304071e-12
-1.931855413019445733e-13
9.285499813564206490e-13
3.259656840667229388e-12
4.466333597690461719e-12
6.955529598292610076e-12
9.537800082348282452e-12
1.086096928502911408e-11
1.356596813679902334e-11
1.494574224368635351e-11
1.775495577154076187e-11
2.062425374129206334e-11
2.207924809570985215e-11
2.502580893425226047e-11
2.801596045105894624e-11
2.952554057489207449e-11
3.459635591067364971e-11
4.331864357320595040e-11
5.508139873094592693e-11
6.192580555789465388e-11
7.721217349748470063e-11
9.422275315120201618e-11
1.125065757759883316e-10
1.219956400955689153e-10
1.414272911968458407e-10
1.611673232139302936e-10
1.808878939349831330e-10
2.002907890444243783e-10
2.097874848739502592e-10
2.282142671737262241e-10
2.456937077420619256e-10
2.620153111258565945e-10
2.769896501975335055e-10
2.904468156585938036e-10
3.022349739865694190e-10
3.122190261025146409e-10
3.202793596103628766e-10
3.263106879884032559e-10
3.302209706011331948e-10
3.319304078496781095e-10
3.313705061942563713e-10
3.284832081655548001e-10
3.162147173858237031e-10
2.889803808587901885e-10
2.488215254556161429e-10
1.976379104125080155e-10
1.371964096596688516e-10
6.913916256083595240e-11
-5.008773105717122664e-12
-8.383223436537549288e-11
-1.660192030153216316e-10
-2.503544648534522422e-10
-3.357136525013805209e-10
-4.210576478483135100e-10
-5.469677093442247123e-10
-6.282404160270325996e-10
-7.064592103327002677e-10
-7.809078925898876649e-10
-8.509302234333162456e-10
-9.463662577237226150e-10
-1.002811958109929956e-09
-1.052954561636727817e-09
-1.096364404687934745e-09
-1.148017892330582453e-09
-1.172984713612688277e-09
-1.190028031160247148e-09
-1.200174068816948439e-09
-1.196334224306391733e-09
-1.184838301073740913e-09
-1.165262314821845810e-09
-1.151733599739886048e-09
-1.130780441927564705e-09
-1.116403081649282606e-09
-1.101722807714847490e-09
-1.079176945458882920e-09
-1.063823039596866343e-09
-1.040350938320864178e-09
-1.024432858653123387e-09
-1.000189893243977538e-09
-9.838056357319045347e-10
-9.589308850864265490e-10
-9.337376662716286472e-10
-9.167860491036592066e-10
-8.911537351395431569e-10
-8.739451005518841054e-10
-8.479777069598786415e-10
-8.218545211325118816e-10
-8.043680151835519286e-10
-7.780535191619820617e-10
-7.516619373700014995e-10
-7.340376226070508068e-10
-7.075744084276231967e-10
-6.810995239670366091e-10
-6.546345007114379134e-10
-6.370065888646059606e-10
-5.962032453699926656e-10
-5.294363096391924879e-10
-4.406484253055021377e-10
-3.334857306572950926e-10
-2.535103803476247964e-10
-1.230819197246980844e-10
1.730254396775472196e-11
1.649255434339898841e-10
3.172848703391775993e-10
4.720792695429945426e-10
6.271950672851992529e-10
7.806936703972867120e-10
9.307998780708765838e-10
1.075890951835144636e-09
1.214486393210679067e-09
1.345238382038646611e-09
1.466922831754813138e-09
1.578431020909240540e-09
1.709562989388516989e-09
1.793605270340063043e-09
1.864511912538468650e-09
1.921589845981843340e-09
1.964225012757822076e-09
1.991876867696947057e-09
2.004631760880343838e-09
1.995595476974546524e-09
1.970865919051600888e-09
1.917898971884974555e-09
1.865354978445585592e-09
1.803465720927019801e-09
1.708773577864116786e-09
1.630273246152031889e-09
1.546673378461437399e-09
1.429159526830984044e-09
1.337800129108378742e-09
1.213461011152285772e-09
1.119423310270912722e-09
9.944933572141543605e-10
9.020732357546927134e-10
7.818086468834351172e-10
6.946168145411743957e-10
5.834205524684904859e-10
4.790927067273638442e-10
4.060015578648833829e-10
3.161957538086549480e-10
2.359264535577575675e-10
1.824517751009886176e-10
1.206773537463571898e-10
7.034962904810660827e-11
3.200569974657321235e-11
6.108932025546602665e-12
-4.904903246183267979e-12
-8.515605352693025065e-12
-8.248668384693585914e-12
-7.795846917117313679e-12
-7.183946040073606105e-12
-6.437839013874397944e-12
-5.580590118597923997e-12
-4.633569710899867423e-12
-3.616562001645025589e-12
-2.547866032232265727e-12
-1.444390294422653980e-12
-3.217414078296332562e-13
8.056927591701736928e-13
2.201636393512564869e-12
3.293023037568282562e-12
4.349942134625998083e-12
5.362372849082676420e-12
6.551471263781895764e-12
7.431530547981291822e-12
8.240192285775881315e-12
9.140423814755972473e-12
9.764809805781530177e-12
1.029822010676603305e-11
1.082981358175575806e-11
1.114183098462104045e-11
1.138426611166543665e-11
1.145628220469611698e-11
1.138943953262990520e-11
9.181254052820274920e-12
1.062032159246318691e-12
-1.219019205913713858e-11
-2.593689181903883043e-11
-4.641309727495408163e-11
-6.989096177713293763e-11
-9.039477302555311471e-11
-1.176681697884613112e-10
-1.462460278825866948e-10
-1.756123078140755599e-10
-2.052933261452746195e-10
-2.348548914533242708e-10
-2.638996295428921814e-10
-2.865182384915786396e-10
-3.137393562902754713e-10
-3.395062232702121921e-10
-3.681160334413226691e-10
-3.897386394248336417e-10
-4.091043326812240840e-10
-4.260119764981835482e-10
-4.402812977167294306e-10
-4.517514328436811243e-10
-4.616207834057439788e-10
-4.664535478498487101e-10
-4.680875201246218928e-10
-4.664295065692723387e-10
-4.590515578394144276e-10
-4.446706639084885917e-10
-4.180377277904183519e-10
-3.891363433879667086e-10
-3.477152385600118405e-10
-3.085341661267338998e-10
-2.570469076477328890e-10
-2.112340666957417539e-10
-1.537359928766194564e-10
-9.445624961863695687e-11
-4.437999128173654773e-11
1.576840912497404979e-11
7.522313327930570759e-11
1.332509454742801356e-10
1.891838059579512554e-10
2.424143511105420170e-10
2.923916755253741779e-10
3.386173953475133012e-10
3.806419737018883003e-10
4.180612904088734737e-10
4.505134394488886927e-10
4.776757388063732014e-10
4.992619384055775732e-10
5.150196128520790120e-10
5.247277266217210971e-10
5.281533652574884812e-10
5.241683558011027855e-10
5.154819028213034290e-10
5.011121182658672065e-10
4.856748319875234659e-10
4.646059709612729476e-10
4.443646278090476952e-10
4.187039686684947770e-10
3.953329307493469411e-10
3.668900083140529915e-10
3.376055430503796455e-10
3.078910651649606974e-10
2.823660710184186142e-10
2.528294685596975160e-10
2.238574328187083254e-10
1.957415086186886071e-10
1.687471342617099667e-10
1.431154385199376953e-10
1.190649188346702766e-10
9.679300875342292128e-11
7.647754206753785594e-11
5.827812058717130639e-11
4.233739200409229468e-11
2.704725476595442358e-11
1.635511900653255116e-11
8.272486368900049420e-12
2.338084481839910267e-12
1.162288202449883761e-13
0.000000000000000000e+00
0.000000000000000000e+00
0.000000000000000000e+00
0.000000000000000000e+00
0.000000000000000000e+00
0.000000000000000000e+00
0.000000000000000000e+00
0.000000000000000000e+00
0.000000000000000000e+00
0.000000000000000000e+00
0.000000000000000000e+00
0.000000000000000000e+00
0.000000000000000000e+00
0.000000000000000000e+00
0.000000000000000000e+00
0.000000000000000000e+00
0.000000000000000000e+00
0.000000000000000000e+00
0.000000000000000000e+00
0.000000000000000000e+00
0.000000000000000000e+00
0.000000000000000000e+00
0.000000000000000000e+00
0.000000000000000000e+00
0.000000000000000000e+00
0.000000000000000000e+00
0.000000000000000000e+00
0.000000000000000000e+00
0.000000000000000000e+00
0.000000000000000000e+00
0.000000000000000000e+00
0.000000000000000000e+00
0.000000000000000000e+00
0.000000000000000000e+00
0.000000000000000000e+00
0.000000000000000000e+00
0.000000000000000000e+00
0.000000000000000000e+00
0.000000000000000000e+00
0.000000000000000000e+00
0.000000000000000000e+00
0.000000000000000000e+00
0.000000000000000000e+00
0.000000000000000000e+00
0.000000000000000000e+00
0.000000000000000000e+00
0.000000000000000000e+00
0.000000000000000000e+00
0.000000000000000000e+00
0.000000000000000000e+00
0.000000000000000000e+00
0.000000000000000000e+00
0.000000000000000000e+00
0.000000000000000000e+00
0.000000000000000000e+00
0.000000000000000000e+00
0.000000000000000000e+00
0.000000000000000000e+00
0.000000000000000000e+00
0.000000000000000000e+00
0.000000000000000000e+00
0.000000000000000000e+00
0.000000000000000000e+00
0.000000000000000000e+00
0.000000000000000000e+00
0.000000000000000000e+00
0.000000000000000000e+00
0.000000000000000000e+00
0.000000000000000000e+00
0.000000000000000000e+00
0.000000000000000000e+00
0.000000000000000000e+00
0.000000000000000000e+00
0.000000000000000000e+00
0.000000000000000000e+00
0.000000000000000000e+00
0.000000000000000000e+00
0.000000000000000000e+00
0.000000000000000000e+00
0.000000000000000000e+00
0.000000000000000000e+00
0.000000000000000000e+00
0.000000000000000000e+00
0.000000000000000000e+00
0.000000000000000000e+00
0.000000000000000000e+00
0.000000000000000000e+00
0.000000000000000000e+00
0.000000000000000000e+00
0.000000000000000000e+00
0.000000000000000000e+00
0.000000000000000000e+00
0.000000000000000000e+00
0.000000000000000000e+00
0.000000000000000000e+00
0.000000000000000000e+00
0.000000000000000000e+00
0.000000000000000000e+00
0.000000000000000000e+00
0.000000000000000000e+00
0.000000000000000000e+00
0.000000000000000000e+00
0.000000000000000000e+00
0.000000000000000000e+00
0.000000000000000000e+00
0.000000000000000000e+00
0.000000000000000000e+00
0.000000000000000000e+00
0.000000000000000000e+00
0.000000000000000000e+00
0.000000000000000000e+00
0.000000000000000000e+00
0.000000000000000000e+00
0.000000000000000000e+00
0.000000000000000000e+00
0.000000000000000000e+00
0.000000000000000000e+00
0.000000000000000000e+00
0.000000000000000000e+00
0.000000000000000000e+00
0.000000000000000000e+00
0.000000000000000000e+00
0.000000000000000000e+00
0.000000000000000000e+00
0.000000000000000000e+00
0.000000000000000000e+00
0.000000000000000000e+00
0.000000000000000000e+00
0.000000000000000000e+00
0.000000000000000000e+00
0.000000000000000000e+00
0.000000000000000000e+00
0.000000000000000000e+00
0.000000000000000000e+00
0.000000000000000000e+00
0.000000000000000000e+00
0.000000000000000000e+00
0.000000000000000000e+00
0.000000000000000000e+00
0.000000000000000000e+00
0.000000000000000000e+00
0.000000000000000000e+00
0.000000000000000000e+00
0.000000000000000000e+00
0.000000000000000000e+00
0.000000000000000000e+00
0.000000000000000000e+00
0.000000000000000000e+00
0.000000000000000000e+00
0.000000000000000000e+00
0.000000000000000000e+00
0.000000000000000000e+00
0.000000000000000000e+00
0.000000000000000000e+00
0.000000000000000000e+00
0.000000000000000000e+00
0.000000000000000000e+00
0.000000000000000000e+00
0.000000000000000000e+00
0.000000000000000000e+00
0.000000000000000000e+00
0.000000000000000000e+00
0.000000000000000000e+00
0.000000000000000000e+00
0.000000000000000000e+00
0.000000000000000000e+00
0.000000000000000000e+00
0.000000000000000000e+00
0.000000000000000000e+00
0.000000000000000000e+00
0.000000000000000000e+00
0.000000000000000000e+00
0.000000000000000000e+00
0.000000000000000000e+00
0.000000000000000000e+00
0.000000000000000000e+00
0.000000000000000000e+00
0.000000000000000000e+00
0.000000000000000000e+00
0.000000000000000000e+00
0.000000000000000000e+00
0.000000000000000000e+00
0.000000000000000000e+00
0.000000000000000000e+00
0.000000000000000000e+00
0.000000000000000000e+00
0.000000000000000000e+00
0.000000000000000000e+00
0.000000000000000000e+00
0.000000000000000000e+00
0.000000000000000000e+00
0.000000000000000000e+00
0.000000000000000000e+00
0.000000000000000000e+00
0.000000000000000000e+00
0.000000000000000000e+00
0.000000000000000000e+00
0.000000000000000000e+00
0.000000000000000000e+00
0.000000000000000000e+00
0.000000000000000000e+00
0.000000000000000000e+00
0.000000000000000000e+00
0.000000000000000000e+00
0.000000000000000000e+00
0.000000000000000000e+00
0.000000000000000000e+00
0.000000000000000000e+00
0.000000000000000000e+00
0.000000000000000000e+00
0.000000000000000000e+00
0.000000000000000000e+00
0.000000000000000000e+00
0.000000000000000000e+00
0.000000000000000000e+00
0.000000000000000000e+00
0.000000000000000000e+00
0.000000000000000000e+00
0.000000000000000000e+00
0.000000000000000000e+00
0.000000000000000000e+00
0.000000000000000000e+00
0.000000000000000000e+00
0.000000000000000000e+00
0.000000000000000000e+00
0.000000000000000000e+00
0.000000000000000000e+00
0.000000000000000000e+00
0.000000000000000000e+00
0.000000000000000000e+00
0.000000000000000000e+00
0.000000000000000000e+00
0.000000000000000000e+00
0.000000000000000000e+00
0.000000000000000000e+00
0.000000000000000000e+00
0.000000000000000000e+00
0.000000000000000000e+00
0.000000000000000000e+00
0.000000000000000000e+00
0.000000000000000000e+00
0.000000000000000000e+00
0.000000000000000000e+00
0.000000000000000000e+00
0.000000000000000000e+00
0.000000000000000000e+00
0.000000000000000000e+00
0.000000000000000000e+00
0.000000000000000000e+00
0.000000000000000000e+00
0.000000000000000000e+00
0.000000000000000000e+00
0.000000000000000000e+00
0.000000000000000000e+00
0.000000000000000000e+00
0.000000000000000000e+00
0.000000000000000000e+00
0.000000000000000000e+00
0.000000000000000000e+00
0.000000000000000000e+00
0.000000000000000000e+00
0.000000000000000000e+00
0.000000000000000000e+00
0.000000000000000000e+00
0.000000000000000000e+00
0.000000000000000000e+00
0.000000000000000000e+00
0.000000000000000000e+00
0.000000000000000000e+00
0.000000000000000000e+00
0.000000000000000000e+00
0.000000000000000000e+00
0.000000000000000000e+00
0.000000000000000000e+00
0.000000000000000000e+00
0.000000000000000000e+00
0.000000000000000000e+00
0.000000000000000000e+00
0.000000000000000000e+00
0.000000000000000000e+00
0.000000000000000000e+00
0.000000000000000000e+00
0.000000000000000000e+00
0.000000000000000000e+00
0.000000000000000000e+00
0.000000000000000000e+00
0.000000000000000000e+00
0.000000000000000000e+00
0.000000000000000000e+00
0.000000000000000000e+00
0.000000000000000000e+00
0.000000000000000000e+00
0.000000000000000000e+00
0.000000000000000000e+00
0.000000000000000000e+00
0.000000000000000000e+00
0.000000000000000000e+00
0.000000000000000000e+00
0.000000000000000000e+00
0.000000000000000000e+00
0.000000000000000000e+00
0.000000000000000000e+00
0.000000000000000000e+00
0.000000000000000000e+00
0.000000000000000000e+00
0.000000000000000000e+00
0.000000000000000000e+00
0.000000000000000000e+00
0.000000000000000000e+00
0.000000000000000000e+00
0.000000000000000000e+00
0.000000000000000000e+00
0.000000000000000000e+00
0.000000000000000000e+00
0.000000000000000000e+00
0.000000000000000000e+00
0.000000000000000000e+00
0.000000000000000000e+00
0.000000000000000000e+00
0.000000000000000000e+00
0.000000000000000000e+00
0.000000000000000000e+00
0.000000000000000000e+00
0.000000000000000000e+00
0.000000000000000000e+00
0.000000000000000000e+00
0.000000000000000000e+00
0.000000000000000000e+00
0.000000000000000000e+00
0.000000000000000000e+00
0.000000000000000000e+00
0.000000000000000000e+00
0.000000000000000000e+00
0.000000000000000000e+00
0.000000000000000000e+00
0.000000000000000000e+00
0.000000000000000000e+00
0.000000000000000000e+00
0.000000000000000000e+00
0.000000000000000000e+00
0.000000000000000000e+00
0.000000000000000000e+00
0.000000000000000000e+00
0.000000000000000000e+00
0.000000000000000000e+00
0.000000000000000000e+00
0.000000000000000000e+00
0.000000000000000000e+00
0.000000000000000000e+00
0.000000000000000000e+00
0.000000000000000000e+00
0.000000000000000000e+00
0.000000000000000000e+00
0.000000000000000000e+00
0.000000000000000000e+00
0.000000000000000000e+00
0.000000000000000000e+00
0.000000000000000000e+00
0.000000000000000000e+00
0.000000000000000000e+00
0.000000000000000000e+00
0.000000000000000000e+00
0.000000000000000000e+00
0.000000000000000000e+00
0.000000000000000000e+00
0.000000000000000000e+00
0.000000000000000000e+00
0.000000000000000000e+00
0.000000000000000000e+00
0.000000000000000000e+00
0.000000000000000000e+00
0.000000000000000000e+00
0.000000000000000000e+00
0.000000000000000000e+00
0.000000000000000000e+00
0.000000000000000000e+00
0.000000000000000000e+00
0.000000000000000000e+00
0.000000000000000000e+00
0.000000000000000000e+00
0.000000000000000000e+00
0.000000000000000000e+00
0.000000000000000000e+00
0.000000000000000000e+00
0.000000000000000000e+00
0.000000000000000000e+00
0.000000000000000000e+00
0.000000000000000000e+00
0.000000000000000000e+00
0.000000000000000000e+00
0.000000000000000000e+00
0.000000000000000000e+00
0.000000000000000000e+00
0.000000000000000000e+00
0.000000000000000000e+00
0.000000000000000000e+00
0.000000000000000000e+00
0.000000000000000000e+00
0.000000000000000000e+00
0.000000000000000000e+00
0.000000000000000000e+00
0.000000000000000000e+00
0.000000000000000000e+00
0.000000000000000000e+00
0.000000000000000000e+00
0.000000000000000000e+00
0.000000000000000000e+00
0.000000000000000000e+00
0.000000000000000000e+00
0.000000000000000000e+00
0.000000000000000000e+00
0.000000000000000000e+00
0.000000000000000000e+00
0.000000000000000000e+00
0.000000000000000000e+00
0.000000000000000000e+00
0.000000000000000000e+00
0.000000000000000000e+00
0.000000000000000000e+00
0.000000000000000000e+00
0.000000000000000000e+00
0.000000000000000000e+00
0.000000000000000000e+00
0.000000000000000000e+00
0.000000000000000000e+00
0.000000000000000000e+00
0.000000000000000000e+00
0.000000000000000000e+00
0.000000000000000000e+00
0.000000000000000000e+00
0.000000000000000000e+00
0.000000000000000000e+00
0.000000000000000000e+00
0.000000000000000000e+00
0.000000000000000000e+00
0.000000000000000000e+00
0.000000000000000000e+00
0.000000000000000000e+00
0.000000000000000000e+00
0.000000000000000000e+00
0.000000000000000000e+00
0.000000000000000000e+00
0.000000000000000000e+00
0.000000000000000000e+00
0.000000000000000000e+00
0.000000000000000000e+00
0.000000000000000000e+00
0.000000000000000000e+00
0.000000000000000000e+00
0.000000000000000000e+00
0.000000000000000000e+00
0.000000000000000000e+00
0.000000000000000000e+00
0.000000000000000000e+00
0.000000000000000000e+00
0.000000000000000000e+00
0.000000000000000000e+00
0.000000000000000000e+00
0.000000000000000000e+00
0.000000000000000000e+00
0.000000000000000000e+00
0.000000000000000000e+00
0.000000000000000000e+00
0.000000000000000000e+00
0.000000000000000000e+00
0.000000000000000000e+00
0.000000000000000000e+00
0.000000000000000000e+00
0.000000000000000000e+00
0.000000000000000000e+00
0.000000000000000000e+00
0.000000000000000000e+00
0.000000000000000000e+00
0.000000000000000000e+00
0.000000000000000000e+00
0.000000000000000000e+00
0.000000000000000000e+00
0.000000000000000000e+00
0.000000000000000000e+00
0.000000000000000000e+00
0.000000000000000000e+00
0.000000000000000000e+00
0.000000000000000000e+00
0.000000000000000000e+00
0.000000000000000000e+00
0.000000000000000000e+00
0.000000000000000000e+00
0.000000000000000000e+00
0.000000000000000000e+00
0.000000000000000000e+00
0.000000000000000000e+00
0.000000000000000000e+00
0.000000000000000000e+00
0.000000000000000000e+00
0.000000000000000000e+00
0.000000000000000000e+00
0.000000000000000000e+00
0.000000000000000000e+00
0.000000000000000000e+00
0.000000000000000000e+00
0.000000000000000000e+00
0.000000000000000000e+00
0.000000000000000000e+00
0.000000000000000000e+00
0.000000000000000000e+00
0.000000000000000000e+00
0.000000000000000000e+00
0.000000000000000000e+00
0.000000000000000000e+00
0.000000000000000000e+00
0.000000000000000000e+00
0.000000000000000000e+00
0.000000000000000000e+00
0.000000000000000000e+00
0.000000000000000000e+00
0.000000000000000000e+00
nan
