# bin_19_6
-1.698733657786944439e-08
1.174750212773041657e-08
-1.517609289369849628e-08
6.757885187296313840e-09
-1.356220991760408759e-08
5.470538012603248683e-09
-1.009271885548444436e-08
2.884051978582452129e-12
-4.685664796284233974e-09
-3.853444338012166061e-09
2.252274148632029174e-09
-8.986574788374082161e-09
1.061911982093913998e-08
1.681853248545825892e-08
1.680933765652783917e-08
6.475070187856605745e-09
-6.836004892203449544e-09
-1.167163644881686800e-08
-6.074681394708101265e-09
2.650566394210354411e-09
9.203776389661950394e-09
1.102666161379888609e-08
8.976112835310800138e-09
6.101575390380370190e-09
3.781877288362440776e-09
2.774508578501783228e-09
3.120592352013036044e-09
4.038592536827464516e-09
4.952354128441417355e-09
5.504807538999713998e-09
5.488313237378660505e-09
5.132041334787045085e-09
4.756727184245511342e-09
4.371508291114472812e-09
3.983289421773438946e-09
3.597252223347475992e-09
3.217245806787900495e-09
2.080290875739766987e-09
-2.500315666023866304e-11
-2.438823866777572065e-09
-4.685456801804442687e-09
-6.429640313817745901e-09
-7.443009688495867998e-09
-7.578252080711097112e-09
-6.917036115385661890e-09
-5.807160688856309072e-09
-4.496099336695629110e-09
-3.172513463426371464e-09
-1.978233291011774731e-09
-1.017847341500421771e-09
-3.663890770940007188e-10
-7.550544186512388282e-11
1.284074834361743890e-11
8.318820995183835214e-11
1.378603801961897306e-10
1.788882129062612673e-10
2.080490553461419204e-10
2.268999633813693185e-10
2.368063135047816101e-10
2.389664276441614626e-10
2.344328094425361456e-10
2.263719211846456409e-10
2.174243709962392817e-10
2.077401911452628015e-10
1.974506975826841785e-10
1.866708001592892753e-10
1.755010133715972657e-10
1.640292090564230011e-10
1.523321463236346896e-10
1.404768088558699842e-10
1.285215753491912943e-10
1.165172451858832595e-10
1.205174215552608886e-11
-2.427501159174542550e-10
-6.017986595863596048e-10
-1.025881024575876266e-09
-1.481764090713280820e-09
-1.941413305910523979e-09
-2.381311944511064086e-09
-2.781867508347379062e-09
-3.126893819995058218e-09
-3.403158930328447006e-09
-3.599990307863716763e-09
-3.708929930125679165e-09
-3.723432886440287051e-09
-3.687247128268994179e-09
-3.647892826704924682e-09
-3.605730902459843230e-09
-3.561090310255473584e-09
-3.514270891606090417e-09
-3.465545957391076572e-09
-3.415164627731641393e-09
-3.363353953669965862e-09
-3.310320842487932862e-09
-3.256253806151921477e-09
-3.201324550291040673e-09
-3.145689419275128004e-09
-3.089490711326679320e-09
-3.032857876152275780e-09
-2.975908606291962856e-09
-2.918749832240175027e-09
-2.858441760220127121e-09
-2.792744358132957404e-09
-2.722717824151043043e-09
-2.649312718112945366e-09
-2.573380143970673180e-09
-2.495680983073830899e-09
-2.416894270387529269e-09
-2.337624796316052210e-09
-2.258410008401107959e-09
-2.179726279664158315e-09
-2.101994603664565122e-09
-2.025585770357667735e-09
-1.950825071480268382e-09
-1.877996579394803638e-09
-1.807347039025545273e-09
-1.739089408666077064e-09
-1.673406081978269256e-09
-1.610451820396520398e-09
-1.549027060736233044e-09
-1.487971094349879051e-09
-1.427462330177594632e-09
-1.367659877159958388e-09
-1.308705190353545058e-09
-1.250723580710917092e-09
-1.193825600132122504e-09
-1.138108312358358133e-09
-1.083656459339823749e-09
-1.030543531859257842e-09
-9.788327524211879151e-10
-9.285779777170834697e-10
-8.798245273410899431e-10
-8.326099448537511024e-10
-7.869646967663887431e-10
-7.429128145416213788e-10
-7.004724842711532411e-10
-6.596565882966751457e-10
-6.204732026795013735e-10
-5.829260540962569726e-10
-5.470149394386968868e-10
-5.127361111225169409e-10
-4.797218714538726317e-10
-4.476081121298094163e-10
-4.163928512408594530e-10
-3.860726605520429718e-10
-3.566428064392544636e-10
-3.280973796576987002e-10
-3.004294148057984083e-10
-2.736310002794700769e-10
-2.476933794488528788e-10
-2.226070437320234608e-10
-1.983618181872385903e-10
-1.749469401967508978e-10
-1.523511317706119885e-10
-1.305626659578108294e-10
-1.095694278144995604e-10
-8.935897034428022445e-11
-6.991856579371516755e-11
-5.123525265677599229e-11
-3.329587871500121742e-11
-1.608714041518562390e-11
4.043811365392813061e-13
1.619218730641348707e-11
3.128983195234763318e-11
4.571089411048961191e-11
5.946895314532496982e-11
7.299726113058714110e-11
8.665392560282714540e-11
1.003454711491122793e-10
1.139856113195457304e-10
1.274947996673224809e-10
1.407998081181891557e-10
1.538333309570926591e-10
1.788440992836842478e-10
1.907131083933212445e-10
2.020935222596630329e-10
2.129424970656724834e-10
2.232211906024666412e-10
2.328945061772526689e-10
2.419308519045691154e-10
2.503019144434681322e-10
2.649500658921982807e-10
2.711850695488629125e-10
2.766702548172371171e-10
2.813907543057514995e-10
2.853338794854974870e-10
2.884889738359776772e-10
2.908472747797193146e-10
2.931471448246465152e-10
2.930795286914757618e-10
2.921965261342806823e-10
2.904970460108123808e-10
2.825839470547922422e-10
2.725948743329756053e-10
2.585243690204083402e-10
2.408536925273830480e-10
2.200364719274342391e-10
1.706470463441925550e-10
1.428561479319690065e-10
1.134837747997642406e-10
5.131458601626272574e-11
1.912819085889059255e-11
-1.341683764350730172e-11
-4.606044553439939379e-11
-1.106845059999255564e-10
-1.422237049431104344e-10
-1.729774251658315277e-10
-2.313976471047245446e-10
-2.587297155680381791e-10
-2.846061719254710271e-10
-3.314462592843319832e-10
-3.521619412456631855e-10
-3.876344511668601146e-10
-4.021971054199183354e-10
-4.145279049786505084e-10
-4.321900570457586587e-10
-4.373866362781817945e-10
-4.402215733053896049e-10
-4.377619002501367617e-10
-4.256528161896485217e-10
-4.164923351013863757e-10
-4.055278348854982652e-10
-3.789288103243947762e-10
-3.636426655849751283e-10
-3.299041967611426337e-10
-3.117506887683558369e-10
-2.735662074966658191e-10
-2.537906233579009025e-10
-2.134622182941196342e-10
-1.931267444148331102e-10
-1.526136880464862190e-10
-1.129161721114470745e-10
-9.358149586392774148e-11
-5.631633309728207715e-11
-3.852333663287495591e-11
-4.930169645868693670e-12
2.563122851323838388e-11
3.964753425462071816e-11
6.492466112194944392e-11
7.610381154095327984e-11
9.536004399146374846e-11
1.102661270957286343e-10
1.160166252814563207e-10
1.239896327418551720e-10
1.271187744536121731e-10
1.268215901850987823e-10
1.233351902874571403e-10
1.167199854762734292e-10
1.071788273872877334e-10
1.013712901371221594e-10
8.779693708396926805e-11
7.175558861598832768e-11
5.341318690061071854e-11
4.342841030055856876e-11
2.192552791057762598e-11
-1.502792024643258226e-12
-2.672069163119643929e-11
-5.359984882094429487e-11
-6.762425500304243695e-11
-9.677015129543926127e-11
-1.272867723442860692e-10
-1.590690216046778392e-10
-1.920176330851271958e-10
-2.260388512302786989e-10
-2.610441293409946704e-10
-2.969498453796836306e-10
-3.336770340861585755e-10
-3.711511344004681726e-10
-4.093017512559168673e-10
-4.480624308670222535e-10
-4.873704486944648531e-10
-5.271666093225214441e-10
-5.778565933350434581e-10
-6.478495132777511333e-10
-7.342546196043654347e-10
-8.343849088039101944e-10
-9.457445449437582992e-10
-1.066017054118710420e-09
-1.193054242505920089e-09
-1.324865792040861840e-09
-1.459609490809110326e-09
-1.595582058108910499e-09
-1.731210526798926777e-09
-1.865044148016177372e-09
-2.059536014910749936e-09
-2.183270157452840756e-09
-2.300988563228160154e-09
-2.411702726004596684e-09
-2.514509816102939404e-09
-2.652116032792345062e-09
-2.731719901500514856e-09
-2.800856310153954118e-09
-2.858945569212994155e-09
-2.924243883028953157e-09
-2.952561314107218746e-09
-2.968247895600116011e-09
-2.967363255433913825e-09
-2.950080689231616403e-09
-2.918949832892214268e-09
-2.845265664103052144e-09
-2.780258163142569726e-09
-2.662738739166192865e-09
-2.573116816793401891e-09
-2.476013826677261713e-09
-2.319001840523836403e-09
-2.208413148806817194e-09
-2.036282775445036383e-09
-1.918775624257987265e-09
-1.740613468918114967e-09
-1.621767137218706264e-09
-1.445274254535378798e-09
-1.272969279965030420e-09
-1.161471744669503026e-09
-1.000704691671464501e-09
-8.986016395720532964e-10
-7.542378000794145033e-10
-6.216931276890261503e-10
-5.405344041540185769e-10
-4.304564992683215264e-10
-3.352800154243601657e-10
-2.805586493620661053e-10
-2.121647019165225942e-10
-1.608169488445927024e-10
-1.271179194268844076e-10
-1.147105180787637234e-10
-1.028115133183462419e-10
-9.202910638674102399e-11
-8.226450566575641129e-11
-7.342549606838586125e-11
-6.800430354352772102e-11
-6.051958559307324902e-11
-5.374364020469014104e-11
-4.760502228228018534e-11
-4.203714624359936358e-11
-3.697798182814165637e-11
-3.236976914339251158e-11
-2.815875167855745855e-11
-2.429492610363912731e-11
-2.073180775395431814e-11
-1.742621077631308052e-11
-1.433804198363293397e-11
-1.143010753015486784e-11
-8.667931580045821026e-12
-5.156928597781803630e-12
-2.614797797337043144e-12
-1.210293397003260885e-13
2.348910340710596663e-12
4.817630947674250122e-12
7.305939604308238185e-12
1.068696916179700671e-11
1.329261329544491643e-11
1.595839438980140865e-11
1.951787332432703063e-11
2.216972787206560411e-11
2.479232685919524003e-11
2.822372395027119880e-11
3.073456208965772228e-11
3.318095342191824720e-11
3.632749943315398996e-11
3.859065771084112055e-11
4.146564582306651978e-11
4.350668472743724735e-11
4.606361638684688548e-11
4.785140196345086610e-11
5.005337894962360528e-11
5.156346057087711132e-11
5.338185465734044946e-11
5.497098494435248912e-11
5.600882812687892489e-11
5.718336178713539493e-11
5.811512330390140498e-11
5.865273275879014606e-11
5.915271007572592725e-11
5.940338676178072721e-11
5.940380461990354438e-11
5.915365496159676413e-11
5.880175643615616716e-11
5.797496376186209202e-11
5.386330248016493142e-11
4.576792857942219604e-11
3.425976881180895528e-11
1.986863399917028111e-11
3.085833076959576479e-12
-1.563337866167298439e-11
-3.586750619540962211e-11
-5.722666611117465787e-11
-7.935057318407466390e-11
-1.019066533895966404e-10
-1.245882751409886435e-10
-1.526888920114887875e-10
-1.746551366756596885e-10
-1.959101865225428557e-10
-2.162403721143922312e-10
-2.400565488085374546e-10
-2.576175102098739276e-10
-2.736796467906837442e-10
-2.914320907022093385e-10
-3.036175657451085703e-10
-3.138863364427984601e-10
-3.238724116893067340e-10
-3.294719250906709315e-10
-3.333560522844167949e-10
-3.338885195647740048e-10
-3.312403528993009726e-10
-3.268041347919364309e-10
-3.191330730990417185e-10
-3.094005106791106134e-10
-3.003319984091653180e-10
-2.876275557528793566e-10
-2.736438112510468933e-10
-2.616976808318749563e-10
-2.460037138159798582e-10
-2.296568827766628911e-10
-2.128485304241289605e-10
-1.957547543991447734e-10
-1.785374253857125018e-10
-1.613451384164816532e-10
-1.477012658498524614e-10
-1.308895078028674798e-10
-1.144555787255050238e-10
-9.538185389261579600e-11
-8.013814119644300093e-11
-6.557818296018336323e-11
-5.177954336436309068e-11
-3.881219740914051527e-11
-2.673905056560469679e-11
-1.351048233470794528e-11
-3.594228526495274441e-12
5.268570813737413023e-12
1.303974546376335910e-11
2.104905318756426087e-11
2.736213428611210999e-11
3.466025234845130303e-11
4.050094135762403127e-11
4.720957988664227793e-11
5.254253374742389221e-11
5.862484865908437474e-11
6.342366913700423568e-11
6.885275114661820786e-11
7.391727294298343341e-11
7.785613063443493327e-11
8.224208455922972801e-11
8.625428755774323873e-11
8.989141383600065270e-11
9.315300048731794441e-11
9.603937110285385145e-11
9.855156503250646963e-11
1.006912718872583078e-10
1.024607709044193448e-10
1.038628748252154337e-10
1.049008779600108940e-10
1.055785081402975773e-10
1.058998822786233045e-10
1.058694652779708524e-10
1.054920320509082871e-10
1.046198540988957780e-10
1.035020720695763442e-10
1.017868485685885544e-10
9.894939670752008851e-11
9.590115638691190408e-11
9.174090758854620306e-11
8.774406013573734325e-11
8.267711673420522244e-11
7.806228101534256360e-11
7.244595302608820621e-11
6.666345432944836602e-11
6.079604551400002647e-11
5.575589046745349889e-11
4.992360486200005033e-11
4.420279837286498595e-11
3.865103932322593192e-11
3.332074105312337002e-11
2.825951675262967025e-11
2.351051083835454809e-11
1.911270845893906660e-11
1.510122460307763288e-11
1.150757417981503328e-11
8.359924344819153630e-12
5.340740014325226253e-12
3.229475200832161613e-12
1.633481821007484805e-12
4.616772185232565036e-13
2.295049595503366152e-14
0.000000000000000000e+00
0.000000000000000000e+00
0.000000000000000000e+00
0.000000000000000000e+00
0.000000000000000000e+00
0.000000000000000000e+00
0.000000000000000000e+00
0.000000000000000000e+00
0.000000000000000000e+00
0.000000000000000000e+00
0.000000000000000000e+00
0.000000000000000000e+00
0.000000000000000000e+00
0.000000000000000000e+00
0.000000000000000000e+00
0.000000000000000000e+00
0.000000000000000000e+00
0.000000000000000000e+00
0.000000000000000000e+00
0.000000000000000000e+00
0.000000000000000000e+00
0.000000000000000000e+00
0.000000000000000000e+00
0.000000000000000000e+00
0.000000000000000000e+00
0.000000000000000000e+00
0.000000000000000000e+00
0.000000000000000000e+00
0.000000000000000000e+00
0.000000000000000000e+00
0.000000000000000000e+00
0.000000000000000000e+00
0.000000000000000000e+00
0.000000000000000000e+00
0.000000000000000000e+00
0.000000000000000000e+00
0.000000000000000000e+00
0.000000000000000000e+00
0.000000000000000000e+00
0.000000000000000000e+00
0.000000000000000000e+00
0.000000000000000000e+00
0.000000000000000000e+00
0.000000000000000000e+00
0.000000000000000000e+00
0.000000000000000000e+00
0.000000000000000000e+00
0.000000000000000000e+00
0.000000000000000000e+00
0.000000000000000000e+00
0.000000000000000000e+00
0.000000000000000000e+00
0.000000000000000000e+00
0.000000000000000000e+00
0.000000000000000000e+00
0.000000000000000000e+00
0.000000000000000000e+00
0.000000000000000000e+00
0.000000000000000000e+00
0.000000000000000000e+00
0.000000000000000000e+00
0.000000000000000000e+00
0.000000000000000000e+00
0.000000000000000000e+00
0.000000000000000000e+00
0.000000000000000000e+00
0.000000000000000000e+00
0.000000000000000000e+00
0.000000000000000000e+00
0.000000000000000000e+00
0.000000000000000000e+00
0.000000000000000000e+00
0.000000000000000000e+00
0.000000000000000000e+00
0.000000000000000000e+00
0.000000000000000000e+00
0.000000000000000000e+00
0.000000000000000000e+00
0.000000000000000000e+00
0.000000000000000000e+00
0.000000000000000000e+00
0.000000000000000000e+00
0.000000000000000000e+00
0.000000000000000000e+00
0.000000000000000000e+00
0.000000000000000000e+00
0.000000000000000000e+00
0.000000000000000000e+00
0.000000000000000000e+00
0.000000000000000000e+00
0.000000000000000000e+00
0.000000000000000000e+00
0.000000000000000000e+00
0.000000000000000000e+00
0.000000000000000000e+00
0.000000000000000000e+00
0.000000000000000000e+00
0.000000000000000000e+00
0.000000000000000000e+00
0.000000000000000000e+00
0.000000000000000000e+00
0.000000000000000000e+00
0.000000000000000000e+00
0.000000000000000000e+00
0.000000000000000000e+00
0.000000000000000000e+00
0.000000000000000000e+00
0.000000000000000000e+00
0.000000000000000000e+00
0.000000000000000000e+00
0.000000000000000000e+00
0.000000000000000000e+00
0.000000000000000000e+00
0.000000000000000000e+00
0.000000000000000000e+00
0.000000000000000000e+00
0.000000000000000000e+00
0.000000000000000000e+00
0.000000000000000000e+00
0.000000000000000000e+00
0.000000000000000000e+00
0.000000000000000000e+00
0.000000000000000000e+00
0.000000000000000000e+00
0.000000000000000000e+00
0.000000000000000000e+00
0.000000000000000000e+00
0.000000000000000000e+00
0.000000000000000000e+00
0.000000000000000000e+00
0.000000000000000000e+00
0.000000000000000000e+00
0.000000000000000000e+00
0.000000000000000000e+00
0.000000000000000000e+00
0.000000000000000000e+00
0.000000000000000000e+00
0.000000000000000000e+00
0.000000000000000000e+00
0.000000000000000000e+00
0.000000000000000000e+00
0.000000000000000000e+00
0.000000000000000000e+00
0.000000000000000000e+00
0.000000000000000000e+00
0.000000000000000000e+00
0.000000000000000000e+00
0.000000000000000000e+00
0.000000000000000000e+00
0.000000000000000000e+00
0.000000000000000000e+00
0.000000000000000000e+00
0.000000000000000000e+00
0.000000000000000000e+00
0.000000000000000000e+00
0.000000000000000000e+00
0.000000000000000000e+00
0.000000000000000000e+00
0.000000000000000000e+00
0.000000000000000000e+00
0.000000000000000000e+00
0.000000000000000000e+00
0.000000000000000000e+00
0.000000000000000000e+00
0.000000000000000000e+00
0.000000000000000000e+00
0.000000000000000000e+00
0.000000000000000000e+00
0.000000000000000000e+00
0.000000000000000000e+00
0.000000000000000000e+00
0.000000000000000000e+00
0.000000000000000000e+00
0.000000000000000000e+00
0.000000000000000000e+00
0.000000000000000000e+00
0.000000000000000000e+00
0.000000000000000000e+00
0.000000000000000000e+00
0.000000000000000000e+00
0.000000000000000000e+00
0.000000000000000000e+00
0.000000000000000000e+00
0.000000000000000000e+00
0.000000000000000000e+00
0.000000000000000000e+00
0.000000000000000000e+00
0.000000000000000000e+00
0.000000000000000000e+00
0.000000000000000000e+00
0.000000000000000000e+00
0.000000000000000000e+00
0.000000000000000000e+00
0.000000000000000000e+00
0.000000000000000000e+00
0.000000000000000000e+00
0.000000000000000000e+00
0.000000000000000000e+00
0.000000000000000000e+00
0.000000000000000000e+00
0.000000000000000000e+00
0.000000000000000000e+00
0.000000000000000000e+00
0.000000000000000000e+00
0.000000000000000000e+00
0.000000000000000000e+00
0.000000000000000000e+00
0.000000000000000000e+00
0.000000000000000000e+00
0.000000000000000000e+00
0.000000000000000000e+00
0.000000000000000000e+00
0.000000000000000000e+00
0.000000000000000000e+00
0.000000000000000000e+00
0.000000000000000000e+00
0.000000000000000000e+00
0.000000000000000000e+00
0.000000000000000000e+00
0.000000000000000000e+00
0.000000000000000000e+00
0.000000000000000000e+00
0.000000000000000000e+00
0.000000000000000000e+00
0.000000000000000000e+00
0.000000000000000000e+00
0.000000000000000000e+00
0.000000000000000000e+00
0.000000000000000000e+00
0.000000000000000000e+00
0.000000000000000000e+00
0.000000000000000000e+00
0.000000000000000000e+00
0.000000000000000000e+00
0.000000000000000000e+00
0.000000000000000000e+00
0.000000000000000000e+00
0.000000000000000000e+00
0.000000000000000000e+00
0.000000000000000000e+00
0.000000000000000000e+00
0.000000000000000000e+00
0.000000000000000000e+00
0.000000000000000000e+00
0.000000000000000000e+00
0.000000000000000000e+00
0.000000000000000000e+00
0.000000000000000000e+00
0.000000000000000000e+00
0.000000000000000000e+00
0.000000000000000000e+00
0.000000000000000000e+00
0.000000000000000000e+00
0.000000000000000000e+00
0.000000000000000000e+00
0.000000000000000000e+00
0.000000000000000000e+00
0.000000000000000000e+00
0.000000000000000000e+00
0.000000000000000000e+00
0.000000000000000000e+00
0.000000000000000000e+00
0.000000000000000000e+00
0.000000000000000000e+00
0.000000000000000000e+00
0.000000000000000000e+00
0.000000000000000000e+00
0.000000000000000000e+00
0.000000000000000000e+00
0.000000000000000000e+00
0.000000000000000000e+00
0.000000000000000000e+00
0.000000000000000000e+00
0.000000000000000000e+00
0.000000000000000000e+00
0.000000000000000000e+00
0.000000000000000000e+00
0.000000000000000000e+00
0.000000000000000000e+00
0.000000000000000000e+00
0.000000000000000000e+00
0.000000000000000000e+00
0.000000000000000000e+00
0.000000000000000000e+00
0.000000000000000000e+00
0.000000000000000000e+00
0.000000000000000000e+00
0.000000000000000000e+00
0.000000000000000000e+00
0.000000000000000000e+00
0.000000000000000000e+00
0.000000000000000000e+00
0.000000000000000000e+00
0.000000000000000000e+00
0.000000000000000000e+00
0.000000000000000000e+00
0.000000000000000000e+00
0.000000000000000000e+00
0.000000000000000000e+00
0.000000000000000000e+00
0.000000000000000000e+00
0.000000000000000000e+00
0.000000000000000000e+00
0.000000000000000000e+00
0.000000000000000000e+00
0.000000000000000000e+00
0.000000000000000000e+00
0.000000000000000000e+00
0.000000000000000000e+00
0.000000000000000000e+00
0.000000000000000000e+00
0.000000000000000000e+00
0.000000000000000000e+00
0.000000000000000000e+00
0.000000000000000000e+00
0.000000000000000000e+00
0.000000000000000000e+00
0.000000000000000000e+00
0.000000000000000000e+00
0.000000000000000000e+00
0.000000000000000000e+00
0.000000000000000000e+00
0.000000000000000000e+00
0.000000000000000000e+00
0.000000000000000000e+00
0.000000000000000000e+00
0.000000000000000000e+00
0.000000000000000000e+00
0.000000000000000000e+00
0.000000000000000000e+00
0.000000000000000000e+00
0.000000000000000000e+00
0.000000000000000000e+00
0.000000000000000000e+00
0.000000000000000000e+00
0.000000000000000000e+00
0.000000000000000000e+00
0.000000000000000000e+00
0.000000000000000000e+00
0.000000000000000000e+00
0.000000000000000000e+00
0.000000000000000000e+00
0.000000000000000000e+00
0.000000000000000000e+00
0.000000000000000000e+00
0.000000000000000000e+00
0.000000000000000000e+00
0.000000000000000000e+00
0.000000000000000000e+00
0.000000000000000000e+00
0.000000000000000000e+00
0.000000000000000000e+00
0.000000000000000000e+00
0.000000000000000000e+00
0.000000000000000000e+00
0.000000000000000000e+00
0.000000000000000000e+00
0.000000000000000000e+00
0.000000000000000000e+00
0.000000000000000000e+00
0.000000000000000000e+00
0.000000000000000000e+00
0.000000000000000000e+00
0.000000000000000000e+00
0.000000000000000000e+00
0.000000000000000000e+00
0.000000000000000000e+00
0.000000000000000000e+00
0.000000000000000000e+00
0.000000000000000000e+00
0.000000000000000000e+00
0.000000000000000000e+00
0.000000000000000000e+00
0.000000000000000000e+00
0.000000000000000000e+00
0.000000000000000000e+00
0.000000000000000000e+00
0.000000000000000000e+00
0.000000000000000000e+00
0.000000000000000000e+00
0.000000000000000000e+00
0.000000000000000000e+00
0.000000000000000000e+00
0.000000000000000000e+00
0.000000000000000000e+00
0.000000000000000000e+00
0.000000000000000000e+00
0.000000000000000000e+00
0.000000000000000000e+00
0.000000000000000000e+00
0.000000000000000000e+00
0.000000000000000000e+00
0.000000000000000000e+00
0.000000000000000000e+00
0.000000000000000000e+00
0.000000000000000000e+00
0.000000000000000000e+00
0.000000000000000000e+00
0.000000000000000000e+00
0.000000000000000000e+00
0.000000000000000000e+00
0.000000000000000000e+00
0.000000000000000000e+00
0.000000000000000000e+00
0.000000000000000000e+00
0.000000000000000000e+00
0.000000000000000000e+00
0.000000000000000000e+00
0.000000000000000000e+00
0.000000000000000000e+00
0.000000000000000000e+00
0.000000000000000000e+00
0.000000000000000000e+00
0.000000000000000000e+00
0.000000000000000000e+00
0.000000000000000000e+00
0.000000000000000000e+00
0.000000000000000000e+00
0.000000000000000000e+00
0.000000000000000000e+00
0.000000000000000000e+00
0.000000000000000000e+00
0.000000000000000000e+00
0.000000000000000000e+00
0.000000000000000000e+00
0.000000000000000000e+00
0.000000000000000000e+00
0.000000000000000000e+00
0.000000000000000000e+00
0.000000000000000000e+00
0.000000000000000000e+00
0.000000000000000000e+00
0.000000000000000000e+00
0.000000000000000000e+00
0.000000000000000000e+00
0.000000000000000000e+00
0.000000000000000000e+00
0.000000000000000000e+00
0.000000000000000000e+00
0.000000000000000000e+00
0.000000000000000000e+00
0.000000000000000000e+00
0.000000000000000000e+00
0.000000000000000000e+00
0.000000000000000000e+00
0.000000000000000000e+00
0.000000000000000000e+00
0.000000000000000000e+00
0.000000000000000000e+00
0.000000000000000000e+00
0.000000000000000000e+00
0.000000000000000000e+00
0.000000000000000000e+00
0.000000000000000000e+00
0.000000000000000000e+00
0.000000000000000000e+00
0.000000000000000000e+00
0.000000000000000000e+00
0.000000000000000000e+00
0.000000000000000000e+00
0.000000000000000000e+00
0.000000000000000000e+00
0.000000000000000000e+00
0.000000000000000000e+00
0.000000000000000000e+00
0.000000000000000000e+00
0.000000000000000000e+00
0.000000000000000000e+00
0.000000000000000000e+00
0.000000000000000000e+00
0.000000000000000000e+00
0.000000000000000000e+00
0.000000000000000000e+00
0.000000000000000000e+00
0.000000000000000000e+00
0.000000000000000000e+00
0.000000000000000000e+00
0.000000000000000000e+00
0.000000000000000000e+00
0.000000000000000000e+00
0.000000000000000000e+00
0.000000000000000000e+00
0.000000000000000000e+00
0.000000000000000000e+00
0.000000000000000000e+00
0.000000000000000000e+00
0.000000000000000000e+00
0.000000000000000000e+00
0.000000000000000000e+00
0.000000000000000000e+00
0.000000000000000000e+00
0.000000000000000000e+00
0.000000000000000000e+00
0.000000000000000000e+00
0.000000000000000000e+00
0.000000000000000000e+00
0.000000000000000000e+00
0.000000000000000000e+00
0.000000000000000000e+00
0.000000000000000000e+00
0.000000000000000000e+00
0.000000000000000000e+00
0.000000000000000000e+00
0.000000000000000000e+00
0.000000000000000000e+00
0.000000000000000000e+00
0.000000000000000000e+00
0.000000000000000000e+00
0.000000000000000000e+00
0.000000000000000000e+00
0.000000000000000000e+00
0.000000000000000000e+00
0.000000000000000000e+00
0.000000000000000000e+00
0.000000000000000000e+00
0.000000000000000000e+00
nan
