# bin_22_18
-9.753891441742456286e-09
-9.338359152454797577e-09
-1.227608781283526899e-08
-4.407411894766632546e-09
-3.676068820567868817e-09
-4.713584273503501531e-09
-2.182460005606748819e-09
-3.012142645893979580e-09
-1.389630583831335148e-09
-1.568672532065400736e-09
-9.257533256705831820e-10
-1.109108969471878133e-09
-1.709957267637138155e-10
-2.357019275467759542e-10
-2.761375494711976872e-10
-2.271373478997978457e-10
-1.607079719570822499e-10
-8.843021092377848367e-11
6.673064939187339665e-12
1.050000699812426466e-10
1.686279705831081205e-10
1.808519068247496090e-10
1.453883847403364807e-12
-3.092294407301727618e-10
-5.519131147368929034e-10
-6.165718439395391732e-10
-2.782811737685398332e-10
3.568724982312260993e-10
9.765121878642113937e-10
1.387484950180269514e-09
1.477913988362376679e-09
1.189741268319680131e-09
6.741561014382224198e-10
1.186460116771234092e-10
-3.503623653999641673e-10
-6.507160046701756802e-10
-7.322291804384634523e-10
-6.056121800239655239e-10
-3.658146984880387448e-10
-8.796162999106221966e-11
1.736989185250227413e-10
3.808543481098557225e-10
5.073275256098700103e-10
5.361490913040147019e-10
4.858162144674803294e-10
3.990600463110078163e-10
2.963719606906419677e-10
1.933551648418722112e-10
1.017221590070602558e-10
3.009290679864864601e-11
-1.536553949321347875e-11
-3.042588032459328340e-11
-2.717637773318812080e-11
-2.073689584234427283e-11
-1.240153288269768867e-11
-3.206396558250771360e-12
6.025481708081750940e-12
1.464695320509623848e-11
2.215591400449926571e-11
2.816970967110503848e-11
3.240387278982580664e-11
3.553809837264404671e-11
3.835898923730281666e-11
4.081692168056473668e-11
4.287578035557496498e-11
4.451060855574949401e-11
4.570563509848332589e-11
4.645261730287534492e-11
4.674944958915145423e-11
4.659899552434840816e-11
4.600810801405455914e-11
4.498680804863797798e-11
4.160030438214681067e-11
3.473229587738249401e-11
2.548403845357245619e-11
1.479157207798168413e-11
3.447321895467451901e-12
-7.881094655230918693e-12
-1.863448191914518602e-11
-2.834778060332807652e-11
-3.663760661018584096e-11
-4.319137584292564051e-11
-4.775780917480638599e-11
-5.013863959671216131e-11
-5.018136743025546455e-11
-4.840038787622886798e-11
-4.559041725759291819e-11
-4.202147905546145338e-11
-3.792912835096179882e-11
-3.351830839774980728e-11
-2.896677895146433070e-11
-2.442816553022464072e-11
-2.003467285155104637e-11
-1.589950051685386369e-11
-1.211899449342689208e-11
-8.774563988664483706e-12
-5.934389847208101485e-12
-3.654947564526311487e-12
-1.982365344581714860e-12
-9.536352868666299351e-13
-5.976937278121784901e-13
-9.200880750297381828e-13
-1.824582042586948167e-12
-3.192299235001502578e-12
-4.917071788539585883e-12
-6.904236700078734615e-12
-9.069545803044011993e-12
-1.133817826320673644e-11
-1.364384561355674157e-11
-1.592798036895953131e-11
-1.813900017233457875e-11
-2.023164023722863442e-11
-2.216634757808620942e-11
-2.390873116897368220e-11
-2.542906275262963934e-11
-2.670182354209767203e-11
-2.770529252353363781e-11
-2.842117248701261692e-11
-2.883425028751204139e-11
-2.906453703340562073e-11
-2.924310578832330217e-11
-2.937330237784165158e-11
-2.945827150756690113e-11
-2.950096944714630175e-11
-2.950417585096004653e-11
-2.947050477925846233e-11
-2.940241497840786029e-11
-2.930221947424645222e-11
-2.917209452828858672e-11
-2.901408800261702141e-11
-2.883012717573286470e-11
-2.862202604836311166e-11
-2.839149217522903317e-11
-2.814013305602951993e-11
-2.786946211637134167e-11
-2.758090430706198198e-11
-2.727580134805283272e-11
-2.695541664136382278e-11
-2.662093987552172295e-11
-2.627349134238764194e-11
-2.591412598572481232e-11
-2.519605021489563459e-11
-2.384245267489759114e-11
-2.195307659501646102e-11
-1.961981083028470735e-11
-1.692723557413606917e-11
-1.395313026614507930e-11
-1.076894641449612336e-11
-7.440247846573958356e-12
-4.027120711389304361e-12
-5.845553830483199793e-13
2.837197746175962588e-12
6.192296742533389094e-12
9.438999172900756158e-12
1.253937413358134542e-11
1.545903380289655264e-11
1.816688316153636411e-11
2.063488662323241843e-11
2.283785040937336059e-11
2.475321958525573418e-11
2.636088875336761147e-11
2.764302547092000939e-11
2.858390552523746361e-11
2.916975926206454179e-11
2.938862821867882181e-11
2.923023136632858883e-11
2.846826513623079176e-11
2.695172151751088996e-11
2.477924249044973411e-11
2.204286301768980726e-11
1.882840295869935037e-11
1.521583576131098916e-11
1.127963536124565768e-11
2.708672604537589213e-12
-1.801796277312141193e-12
-6.386749929343600906e-12
-1.099468224307834231e-11
-1.557789368085777894e-11
-2.009226391903082812e-11
-2.449703770149291750e-11
-2.875462311430930117e-11
-3.669254860929001618e-11
-4.031186546578961467e-11
-4.366161979032086137e-11
-4.671739595565574941e-11
-4.945695380853305523e-11
-5.186009556333322835e-11
-5.390854033556944347e-11
-5.687709704954636693e-11
-5.776920078105081922e-11
-5.825038690834086882e-11
-5.831031478672522873e-11
-5.724246551053155932e-11
-5.634257265770821807e-11
-5.526338364933108071e-11
-5.402669278759977773e-11
-5.265303860808464679e-11
-4.957109369761115195e-11
-4.789815728938721135e-11
-4.615907793969449731e-11
-4.254217623333013632e-11
-4.069194509786533007e-11
-3.883084444770321460e-11
-3.697061896897518685e-11
-3.329607930219352065e-11
-3.150167376094072330e-11
-2.974803121153581064e-11
-2.639596409819501485e-11
-2.481259881309551030e-11
-2.330017268270677391e-11
-2.051267989030801012e-11
-1.924874783057497266e-11
-1.700518493611425686e-11
-1.603424929369140918e-11
-1.516906986127091627e-11
-1.376953979358479975e-11
-1.324119092908076406e-11
-1.254016770161700335e-11
-1.237182991664371377e-11
-1.275268765019340205e-11
-1.334853259582109542e-11
-1.418063686483026336e-11
-1.645892232314463837e-11
-1.786063358509070687e-11
-2.108614555145851776e-11
-2.287178391325244471e-11
-2.670054167385347820e-11
-2.871102609734506816e-11
-3.284885886414580345e-11
-3.494841491515637111e-11
-3.914479162730799808e-11
-4.326009117533620971e-11
-4.526067277203014900e-11
-4.909952640683153125e-11
-5.092017472215355540e-11
-5.432368505446807333e-11
-5.736205447108098676e-11
-5.872793546299296135e-11
-6.112393936871836600e-11
-6.214355001151918685e-11
-6.380237611685807051e-11
-6.492638308865794343e-11
-6.527862160090123801e-11
-6.554764874357372812e-11
-6.521790884330961626e-11
-6.482260053700025486e-11
-6.353388819294935942e-11
-6.162683110106563570e-11
-5.919512867659932753e-11
-5.780974806812713988e-11
-5.475048327105202228e-11
-5.136912652593403399e-11
-4.773535320565139567e-11
-4.584398754777631539e-11
-4.194966618779837101e-11
-3.795265710381869334e-11
-3.390409764940223837e-11
-2.985065477173710183e-11
-2.783554245840248911e-11
-2.385327937356675526e-11
-1.996529129488042973e-11
-1.620498010466052171e-11
-1.260255352017429643e-11
-9.185256640550249571e-12
-5.977587424620647929e-12
-3.001497238560931135e-12
-2.765775277913361776e-13
2.179766410142877819e-12
4.352153646758659525e-12
6.227076999105050397e-12
7.792762783819633137e-12
9.039040227487309032e-12
1.008296496335980671e-11
1.104999203533258709e-11
1.194356056020045201e-11
1.276695876228604461e-11
1.352333103219159557e-11
1.421568462646245342e-11
1.484689602807927980e-11
1.541971698649368019e-11
1.593678025480190908e-11
1.640060504059836361e-11
1.681360218607256598e-11
1.717807909198897724e-11
1.763862449941383671e-11
1.789125847688530231e-11
1.810269907089389389e-11
1.827484292823882749e-11
1.840950633527110437e-11
1.854501056869659241e-11
1.859342341641306887e-11
1.861012988576920567e-11
1.859662633624729030e-11
1.852284674955061285e-11
1.843995957378530130e-11
1.833162302592925858e-11
1.812408723395620860e-11
1.795741678896545607e-11
1.776877835801644440e-11
1.743997487681651694e-11
1.719137875768698003e-11
1.677732042531129061e-11
1.647545825184214532e-11
1.615417308537957519e-11
1.563802537304793324e-11
1.527251136887799015e-11
1.469439078033971136e-11
1.429033575010776758e-11
1.365833831129731127e-11
1.322086307143467913e-11
1.254227778360173171e-11
1.183893305182950144e-11
1.135738163437737820e-11
1.061762973295843443e-11
1.011370722895839340e-11
9.343093416423988394e-12
8.556390799455803725e-12
8.023820536306138402e-12
7.213995820675200642e-12
6.392347474127700559e-12
5.838718813720299921e-12
5.000479122722971313e-12
4.154012388652301117e-12
3.300515861323675448e-12
2.728169817972180999e-12
1.795569585188382341e-12
7.357271247124591072e-13
-4.269139808184705893e-13
-1.669814439088229455e-12
-2.532680517552493863e-12
-3.864029530310660863e-12
-5.223896575910287654e-12
-6.595692901885931607e-12
-7.964205425102540743e-12
-9.315503805812280511e-12
-1.063685363931368552e-11
-1.191663535092008550e-11
-1.314426840938944141e-11
-1.431014050119138458e-11
-1.540554133318255359e-11
-1.642260075457779881e-11
-1.735423091069478593e-11
-1.819407216095649903e-11
-1.916134868121305918e-11
-1.976600227121731931e-11
-2.026230238840498039e-11
-2.064650123062873468e-11
-2.091534479972426286e-11
-2.106603753397385705e-11
-2.107913172069379331e-11
-2.094559923150995452e-11
-2.071282079761933082e-11
-2.037786475553858336e-11
-2.011650985789627965e-11
-1.984807868601521648e-11
-1.948148225504609051e-11
-1.920163424142107447e-11
-1.891887040752598161e-11
-1.853915810927071078e-11
-1.825363278152290966e-11
-1.787366953028468229e-11
-1.759033001793321169e-11
-1.721617361829804072e-11
-1.693918479798057714e-11
-1.657591874693524454e-11
-1.630876329222764290e-11
-1.596062183844409071e-11
-1.562273532702348235e-11
-1.537666566312998858e-11
-1.505910048833036069e-11
-1.475431435584906363e-11
-1.453454929535575214e-11
-1.425381035550067517e-11
-1.398762236772353599e-11
-1.373647355164668634e-11
-1.350077913836776220e-11
-1.333436203192615543e-11
-1.312626669466423196e-11
-1.292854760531363307e-11
-1.273843525712425547e-11
-1.255533242353347760e-11
-1.237868041675212735e-11
-1.220795673078685676e-11
-1.204267283121578130e-11
-1.188237208214703151e-11
-1.172662780145084049e-11
-1.157504143596809174e-11
-1.142724084896590122e-11
-1.128287871263719985e-11
-1.110676982990621161e-11
-1.096899268898425366e-11
-1.083367889627028029e-11
-1.070057079888555262e-11
-1.053692371429280495e-11
-1.040792706600426300e-11
-1.028041646094454331e-11
-1.012283136222303704e-11
-9.997994114580581630e-12
-9.874077389195310679e-12
-9.720252223760299386e-12
-9.597884003226821251e-12
-9.445585957753924851e-12
-9.324139936908522903e-12
-9.172654495684412820e-12
-8.958308118032344834e-12
-8.450802337271608117e-12
-7.714269242361595288e-12
-6.985062065154869805e-12
-5.927449361905618008e-12
-4.737213582064831078e-12
-3.709417343012127471e-12
-2.353141059853272067e-12
-9.409717183190697594e-13
5.037698209647507249e-13
1.959681758067299236e-12
3.407151486042050678e-12
4.828234308056858290e-12
5.935038370122879690e-12
7.268298759155649139e-12
8.532864371690731638e-12
9.942040474565110787e-12
1.101286923030850798e-11
1.197882002316673518e-11
1.283083592265585370e-11
1.356080460889914059e-11
1.416149246730409322e-11
1.470268682456449992e-11
1.499743621466261948e-11
1.514496968667212192e-11
1.514111637276979943e-11
1.495234043044117824e-11
1.473314347032396410e-11
1.442289816351000128e-11
1.413009721098962126e-11
1.374364288996518143e-11
1.339674464715957970e-11
1.295584526335881064e-11
1.257169900506073144e-11
1.209512778823655699e-11
1.160605792993012968e-11
1.119214581618938843e-11
1.069135918419464982e-11
1.018965657895973506e-11
9.690492551061242936e-12
9.197026981342497730e-12
8.712145178733353509e-12
8.238476647695366504e-12
7.778412615743333647e-12
7.334122405046285228e-12
6.907568726148660531e-12
6.500521966336356824e-12
6.114573540069398565e-12
5.751148364176244807e-12
5.411516516130308254e-12
5.096804129674840929e-12
4.762452049374939173e-12
4.504583044700865235e-12
4.256241368132711853e-12
3.967721053379934886e-12
3.722637761114916659e-12
3.440624237721929930e-12
3.203242554962687300e-12
2.932469864483984465e-12
2.706487396766039072e-12
2.450878332156441923e-12
2.204808119913763653e-12
1.969109549301005342e-12
1.775901555054047715e-12
1.561367471089865138e-12
1.359103889464142543e-12
1.169626972760637305e-12
9.933851331750301176e-13
8.307641541988799203e-13
6.820919589624700185e-13
5.476430497158303609e-13
4.276426411688191935e-13
3.222705087840281625e-13
2.316645716125673663e-13
1.463218466682337582e-13
8.764716759764389604e-14
4.393552027877692363e-14
1.229705913046318406e-14
6.063556899560961860e-16
0.000000000000000000e+00
0.000000000000000000e+00
0.000000000000000000e+00
0.000000000000000000e+00
0.000000000000000000e+00
0.000000000000000000e+00
0.000000000000000000e+00
0.000000000000000000e+00
0.000000000000000000e+00
0.000000000000000000e+00
0.000000000000000000e+00
0.000000000000000000e+00
0.000000000000000000e+00
0.000000000000000000e+00
0.000000000000000000e+00
0.000000000000000000e+00
0.000000000000000000e+00
0.000000000000000000e+00
0.000000000000000000e+00
0.000000000000000000e+00
0.000000000000000000e+00
0.000000000000000000e+00
0.000000000000000000e+00
0.000000000000000000e+00
0.000000000000000000e+00
0.000000000000000000e+00
0.000000000000000000e+00
0.000000000000000000e+00
0.000000000000000000e+00
0.000000000000000000e+00
0.000000000000000000e+00
0.000000000000000000e+00
0.000000000000000000e+00
0.000000000000000000e+00
0.000000000000000000e+00
0.000000000000000000e+00
0.000000000000000000e+00
0.000000000000000000e+00
0.000000000000000000e+00
0.000000000000000000e+00
0.000000000000000000e+00
0.000000000000000000e+00
0.000000000000000000e+00
0.000000000000000000e+00
0.000000000000000000e+00
0.000000000000000000e+00
0.000000000000000000e+00
0.000000000000000000e+00
0.000000000000000000e+00
0.000000000000000000e+00
0.000000000000000000e+00
0.000000000000000000e+00
0.000000000000000000e+00
0.000000000000000000e+00
0.000000000000000000e+00
0.000000000000000000e+00
0.000000000000000000e+00
0.000000000000000000e+00
0.000000000000000000e+00
0.000000000000000000e+00
0.000000000000000000e+00
0.000000000000000000e+00
0.000000000000000000e+00
0.000000000000000000e+00
0.000000000000000000e+00
0.000000000000000000e+00
0.000000000000000000e+00
0.000000000000000000e+00
0.000000000000000000e+00
0.000000000000000000e+00
0.000000000000000000e+00
0.000000000000000000e+00
0.000000000000000000e+00
0.000000000000000000e+00
0.000000000000000000e+00
0.000000000000000000e+00
0.000000000000000000e+00
0.000000000000000000e+00
0.000000000000000000e+00
0.000000000000000000e+00
0.000000000000000000e+00
0.000000000000000000e+00
0.000000000000000000e+00
0.000000000000000000e+00
0.000000000000000000e+00
0.000000000000000000e+00
0.000000000000000000e+00
0.000000000000000000e+00
0.000000000000000000e+00
0.000000000000000000e+00
0.000000000000000000e+00
0.000000000000000000e+00
0.000000000000000000e+00
0.000000000000000000e+00
0.000000000000000000e+00
0.000000000000000000e+00
0.000000000000000000e+00
0.000000000000000000e+00
0.000000000000000000e+00
0.000000000000000000e+00
0.000000000000000000e+00
0.000000000000000000e+00
0.000000000000000000e+00
0.000000000000000000e+00
0.000000000000000000e+00
0.000000000000000000e+00
0.000000000000000000e+00
0.000000000000000000e+00
0.000000000000000000e+00
0.000000000000000000e+00
0.000000000000000000e+00
0.000000000000000000e+00
0.000000000000000000e+00
0.000000000000000000e+00
0.000000000000000000e+00
0.000000000000000000e+00
0.000000000000000000e+00
0.000000000000000000e+00
0.000000000000000000e+00
0.000000000000000000e+00
0.000000000000000000e+00
0.000000000000000000e+00
0.000000000000000000e+00
0.000000000000000000e+00
0.000000000000000000e+00
0.000000000000000000e+00
0.000000000000000000e+00
0.000000000000000000e+00
0.000000000000000000e+00
0.000000000000000000e+00
0.000000000000000000e+00
0.000000000000000000e+00
0.000000000000000000e+00
0.000000000000000000e+00
0.000000000000000000e+00
0.000000000000000000e+00
0.000000000000000000e+00
0.000000000000000000e+00
0.000000000000000000e+00
0.000000000000000000e+00
0.000000000000000000e+00
0.000000000000000000e+00
0.000000000000000000e+00
0.000000000000000000e+00
0.000000000000000000e+00
0.000000000000000000e+00
0.000000000000000000e+00
0.000000000000000000e+00
0.000000000000000000e+00
0.000000000000000000e+00
0.000000000000000000e+00
0.000000000000000000e+00
0.000000000000000000e+00
0.000000000000000000e+00
0.000000000000000000e+00
0.000000000000000000e+00
0.000000000000000000e+00
0.000000000000000000e+00
0.000000000000000000e+00
0.000000000000000000e+00
0.000000000000000000e+00
0.000000000000000000e+00
0.000000000000000000e+00
0.000000000000000000e+00
0.000000000000000000e+00
0.000000000000000000e+00
0.000000000000000000e+00
0.000000000000000000e+00
0.000000000000000000e+00
0.000000000000000000e+00
0.000000000000000000e+00
0.000000000000000000e+00
0.000000000000000000e+00
0.000000000000000000e+00
0.000000000000000000e+00
0.000000000000000000e+00
0.000000000000000000e+00
0.000000000000000000e+00
0.000000000000000000e+00
0.000000000000000000e+00
0.000000000000000000e+00
0.000000000000000000e+00
0.000000000000000000e+00
0.000000000000000000e+00
0.000000000000000000e+00
0.000000000000000000e+00
0.000000000000000000e+00
0.000000000000000000e+00
0.000000000000000000e+00
0.000000000000000000e+00
0.000000000000000000e+00
0.000000000000000000e+00
0.000000000000000000e+00
0.000000000000000000e+00
0.000000000000000000e+00
0.000000000000000000e+00
0.000000000000000000e+00
0.000000000000000000e+00
0.000000000000000000e+00
0.000000000000000000e+00
0.000000000000000000e+00
0.000000000000000000e+00
0.000000000000000000e+00
0.000000000000000000e+00
0.000000000000000000e+00
0.000000000000000000e+00
0.000000000000000000e+00
0.000000000000000000e+00
0.000000000000000000e+00
0.000000000000000000e+00
0.000000000000000000e+00
0.000000000000000000e+00
0.000000000000000000e+00
0.000000000000000000e+00
0.000000000000000000e+00
0.000000000000000000e+00
0.000000000000000000e+00
0.000000000000000000e+00
0.000000000000000000e+00
0.000000000000000000e+00
0.000000000000000000e+00
0.000000000000000000e+00
0.000000000000000000e+00
0.000000000000000000e+00
0.000000000000000000e+00
0.000000000000000000e+00
0.000000000000000000e+00
0.000000000000000000e+00
0.000000000000000000e+00
0.000000000000000000e+00
0.000000000000000000e+00
0.000000000000000000e+00
0.000000000000000000e+00
0.000000000000000000e+00
0.000000000000000000e+00
0.000000000000000000e+00
0.000000000000000000e+00
0.000000000000000000e+00
0.000000000000000000e+00
0.000000000000000000e+00
0.000000000000000000e+00
0.000000000000000000e+00
0.000000000000000000e+00
0.000000000000000000e+00
0.000000000000000000e+00
0.000000000000000000e+00
0.000000000000000000e+00
0.000000000000000000e+00
0.000000000000000000e+00
0.000000000000000000e+00
0.000000000000000000e+00
0.000000000000000000e+00
0.000000000000000000e+00
0.000000000000000000e+00
0.000000000000000000e+00
0.000000000000000000e+00
0.000000000000000000e+00
0.000000000000000000e+00
0.000000000000000000e+00
0.000000000000000000e+00
0.000000000000000000e+00
0.000000000000000000e+00
0.000000000000000000e+00
0.000000000000000000e+00
0.000000000000000000e+00
0.000000000000000000e+00
0.000000000000000000e+00
0.000000000000000000e+00
0.000000000000000000e+00
0.000000000000000000e+00
0.000000000000000000e+00
0.000000000000000000e+00
0.000000000000000000e+00
0.000000000000000000e+00
0.000000000000000000e+00
0.000000000000000000e+00
0.000000000000000000e+00
0.000000000000000000e+00
0.000000000000000000e+00
0.000000000000000000e+00
0.000000000000000000e+00
0.000000000000000000e+00
0.000000000000000000e+00
0.000000000000000000e+00
0.000000000000000000e+00
0.000000000000000000e+00
0.000000000000000000e+00
0.000000000000000000e+00
0.000000000000000000e+00
0.000000000000000000e+00
0.000000000000000000e+00
0.000000000000000000e+00
0.000000000000000000e+00
0.000000000000000000e+00
0.000000000000000000e+00
0.000000000000000000e+00
0.000000000000000000e+00
0.000000000000000000e+00
0.000000000000000000e+00
0.000000000000000000e+00
0.000000000000000000e+00
0.000000000000000000e+00
0.000000000000000000e+00
0.000000000000000000e+00
0.000000000000000000e+00
0.000000000000000000e+00
0.000000000000000000e+00
0.000000000000000000e+00
0.000000000000000000e+00
0.000000000000000000e+00
0.000000000000000000e+00
0.000000000000000000e+00
0.000000000000000000e+00
0.000000000000000000e+00
0.000000000000000000e+00
0.000000000000000000e+00
0.000000000000000000e+00
0.000000000000000000e+00
0.000000000000000000e+00
0.000000000000000000e+00
0.000000000000000000e+00
0.000000000000000000e+00
0.000000000000000000e+00
0.000000000000000000e+00
0.000000000000000000e+00
0.000000000000000000e+00
0.000000000000000000e+00
0.000000000000000000e+00
0.000000000000000000e+00
0.000000000000000000e+00
0.000000000000000000e+00
0.000000000000000000e+00
0.000000000000000000e+00
0.000000000000000000e+00
0.000000000000000000e+00
0.000000000000000000e+00
0.000000000000000000e+00
0.000000000000000000e+00
0.000000000000000000e+00
0.000000000000000000e+00
0.000000000000000000e+00
0.000000000000000000e+00
0.000000000000000000e+00
0.000000000000000000e+00
0.000000000000000000e+00
0.000000000000000000e+00
0.000000000000000000e+00
0.000000000000000000e+00
0.000000000000000000e+00
0.000000000000000000e+00
0.000000000000000000e+00
0.000000000000000000e+00
0.000000000000000000e+00
0.000000000000000000e+00
0.000000000000000000e+00
0.000000000000000000e+00
0.000000000000000000e+00
0.000000000000000000e+00
0.000000000000000000e+00
0.000000000000000000e+00
0.000000000000000000e+00
0.000000000000000000e+00
0.000000000000000000e+00
0.000000000000000000e+00
0.000000000000000000e+00
0.000000000000000000e+00
0.000000000000000000e+00
0.000000000000000000e+00
0.000000000000000000e+00
0.000000000000000000e+00
0.000000000000000000e+00
0.000000000000000000e+00
0.000000000000000000e+00
0.000000000000000000e+00
0.000000000000000000e+00
0.000000000000000000e+00
0.000000000000000000e+00
0.000000000000000000e+00
0.000000000000000000e+00
0.000000000000000000e+00
0.000000000000000000e+00
0.000000000000000000e+00
0.000000000000000000e+00
0.000000000000000000e+00
0.000000000000000000e+00
0.000000000000000000e+00
0.000000000000000000e+00
0.000000000000000000e+00
0.000000000000000000e+00
0.000000000000000000e+00
0.000000000000000000e+00
0.000000000000000000e+00
0.000000000000000000e+00
0.000000000000000000e+00
0.000000000000000000e+00
0.000000000000000000e+00
0.000000000000000000e+00
0.000000000000000000e+00
0.000000000000000000e+00
0.000000000000000000e+00
0.000000000000000000e+00
0.000000000000000000e+00
0.000000000000000000e+00
0.000000000000000000e+00
0.000000000000000000e+00
0.000000000000000000e+00
0.000000000000000000e+00
0.000000000000000000e+00
0.000000000000000000e+00
0.000000000000000000e+00
0.000000000000000000e+00
0.000000000000000000e+00
0.000000000000000000e+00
0.000000000000000000e+00
0.000000000000000000e+00
0.000000000000000000e+00
0.000000000000000000e+00
0.000000000000000000e+00
0.000000000000000000e+00
0.000000000000000000e+00
0.000000000000000000e+00
0.000000000000000000e+00
0.000000000000000000e+00
0.000000000000000000e+00
0.000000000000000000e+00
0.000000000000000000e+00
0.000000000000000000e+00
0.000000000000000000e+00
0.000000000000000000e+00
0.000000000000000000e+00
0.000000000000000000e+00
0.000000000000000000e+00
0.000000000000000000e+00
0.000000000000000000e+00
0.000000000000000000e+00
0.000000000000000000e+00
0.000000000000000000e+00
0.000000000000000000e+00
0.000000000000000000e+00
0.000000000000000000e+00
0.000000000000000000e+00
0.000000000000000000e+00
0.000000000000000000e+00
0.000000000000000000e+00
0.000000000000000000e+00
0.000000000000000000e+00
0.000000000000000000e+00
0.000000000000000000e+00
0.000000000000000000e+00
0.000000000000000000e+00
0.000000000000000000e+00
0.000000000000000000e+00
0.000000000000000000e+00
0.000000000000000000e+00
0.000000000000000000e+00
0.000000000000000000e+00
0.000000000000000000e+00
0.000000000000000000e+00
0.000000000000000000e+00
0.000000000000000000e+00
0.000000000000000000e+00
0.000000000000000000e+00
0.000000000000000000e+00
0.000000000000000000e+00
0.000000000000000000e+00
0.000000000000000000e+00
0.000000000000000000e+00
0.000000000000000000e+00
0.000000000000000000e+00
0.000000000000000000e+00
0.000000000000000000e+00
0.000000000000000000e+00
0.000000000000000000e+00
0.000000000000000000e+00
0.000000000000000000e+00
0.000000000000000000e+00
0.000000000000000000e+00
0.000000000000000000e+00
0.000000000000000000e+00
0.000000000000000000e+00
0.000000000000000000e+00
0.000000000000000000e+00
0.000000000000000000e+00
0.000000000000000000e+00
0.000000000000000000e+00
0.000000000000000000e+00
0.000000000000000000e+00
0.000000000000000000e+00
0.000000000000000000e+00
0.000000000000000000e+00
0.000000000000000000e+00
0.000000000000000000e+00
0.000000000000000000e+00
0.000000000000000000e+00
0.000000000000000000e+00
0.000000000000000000e+00
0.000000000000000000e+00
0.000000000000000000e+00
0.000000000000000000e+00
0.000000000000000000e+00
0.000000000000000000e+00
0.000000000000000000e+00
0.000000000000000000e+00
0.000000000000000000e+00
0.000000000000000000e+00
0.000000000000000000e+00
0.000000000000000000e+00
0.000000000000000000e+00
0.000000000000000000e+00
0.000000000000000000e+00
0.000000000000000000e+00
0.000000000000000000e+00
0.000000000000000000e+00
0.000000000000000000e+00
0.000000000000000000e+00
0.000000000000000000e+00
nan
