# bin_22_13
-3.208996302949916359e-09
6.595695786104322330e-10
-1.810010398546704215e-09
7.176738669566671141e-10
-8.119612524503262557e-10
-2.022624198337509488e-10
4.027930330869291332e-10
-1.782346918073162878e-09
1.748632160237908202e-09
-2.993101788678625548e-09
2.408021405029954771e-09
-4.002625866504259321e-09
4.491782724196153752e-09
5.016081858774949157e-09
4.704213574435055633e-09
8.065433497048075922e-10
-4.317082251029955295e-09
-6.085546011206000951e-09
-5.288245071958752083e-09
-4.277271697027328545e-09
-3.162033348784702027e-09
-2.013227896546098499e-09
-3.507588193151017969e-10
1.540532706001792865e-09
2.864047099538336599e-09
3.198280048044499390e-09
2.200397053055006575e-09
4.354911221597375992e-10
-1.278939372465406456e-09
-2.437738124331356950e-09
-2.748643965010062150e-09
-2.003872267940863327e-09
-5.615488446125746712e-10
1.063897694333786446e-09
2.522611467756397049e-09
3.584400407168586939e-09
4.105765035985542984e-09
4.275104151871588296e-09
4.356086188359923961e-09
4.365338764897908461e-09
4.316593346133716575e-09
4.221208136797253998e-09
4.088590448848330889e-09
3.926539230444459085e-09
3.572771684812362162e-09
2.972771647826486544e-09
2.265262263648372146e-09
1.555873139697074107e-09
9.238931907956945459e-10
4.276743096286867412e-10
1.089616946880163536e-10
-3.631998912562700585e-12
-6.047129555042589187e-12
-7.937928423214937153e-12
-9.372760911164968722e-12
-1.041135416063239141e-11
-1.110594743607979035e-11
-1.150227774126360155e-11
-1.164042612960745992e-11
-1.155554593054079021e-11
-1.127849063691383621e-11
-1.082223655260723428e-11
-1.019908172817161725e-11
-9.433516491554485112e-12
-8.547081019009087620e-12
-7.558723979960455316e-12
-6.485115079639419495e-12
-5.340917842266145007e-12
-4.139028042238087785e-12
-2.890782402944744502e-12
-1.606141517706992828e-12
-2.938503845648173768e-13
2.561911220183216460e-12
7.875322590587426888e-12
1.483831209722043930e-11
2.276485689734061092e-11
3.107498123806838540e-11
3.928082767476329005e-11
4.697452433631493305e-11
5.381761010572558404e-11
5.953181261227503035e-11
6.389100213796676807e-11
6.671416866766090939e-11
6.785928998109449239e-11
6.721797641767825510e-11
6.491262810315661205e-11
6.136415258935708862e-11
5.689983782059834373e-11
5.180517762482434431e-11
4.632854850288504005e-11
4.068536706773167934e-11
3.506178777099249907e-11
2.961799336401470484e-11
2.449112426513737167e-11
1.979788752163861905e-11
1.563688125792373578e-11
1.209066630038239867e-11
9.227612985847014251e-12
7.103547927466641653e-12
5.763222671011032651e-12
5.241623675946030205e-12
5.727231798486773086e-12
7.228259556264300052e-12
9.522286827359404253e-12
1.241103385848920244e-11
1.571805937462705162e-11
1.928667686784240998e-11
2.297806764930884406e-11
2.666957145885945318e-11
3.025313739571641348e-11
3.363391968999515554e-11
3.672900440162467887e-11
3.946625453301801916e-11
4.178326229299165686e-11
4.362639836874807346e-11
4.494994906489091042e-11
4.571533306635238872e-11
4.589039038725336824e-11
4.544873679017469359e-11
4.437725453037200528e-11
4.275145616732512655e-11
4.067423708403006346e-11
3.823897197340518983e-11
3.553029129514111119e-11
3.262479465459199606e-11
2.959170641959819080e-11
2.649347841934946887e-11
2.338634414193596228e-11
2.032082845968833583e-11
1.734221655981519269e-11
1.449098543868979634e-11
1.180320102824008849e-11
9.310883759422786901e-12
7.042345128165922107e-12
5.022497611157977298e-12
3.273140080378495928e-12
1.813220684476581166e-12
6.590790003234459797e-13
-1.753308921943770053e-13
-6.782348961587199813e-13
-8.398495535424869464e-13
-7.838461430461085096e-13
-6.482759968908581507e-13
-4.455378551115846669e-13
-1.870549507532947395e-13
1.166572316364948621e-13
4.559278909872389208e-13
8.218722005362176798e-13
1.206336642493702045e-12
1.601848098071406590e-12
2.001566426065671443e-12
2.399240283129537866e-12
2.789165957230462882e-12
3.166149002709136890e-12
3.525468480950116386e-12
3.862843625052114196e-12
4.174402760152532552e-12
4.456654323300578506e-12
4.706459838076895094e-12
4.921008709594582538e-12
5.097794715162593544e-12
5.234594074808059507e-12
5.329444994096565062e-12
5.380628579317291746e-12
5.386651032155445170e-12
5.346227037507610058e-12
5.242641926817360502e-12
5.065744143069792530e-12
4.823818340989081940e-12
4.524613288041920757e-12
4.175373147189703154e-12
3.782866923169481069e-12
3.353416184766328305e-12
2.406885360420229848e-12
1.900438653213957720e-12
1.378359156286596798e-12
8.450937480619678574e-13
3.047774409727782301e-13
-2.387483683310568849e-13
-7.819186974335702880e-13
-1.321428763054083225e-12
-2.377459117947936866e-12
-2.888537569298003257e-12
-3.385045672340835593e-12
-3.864767052152028921e-12
-4.325665932218134086e-12
-4.765876378475910083e-12
-5.183692152412282150e-12
-5.946056309916434342e-12
-6.287907210551216618e-12
-6.601951909021281078e-12
-6.887149412338527979e-12
-7.386493813153498273e-12
-7.636497643784209328e-12
-7.890749805870891337e-12
-8.147536664385404653e-12
-8.405254992848607605e-12
-8.917590522693889187e-12
-9.169502339928818557e-12
-9.416924641403572421e-12
-9.893848978731909857e-12
-1.012132000500126397e-11
-1.034023121894295074e-11
-1.054974370993554983e-11
-1.093753297594771618e-11
-1.111443786774300840e-11
-1.127919389863187917e-11
-1.157009931032934131e-11
-1.169528688349045782e-11
-1.180639680794726216e-11
-1.198492587954017097e-11
-1.205171025088286979e-11
-1.213899227455614031e-11
-1.215905542750330044e-11
-1.216315947531114648e-11
-1.212293145046024680e-11
-1.207838232840838904e-11
-1.194004310259611953e-11
-1.184616776621892378e-11
-1.071896341488656162e-11
-9.525976744917429832e-12
-7.966560757634101130e-12
-3.896421758785601479e-12
-1.455184108243577789e-12
4.078624382836905764e-12
7.111574341716477077e-12
1.357165151154546699e-11
1.694780179420276402e-11
2.387464194529721008e-11
2.738192777777601385e-11
3.438426819972844912e-11
4.124940568841135064e-11
4.458889681960012311e-11
5.100653162493014573e-11
5.405717132825765690e-11
5.977932366126537424e-11
6.492094944175167567e-11
6.724852436277886447e-11
7.137174702014638628e-11
7.315100889560551080e-11
7.610803996752584770e-11
7.822005289944541797e-11
7.894484245338365630e-11
7.970721830064573275e-11
7.952507883942687723e-11
7.907064955998882616e-11
7.764248177201143359e-11
7.571538584846878062e-11
7.335824046243600428e-11
7.203843962543145621e-11
6.915368347001859175e-11
6.598832108668965572e-11
6.259397378394549734e-11
6.082591340524884672e-11
5.717583288280078733e-11
5.340820497466785609e-11
4.956129052637652774e-11
4.567012084997809846e-11
4.371806103011153008e-11
3.981968558108332675e-11
3.595196360220661927e-11
3.214031978683152577e-11
2.840785911047085646e-11
2.477553219501516730e-11
2.126228929866782185e-11
1.788522373321420129e-11
1.465970545105563488e-11
1.159950548992511578e-11
8.716911912853699437e-12
6.022837834533610947e-12
3.526922082352717656e-12
1.237623000768931877e-12
-9.984010681821642160e-13
-3.321888334898809339e-12
-5.707806974505554769e-12
-8.133022718510040647e-12
-1.057617844381316217e-11
-1.301758126808695545e-11
-1.543909666843258339e-11
-1.782404917291489265e-11
-2.015712920492374585e-11
-2.242430568848668564e-11
-2.461274404885452803e-11
-2.671072926699685229e-11
-2.966504153507619628e-11
-3.149234813801552228e-11
-3.319601228985813980e-11
-3.476852497564754571e-11
-3.620315063925196050e-11
-3.808358303704415897e-11
-3.914864716252159957e-11
-4.005763218330602676e-11
-4.080669534452244182e-11
-4.162332320864064449e-11
-4.195915227703044314e-11
-4.212554353215603588e-11
-4.205374981091598518e-11
-4.178979660378579641e-11
-4.137458489432223428e-11
-4.073035754538809239e-11
-4.030902889654110481e-11
-3.968896733053598858e-11
-3.928337519736386811e-11
-3.888387453155141159e-11
-3.829579984282331312e-11
-3.791104135673097217e-11
-3.734457425681592251e-11
-3.697389200863972745e-11
-3.642805985315435642e-11
-3.607082245637786563e-11
-3.554470294903658973e-11
-3.502998820307086322e-11
-3.469302996699963880e-11
-3.419664987962207971e-11
-3.387164291203962362e-11
-3.339279318269933387e-11
-3.292409269508570227e-11
-3.261713228987397331e-11
-3.216475929007575152e-11
-3.172184314218572236e-11
-3.143169807893394856e-11
-3.100400194214385969e-11
-3.058512492373459183e-11
-3.017484097293395289e-11
-2.990598370815585370e-11
-2.961722560558400358e-11
-2.953168390544794062e-11
-2.962057453424719248e-11
-2.985725594307598293e-11
-3.008490310167880601e-11
-3.051407398596001076e-11
-3.102941966888332601e-11
-3.161101328759858646e-11
-3.224048549521102079e-11
-3.290092140974610645e-11
-3.357676427628244261e-11
-3.425372539051969255e-11
-3.491869986401442811e-11
-3.555968784088221135e-11
-3.616572080313177806e-11
-3.672679262713178455e-11
-3.723379507717512102e-11
-3.767845744385358188e-11
-3.816152787197604543e-11
-3.843285491339346954e-11
-3.861962298797663283e-11
-3.871658263823002739e-11
-3.871905956715363670e-11
-3.862291492134306024e-11
-3.833508572344919744e-11
-3.799546247484535919e-11
-3.740110144915351864e-11
-3.553609382896395661e-11
-3.339361245465545339e-11
-3.069261134223504515e-11
-2.633648127357292443e-11
-2.258304446217435299e-11
-1.847646887414289719e-11
-1.254354665431295514e-11
-7.814861449258981994e-12
-1.224959727947640448e-12
3.876388495754796558e-12
1.081584501820585769e-11
1.607700468158601015e-11
2.310424177922195885e-11
2.834438491237880031e-11
3.523757002898669519e-11
4.196818712832894746e-11
4.687611549858902437e-11
5.319294942189158927e-11
5.920851272491281168e-11
6.349756190591996866e-11
6.888956238863329773e-11
7.387750419762767972e-11
7.843151543121460067e-11
8.252525310228870672e-11
8.527950044348851433e-11
8.851563428768025489e-11
9.129221881115154843e-11
9.367604086378839041e-11
9.572281382350332485e-11
9.748419484111079929e-11
9.900804459925894118e-11
1.003386705143944202e-10
1.015170544767590598e-10
1.025810661470958394e-10
1.035656627580491616e-10
1.045030763027779016e-10
1.054229889325853063e-10
1.065896392822203462e-10
1.075665928142334721e-10
1.086068201912122852e-10
1.097308803261060007e-10
1.112822709031031599e-10
1.126610188872477752e-10
1.141786198625290236e-10
1.162916332834184691e-10
1.181697247593490750e-10
1.202264321273707343e-10
1.230630989566023036e-10
1.255553602981817448e-10
1.289613912183447091e-10
1.319264730534940318e-10
1.359419483961226149e-10
1.401985166579521650e-10
1.478251320582684661e-10
1.576242250511367420e-10
1.667667312101574771e-10
1.795219437847922151e-10
1.934413467038111167e-10
2.052077318723638254e-10
2.204650035605049823e-10
2.360873935917237513e-10
2.518328841675229266e-10
2.674798225722596817e-10
2.828255319284072336e-10
2.976850141697541724e-10
3.091087399971440578e-10
3.226786592615186813e-10
3.353284026281758613e-10
3.491138467161828041e-10
3.593055395205907855e-10
3.682097627501614306e-10
3.757354848353613160e-10
3.818016281027183566e-10
3.863363660829248723e-10
3.896681345085490693e-10
3.906224004261212461e-10
3.898702060280897057e-10
3.873718912150942193e-10
3.815483385156781461e-10
3.724448397483583300e-10
3.566901847965358337e-10
3.401093153721167379e-10
3.167486555329064800e-10
2.948889803500338401e-10
2.663702091780999907e-10
2.411226887811788151e-10
2.095478148254053095e-10
1.770817950472004312e-10
1.497007662571067597e-10
1.168434592669432235e-10
8.437762092068271115e-11
5.268309641319437400e-11
2.210591110948809776e-11
-7.039384038721305667e-12
-3.446752376166687714e-11
-5.992048570950074208e-11
-8.316558371075718867e-11
-1.039936878116211481e-10
-1.222175625121710749e-10
-1.376703152224229558e-10
-1.502039475226583023e-10
-1.596880023323251006e-10
-1.660083005733579973e-10
-1.692519485378484704e-10
-1.684262714989324748e-10
-1.656351322175418485e-10
-1.610178194627188033e-10
-1.560574960453515769e-10
-1.492876297073557237e-10
-1.427836621947625229e-10
-1.345383549467830463e-10
-1.270287509536799626e-10
-1.178894442342035582e-10
-1.084797321777358558e-10
-9.893184805922633382e-11
-9.073013281534490360e-11
-8.123940379705927632e-11
-7.193008189011030885e-11
-6.289584655265162323e-11
-5.422198867078152076e-11
-4.598598796947267824e-11
-3.825805225307411075e-11
-3.110162105567580146e-11
-2.457383609918987676e-11
-1.872598078810192394e-11
-1.360389081355330482e-11
-8.690849464861621614e-12
-5.255242297069960517e-12
-2.658123138719661436e-12
-7.512755155238954888e-13
-3.734675437365954672e-14
0.000000000000000000e+00
0.000000000000000000e+00
0.000000000000000000e+00
0.000000000000000000e+00
0.000000000000000000e+00
0.000000000000000000e+00
0.000000000000000000e+00
0.000000000000000000e+00
0.000000000000000000e+00
0.000000000000000000e+00
0.000000000000000000e+00
0.000000000000000000e+00
0.000000000000000000e+00
0.000000000000000000e+00
0.000000000000000000e+00
0.000000000000000000e+00
0.000000000000000000e+00
0.000000000000000000e+00
0.000000000000000000e+00
0.000000000000000000e+00
0.000000000000000000e+00
0.000000000000000000e+00
0.000000000000000000e+00
0.000000000000000000e+00
0.000000000000000000e+00
0.000000000000000000e+00
0.000000000000000000e+00
0.000000000000000000e+00
0.000000000000000000e+00
0.000000000000000000e+00
0.000000000000000000e+00
0.000000000000000000e+00
0.000000000000000000e+00
0.000000000000000000e+00
0.000000000000000000e+00
0.000000000000000000e+00
0.000000000000000000e+00
0.000000000000000000e+00
0.000000000000000000e+00
0.000000000000000000e+00
0.000000000000000000e+00
0.000000000000000000e+00
0.000000000000000000e+00
0.000000000000000000e+00
0.000000000000000000e+00
0.000000000000000000e+00
0.000000000000000000e+00
0.000000000000000000e+00
0.000000000000000000e+00
0.000000000000000000e+00
0.000000000000000000e+00
0.000000000000000000e+00
0.000000000000000000e+00
0.000000000000000000e+00
0.000000000000000000e+00
0.000000000000000000e+00
0.000000000000000000e+00
0.000000000000000000e+00
0.000000000000000000e+00
0.000000000000000000e+00
0.000000000000000000e+00
0.000000000000000000e+00
0.000000000000000000e+00
0.000000000000000000e+00
0.000000000000000000e+00
0.000000000000000000e+00
0.000000000000000000e+00
0.000000000000000000e+00
0.000000000000000000e+00
0.000000000000000000e+00
0.000000000000000000e+00
0.000000000000000000e+00
0.000000000000000000e+00
0.000000000000000000e+00
0.000000000000000000e+00
0.000000000000000000e+00
0.000000000000000000e+00
0.000000000000000000e+00
0.000000000000000000e+00
0.000000000000000000e+00
0.000000000000000000e+00
0.000000000000000000e+00
0.000000000000000000e+00
0.000000000000000000e+00
0.000000000000000000e+00
0.000000000000000000e+00
0.000000000000000000e+00
0.000000000000000000e+00
0.000000000000000000e+00
0.000000000000000000e+00
0.000000000000000000e+00
0.000000000000000000e+00
0.000000000000000000e+00
0.000000000000000000e+00
0.000000000000000000e+00
0.000000000000000000e+00
0.000000000000000000e+00
0.000000000000000000e+00
0.000000000000000000e+00
0.000000000000000000e+00
0.000000000000000000e+00
0.000000000000000000e+00
0.000000000000000000e+00
0.000000000000000000e+00
0.000000000000000000e+00
0.000000000000000000e+00
0.000000000000000000e+00
0.000000000000000000e+00
0.000000000000000000e+00
0.000000000000000000e+00
0.000000000000000000e+00
0.000000000000000000e+00
0.000000000000000000e+00
0.000000000000000000e+00
0.000000000000000000e+00
0.000000000000000000e+00
0.000000000000000000e+00
0.000000000000000000e+00
0.000000000000000000e+00
0.000000000000000000e+00
0.000000000000000000e+00
0.000000000000000000e+00
0.000000000000000000e+00
0.000000000000000000e+00
0.000000000000000000e+00
0.000000000000000000e+00
0.000000000000000000e+00
0.000000000000000000e+00
0.000000000000000000e+00
0.000000000000000000e+00
0.000000000000000000e+00
0.000000000000000000e+00
0.000000000000000000e+00
0.000000000000000000e+00
0.000000000000000000e+00
0.000000000000000000e+00
0.000000000000000000e+00
0.000000000000000000e+00
0.000000000000000000e+00
0.000000000000000000e+00
0.000000000000000000e+00
0.000000000000000000e+00
0.000000000000000000e+00
0.000000000000000000e+00
0.000000000000000000e+00
0.000000000000000000e+00
0.000000000000000000e+00
0.000000000000000000e+00
0.000000000000000000e+00
0.000000000000000000e+00
0.000000000000000000e+00
0.000000000000000000e+00
0.000000000000000000e+00
0.000000000000000000e+00
0.000000000000000000e+00
0.000000000000000000e+00
0.000000000000000000e+00
0.000000000000000000e+00
0.000000000000000000e+00
0.000000000000000000e+00
0.000000000000000000e+00
0.000000000000000000e+00
0.000000000000000000e+00
0.000000000000000000e+00
0.000000000000000000e+00
0.000000000000000000e+00
0.000000000000000000e+00
0.000000000000000000e+00
0.000000000000000000e+00
0.000000000000000000e+00
0.000000000000000000e+00
0.000000000000000000e+00
0.000000000000000000e+00
0.000000000000000000e+00
0.000000000000000000e+00
0.000000000000000000e+00
0.000000000000000000e+00
0.000000000000000000e+00
0.000000000000000000e+00
0.000000000000000000e+00
0.000000000000000000e+00
0.000000000000000000e+00
0.000000000000000000e+00
0.000000000000000000e+00
0.000000000000000000e+00
0.000000000000000000e+00
0.000000000000000000e+00
0.000000000000000000e+00
0.000000000000000000e+00
0.000000000000000000e+00
0.000000000000000000e+00
0.000000000000000000e+00
0.000000000000000000e+00
0.000000000000000000e+00
0.000000000000000000e+00
0.000000000000000000e+00
0.000000000000000000e+00
0.000000000000000000e+00
0.000000000000000000e+00
0.000000000000000000e+00
0.000000000000000000e+00
0.000000000000000000e+00
0.000000000000000000e+00
0.000000000000000000e+00
0.000000000000000000e+00
0.000000000000000000e+00
0.000000000000000000e+00
0.000000000000000000e+00
0.000000000000000000e+00
0.000000000000000000e+00
0.000000000000000000e+00
0.000000000000000000e+00
0.000000000000000000e+00
0.000000000000000000e+00
0.000000000000000000e+00
0.000000000000000000e+00
0.000000000000000000e+00
0.000000000000000000e+00
0.000000000000000000e+00
0.000000000000000000e+00
0.000000000000000000e+00
0.000000000000000000e+00
0.000000000000000000e+00
0.000000000000000000e+00
0.000000000000000000e+00
0.000000000000000000e+00
0.000000000000000000e+00
0.000000000000000000e+00
0.000000000000000000e+00
0.000000000000000000e+00
0.000000000000000000e+00
0.000000000000000000e+00
0.000000000000000000e+00
0.000000000000000000e+00
0.000000000000000000e+00
0.000000000000000000e+00
0.000000000000000000e+00
0.000000000000000000e+00
0.000000000000000000e+00
0.000000000000000000e+00
0.000000000000000000e+00
0.000000000000000000e+00
0.000000000000000000e+00
0.000000000000000000e+00
0.000000000000000000e+00
0.000000000000000000e+00
0.000000000000000000e+00
0.000000000000000000e+00
0.000000000000000000e+00
0.000000000000000000e+00
0.000000000000000000e+00
0.000000000000000000e+00
0.000000000000000000e+00
0.000000000000000000e+00
0.000000000000000000e+00
0.000000000000000000e+00
0.000000000000000000e+00
0.000000000000000000e+00
0.000000000000000000e+00
0.000000000000000000e+00
0.000000000000000000e+00
0.000000000000000000e+00
0.000000000000000000e+00
0.000000000000000000e+00
0.000000000000000000e+00
0.000000000000000000e+00
0.000000000000000000e+00
0.000000000000000000e+00
0.000000000000000000e+00
0.000000000000000000e+00
0.000000000000000000e+00
0.000000000000000000e+00
0.000000000000000000e+00
0.000000000000000000e+00
0.000000000000000000e+00
0.000000000000000000e+00
0.000000000000000000e+00
0.000000000000000000e+00
0.000000000000000000e+00
0.000000000000000000e+00
0.000000000000000000e+00
0.000000000000000000e+00
0.000000000000000000e+00
0.000000000000000000e+00
0.000000000000000000e+00
0.000000000000000000e+00
0.000000000000000000e+00
0.000000000000000000e+00
0.000000000000000000e+00
0.000000000000000000e+00
0.000000000000000000e+00
0.000000000000000000e+00
0.000000000000000000e+00
0.000000000000000000e+00
0.000000000000000000e+00
0.000000000000000000e+00
0.000000000000000000e+00
0.000000000000000000e+00
0.000000000000000000e+00
0.000000000000000000e+00
0.000000000000000000e+00
0.000000000000000000e+00
0.000000000000000000e+00
0.000000000000000000e+00
0.000000000000000000e+00
0.000000000000000000e+00
0.000000000000000000e+00
0.000000000000000000e+00
0.000000000000000000e+00
0.000000000000000000e+00
0.000000000000000000e+00
0.000000000000000000e+00
0.000000000000000000e+00
0.000000000000000000e+00
0.000000000000000000e+00
0.000000000000000000e+00
0.000000000000000000e+00
0.000000000000000000e+00
0.000000000000000000e+00
0.000000000000000000e+00
0.000000000000000000e+00
0.000000000000000000e+00
0.000000000000000000e+00
0.000000000000000000e+00
0.000000000000000000e+00
0.000000000000000000e+00
0.000000000000000000e+00
0.000000000000000000e+00
0.000000000000000000e+00
0.000000000000000000e+00
0.000000000000000000e+00
0.000000000000000000e+00
0.000000000000000000e+00
0.000000000000000000e+00
0.000000000000000000e+00
0.000000000000000000e+00
0.000000000000000000e+00
0.000000000000000000e+00
0.000000000000000000e+00
0.000000000000000000e+00
0.000000000000000000e+00
0.000000000000000000e+00
0.000000000000000000e+00
0.000000000000000000e+00
0.000000000000000000e+00
0.000000000000000000e+00
0.000000000000000000e+00
0.000000000000000000e+00
0.000000000000000000e+00
0.000000000000000000e+00
0.000000000000000000e+00
0.000000000000000000e+00
0.000000000000000000e+00
0.000000000000000000e+00
0.000000000000000000e+00
0.000000000000000000e+00
0.000000000000000000e+00
0.000000000000000000e+00
0.000000000000000000e+00
0.000000000000000000e+00
0.000000000000000000e+00
0.000000000000000000e+00
0.000000000000000000e+00
0.000000000000000000e+00
0.000000000000000000e+00
0.000000000000000000e+00
0.000000000000000000e+00
0.000000000000000000e+00
0.000000000000000000e+00
0.000000000000000000e+00
0.000000000000000000e+00
0.000000000000000000e+00
0.000000000000000000e+00
0.000000000000000000e+00
0.000000000000000000e+00
0.000000000000000000e+00
0.000000000000000000e+00
0.000000000000000000e+00
0.000000000000000000e+00
0.000000000000000000e+00
0.000000000000000000e+00
0.000000000000000000e+00
0.000000000000000000e+00
0.000000000000000000e+00
0.000000000000000000e+00
0.000000000000000000e+00
0.000000000000000000e+00
0.000000000000000000e+00
0.000000000000000000e+00
0.000000000000000000e+00
0.000000000000000000e+00
0.000000000000000000e+00
0.000000000000000000e+00
0.000000000000000000e+00
0.000000000000000000e+00
0.000000000000000000e+00
0.000000000000000000e+00
0.000000000000000000e+00
0.000000000000000000e+00
0.000000000000000000e+00
0.000000000000000000e+00
0.000000000000000000e+00
0.000000000000000000e+00
0.000000000000000000e+00
0.000000000000000000e+00
0.000000000000000000e+00
0.000000000000000000e+00
0.000000000000000000e+00
0.000000000000000000e+00
0.000000000000000000e+00
0.000000000000000000e+00
0.000000000000000000e+00
0.000000000000000000e+00
0.000000000000000000e+00
0.000000000000000000e+00
0.000000000000000000e+00
0.000000000000000000e+00
0.000000000000000000e+00
0.000000000000000000e+00
0.000000000000000000e+00
0.000000000000000000e+00
0.000000000000000000e+00
0.000000000000000000e+00
0.000000000000000000e+00
0.000000000000000000e+00
0.000000000000000000e+00
0.000000000000000000e+00
0.000000000000000000e+00
0.000000000000000000e+00
0.000000000000000000e+00
0.000000000000000000e+00
0.000000000000000000e+00
0.000000000000000000e+00
0.000000000000000000e+00
0.000000000000000000e+00
0.000000000000000000e+00
0.000000000000000000e+00
0.000000000000000000e+00
0.000000000000000000e+00
0.000000000000000000e+00
0.000000000000000000e+00
0.000000000000000000e+00
0.000000000000000000e+00
0.000000000000000000e+00
0.000000000000000000e+00
0.000000000000000000e+00
0.000000000000000000e+00
0.000000000000000000e+00
0.000000000000000000e+00
0.000000000000000000e+00
0.000000000000000000e+00
0.000000000000000000e+00
0.000000000000000000e+00
0.000000000000000000e+00
0.000000000000000000e+00
0.000000000000000000e+00
0.000000000000000000e+00
0.000000000000000000e+00
0.000000000000000000e+00
0.000000000000000000e+00
0.000000000000000000e+00
0.000000000000000000e+00
0.000000000000000000e+00
0.000000000000000000e+00
0.000000000000000000e+00
0.000000000000000000e+00
0.000000000000000000e+00
0.000000000000000000e+00
0.000000000000000000e+00
0.000000000000000000e+00
0.000000000000000000e+00
0.000000000000000000e+00
0.000000000000000000e+00
0.000000000000000000e+00
0.000000000000000000e+00
0.000000000000000000e+00
0.000000000000000000e+00
0.000000000000000000e+00
0.000000000000000000e+00
0.000000000000000000e+00
0.000000000000000000e+00
0.000000000000000000e+00
0.000000000000000000e+00
0.000000000000000000e+00
0.000000000000000000e+00
0.000000000000000000e+00
0.000000000000000000e+00
0.000000000000000000e+00
0.000000000000000000e+00
0.000000000000000000e+00
0.000000000000000000e+00
0.000000000000000000e+00
0.000000000000000000e+00
0.000000000000000000e+00
0.000000000000000000e+00
0.000000000000000000e+00
0.000000000000000000e+00
0.000000000000000000e+00
0.000000000000000000e+00
0.000000000000000000e+00
0.000000000000000000e+00
0.000000000000000000e+00
0.000000000000000000e+00
0.000000000000000000e+00
0.000000000000000000e+00
0.000000000000000000e+00
0.000000000000000000e+00
0.000000000000000000e+00
0.000000000000000000e+00
0.000000000000000000e+00
0.000000000000000000e+00
0.000000000000000000e+00
0.000000000000000000e+00
0.000000000000000000e+00
0.000000000000000000e+00
0.000000000000000000e+00
nan
