# bin_13_6
-4.563493727989962316e-08
-2.963102398691070737e-08
-7.358184015745364299e-09
-1.211677252914589344e-09
-2.190577659444991191e-09
-1.346730134486660855e-09
-2.767775165780060682e-09
-3.299370952889206062e-09
-4.025695667653612247e-09
-3.133087462322462019e-09
3.459393819293681684e-09
-3.697752820422646409e-09
8.863588067017334652e-09
6.729414737287440110e-09
3.536867599595407836e-09
-1.408607939194781119e-09
-5.904984139987060258e-09
-7.170768906563231590e-09
-6.313944770835170108e-09
-5.325464838156950589e-09
-4.283953128422283637e-09
-3.239374402285712524e-09
-1.286641790397074329e-09
1.358464152346965301e-09
3.534863476625944059e-09
4.603876979259176441e-09
4.878776237256002213e-09
4.959250952423797709e-09
4.894915939723904479e-09
4.723760685872770551e-09
4.474951012022964788e-09
2.828335381540037287e-09
-4.168801670483965398e-10
-3.963878851940707383e-09
-6.937559732869217004e-09
-8.768649354051910016e-09
-9.108740805564747522e-09
-8.539033845470188171e-09
-7.840586803830662999e-09
-7.076382124756414930e-09
-6.293281514465613855e-09
-5.525689711672268365e-09
-4.798392631896294951e-09
-4.128761199187628494e-09
-3.424857852670160355e-09
-2.651998062286763949e-09
-1.890442571097572731e-09
-1.199931166806981146e-09
-6.239783265089894371e-10
-1.932991731416700360e-10
7.145500095264751041e-11
1.575107244938476977e-10
1.507511887627240727e-10
1.425546247870969864e-10
1.331814767266472246e-10
1.228553263208310538e-10
1.117680977712104823e-10
1.000844897727411471e-10
8.794575707016885627e-11
7.547294320623851049e-11
6.276964915732195028e-11
4.601815310366817437e-11
2.340288937263170708e-11
-2.394469289671939592e-12
-2.917554202710605743e-11
-5.515092002141865878e-11
-7.887706580871342612e-11
-9.920269231863006928e-11
-1.152231638729458154e-10
-1.262416951316563131e-10
-1.317363183766225282e-10
-1.313317515417222988e-10
-1.279457754488059752e-10
-1.246791308972349309e-10
-1.215264685178154214e-10
-1.184827270433326753e-10
-1.155431154684847042e-10
-1.127030964316176863e-10
-1.099583707296145076e-10
-1.073048628836590402e-10
-1.047387076795885999e-10
-1.022562376121587960e-10
-9.985397116778458626e-11
-9.752860188520142435e-11
-9.527698813802709142e-11
-9.092911222938459700e-11
-8.296691776656097493e-11
-7.227373527345929681e-11
-5.962168654359410917e-11
-4.568405369031278598e-11
-3.104627929685964724e-11
-1.621575451385423969e-11
-1.630533070096834088e-12
1.233290731889641831e-11
2.535274906408217523e-11
3.715566986010750455e-11
4.751134544846208272e-11
5.622754622956401154e-11
6.314576246570981210e-11
6.813730028583340014e-11
7.109979727376554165e-11
7.286290447342599627e-11
7.432797223902863267e-11
7.551682640571478868e-11
7.644977635552397688e-11
7.714572604480315342e-11
7.762227625075774245e-11
7.789581879058316961e-11
7.798162339662508878e-11
7.789391786802539013e-11
7.764596206259483138e-11
7.725011624150629527e-11
7.671790423327439319e-11
7.606007184182030305e-11
7.528664088576799779e-11
7.440695922206192211e-11
7.342974707616425887e-11
7.236313997315863472e-11
7.121472853876279964e-11
6.976877028395583638e-11
6.786680231295690510e-11
6.559549444988931307e-11
6.303347475766997924e-11
6.025198596066785403e-11
5.731548851950430382e-11
5.428221485485999262e-11
5.120467881800659223e-11
4.813014414413371295e-11
4.510105529666833277e-11
4.215543381332912418e-11
3.932724299464945296e-11
3.664672353044823681e-11
3.414070243683184154e-11
3.183287747361519880e-11
2.974407902762252813e-11
2.789251127941818147e-11
2.629397431807855306e-11
2.496206872922073245e-11
2.390838405439355758e-11
2.314267240397305042e-11
2.267300839984238254e-11
2.239069556381909798e-11
2.217562856243717393e-11
2.201819425352023990e-11
2.190952757613321609e-11
2.184145977118358493e-11
2.180647018296308901e-11
2.179764138426185528e-11
2.180861738719400349e-11
2.183356471981387404e-11
2.186713616510760152e-11
2.190443697414036202e-11
2.194099337913175396e-11
2.197272324512408327e-11
2.199590871079254391e-11
2.200717067990262134e-11
2.200344503503054949e-11
2.198196045449077044e-11
2.194021772202943881e-11
2.187597042679768559e-11
2.178720695847075424e-11
2.167213370917474342e-11
2.152915940016573175e-11
2.135688045702063893e-11
2.115406736247774796e-11
2.091965192104545217e-11
2.040785762138807757e-11
1.941748926856364129e-11
1.801116158108705761e-11
1.624729491743500713e-11
1.418036408503479691e-11
1.186113240583191992e-11
9.336871946878784908e-12
3.846127961982271699e-12
9.585372871856502862e-13
-1.975940006618161575e-12
-4.924612413632654752e-12
-7.857204915938629481e-12
-1.074571464617815710e-11
-1.356427493698332791e-11
-1.628902725606930056e-11
-2.137099760752625825e-11
-2.368948787589510015e-11
-2.583650659888901666e-11
-2.779655965709462780e-11
-2.955553392299089343e-11
-3.110061275950256148e-11
-3.242019636874895477e-11
-3.434211671256644224e-11
-3.492668356182820050e-11
-3.525008577871481935e-11
-3.530576391813712343e-11
-3.460370276490014860e-11
-3.387758045306414294e-11
-3.293017932207569899e-11
-3.178096718720462264e-11
-3.044837158206867509e-11
-2.730184130820521027e-11
-2.552000555822000180e-11
-2.361907382676100536e-11
-1.951491436312242937e-11
-1.733729426122213194e-11
-1.509186677072315529e-11
-1.278970924819844143e-11
-8.056390973620470264e-12
-5.644353253529653319e-12
-3.213888750173868918e-12
1.669941995226406313e-12
4.108322107622788431e-12
6.535109796054962699e-12
1.132873504081629957e-11
1.368396985484727740e-11
1.828502705630197486e-11
2.052137138825764839e-11
2.270913753770801502e-11
2.692334612045619770e-11
2.894268304732896127e-11
3.278998259980669205e-11
3.461232542908939150e-11
3.797479435501969635e-11
3.951307603221206056e-11
4.096966293452473939e-11
4.367550662125100222e-11
4.494244063609771162e-11
4.734514552669668790e-11
4.849597177768786445e-11
5.073125707303231664e-11
5.182848120895198042e-11
5.401142615571889452e-11
5.510791219909747573e-11
5.733557340588071431e-11
5.963911282685908957e-11
6.082947366554212573e-11
6.330554100478957310e-11
6.459784078003645736e-11
6.730589501666995131e-11
7.019619727288488964e-11
7.171563436967060773e-11
7.491350980950599173e-11
7.659565677579303695e-11
8.013456745155888371e-11
8.391568407899060046e-11
8.590012792977588624e-11
9.006190860906621646e-11
9.448649440858395748e-11
9.679908386266095949e-11
1.017163981298430193e-10
1.070259062041464752e-10
1.126471988774220812e-10
1.155514904645514417e-10
1.215042808366982134e-10
1.275962198518728060e-10
1.337683951882829073e-10
1.368675855448570291e-10
1.430608607169635784e-10
1.492088950766486328e-10
1.552692840414736962e-10
1.612035896206530204e-10
1.641124619411263008e-10
1.697935380776967675e-10
1.752679328659184123e-10
1.805089341928249230e-10
1.854926412233160342e-10
1.901977552885655266e-10
1.946053854576073580e-10
1.986988677445028971e-10
2.024635969814951878e-10
2.058868704603158153e-10
2.089577425101092526e-10
2.116668892414984672e-10
2.140064827426882144e-10
2.159700740655621891e-10
2.175012006279424973e-10
2.185883261269340392e-10
2.192901448807911238e-10
2.196612766306374912e-10
2.197525169391785108e-10
2.196110722323124116e-10
2.192807804623034917e-10
2.188023183053920484e-10
2.182133957456250408e-10
2.175489388399198744e-10
2.168412614066282585e-10
2.161202263308063941e-10
2.150733298393840237e-10
2.144348096198288769e-10
2.138702581757089181e-10
2.134002580489862706e-10
2.130436693323995954e-10
2.127587407401344259e-10
2.127578456539981639e-10
2.129243079488086664e-10
2.132704817544335064e-10
2.141507833445515616e-10
2.149925750749916958e-10
2.160483334271241769e-10
2.180493512384206520e-10
2.196709684415339075e-10
2.216481138500535730e-10
2.266380038725946856e-10
2.313884724306978346e-10
2.405725804160413385e-10
2.480234319494402433e-10
2.565021677341490147e-10
2.710841672082588403e-10
2.820067367021741511e-10
3.001232436310864215e-10
3.133166356127893690e-10
3.347144716363308418e-10
3.500140945750443422e-10
3.744525991570942042e-10
4.006050945974314544e-10
4.189528781411959101e-10
4.477863189614815207e-10
4.678505346059972246e-10
4.991553958972342504e-10
5.318472601194640855e-10
5.543782353217386184e-10
5.892296387612636251e-10
6.252892344219085157e-10
6.499690227977037696e-10
6.879035303730754971e-10
7.268832443594983940e-10
7.668509068150096189e-10
7.940175153046466988e-10
8.458748740221663256e-10
9.171013823920610709e-10
1.004528343355029978e-09
1.105228455845073937e-09
1.178392710477211845e-09
1.295314764897889078e-09
1.418765036111361988e-09
1.546571625262130503e-09
1.676737556214595107e-09
1.807429078476780888e-09
1.936964736247909900e-09
2.063805151867509368e-09
2.186543475612007827e-09
2.303896457176900216e-09
2.414696097322242177e-09
2.517881841065192241e-09
2.612493276494491771e-09
2.697663305775775584e-09
2.795200036995151651e-09
2.855445219449422282e-09
2.903953619579468907e-09
2.940193777083045428e-09
2.963697905726346558e-09
2.974057414028550536e-09
2.966819193524302476e-09
2.945220610507978560e-09
2.909938578543983312e-09
2.844768380636424606e-09
2.783849143702878926e-09
2.713785755804509045e-09
2.607846777026359702e-09
2.520195327285960154e-09
2.426473242662359545e-09
2.293447471122989783e-09
2.188596675951744340e-09
2.043333966384931126e-09
1.931120576289383107e-09
1.778274551086837471e-09
1.661929604938979576e-09
1.505485723557997360e-09
1.387771051727966837e-09
1.231128915979474172e-09
1.075699492867352028e-09
9.604406469733972633e-10
8.091424031924410182e-10
6.612191311829780526e-10
5.528843146330166144e-10
4.123893378161485909e-10
2.769004532476712828e-10
1.468993916525903620e-10
2.281535303393590316e-11
-6.613396157991655351e-11
-1.795240024365453316e-10
-2.982065325854200550e-10
-4.252233364664370851e-10
-5.586489080962088028e-10
-6.967056433918693860e-10
-8.377541985010601410e-10
-9.802844678688976834e-10
-1.122907140860978676e-09
-1.264345798640273465e-09
-1.403429515660684243e-09
-1.539085932610779680e-09
-1.670334769928577825e-09
-1.826843011213296362e-09
-1.945026946458119026e-09
-2.056182476384105385e-09
-2.159657376345583342e-09
-2.277310045876978500e-09
-2.361444372700268960e-09
-2.436199773032892388e-09
-2.515838222813570689e-09
-2.568072272050590441e-09
-2.609771284576160524e-09
-2.646680704165188173e-09
-2.663765737812857369e-09
-2.669267915178532194e-09
-2.660806521900727296e-09
-2.633962829644753083e-09
-2.599737903203675178e-09
-2.542755669283874548e-09
-2.471969303388979524e-09
-2.406728050496201061e-09
-2.315952049496970255e-09
-2.216516158144017605e-09
-2.131798329545480203e-09
-2.020675023488108395e-09
-1.905016636438067667e-09
-1.786084276231570000e-09
-1.665039204893280410e-09
-1.542949488632269611e-09
-1.420796212145667183e-09
-1.323635154914155628e-09
-1.203584173096322176e-09
-1.085801929623881626e-09
-9.484396928013403561e-10
-8.380265831883965353e-10
-7.319099208596309741e-10
-6.306050165549477433e-10
-5.345773636022036032e-10
-4.442460361610219282e-10
-3.438939013148806571e-10
-2.673609331354580473e-10
-1.975891370700653505e-10
-1.348350502826852216e-10
-6.775120054264431766e-11
-1.294424017741171968e-11
5.245709217512519329e-11
1.063535094730699846e-10
1.699550665612929774e-10
2.218117207967938665e-10
2.823762822675833356e-10
3.312539481182409686e-10
3.877569480260917933e-10
4.416798454282093806e-10
4.844833632153267713e-10
5.331160576235817969e-10
5.786013199400448476e-10
6.207823076151890281e-10
6.595221034992519866e-10
6.947022017151870913e-10
7.262210990542387450e-10
7.539929844979282093e-10
7.779465200082696285e-10
7.980237062249785552e-10
8.141788271676308407e-10
8.263774684649879031e-10
8.345956040262365285e-10
8.388187464316789285e-10
8.390411566562547510e-10
8.342476019893498816e-10
8.257889307863326650e-10
8.121040590478406785e-10
7.894655138317188904e-10
7.651451976795677267e-10
7.319527471487404697e-10
7.000639905415064985e-10
6.596374977163837041e-10
6.228181357670650454e-10
5.780083904889802879e-10
5.318728559968626995e-10
4.850598680507052713e-10
4.448471055072933744e-10
3.983143472941983146e-10
3.526710226782171884e-10
3.083764392180626892e-10
2.658487755565920906e-10
2.254679124491853690e-10
1.875780766436666525e-10
1.524903102628562265e-10
1.204847774463574298e-10
9.181291918007077230e-11
6.669946647562906068e-11
4.261097288054973141e-11
2.576629452696799945e-11
1.303269760166663385e-11
3.683481200226200231e-12
1.831100106187898399e-13
0.000000000000000000e+00
0.000000000000000000e+00
0.000000000000000000e+00
0.000000000000000000e+00
0.000000000000000000e+00
0.000000000000000000e+00
0.000000000000000000e+00
0.000000000000000000e+00
0.000000000000000000e+00
0.000000000000000000e+00
0.000000000000000000e+00
0.000000000000000000e+00
0.000000000000000000e+00
0.000000000000000000e+00
0.000000000000000000e+00
0.000000000000000000e+00
0.000000000000000000e+00
0.000000000000000000e+00
0.000000000000000000e+00
0.000000000000000000e+00
0.000000000000000000e+00
0.000000000000000000e+00
0.000000000000000000e+00
0.000000000000000000e+00
0.000000000000000000e+00
0.000000000000000000e+00
0.000000000000000000e+00
0.000000000000000000e+00
0.000000000000000000e+00
0.000000000000000000e+00
0.000000000000000000e+00
0.000000000000000000e+00
0.000000000000000000e+00
0.000000000000000000e+00
0.000000000000000000e+00
0.000000000000000000e+00
0.000000000000000000e+00
0.000000000000000000e+00
0.000000000000000000e+00
0.000000000000000000e+00
0.000000000000000000e+00
0.000000000000000000e+00
0.000000000000000000e+00
0.000000000000000000e+00
0.000000000000000000e+00
0.000000000000000000e+00
0.000000000000000000e+00
0.000000000000000000e+00
0.000000000000000000e+00
0.000000000000000000e+00
0.000000000000000000e+00
0.000000000000000000e+00
0.000000000000000000e+00
0.000000000000000000e+00
0.000000000000000000e+00
0.000000000000000000e+00
0.000000000000000000e+00
0.000000000000000000e+00
0.000000000000000000e+00
0.000000000000000000e+00
0.000000000000000000e+00
0.000000000000000000e+00
0.000000000000000000e+00
0.000000000000000000e+00
0.000000000000000000e+00
0.000000000000000000e+00
0.000000000000000000e+00
0.000000000000000000e+00
0.000000000000000000e+00
0.000000000000000000e+00
0.000000000000000000e+00
0.000000000000000000e+00
0.000000000000000000e+00
0.000000000000000000e+00
0.000000000000000000e+00
0.000000000000000000e+00
0.000000000000000000e+00
0.000000000000000000e+00
0.000000000000000000e+00
0.000000000000000000e+00
0.000000000000000000e+00
0.000000000000000000e+00
0.000000000000000000e+00
0.000000000000000000e+00
0.000000000000000000e+00
0.000000000000000000e+00
0.000000000000000000e+00
0.000000000000000000e+00
0.000000000000000000e+00
0.000000000000000000e+00
0.000000000000000000e+00
0.000000000000000000e+00
0.000000000000000000e+00
0.000000000000000000e+00
0.000000000000000000e+00
0.000000000000000000e+00
0.000000000000000000e+00
0.000000000000000000e+00
0.000000000000000000e+00
0.000000000000000000e+00
0.000000000000000000e+00
0.000000000000000000e+00
0.000000000000000000e+00
0.000000000000000000e+00
0.000000000000000000e+00
0.000000000000000000e+00
0.000000000000000000e+00
0.000000000000000000e+00
0.000000000000000000e+00
0.000000000000000000e+00
0.000000000000000000e+00
0.000000000000000000e+00
0.000000000000000000e+00
0.000000000000000000e+00
0.000000000000000000e+00
0.000000000000000000e+00
0.000000000000000000e+00
0.000000000000000000e+00
0.000000000000000000e+00
0.000000000000000000e+00
0.000000000000000000e+00
0.000000000000000000e+00
0.000000000000000000e+00
0.000000000000000000e+00
0.000000000000000000e+00
0.000000000000000000e+00
0.000000000000000000e+00
0.000000000000000000e+00
0.000000000000000000e+00
0.000000000000000000e+00
0.000000000000000000e+00
0.000000000000000000e+00
0.000000000000000000e+00
0.000000000000000000e+00
0.000000000000000000e+00
0.000000000000000000e+00
0.000000000000000000e+00
0.000000000000000000e+00
0.000000000000000000e+00
0.000000000000000000e+00
0.000000000000000000e+00
0.000000000000000000e+00
0.000000000000000000e+00
0.000000000000000000e+00
0.000000000000000000e+00
0.000000000000000000e+00
0.000000000000000000e+00
0.000000000000000000e+00
0.000000000000000000e+00
0.000000000000000000e+00
0.000000000000000000e+00
0.000000000000000000e+00
0.000000000000000000e+00
0.000000000000000000e+00
0.000000000000000000e+00
0.000000000000000000e+00
0.000000000000000000e+00
0.000000000000000000e+00
0.000000000000000000e+00
0.000000000000000000e+00
0.000000000000000000e+00
0.000000000000000000e+00
0.000000000000000000e+00
0.000000000000000000e+00
0.000000000000000000e+00
0.000000000000000000e+00
0.000000000000000000e+00
0.000000000000000000e+00
0.000000000000000000e+00
0.000000000000000000e+00
0.000000000000000000e+00
0.000000000000000000e+00
0.000000000000000000e+00
0.000000000000000000e+00
0.000000000000000000e+00
0.000000000000000000e+00
0.000000000000000000e+00
0.000000000000000000e+00
0.000000000000000000e+00
0.000000000000000000e+00
0.000000000000000000e+00
0.000000000000000000e+00
0.000000000000000000e+00
0.000000000000000000e+00
0.000000000000000000e+00
0.000000000000000000e+00
0.000000000000000000e+00
0.000000000000000000e+00
0.000000000000000000e+00
0.000000000000000000e+00
0.000000000000000000e+00
0.000000000000000000e+00
0.000000000000000000e+00
0.000000000000000000e+00
0.000000000000000000e+00
0.000000000000000000e+00
0.000000000000000000e+00
0.000000000000000000e+00
0.000000000000000000e+00
0.000000000000000000e+00
0.000000000000000000e+00
0.000000000000000000e+00
0.000000000000000000e+00
0.000000000000000000e+00
0.000000000000000000e+00
0.000000000000000000e+00
0.000000000000000000e+00
0.000000000000000000e+00
0.000000000000000000e+00
0.000000000000000000e+00
0.000000000000000000e+00
0.000000000000000000e+00
0.000000000000000000e+00
0.000000000000000000e+00
0.000000000000000000e+00
0.000000000000000000e+00
0.000000000000000000e+00
0.000000000000000000e+00
0.000000000000000000e+00
0.000000000000000000e+00
0.000000000000000000e+00
0.000000000000000000e+00
0.000000000000000000e+00
0.000000000000000000e+00
0.000000000000000000e+00
0.000000000000000000e+00
0.000000000000000000e+00
0.000000000000000000e+00
0.000000000000000000e+00
0.000000000000000000e+00
0.000000000000000000e+00
0.000000000000000000e+00
0.000000000000000000e+00
0.000000000000000000e+00
0.000000000000000000e+00
0.000000000000000000e+00
0.000000000000000000e+00
0.000000000000000000e+00
0.000000000000000000e+00
0.000000000000000000e+00
0.000000000000000000e+00
0.000000000000000000e+00
0.000000000000000000e+00
0.000000000000000000e+00
0.000000000000000000e+00
0.000000000000000000e+00
0.000000000000000000e+00
0.000000000000000000e+00
0.000000000000000000e+00
0.000000000000000000e+00
0.000000000000000000e+00
0.000000000000000000e+00
0.000000000000000000e+00
0.000000000000000000e+00
0.000000000000000000e+00
0.000000000000000000e+00
0.000000000000000000e+00
0.000000000000000000e+00
0.000000000000000000e+00
0.000000000000000000e+00
0.000000000000000000e+00
0.000000000000000000e+00
0.000000000000000000e+00
0.000000000000000000e+00
0.000000000000000000e+00
0.000000000000000000e+00
0.000000000000000000e+00
0.000000000000000000e+00
0.000000000000000000e+00
0.000000000000000000e+00
0.000000000000000000e+00
0.000000000000000000e+00
0.000000000000000000e+00
0.000000000000000000e+00
0.000000000000000000e+00
0.000000000000000000e+00
0.000000000000000000e+00
0.000000000000000000e+00
0.000000000000000000e+00
0.000000000000000000e+00
0.000000000000000000e+00
0.000000000000000000e+00
0.000000000000000000e+00
0.000000000000000000e+00
0.000000000000000000e+00
0.000000000000000000e+00
0.000000000000000000e+00
0.000000000000000000e+00
0.000000000000000000e+00
0.000000000000000000e+00
0.000000000000000000e+00
0.000000000000000000e+00
0.000000000000000000e+00
0.000000000000000000e+00
0.000000000000000000e+00
0.000000000000000000e+00
0.000000000000000000e+00
0.000000000000000000e+00
0.000000000000000000e+00
0.000000000000000000e+00
0.000000000000000000e+00
0.000000000000000000e+00
0.000000000000000000e+00
0.000000000000000000e+00
0.000000000000000000e+00
0.000000000000000000e+00
0.000000000000000000e+00
0.000000000000000000e+00
0.000000000000000000e+00
0.000000000000000000e+00
0.000000000000000000e+00
0.000000000000000000e+00
0.000000000000000000e+00
0.000000000000000000e+00
0.000000000000000000e+00
0.000000000000000000e+00
0.000000000000000000e+00
0.000000000000000000e+00
0.000000000000000000e+00
0.000000000000000000e+00
0.000000000000000000e+00
0.000000000000000000e+00
0.000000000000000000e+00
0.000000000000000000e+00
0.000000000000000000e+00
0.000000000000000000e+00
0.000000000000000000e+00
0.000000000000000000e+00
0.000000000000000000e+00
0.000000000000000000e+00
0.000000000000000000e+00
0.000000000000000000e+00
0.000000000000000000e+00
0.000000000000000000e+00
0.000000000000000000e+00
0.000000000000000000e+00
0.000000000000000000e+00
0.000000000000000000e+00
0.000000000000000000e+00
0.000000000000000000e+00
0.000000000000000000e+00
0.000000000000000000e+00
0.000000000000000000e+00
0.000000000000000000e+00
0.000000000000000000e+00
0.000000000000000000e+00
0.000000000000000000e+00
0.000000000000000000e+00
0.000000000000000000e+00
0.000000000000000000e+00
0.000000000000000000e+00
0.000000000000000000e+00
0.000000000000000000e+00
0.000000000000000000e+00
0.000000000000000000e+00
0.000000000000000000e+00
0.000000000000000000e+00
0.000000000000000000e+00
0.000000000000000000e+00
0.000000000000000000e+00
0.000000000000000000e+00
0.000000000000000000e+00
0.000000000000000000e+00
0.000000000000000000e+00
0.000000000000000000e+00
0.000000000000000000e+00
0.000000000000000000e+00
0.000000000000000000e+00
0.000000000000000000e+00
0.000000000000000000e+00
0.000000000000000000e+00
0.000000000000000000e+00
0.000000000000000000e+00
0.000000000000000000e+00
0.000000000000000000e+00
0.000000000000000000e+00
0.000000000000000000e+00
0.000000000000000000e+00
0.000000000000000000e+00
0.000000000000000000e+00
0.000000000000000000e+00
0.000000000000000000e+00
0.000000000000000000e+00
0.000000000000000000e+00
0.000000000000000000e+00
0.000000000000000000e+00
0.000000000000000000e+00
0.000000000000000000e+00
0.000000000000000000e+00
0.000000000000000000e+00
0.000000000000000000e+00
0.000000000000000000e+00
0.000000000000000000e+00
0.000000000000000000e+00
0.000000000000000000e+00
0.000000000000000000e+00
0.000000000000000000e+00
0.000000000000000000e+00
0.000000000000000000e+00
0.000000000000000000e+00
0.000000000000000000e+00
0.000000000000000000e+00
0.000000000000000000e+00
0.000000000000000000e+00
0.000000000000000000e+00
0.000000000000000000e+00
0.000000000000000000e+00
0.000000000000000000e+00
0.000000000000000000e+00
0.000000000000000000e+00
0.000000000000000000e+00
0.000000000000000000e+00
0.000000000000000000e+00
0.000000000000000000e+00
0.000000000000000000e+00
0.000000000000000000e+00
0.000000000000000000e+00
0.000000000000000000e+00
0.000000000000000000e+00
0.000000000000000000e+00
0.000000000000000000e+00
0.000000000000000000e+00
0.000000000000000000e+00
0.000000000000000000e+00
0.000000000000000000e+00
0.000000000000000000e+00
0.000000000000000000e+00
0.000000000000000000e+00
0.000000000000000000e+00
0.000000000000000000e+00
0.000000000000000000e+00
0.000000000000000000e+00
0.000000000000000000e+00
0.000000000000000000e+00
0.000000000000000000e+00
0.000000000000000000e+00
0.000000000000000000e+00
0.000000000000000000e+00
0.000000000000000000e+00
0.000000000000000000e+00
0.000000000000000000e+00
0.000000000000000000e+00
0.000000000000000000e+00
0.000000000000000000e+00
0.000000000000000000e+00
0.000000000000000000e+00
0.000000000000000000e+00
0.000000000000000000e+00
0.000000000000000000e+00
0.000000000000000000e+00
0.000000000000000000e+00
0.000000000000000000e+00
0.000000000000000000e+00
0.000000000000000000e+00
0.000000000000000000e+00
0.000000000000000000e+00
0.000000000000000000e+00
0.000000000000000000e+00
0.000000000000000000e+00
0.000000000000000000e+00
0.000000000000000000e+00
0.000000000000000000e+00
0.000000000000000000e+00
0.000000000000000000e+00
0.000000000000000000e+00
0.000000000000000000e+00
0.000000000000000000e+00
0.000000000000000000e+00
0.000000000000000000e+00
0.000000000000000000e+00
0.000000000000000000e+00
0.000000000000000000e+00
0.000000000000000000e+00
0.000000000000000000e+00
0.000000000000000000e+00
0.000000000000000000e+00
0.000000000000000000e+00
0.000000000000000000e+00
0.000000000000000000e+00
0.000000000000000000e+00
0.000000000000000000e+00
0.000000000000000000e+00
0.000000000000000000e+00
0.000000000000000000e+00
0.000000000000000000e+00
0.000000000000000000e+00
0.000000000000000000e+00
0.000000000000000000e+00
0.000000000000000000e+00
0.000000000000000000e+00
0.000000000000000000e+00
0.000000000000000000e+00
0.000000000000000000e+00
0.000000000000000000e+00
0.000000000000000000e+00
0.000000000000000000e+00
0.000000000000000000e+00
0.000000000000000000e+00
0.000000000000000000e+00
0.000000000000000000e+00
0.000000000000000000e+00
0.000000000000000000e+00
0.000000000000000000e+00
0.000000000000000000e+00
0.000000000000000000e+00
0.000000000000000000e+00
0.000000000000000000e+00
0.000000000000000000e+00
0.000000000000000000e+00
0.000000000000000000e+00
0.000000000000000000e+00
0.000000000000000000e+00
0.000000000000000000e+00
0.000000000000000000e+00
0.000000000000000000e+00
0.000000000000000000e+00
nan
