# bin_12_1
-3.423368166649371932e-08
4.908367413577938141e-07
-1.887716025405987973e-07
1.577187757449734863e-07
1.222019541932224824e-08
5.608620270721128930e-07
-3.242701846688415776e-07
-4.360590933254972854e-07
2.463771423807174560e-07
2.908659808819876004e-07
-1.451213834485955369e-07
-1.331023303382679725e-06
4.461439349465793033e-07
-9.126080295750100776e-08
-4.618137871523560844e-07
1.608983038363972871e-07
1.131105187364890921e-06
1.766252889175341142e-06
2.093853123211000008e-06
2.310424660394287512e-06
2.367849902870958643e-06
2.255075113525128718e-06
1.942982250877610050e-06
1.524808166787937336e-06
1.130250948703050419e-06
8.329695028234631110e-07
6.111194692071451516e-07
4.201898984084190707e-07
2.665008494984378283e-07
1.523766692635479808e-07
7.759753273428561004e-08
3.017528305453057635e-08
-3.104368487816636298e-09
-2.508364418300003276e-08
-3.804744929299014966e-08
-4.383805465735554503e-08
-4.394457373328693124e-08
9.403682665864819108e-10
1.008869340700578378e-07
2.199958928553235059e-07
3.323265542940976267e-07
4.195409842348948154e-07
4.690921802694088283e-07
4.728280614422845930e-07
4.301950214134880984e-07
3.578781884971747935e-07
2.726223541218546673e-07
1.871768181780125872e-07
1.111107594978360915e-07
5.146569197998371165e-08
1.327831446205767944e-08
-2.194140349104647181e-14
-2.014519313721983221e-14
-1.694083293100864532e-14
-1.300018469350262417e-14
-8.857088698457472388e-15
-4.931704565586864408e-15
-1.550637413235113604e-15
1.036402028092272496e-15
2.642793337603009345e-15
3.133560103180356995e-15
2.958851924613190729e-15
2.670369765932152840e-15
2.311778557553411140e-15
1.919076841016052642e-15
1.521763434809812611e-15
1.143828975429745663e-15
8.045993889181497552e-16
5.194539776422732964e-16
3.004371788880074900e-16
1.567800332960710196e-16
9.534488446106502826e-17
7.801915402915510900e-17
6.299048078921950547e-17
5.004461874710801969e-17
3.898717333619251369e-17
2.964164213259317902e-17
2.184766498046413223e-17
1.545945925263813760e-17
1.034441901381513786e-17
6.381859485270650761e-18
3.461890490893580438e-18
1.484404544403825271e-18
3.581669592454308040e-19
-3.137950260741328081e-24
-3.025423759053076797e-24
-2.846601839179207206e-24
-2.618866004007354120e-24
-2.357379243616011112e-24
-2.075334250324770324e-24
-1.784174071756738040e-24
-1.493788366763357969e-24
-1.212688047490483779e-24
-9.481607578517894049e-25
-7.064093476912619151e-25
-4.926752473592652747e-25
-3.113484244830731189e-25
-1.660654092386144541e-25
-5.979670285611327264e-26
5.075266662797328557e-27
2.668661023843523290e-26
2.590115851776437331e-26
2.466502248369370999e-26
2.307974955485144962e-26
2.123583012281379070e-26
1.921375293597181012e-26
1.708496040756933223e-26
1.491271367345445570e-26
1.275287621081422289e-26
1.065462392556742695e-26
8.661088810366888882e-27
6.809942556138115241e-27
5.133925857851573850e-27
3.661328581152909612e-27
2.416425442905374822e-27
1.419871398891201276e-27
6.890605199454444949e-28
2.384517683921287756e-28
7.986475518821559035e-29
7.099308610035476966e-29
6.283266064638146520e-29
5.534253150073748590e-29
4.848411138855804049e-29
4.222102735683747355e-29
3.651898484030409335e-29
3.134564080456715788e-29
2.667048530615590119e-29
2.246473086123801227e-29
1.870120906252839306e-29
1.535427392755848198e-29
1.239971150147656161e-29
9.814655274195916605e-30
7.577507005315342318e-30
5.667862581072165017e-30
4.066442555900432801e-30
2.755027057168465140e-30
1.716394755580339143e-30
9.342656257084363882e-31
3.932472413551588436e-31
7.878436907367737308e-32
-2.288835966512201655e-32
-2.244620051144930380e-32
-2.178877104623368963e-32
-2.095037968026031997e-32
-1.996262822685313767e-32
-1.885460006211588104e-32
-1.765303524673154719e-32
-1.638249354742545874e-32
-1.506550622504661076e-32
-1.372271739078982145e-32
-1.237301567188324197e-32
-1.103365687264752529e-32
-9.720378265806175396e-33
-8.447505101912194376e-33
-7.228049881420024165e-33
-6.073804893980958460e-33
-4.995428492674803712e-33
-4.002525536879880087e-33
-3.103722406073597986e-33
-2.306736957855293876e-33
-1.618443776679220874e-33
-1.044935035012873850e-33
-5.915772657329365218e-34
-2.630643233763948464e-34
-6.346679226046753402e-35
3.721918668165584360e-36
3.663678503162543470e-36
3.580442506642294717e-36
3.475539802393548922e-36
3.352076021054523793e-36
3.212946566888330915e-36
3.060849098176312973e-36
2.898295269691959708e-36
2.551000783915266329e-36
2.370449655890170756e-36
2.187840231218049848e-36
2.004907469986552240e-36
1.823257630167296991e-36
1.644375962333209912e-36
1.469633957093959523e-36
1.300296171978729042e-36
9.823950431265328013e-37
8.358821934710880123e-37
6.988856415567113322e-37
5.722246323431765435e-37
4.566449064278989597e-37
3.528232037567512861e-37
2.613715086979827913e-37
1.177260805301679341e-37
6.646741782109357882e-38
2.945581168154021306e-38
7.035096839818770389e-39
-4.884609126288131077e-40
-4.796083987989130990e-40
-4.685496389265412401e-40
-4.555496665636925732e-40
-4.408582645197880091e-40
-4.073286387860540168e-40
-3.889204776403289511e-40
-3.696823682947363789e-40
-3.294425491037956331e-40
-3.087766113376860285e-40
-2.879533741120586763e-40
-2.671158108395702626e-40
-2.259247386252755659e-40
-2.058136780561544762e-40
-1.861740444565181861e-40
-1.487102696394320930e-40
-1.310696609619764519e-40
-1.142682437593617489e-40
-8.348229007893407933e-41
-6.963359762598101706e-41
-4.532594206369259333e-41
-3.497317751154152498e-41
-2.588457432533559232e-41
-1.166569532868590285e-41
-6.608880256391250147e-42
-7.578650367255540695e-43
-1.688174464464197868e-44
-1.492642570165197539e-44
-1.401061173814146615e-44
-1.313436876827045251e-44
-1.149584248758416761e-44
-1.073127190154735980e-44
-9.306053745037723792e-45
-8.643319176358699978e-45
-7.412613706565510334e-45
-6.842737390777902049e-45
-5.789384681506301849e-45
-5.304167654173499148e-45
-4.412491927886973034e-45
-3.620562933410981841e-45
-3.260115687041837028e-45
-2.606671733411270752e-45
-2.312303891618118774e-45
-1.784997127589495667e-45
-1.335442869637115445e-45
-1.138332862261302657e-45
-7.966161894014595273e-46
-6.509258618297508125e-46
-4.072879794961308564e-46
-2.240211827984908403e-46
-1.538472787838132426e-46
-5.417598480230094820e-47
-5.897632781985255065e-48
-1.010379236441801225e-50
-9.096976430829730073e-51
-8.162054769782460629e-51
-7.295375378356002968e-51
-6.886536299176657032e-51
-6.115775914813741303e-51
-5.404917632515708430e-51
-4.750915969640689163e-51
-4.444326644942944447e-51
-3.870231472849600097e-51
-3.346029650965099173e-51
-2.869175528017472988e-51
-2.437249598781048109e-51
-2.237411463987478251e-51
-1.868600964821273114e-51
-1.539179173875884669e-51
-1.247118278741796383e-51
-9.904895888159307556e-52
-7.674584290195659169e-52
-5.762793179426411438e-52
-4.152914132000590054e-52
-2.829142079140782472e-52
-1.776434632890636655e-52
-9.804736321909622513e-53
-4.276287777745947567e-53
-1.049232328112924206e-53
-1.074088723016465607e-58
-9.818485787795705629e-59
-8.952529120095836573e-59
-8.140570652251118802e-59
-7.380269886767897953e-59
-6.669387471283308886e-59
-6.005780516365371273e-59
-5.387398149470685252e-59
-4.812277292061164718e-59
-4.278538647657954247e-59
-3.784382889340622179e-59
-3.328087035878136927e-59
-2.908001006319008112e-59
-2.342326399277435384e-59
-2.005995098647198462e-59
-1.700626542978879738e-59
-1.424860388154449302e-59
-1.177393029375645593e-59
-8.565335013863297293e-60
-6.744600145801592246e-60
-5.165345538765992698e-60
-3.816796184463854925e-60
-2.204062040873458272e-60
-1.388001877115478617e-60
-7.683073457702132292e-61
-1.875341654948893213e-61
-2.051286003140596332e-62
-3.968886612624066945e-66
-3.537936141018742886e-66
-3.269355477774451681e-66
-2.893191449681913818e-66
-2.659456200009703763e-66
-2.438767677007532200e-66
-2.131149019836157294e-66
-1.941008969335007724e-66
-1.677110267185645840e-66
-1.514774261873965790e-66
-1.290664411452587700e-66
-1.153629845636141065e-66
-9.657230962465360189e-67
-7.979485768882931107e-67
-6.967303798672863469e-67
-5.600610661171796557e-67
-4.786134964668265683e-67
-3.702190273365420765e-67
-2.775332905766644891e-67
-2.240324320271494167e-67
-1.555909720419241070e-67
-1.006076688758573462e-67
-7.104969655128851160e-68
-3.681745193447237368e-68
-1.409184321092820244e-68
-2.209521331075924956e-69
1.399231362885225721e-76
1.374028773959617309e-76
1.337138872832753772e-76
1.290315222932902443e-76
1.235179929517213059e-76
1.194550708050026559e-76
1.128837626389568620e-76
1.058560179429558912e-76
9.849286364451221222e-77
9.090577796796734488e-77
8.319732393220409561e-77
7.546174153091106718e-77
6.778550137742987440e-77
6.024782239927632962e-77
5.292115598527909861e-77
4.587163881967806895e-77
3.915951648144895986e-77
3.283953974256979504e-77
2.696133536497112764e-77
1.988780179402964501e-77
1.520716394435591056e-77
1.110100532887971365e-77
7.600482928876858401e-78
4.733240879973484880e-78
2.523654274826115771e-78
6.370213368991709316e-79
4.007339514713985442e-80
1.305354784984581750e-91
1.167903939867561799e-91
1.071621068667487814e-91
9.809136652747381917e-92
8.682611923543383975e-92
7.897154962729905267e-92
7.160392183521565888e-92
6.250446292718686661e-92
5.619890019780253303e-92
4.844992169361198864e-92
4.311014456192831580e-92
3.658908711908830811e-92
3.212733554743325503e-92
2.672245307884132112e-92
2.305868788695971156e-92
1.866803822440883115e-92
1.481463855465003633e-92
1.225976071134800902e-92
9.278055398011352916e-93
6.757774045945022553e-93
5.155279633834547744e-93
3.383066480957817160e-93
2.006476717622440216e-93
1.003792100859734515e-93
3.543761709277199274e-94
8.731266893870281359e-95
1.596554281016144836e-105
1.454606006560882968e-105
1.321657552985876298e-105
1.197304786202774072e-105
1.081161721488288230e-105
9.728596495849653942e-106
8.720463086623930069e-106
7.783850995120075668e-106
6.915543415124134580e-106
6.112465670551574610e-106
5.371678522625586119e-106
4.690371819626734783e-106
3.918300451836444441e-106
3.361178309179202615e-106
2.855224334780857904e-106
2.398113339909042820e-106
1.892030311683823202e-106
1.536828498315413427e-106
1.223584512081580683e-106
8.881034578278403906e-107
6.623408449345890109e-107
4.725664991908802888e-107
2.834155018391500805e-107
1.686067782125248580e-107
6.824689308487316819e-108
2.071873634216384555e-108
9.582009702902454453e-126
8.861241821450198164e-126
8.014449157059486019e-126
7.225168666871230345e-126
6.633310757613391309e-126
5.940747605712469362e-126
5.298361419403619165e-126
4.818971372272935688e-126
4.260961706646207872e-126
3.746721742789977596e-126
3.274163747936917211e-126
2.841297201791532325e-126
2.446223983216276917e-126
2.087133815660539022e-126
1.824606405716114028e-126
1.525987861117760735e-126
1.258715101943908936e-126
9.772375885283439840e-127
7.736938015970061757e-127
5.968900656410912789e-127
4.455222710053789744e-127
3.183453996465804470e-127
2.141707204403402357e-127
1.179293956642890470e-127
6.043574769415332354e-128
2.248846131784688838e-128
3.107683705529163805e-129
6.831817125818255291e-153
6.278580860587681938e-153
5.656566072136039121e-153
5.171605521566018699e-153
4.627880728625128624e-153
4.205258393828882047e-153
3.733013934006125834e-153
3.367305784136038089e-153
2.960319023930550270e-153
2.586497305057776989e-153
2.299148599426436778e-153
1.981998877601973962e-153
1.693643220460479089e-153
1.432676233488393161e-153
1.197758439507551894e-153
9.876130076674450679e-154
8.010226582652533750e-154
6.368267331127189846e-154
4.939184218215704052e-154
3.712421349869878128e-154
2.677910158146592100e-154
1.826045822653153116e-154
1.147664922822082709e-154
6.340242512681718865e-155
2.767807227640007839e-155
4.706338639402532303e-156
3.444701593109768104e-187
3.164387872423093308e-187
2.857857890481632789e-187
2.611927837683391154e-187
2.343724857265339249e-187
2.129181090376681714e-187
1.895963571431382785e-187
1.710068931647329924e-187
1.508784507117847774e-187
1.323523535695945279e-187
1.153515568509380920e-187
1.019377032520170315e-187
8.757739451651644098e-188
7.454155853224350332e-188
6.276612631759464415e-188
5.218999890616118139e-188
4.275490180160964477e-188
3.440524715625111174e-188
2.708800322748709038e-188
2.075257069429085454e-188
1.535066544188352295e-188
1.083620744707259164e-188
6.707170175120305773e-189
3.948844295212508090e-189
1.946348048860452241e-189
5.346036826640999525e-190
2.594022264258464812e-191
0.000000000000000000e+00
0.000000000000000000e+00
0.000000000000000000e+00
0.000000000000000000e+00
0.000000000000000000e+00
0.000000000000000000e+00
0.000000000000000000e+00
0.000000000000000000e+00
0.000000000000000000e+00
0.000000000000000000e+00
0.000000000000000000e+00
0.000000000000000000e+00
0.000000000000000000e+00
0.000000000000000000e+00
0.000000000000000000e+00
0.000000000000000000e+00
0.000000000000000000e+00
0.000000000000000000e+00
0.000000000000000000e+00
0.000000000000000000e+00
0.000000000000000000e+00
0.000000000000000000e+00
0.000000000000000000e+00
0.000000000000000000e+00
0.000000000000000000e+00
0.000000000000000000e+00
0.000000000000000000e+00
0.000000000000000000e+00
0.000000000000000000e+00
0.000000000000000000e+00
0.000000000000000000e+00
0.000000000000000000e+00
0.000000000000000000e+00
0.000000000000000000e+00
0.000000000000000000e+00
0.000000000000000000e+00
0.000000000000000000e+00
0.000000000000000000e+00
0.000000000000000000e+00
0.000000000000000000e+00
0.000000000000000000e+00
0.000000000000000000e+00
0.000000000000000000e+00
0.000000000000000000e+00
0.000000000000000000e+00
0.000000000000000000e+00
0.000000000000000000e+00
0.000000000000000000e+00
0.000000000000000000e+00
0.000000000000000000e+00
0.000000000000000000e+00
0.000000000000000000e+00
0.000000000000000000e+00
0.000000000000000000e+00
0.000000000000000000e+00
0.000000000000000000e+00
0.000000000000000000e+00
0.000000000000000000e+00
0.000000000000000000e+00
0.000000000000000000e+00
0.000000000000000000e+00
0.000000000000000000e+00
0.000000000000000000e+00
0.000000000000000000e+00
0.000000000000000000e+00
0.000000000000000000e+00
0.000000000000000000e+00
0.000000000000000000e+00
0.000000000000000000e+00
0.000000000000000000e+00
0.000000000000000000e+00
0.000000000000000000e+00
0.000000000000000000e+00
0.000000000000000000e+00
0.000000000000000000e+00
0.000000000000000000e+00
0.000000000000000000e+00
0.000000000000000000e+00
0.000000000000000000e+00
0.000000000000000000e+00
0.000000000000000000e+00
0.000000000000000000e+00
0.000000000000000000e+00
0.000000000000000000e+00
0.000000000000000000e+00
0.000000000000000000e+00
0.000000000000000000e+00
0.000000000000000000e+00
0.000000000000000000e+00
0.000000000000000000e+00
0.000000000000000000e+00
0.000000000000000000e+00
0.000000000000000000e+00
0.000000000000000000e+00
0.000000000000000000e+00
0.000000000000000000e+00
0.000000000000000000e+00
0.000000000000000000e+00
0.000000000000000000e+00
0.000000000000000000e+00
0.000000000000000000e+00
0.000000000000000000e+00
0.000000000000000000e+00
0.000000000000000000e+00
0.000000000000000000e+00
0.000000000000000000e+00
0.000000000000000000e+00
0.000000000000000000e+00
0.000000000000000000e+00
0.000000000000000000e+00
0.000000000000000000e+00
0.000000000000000000e+00
0.000000000000000000e+00
0.000000000000000000e+00
0.000000000000000000e+00
0.000000000000000000e+00
0.000000000000000000e+00
0.000000000000000000e+00
0.000000000000000000e+00
0.000000000000000000e+00
0.000000000000000000e+00
0.000000000000000000e+00
0.000000000000000000e+00
0.000000000000000000e+00
0.000000000000000000e+00
0.000000000000000000e+00
0.000000000000000000e+00
0.000000000000000000e+00
0.000000000000000000e+00
0.000000000000000000e+00
0.000000000000000000e+00
0.000000000000000000e+00
0.000000000000000000e+00
0.000000000000000000e+00
0.000000000000000000e+00
0.000000000000000000e+00
0.000000000000000000e+00
0.000000000000000000e+00
0.000000000000000000e+00
0.000000000000000000e+00
0.000000000000000000e+00
0.000000000000000000e+00
0.000000000000000000e+00
0.000000000000000000e+00
0.000000000000000000e+00
0.000000000000000000e+00
0.000000000000000000e+00
0.000000000000000000e+00
0.000000000000000000e+00
0.000000000000000000e+00
0.000000000000000000e+00
0.000000000000000000e+00
0.000000000000000000e+00
0.000000000000000000e+00
0.000000000000000000e+00
0.000000000000000000e+00
0.000000000000000000e+00
0.000000000000000000e+00
0.000000000000000000e+00
0.000000000000000000e+00
0.000000000000000000e+00
0.000000000000000000e+00
0.000000000000000000e+00
0.000000000000000000e+00
0.000000000000000000e+00
0.000000000000000000e+00
0.000000000000000000e+00
0.000000000000000000e+00
0.000000000000000000e+00
0.000000000000000000e+00
0.000000000000000000e+00
0.000000000000000000e+00
0.000000000000000000e+00
0.000000000000000000e+00
0.000000000000000000e+00
0.000000000000000000e+00
0.000000000000000000e+00
0.000000000000000000e+00
0.000000000000000000e+00
0.000000000000000000e+00
0.000000000000000000e+00
0.000000000000000000e+00
0.000000000000000000e+00
0.000000000000000000e+00
0.000000000000000000e+00
0.000000000000000000e+00
0.000000000000000000e+00
0.000000000000000000e+00
0.000000000000000000e+00
0.000000000000000000e+00
0.000000000000000000e+00
0.000000000000000000e+00
0.000000000000000000e+00
0.000000000000000000e+00
0.000000000000000000e+00
0.000000000000000000e+00
0.000000000000000000e+00
0.000000000000000000e+00
0.000000000000000000e+00
0.000000000000000000e+00
0.000000000000000000e+00
0.000000000000000000e+00
0.000000000000000000e+00
0.000000000000000000e+00
0.000000000000000000e+00
0.000000000000000000e+00
0.000000000000000000e+00
0.000000000000000000e+00
0.000000000000000000e+00
0.000000000000000000e+00
0.000000000000000000e+00
0.000000000000000000e+00
0.000000000000000000e+00
0.000000000000000000e+00
0.000000000000000000e+00
0.000000000000000000e+00
0.000000000000000000e+00
0.000000000000000000e+00
0.000000000000000000e+00
0.000000000000000000e+00
0.000000000000000000e+00
0.000000000000000000e+00
0.000000000000000000e+00
0.000000000000000000e+00
0.000000000000000000e+00
0.000000000000000000e+00
0.000000000000000000e+00
0.000000000000000000e+00
0.000000000000000000e+00
0.000000000000000000e+00
0.000000000000000000e+00
0.000000000000000000e+00
0.000000000000000000e+00
0.000000000000000000e+00
0.000000000000000000e+00
0.000000000000000000e+00
0.000000000000000000e+00
0.000000000000000000e+00
0.000000000000000000e+00
0.000000000000000000e+00
0.000000000000000000e+00
0.000000000000000000e+00
0.000000000000000000e+00
0.000000000000000000e+00
0.000000000000000000e+00
0.000000000000000000e+00
0.000000000000000000e+00
0.000000000000000000e+00
0.000000000000000000e+00
0.000000000000000000e+00
0.000000000000000000e+00
0.000000000000000000e+00
0.000000000000000000e+00
0.000000000000000000e+00
0.000000000000000000e+00
0.000000000000000000e+00
0.000000000000000000e+00
0.000000000000000000e+00
0.000000000000000000e+00
0.000000000000000000e+00
0.000000000000000000e+00
0.000000000000000000e+00
0.000000000000000000e+00
0.000000000000000000e+00
0.000000000000000000e+00
0.000000000000000000e+00
0.000000000000000000e+00
0.000000000000000000e+00
0.000000000000000000e+00
0.000000000000000000e+00
0.000000000000000000e+00
0.000000000000000000e+00
0.000000000000000000e+00
0.000000000000000000e+00
0.000000000000000000e+00
0.000000000000000000e+00
0.000000000000000000e+00
0.000000000000000000e+00
0.000000000000000000e+00
0.000000000000000000e+00
0.000000000000000000e+00
0.000000000000000000e+00
0.000000000000000000e+00
0.000000000000000000e+00
0.000000000000000000e+00
0.000000000000000000e+00
0.000000000000000000e+00
0.000000000000000000e+00
0.000000000000000000e+00
0.000000000000000000e+00
0.000000000000000000e+00
0.000000000000000000e+00
0.000000000000000000e+00
0.000000000000000000e+00
0.000000000000000000e+00
0.000000000000000000e+00
0.000000000000000000e+00
0.000000000000000000e+00
0.000000000000000000e+00
0.000000000000000000e+00
0.000000000000000000e+00
0.000000000000000000e+00
0.000000000000000000e+00
0.000000000000000000e+00
0.000000000000000000e+00
0.000000000000000000e+00
0.000000000000000000e+00
0.000000000000000000e+00
0.000000000000000000e+00
0.000000000000000000e+00
0.000000000000000000e+00
0.000000000000000000e+00
0.000000000000000000e+00
0.000000000000000000e+00
0.000000000000000000e+00
0.000000000000000000e+00
0.000000000000000000e+00
0.000000000000000000e+00
0.000000000000000000e+00
0.000000000000000000e+00
0.000000000000000000e+00
0.000000000000000000e+00
0.000000000000000000e+00
0.000000000000000000e+00
0.000000000000000000e+00
0.000000000000000000e+00
0.000000000000000000e+00
0.000000000000000000e+00
0.000000000000000000e+00
0.000000000000000000e+00
0.000000000000000000e+00
0.000000000000000000e+00
0.000000000000000000e+00
0.000000000000000000e+00
0.000000000000000000e+00
0.000000000000000000e+00
0.000000000000000000e+00
0.000000000000000000e+00
0.000000000000000000e+00
0.000000000000000000e+00
0.000000000000000000e+00
0.000000000000000000e+00
0.000000000000000000e+00
0.000000000000000000e+00
0.000000000000000000e+00
0.000000000000000000e+00
0.000000000000000000e+00
0.000000000000000000e+00
0.000000000000000000e+00
0.000000000000000000e+00
0.000000000000000000e+00
0.000000000000000000e+00
0.000000000000000000e+00
0.000000000000000000e+00
0.000000000000000000e+00
0.000000000000000000e+00
0.000000000000000000e+00
0.000000000000000000e+00
0.000000000000000000e+00
0.000000000000000000e+00
0.000000000000000000e+00
0.000000000000000000e+00
0.000000000000000000e+00
0.000000000000000000e+00
0.000000000000000000e+00
0.000000000000000000e+00
0.000000000000000000e+00
0.000000000000000000e+00
0.000000000000000000e+00
0.000000000000000000e+00
0.000000000000000000e+00
0.000000000000000000e+00
0.000000000000000000e+00
0.000000000000000000e+00
0.000000000000000000e+00
0.000000000000000000e+00
0.000000000000000000e+00
0.000000000000000000e+00
0.000000000000000000e+00
0.000000000000000000e+00
0.000000000000000000e+00
0.000000000000000000e+00
0.000000000000000000e+00
0.000000000000000000e+00
0.000000000000000000e+00
0.000000000000000000e+00
0.000000000000000000e+00
0.000000000000000000e+00
0.000000000000000000e+00
0.000000000000000000e+00
0.000000000000000000e+00
0.000000000000000000e+00
0.000000000000000000e+00
0.000000000000000000e+00
0.000000000000000000e+00
0.000000000000000000e+00
0.000000000000000000e+00
0.000000000000000000e+00
0.000000000000000000e+00
0.000000000000000000e+00
0.000000000000000000e+00
0.000000000000000000e+00
0.000000000000000000e+00
0.000000000000000000e+00
0.000000000000000000e+00
0.000000000000000000e+00
0.000000000000000000e+00
0.000000000000000000e+00
0.000000000000000000e+00
0.000000000000000000e+00
0.000000000000000000e+00
0.000000000000000000e+00
0.000000000000000000e+00
0.000000000000000000e+00
0.000000000000000000e+00
0.000000000000000000e+00
0.000000000000000000e+00
0.000000000000000000e+00
0.000000000000000000e+00
0.000000000000000000e+00
0.000000000000000000e+00
0.000000000000000000e+00
0.000000000000000000e+00
0.000000000000000000e+00
0.000000000000000000e+00
0.000000000000000000e+00
0.000000000000000000e+00
0.000000000000000000e+00
0.000000000000000000e+00
0.000000000000000000e+00
0.000000000000000000e+00
0.000000000000000000e+00
0.000000000000000000e+00
0.000000000000000000e+00
0.000000000000000000e+00
0.000000000000000000e+00
0.000000000000000000e+00
0.000000000000000000e+00
0.000000000000000000e+00
0.000000000000000000e+00
0.000000000000000000e+00
0.000000000000000000e+00
0.000000000000000000e+00
0.000000000000000000e+00
0.000000000000000000e+00
0.000000000000000000e+00
0.000000000000000000e+00
0.000000000000000000e+00
0.000000000000000000e+00
0.000000000000000000e+00
0.000000000000000000e+00
0.000000000000000000e+00
0.000000000000000000e+00
0.000000000000000000e+00
0.000000000000000000e+00
0.000000000000000000e+00
0.000000000000000000e+00
0.000000000000000000e+00
0.000000000000000000e+00
0.000000000000000000e+00
0.000000000000000000e+00
0.000000000000000000e+00
0.000000000000000000e+00
0.000000000000000000e+00
0.000000000000000000e+00
0.000000000000000000e+00
0.000000000000000000e+00
0.000000000000000000e+00
0.000000000000000000e+00
0.000000000000000000e+00
0.000000000000000000e+00
0.000000000000000000e+00
0.000000000000000000e+00
0.000000000000000000e+00
0.000000000000000000e+00
0.000000000000000000e+00
0.000000000000000000e+00
0.000000000000000000e+00
0.000000000000000000e+00
0.000000000000000000e+00
0.000000000000000000e+00
0.000000000000000000e+00
0.000000000000000000e+00
0.000000000000000000e+00
0.000000000000000000e+00
0.000000000000000000e+00
0.000000000000000000e+00
0.000000000000000000e+00
0.000000000000000000e+00
0.000000000000000000e+00
0.000000000000000000e+00
0.000000000000000000e+00
0.000000000000000000e+00
0.000000000000000000e+00
0.000000000000000000e+00
0.000000000000000000e+00
0.000000000000000000e+00
0.000000000000000000e+00
0.000000000000000000e+00
0.000000000000000000e+00
0.000000000000000000e+00
0.000000000000000000e+00
0.000000000000000000e+00
0.000000000000000000e+00
0.000000000000000000e+00
0.000000000000000000e+00
0.000000000000000000e+00
0.000000000000000000e+00
0.000000000000000000e+00
0.000000000000000000e+00
0.000000000000000000e+00
0.000000000000000000e+00
0.000000000000000000e+00
0.000000000000000000e+00
0.000000000000000000e+00
0.000000000000000000e+00
nan
