# bin_10_5
-2.809942509794359909e-07
-1.148524056693873098e-07
-6.698096585485920227e-08
-1.629915218974215120e-08
-2.619258678929878327e-08
5.515711097750537033e-09
-1.808473733685151183e-08
1.588678557982986224e-08
-1.455882209770639135e-08
2.920967263718206602e-08
-2.543788572332241776e-08
2.707458384644612746e-08
-2.932385050031360276e-08
-3.181967005409750328e-08
-2.964761237070306336e-08
-1.285023326900119066e-08
8.638895430271650796e-09
1.657744913797686053e-08
5.881847442421020839e-09
-1.164254891510424079e-08
-2.548185639152959445e-08
-3.050173243516402834e-08
-2.946890280806412373e-08
-2.773426344984535775e-08
-2.619580587705547337e-08
-2.535705030363202219e-08
-2.675492017410103266e-08
-2.987614599553913659e-08
-3.272470929943453125e-08
-3.407706054667257661e-08
-3.323482376138554098e-08
-2.782097042130612971e-08
-1.814616444539216672e-08
-6.995598020767770832e-09
3.714984932970725871e-09
1.270462032210751526e-08
1.915444232056014094e-08
2.433731056144183392e-08
2.940409805121363156e-08
3.379036186980872957e-08
3.711397355186069780e-08
3.912960452865533138e-08
3.969401507833909888e-08
3.873955848357945372e-08
3.527177814478884921e-08
2.940697196585174188e-08
2.249801474691621568e-08
1.557495399404094196e-08
9.410891166403123804e-09
4.574699489206603857e-09
1.473269627836700421e-09
3.854020990078635263e-10
3.713323456953049154e-10
3.581327359260639193e-10
3.456999743682159894e-10
3.339455482862077067e-10
3.227934691956310422e-10
3.121783786625625027e-10
3.020439561500151049e-10
2.923415780243308086e-10
2.830291859040592879e-10
2.577993615814559782e-10
2.068364708164858113e-10
1.386094021847809599e-10
6.014390549774936532e-11
-2.276061727160547619e-11
-1.053466256344587874e-10
-1.837412916633237126e-10
-2.548225210682166609e-10
-3.161046410546907617e-10
-3.656408046477439564e-10
-4.019396223909151775e-10
-4.306557702938158105e-10
-4.577756979322921968e-10
-4.827027942138058141e-10
-5.049577460237193117e-10
-5.241617282359695467e-10
-5.400218714836509152e-10
-5.523186950510145952e-10
-5.608952368016266377e-10
-5.656476499567342988e-10
-5.665170688280767718e-10
-5.634825731622434197e-10
-5.565551042992349190e-10
-5.457722064973706870e-10
-5.288531255476350819e-10
-5.048706895455464623e-10
-4.757111558002156416e-10
-4.430195152554653198e-10
-4.082265042925289534e-10
-3.725726162168000032e-10
-3.371294570014680839e-10
-3.028187483131313619e-10
-2.704292445844242670e-10
-2.406317992152341903e-10
-2.139927872672118197e-10
-1.909860677418554482e-10
-1.720036472491646551e-10
-1.573651881930344959e-10
-1.473264881856727201e-10
-1.420870429663470386e-10
-1.407444956395414505e-10
-1.419012854003516241e-10
-1.450229682681338150e-10
-1.496329383296965443e-10
-1.553069176832372809e-10
-1.616679684237726014e-10
-1.683819754390361919e-10
-1.751535540718330693e-10
-1.817223414150315339e-10
-1.878596342054907346e-10
-1.933653400314751255e-10
-1.980652119161156362e-10
-2.018083393322457814e-10
-2.044648713813696164e-10
-2.059239502667187699e-10
-2.060918353382326164e-10
-2.048901999132841897e-10
-2.022545848051981159e-10
-1.971440078616707581e-10
-1.889458563077410340e-10
-1.782075158020797824e-10
-1.654261975154658571e-10
-1.510530132783275471e-10
-1.354967204443656553e-10
-1.191271642625533022e-10
-1.022784430859212219e-10
-8.525181951291914900e-11
-6.831839853284060121e-11
-5.172159191012289561e-11
-3.567938637497354822e-11
-2.038643167312254493e-11
-6.015963150799487779e-12
7.278427701024088374e-12
1.936116245841571502e-11
3.011317348498134026e-11
3.943051985877273609e-11
4.722311206470228668e-11
5.341353679713818044e-11
5.793597393410319757e-11
6.073519839890368421e-11
6.255847796451878746e-11
6.419184503879897015e-11
6.564521798245580265e-11
6.692801684130416607e-11
6.804918987675908226e-11
6.901723856486180708e-11
6.984024116003802409e-11
7.052587491323467762e-11
7.108143702800464955e-11
7.151386443247118345e-11
7.182975243988867663e-11
7.203537236566707544e-11
7.213668816423368313e-11
7.213937214493462728e-11
7.204881982229683096e-11
7.187016395237387168e-11
7.160828780354599318e-11
7.126783770703282413e-11
7.085323492947608615e-11
7.036868690725346899e-11
6.981819787967235422e-11
6.920557895584977751e-11
6.853445764790590285e-11
6.780828690106225447e-11
6.703035364933962787e-11
6.594753236845612608e-11
6.434304327793481815e-11
6.227183270727347342e-11
5.978536353018501934e-11
5.693181654049928871e-11
5.375628007495065600e-11
5.030092859977929445e-11
4.270590872127568048e-11
3.863748578454934980e-11
3.443202883535998640e-11
3.011948013086339029e-11
2.572774251422634353e-11
2.128279730609501472e-11
1.680881546866668525e-11
1.232826243965977990e-11
3.429364586228901747e-12
-9.517148089388706784e-13
-5.264663532557192678e-12
-9.494167982521547420e-12
-1.362610467789341976e-11
-1.764747049516827852e-11
-2.154631682229400303e-11
-2.893355967729483931e-11
-3.240278936746718075e-11
-3.571105820914655172e-11
-3.885082456515113734e-11
-4.460776587778740349e-11
-4.724735395241029210e-11
-4.975056576836562749e-11
-5.213296538307444793e-11
-5.440920537965110119e-11
-5.869753727282825261e-11
-6.073478546259678594e-11
-6.271626862350767380e-11
-6.655427511209442243e-11
-6.843033889256026162e-11
-7.028978519847276850e-11
-7.214090412010314899e-11
-7.584865910783849913e-11
-7.771929635414533178e-11
-7.960966010949605073e-11
-8.347261855101410867e-11
-8.545573070793320716e-11
-8.747964631704963740e-11
-9.166692867022822476e-11
-9.383800343607438065e-11
-9.835203149660747520e-11
-1.007009525412687023e-10
-1.031146931688503053e-10
-1.081458444633262348e-10
-1.107673084951839118e-10
-1.162306149720160228e-10
-1.190753321314045268e-10
-1.255420846241951961e-10
-1.292385346262127187e-10
-1.331909999459273745e-10
-1.417178137375180345e-10
-1.462237521839291745e-10
-1.555628304635710104e-10
-1.603377701307742088e-10
-1.699644534604462418e-10
-1.747669186028259134e-10
-1.842369485158238565e-10
-1.888630276097499624e-10
-1.978023738833216430e-10
-2.062107457846859291e-10
-2.101769004484144150e-10
-2.175635441405854197e-10
-2.209588131670308090e-10
-2.270962834398839508e-10
-2.322958439297916175e-10
-2.345213504705104126e-10
-2.381843852082935292e-10
-2.396079484115080260e-10
-2.416084433781585604e-10
-2.424451726974220356e-10
-2.424158268712825054e-10
-2.414430012424583885e-10
-2.392311228103750673e-10
-2.376543698909380752e-10
-2.339403531534713288e-10
-2.297598822997559203e-10
-2.251456387245743586e-10
-2.226855521311344417e-10
-2.174778769953727167e-10
-2.119102072999439279e-10
-2.060091545228975818e-10
-2.029415087852232885e-10
-1.965869866865770416e-10
-1.899591679754990075e-10
-1.830797272585571756e-10
-1.759691043562265592e-10
-1.723331666153573320e-10
-1.649115643442735278e-10
-1.573049240934526050e-10
-1.495298857566902237e-10
-1.416021368575789310e-10
-1.335364655056544809e-10
-1.253468102651518333e-10
-1.170463071290588063e-10
-1.086473337781700702e-10
-1.001615512929137572e-10
-9.159994347452557268e-11
-8.297285392183267783e-11
-7.429002100030241399e-11
-6.556061083105713722e-11
-5.590913676076130791e-11
-4.464369043458133060e-11
-3.203320206700370888e-11
-1.832735284607064479e-11
-3.757770378806732703e-12
1.146084955078988410e-11
2.712969020184252523e-11
4.306482568254289108e-11
5.909629324426713981e-11
7.506722223970934628e-11
9.083301617521177605e-11
1.062605845236989844e-10
1.285030006868525967e-10
1.425718489286992345e-10
1.559172343346380453e-10
1.684495215736659611e-10
1.800871163750619760e-10
1.957058818281175843e-10
2.047980014000147563e-10
2.127660502463854262e-10
2.195587087412803031e-10
2.274452177714457503e-10
2.311105990393335825e-10
2.334625693836229137e-10
2.344656964478844028e-10
2.334164135705238109e-10
2.302716280676339894e-10
2.142569994362287385e-10
1.963950173396295812e-10
1.605367732417521553e-10
1.315132075122054766e-10
9.908569801656606428e-11
4.525939159917431056e-11
6.661967628816166634e-12
-5.412726086178137051e-11
-9.594918607849051960e-11
-1.596261309217652753e-10
-2.021704238639703525e-10
-2.652815222964236624e-10
-3.266242743875125884e-10
-3.660680725566785233e-10
-4.224197461215598478e-10
-4.577727753163974815e-10
-5.069519065166520925e-10
-5.509410235587588384e-10
-5.770976436653981137e-10
-6.111957105381967277e-10
-6.387219464101051532e-10
-6.532195506102169340e-10
-6.689200009193260533e-10
-6.770871670839947735e-10
-6.774509592916525766e-10
-6.732445246478776283e-10
-6.618715718009678988e-10
-6.459756809715457201e-10
-6.258302501205702348e-10
-6.016945695235732353e-10
-5.835092848001063288e-10
-5.532634163217335199e-10
-5.196553062225915724e-10
-4.828985838753523775e-10
-4.431959093777530315e-10
-4.007395434002733237e-10
-3.557118855474959852e-10
-3.082859831081306947e-10
-2.586260119480047334e-10
-2.068877311882295863e-10
-1.532189132062061759e-10
-9.775975039987702632e-11
-4.064324006506201790e-11
1.800445134908148546e-11
9.837724861991094364e-11
1.601428732639653016e-10
2.230641658820398482e-10
2.870408033323537285e-10
3.519776530713916497e-10
4.177845147797002245e-10
5.067331946805791727e-10
5.742452018026768568e-10
6.602960048717058102e-10
8.866055936280466359e-10
1.132295984312050956e-09
1.433201720423713739e-09
1.906066137157492658e-09
2.304533570229429796e-09
2.732660076422376742e-09
3.338292388783353964e-09
3.810728964702279885e-09
4.454277691257665975e-09
4.940487101409072884e-09
5.584502360467391029e-09
6.058692794657835534e-09
6.671634677931874564e-09
7.112153080728390186e-09
7.667634709706025400e-09
8.180187540365406062e-09
8.532560151701448272e-09
8.955032801023824920e-09
9.318642033659574556e-09
9.549925893780995449e-09
9.799769629946410864e-09
9.979386328793143276e-09
1.008559319149462237e-08
1.011565161887927335e-08
1.008680717624204702e-08
9.980657673501711035e-09
9.849190341197957547e-09
9.714375085619030574e-09
9.576479265204576173e-09
9.435755967289355326e-09
9.292444756144516050e-09
9.146772379711884407e-09
8.998953437479472573e-09
8.849191011789916145e-09
8.697677264728223826e-09
8.544594002599283753e-09
8.390113209879409187e-09
8.195293907746009740e-09
8.038250003947629341e-09
7.880305611196372559e-09
7.721596290075748349e-09
7.522328442002694524e-09
7.362355679096674504e-09
7.202009013417591790e-09
7.001211399105476641e-09
6.840403399571462460e-09
6.679545906721801275e-09
6.478538111353435713e-09
6.317883562280809754e-09
6.117381418256478570e-09
5.957320308710018654e-09
5.757780030307381839e-09
5.582154130780596070e-09
5.321356867473988344e-09
5.022018503503852218e-09
4.759691099125693326e-09
4.408870112380479154e-09
4.038405039897473183e-09
3.731771483951664509e-09
3.340130256279932671e-09
2.943797524037558137e-09
2.547296183252939897e-09
2.154765404341820760e-09
1.769986869291970950e-09
1.396409265452379982e-09
1.107730834108323657e-09
7.620293487730055712e-10
4.356025165378694421e-10
7.266620949983025241e-11
-2.033123421798415649e-10
-4.532104621137509825e-10
-6.753480676063072606e-10
-8.682322370439043967e-10
-1.030543949913030084e-09
-1.183343267641054661e-09
-1.274531472517393578e-09
-1.331955758834627786e-09
-1.354901298682654021e-09
-1.340862608894228994e-09
-1.315816962606974073e-09
-1.275996407279174738e-09
-1.235837118912422452e-09
-1.180651769039945310e-09
-1.129836997811523263e-09
-1.064250768181809283e-09
-1.006615204688583897e-09
-9.348909341088636363e-10
-8.613920982565447099e-10
-7.995069636104538105e-10
-7.252748444929339340e-10
-6.518697284295348247e-10
-5.800621470452551450e-10
-5.105540672147178495e-10
-4.439836438503269524e-10
-3.809296552811630437e-10
-3.219156429257503136e-10
-2.674137754085257624e-10
-2.178484558338290727e-10
-1.735996896031103562e-10
-1.350062289325442953e-10
-1.023685090908420507e-10
-7.595139032440733210e-11
-5.598671846176744179e-11
-4.111663170329115136e-11
-3.569028298131709530e-11
-3.278597451092166959e-11
-2.961004141424019184e-11
-2.706197942955732194e-11
-2.428314938903953179e-11
-2.206027825052059062e-11
-1.964392983183387439e-11
-1.771789005182108313e-11
-1.563239791933613514e-11
-1.371292352751449872e-11
-1.195148431602991889e-11
-1.056168546734864377e-11
-9.073825144427586679e-12
-7.723192404258298029e-12
-6.503149109916706167e-12
-5.407364845423251339e-12
-4.429801835927112245e-12
-3.564700668136012800e-12
-2.806566764800858182e-12
-2.150157569963498807e-12
-1.590470404368894372e-12
-1.122730952962261755e-12
-6.949246403018205594e-13
-4.091366596955614181e-13
-2.016595944998833144e-13
-5.538986818277470112e-14
-2.687646118788339338e-15
0.000000000000000000e+00
0.000000000000000000e+00
0.000000000000000000e+00
0.000000000000000000e+00
0.000000000000000000e+00
0.000000000000000000e+00
0.000000000000000000e+00
0.000000000000000000e+00
0.000000000000000000e+00
0.000000000000000000e+00
0.000000000000000000e+00
0.000000000000000000e+00
0.000000000000000000e+00
0.000000000000000000e+00
0.000000000000000000e+00
0.000000000000000000e+00
0.000000000000000000e+00
0.000000000000000000e+00
0.000000000000000000e+00
0.000000000000000000e+00
0.000000000000000000e+00
0.000000000000000000e+00
0.000000000000000000e+00
0.000000000000000000e+00
0.000000000000000000e+00
0.000000000000000000e+00
0.000000000000000000e+00
0.000000000000000000e+00
0.000000000000000000e+00
0.000000000000000000e+00
0.000000000000000000e+00
0.000000000000000000e+00
0.000000000000000000e+00
0.000000000000000000e+00
0.000000000000000000e+00
0.000000000000000000e+00
0.000000000000000000e+00
0.000000000000000000e+00
0.000000000000000000e+00
0.000000000000000000e+00
0.000000000000000000e+00
0.000000000000000000e+00
0.000000000000000000e+00
0.000000000000000000e+00
0.000000000000000000e+00
0.000000000000000000e+00
0.000000000000000000e+00
0.000000000000000000e+00
0.000000000000000000e+00
0.000000000000000000e+00
0.000000000000000000e+00
0.000000000000000000e+00
0.000000000000000000e+00
0.000000000000000000e+00
0.000000000000000000e+00
0.000000000000000000e+00
0.000000000000000000e+00
0.000000000000000000e+00
0.000000000000000000e+00
0.000000000000000000e+00
0.000000000000000000e+00
0.000000000000000000e+00
0.000000000000000000e+00
0.000000000000000000e+00
0.000000000000000000e+00
0.000000000000000000e+00
0.000000000000000000e+00
0.000000000000000000e+00
0.000000000000000000e+00
0.000000000000000000e+00
0.000000000000000000e+00
0.000000000000000000e+00
0.000000000000000000e+00
0.000000000000000000e+00
0.000000000000000000e+00
0.000000000000000000e+00
0.000000000000000000e+00
0.000000000000000000e+00
0.000000000000000000e+00
0.000000000000000000e+00
0.000000000000000000e+00
0.000000000000000000e+00
0.000000000000000000e+00
0.000000000000000000e+00
0.000000000000000000e+00
0.000000000000000000e+00
0.000000000000000000e+00
0.000000000000000000e+00
0.000000000000000000e+00
0.000000000000000000e+00
0.000000000000000000e+00
0.000000000000000000e+00
0.000000000000000000e+00
0.000000000000000000e+00
0.000000000000000000e+00
0.000000000000000000e+00
0.000000000000000000e+00
0.000000000000000000e+00
0.000000000000000000e+00
0.000000000000000000e+00
0.000000000000000000e+00
0.000000000000000000e+00
0.000000000000000000e+00
0.000000000000000000e+00
0.000000000000000000e+00
0.000000000000000000e+00
0.000000000000000000e+00
0.000000000000000000e+00
0.000000000000000000e+00
0.000000000000000000e+00
0.000000000000000000e+00
0.000000000000000000e+00
0.000000000000000000e+00
0.000000000000000000e+00
0.000000000000000000e+00
0.000000000000000000e+00
0.000000000000000000e+00
0.000000000000000000e+00
0.000000000000000000e+00
0.000000000000000000e+00
0.000000000000000000e+00
0.000000000000000000e+00
0.000000000000000000e+00
0.000000000000000000e+00
0.000000000000000000e+00
0.000000000000000000e+00
0.000000000000000000e+00
0.000000000000000000e+00
0.000000000000000000e+00
0.000000000000000000e+00
0.000000000000000000e+00
0.000000000000000000e+00
0.000000000000000000e+00
0.000000000000000000e+00
0.000000000000000000e+00
0.000000000000000000e+00
0.000000000000000000e+00
0.000000000000000000e+00
0.000000000000000000e+00
0.000000000000000000e+00
0.000000000000000000e+00
0.000000000000000000e+00
0.000000000000000000e+00
0.000000000000000000e+00
0.000000000000000000e+00
0.000000000000000000e+00
0.000000000000000000e+00
0.000000000000000000e+00
0.000000000000000000e+00
0.000000000000000000e+00
0.000000000000000000e+00
0.000000000000000000e+00
0.000000000000000000e+00
0.000000000000000000e+00
0.000000000000000000e+00
0.000000000000000000e+00
0.000000000000000000e+00
0.000000000000000000e+00
0.000000000000000000e+00
0.000000000000000000e+00
0.000000000000000000e+00
0.000000000000000000e+00
0.000000000000000000e+00
0.000000000000000000e+00
0.000000000000000000e+00
0.000000000000000000e+00
0.000000000000000000e+00
0.000000000000000000e+00
0.000000000000000000e+00
0.000000000000000000e+00
0.000000000000000000e+00
0.000000000000000000e+00
0.000000000000000000e+00
0.000000000000000000e+00
0.000000000000000000e+00
0.000000000000000000e+00
0.000000000000000000e+00
0.000000000000000000e+00
0.000000000000000000e+00
0.000000000000000000e+00
0.000000000000000000e+00
0.000000000000000000e+00
0.000000000000000000e+00
0.000000000000000000e+00
0.000000000000000000e+00
0.000000000000000000e+00
0.000000000000000000e+00
0.000000000000000000e+00
0.000000000000000000e+00
0.000000000000000000e+00
0.000000000000000000e+00
0.000000000000000000e+00
0.000000000000000000e+00
0.000000000000000000e+00
0.000000000000000000e+00
0.000000000000000000e+00
0.000000000000000000e+00
0.000000000000000000e+00
0.000000000000000000e+00
0.000000000000000000e+00
0.000000000000000000e+00
0.000000000000000000e+00
0.000000000000000000e+00
0.000000000000000000e+00
0.000000000000000000e+00
0.000000000000000000e+00
0.000000000000000000e+00
0.000000000000000000e+00
0.000000000000000000e+00
0.000000000000000000e+00
0.000000000000000000e+00
0.000000000000000000e+00
0.000000000000000000e+00
0.000000000000000000e+00
0.000000000000000000e+00
0.000000000000000000e+00
0.000000000000000000e+00
0.000000000000000000e+00
0.000000000000000000e+00
0.000000000000000000e+00
0.000000000000000000e+00
0.000000000000000000e+00
0.000000000000000000e+00
0.000000000000000000e+00
0.000000000000000000e+00
0.000000000000000000e+00
0.000000000000000000e+00
0.000000000000000000e+00
0.000000000000000000e+00
0.000000000000000000e+00
0.000000000000000000e+00
0.000000000000000000e+00
0.000000000000000000e+00
0.000000000000000000e+00
0.000000000000000000e+00
0.000000000000000000e+00
0.000000000000000000e+00
0.000000000000000000e+00
0.000000000000000000e+00
0.000000000000000000e+00
0.000000000000000000e+00
0.000000000000000000e+00
0.000000000000000000e+00
0.000000000000000000e+00
0.000000000000000000e+00
0.000000000000000000e+00
0.000000000000000000e+00
0.000000000000000000e+00
0.000000000000000000e+00
0.000000000000000000e+00
0.000000000000000000e+00
0.000000000000000000e+00
0.000000000000000000e+00
0.000000000000000000e+00
0.000000000000000000e+00
0.000000000000000000e+00
0.000000000000000000e+00
0.000000000000000000e+00
0.000000000000000000e+00
0.000000000000000000e+00
0.000000000000000000e+00
0.000000000000000000e+00
0.000000000000000000e+00
0.000000000000000000e+00
0.000000000000000000e+00
0.000000000000000000e+00
0.000000000000000000e+00
0.000000000000000000e+00
0.000000000000000000e+00
0.000000000000000000e+00
0.000000000000000000e+00
0.000000000000000000e+00
0.000000000000000000e+00
0.000000000000000000e+00
0.000000000000000000e+00
0.000000000000000000e+00
0.000000000000000000e+00
0.000000000000000000e+00
0.000000000000000000e+00
0.000000000000000000e+00
0.000000000000000000e+00
0.000000000000000000e+00
0.000000000000000000e+00
0.000000000000000000e+00
0.000000000000000000e+00
0.000000000000000000e+00
0.000000000000000000e+00
0.000000000000000000e+00
0.000000000000000000e+00
0.000000000000000000e+00
0.000000000000000000e+00
0.000000000000000000e+00
0.000000000000000000e+00
0.000000000000000000e+00
0.000000000000000000e+00
0.000000000000000000e+00
0.000000000000000000e+00
0.000000000000000000e+00
0.000000000000000000e+00
0.000000000000000000e+00
0.000000000000000000e+00
0.000000000000000000e+00
0.000000000000000000e+00
0.000000000000000000e+00
0.000000000000000000e+00
0.000000000000000000e+00
0.000000000000000000e+00
0.000000000000000000e+00
0.000000000000000000e+00
0.000000000000000000e+00
0.000000000000000000e+00
0.000000000000000000e+00
0.000000000000000000e+00
0.000000000000000000e+00
0.000000000000000000e+00
0.000000000000000000e+00
0.000000000000000000e+00
0.000000000000000000e+00
0.000000000000000000e+00
0.000000000000000000e+00
0.000000000000000000e+00
0.000000000000000000e+00
0.000000000000000000e+00
0.000000000000000000e+00
0.000000000000000000e+00
0.000000000000000000e+00
0.000000000000000000e+00
0.000000000000000000e+00
0.000000000000000000e+00
0.000000000000000000e+00
0.000000000000000000e+00
0.000000000000000000e+00
0.000000000000000000e+00
0.000000000000000000e+00
0.000000000000000000e+00
0.000000000000000000e+00
0.000000000000000000e+00
0.000000000000000000e+00
0.000000000000000000e+00
0.000000000000000000e+00
0.000000000000000000e+00
0.000000000000000000e+00
0.000000000000000000e+00
0.000000000000000000e+00
0.000000000000000000e+00
0.000000000000000000e+00
0.000000000000000000e+00
0.000000000000000000e+00
0.000000000000000000e+00
0.000000000000000000e+00
0.000000000000000000e+00
0.000000000000000000e+00
0.000000000000000000e+00
0.000000000000000000e+00
0.000000000000000000e+00
0.000000000000000000e+00
0.000000000000000000e+00
0.000000000000000000e+00
0.000000000000000000e+00
0.000000000000000000e+00
0.000000000000000000e+00
0.000000000000000000e+00
0.000000000000000000e+00
0.000000000000000000e+00
0.000000000000000000e+00
0.000000000000000000e+00
0.000000000000000000e+00
0.000000000000000000e+00
0.000000000000000000e+00
0.000000000000000000e+00
0.000000000000000000e+00
0.000000000000000000e+00
0.000000000000000000e+00
0.000000000000000000e+00
0.000000000000000000e+00
0.000000000000000000e+00
0.000000000000000000e+00
0.000000000000000000e+00
0.000000000000000000e+00
0.000000000000000000e+00
0.000000000000000000e+00
0.000000000000000000e+00
0.000000000000000000e+00
0.000000000000000000e+00
0.000000000000000000e+00
0.000000000000000000e+00
0.000000000000000000e+00
0.000000000000000000e+00
0.000000000000000000e+00
0.000000000000000000e+00
0.000000000000000000e+00
0.000000000000000000e+00
0.000000000000000000e+00
0.000000000000000000e+00
0.000000000000000000e+00
0.000000000000000000e+00
0.000000000000000000e+00
0.000000000000000000e+00
0.000000000000000000e+00
0.000000000000000000e+00
0.000000000000000000e+00
0.000000000000000000e+00
0.000000000000000000e+00
0.000000000000000000e+00
0.000000000000000000e+00
0.000000000000000000e+00
0.000000000000000000e+00
0.000000000000000000e+00
0.000000000000000000e+00
0.000000000000000000e+00
0.000000000000000000e+00
0.000000000000000000e+00
0.000000000000000000e+00
0.000000000000000000e+00
0.000000000000000000e+00
0.000000000000000000e+00
0.000000000000000000e+00
0.000000000000000000e+00
0.000000000000000000e+00
0.000000000000000000e+00
0.000000000000000000e+00
0.000000000000000000e+00
0.000000000000000000e+00
0.000000000000000000e+00
0.000000000000000000e+00
0.000000000000000000e+00
0.000000000000000000e+00
0.000000000000000000e+00
0.000000000000000000e+00
0.000000000000000000e+00
0.000000000000000000e+00
0.000000000000000000e+00
0.000000000000000000e+00
0.000000000000000000e+00
0.000000000000000000e+00
0.000000000000000000e+00
0.000000000000000000e+00
0.000000000000000000e+00
0.000000000000000000e+00
0.000000000000000000e+00
0.000000000000000000e+00
0.000000000000000000e+00
0.000000000000000000e+00
0.000000000000000000e+00
0.000000000000000000e+00
0.000000000000000000e+00
0.000000000000000000e+00
0.000000000000000000e+00
0.000000000000000000e+00
0.000000000000000000e+00
0.000000000000000000e+00
0.000000000000000000e+00
0.000000000000000000e+00
0.000000000000000000e+00
0.000000000000000000e+00
0.000000000000000000e+00
0.000000000000000000e+00
0.000000000000000000e+00
0.000000000000000000e+00
0.000000000000000000e+00
0.000000000000000000e+00
0.000000000000000000e+00
0.000000000000000000e+00
0.000000000000000000e+00
0.000000000000000000e+00
0.000000000000000000e+00
0.000000000000000000e+00
0.000000000000000000e+00
0.000000000000000000e+00
0.000000000000000000e+00
0.000000000000000000e+00
0.000000000000000000e+00
0.000000000000000000e+00
0.000000000000000000e+00
0.000000000000000000e+00
0.000000000000000000e+00
0.000000000000000000e+00
0.000000000000000000e+00
0.000000000000000000e+00
0.000000000000000000e+00
0.000000000000000000e+00
0.000000000000000000e+00
0.000000000000000000e+00
0.000000000000000000e+00
0.000000000000000000e+00
0.000000000000000000e+00
0.000000000000000000e+00
0.000000000000000000e+00
0.000000000000000000e+00
0.000000000000000000e+00
0.000000000000000000e+00
0.000000000000000000e+00
0.000000000000000000e+00
0.000000000000000000e+00
0.000000000000000000e+00
0.000000000000000000e+00
0.000000000000000000e+00
0.000000000000000000e+00
0.000000000000000000e+00
0.000000000000000000e+00
0.000000000000000000e+00
0.000000000000000000e+00
0.000000000000000000e+00
0.000000000000000000e+00
0.000000000000000000e+00
0.000000000000000000e+00
0.000000000000000000e+00
0.000000000000000000e+00
0.000000000000000000e+00
0.000000000000000000e+00
0.000000000000000000e+00
0.000000000000000000e+00
0.000000000000000000e+00
0.000000000000000000e+00
0.000000000000000000e+00
0.000000000000000000e+00
nan
