# bin_19_2
6.058917919682322112e-08
3.309275725594620121e-08
6.992342626695150616e-08
3.853360487361325702e-08
5.699282075897929484e-08
8.414115256504673331e-09
5.968679722495583253e-08
-1.119168385588070014e-07
8.897367556958979235e-08
-8.843373554145965850e-08
5.489888560970268536e-09
4.626164066631401705e-07
-2.058704678037101003e-07
-8.974656311114703390e-08
-7.639823969816670198e-09
-2.485250039011092722e-07
-6.369998032765962000e-07
-8.802269732660914490e-07
-9.845742838679339683e-07
-1.040983571071566321e-06
-1.040013449740992017e-06
-9.818288818639197288e-07
-8.258956367366801738e-07
-6.076251678164546741e-07
-4.078359630836090321e-07
-2.720441384765072469e-07
-1.935210253316496766e-07
-1.393671004944713635e-07
-1.003349418925679057e-07
-7.003470930852569740e-08
-4.410109876949931372e-08
-2.356493153102583342e-08
-9.139061886610695288e-09
2.048868369720105403e-09
1.200981129169186980e-08
2.212335926138137840e-08
3.330724643202655482e-08
4.756584166085664351e-08
6.400281898709092604e-08
7.972097296223139410e-08
9.268595307071340922e-08
1.015166713929739539e-07
1.053247799340540988e-07
1.035915588204520113e-07
9.425111715616699030e-08
7.840727516273710519e-08
5.972863687466557881e-08
4.100843702476899304e-08
2.434317996274693128e-08
1.127558578757146224e-08
2.909141141406604354e-09
1.018170230661148921e-19
7.476740696455525637e-20
5.278235381282739586e-20
3.521747878484668982e-20
2.150907058247487564e-20
1.116339844606709127e-20
3.747546304777260143e-21
-1.118461406740771277e-21
-3.768438655536494086e-21
-4.495885699660844829e-21
-4.239135899675025988e-21
-3.810043036969887731e-21
-3.275242904108833381e-21
-2.689653956876918558e-21
-2.098261673238617057e-21
-1.537634961564655740e-21
-1.037216024939277011e-21
-6.204183982591387577e-22
-3.055623212247999046e-22
-1.066719899822806259e-22
-3.415537809491114970e-23
-2.794878553380872635e-23
-2.256506725606148699e-23
-1.792747396724291517e-23
-1.396636774535235172e-23
-1.061852016667037884e-23
-7.826485448532706266e-24
-5.538039913102194904e-24
-3.705680165912353219e-24
-2.286173325741700130e-24
-1.240153459440694257e-24
-5.317590846429344855e-25
-1.283072200363631721e-25
-3.285052471664010302e-41
-2.789718470570034935e-41
-2.348932473626128635e-41
-1.958372587946508627e-41
-1.614059005608778146e-41
-1.312325071854474562e-41
-1.049791009386667334e-41
-8.233400337536240118e-42
-6.300966234445082092e-42
-4.674067336261097586e-42
-3.328197648327810954e-42
-2.240721177472649043e-42
-1.390721827915209123e-42
-7.588662885563803920e-43
-3.272786936732792375e-43
-7.942596250766536217e-44
-1.283321832306025314e-47
-1.111958384962924322e-47
-9.570744748806808050e-48
-8.175535065197806523e-48
-6.923542826627991047e-48
-5.805055632459174682e-48
-4.811010508191497130e-48
-3.932947662372971749e-48
-3.162967815510737371e-48
-2.493692800996412133e-48
-1.918229165364119196e-48
-1.430134519833458687e-48
-1.023386417314142144e-48
-6.923535491302720875e-49
-4.317690738761788277e-49
-2.367059072406615917e-49
-1.025538165123722828e-49
-2.499817695956421306e-50
-2.595053085046608507e-55
-2.306883599186604165e-55
-2.041815769365624755e-55
-1.798519610372362709e-55
-1.575741792131150295e-55
-1.372300906394480829e-55
-1.187083051569718993e-55
-1.019037712377513198e-55
-8.671739128926428321e-56
-7.305566232124409001e-56
-6.083034015479909610e-56
-4.995812549513766064e-56
-4.036037031914625080e-56
-3.196280314809750783e-56
-2.469527188492261906e-56
-1.849150299563836604e-56
-1.328887590647711161e-56
-9.028211572722761469e-57
-5.653574252916370353e-57
-3.112085593495064008e-57
-1.353750194638591573e-57
-3.312918886138169231e-58
-1.763522894669412791e-65
-1.591699373587209313e-65
-1.431829618478440743e-65
-1.283325928251528860e-65
-1.145629473539509441e-65
-1.018208776996893019e-65
-9.005582807234090352e-66
-7.921969953663216524e-66
-6.926672258231286736e-66
-6.015333688095994386e-66
-5.183807778764610803e-66
-4.428146917526051281e-66
-3.744592221666614107e-66
-3.129563975527095976e-66
-2.579652592816202040e-66
-2.091610072789674201e-66
-1.662341920938269000e-66
-1.288899506724155371e-66
-9.684728326650469180e-67
-6.983836907071850895e-67
-4.760791833535082026e-67
-2.991255884354231595e-67
-1.652025477427957406e-67
-7.209756096026205816e-68
-1.770076751125900368e-68
1.481003648242469170e-77
1.457830104719755138e-77
1.424712266511593927e-77
1.382974592290856054e-77
1.333852626159798090e-77
1.278498275708248896e-77
1.217984777217287415e-77
1.153311367288795863e-77
1.015137878931428198e-77
9.433045623718963156e-78
8.706524189058216337e-78
7.978716847510287407e-78
7.256013932496339353e-78
6.544324361367070032e-78
5.849104468621486599e-78
5.175385165997533863e-78
3.910596904068472379e-78
3.327685621740075174e-78
2.782634401802254709e-78
2.278702523757213947e-78
1.818856837253994759e-78
1.405789679663986866e-78
1.041935764694532772e-78
4.704130036631364638e-79
2.664642315966404181e-79
1.191963335721114649e-79
2.997721654598814503e-80
2.190685308748816766e-91
2.033027378649286054e-91
1.883385769643664153e-91
1.741474792936811320e-91
1.607018934478374466e-91
1.359419073578422906e-91
1.245771498354581088e-91
1.138571196427632367e-91
9.425998505305994554e-92
8.533924014733755606e-92
7.697588240413621440e-92
6.914994816576196463e-92
5.503393753344521751e-92
4.870730003602586619e-92
4.284491568574480486e-92
3.244651385694916110e-92
2.787871763390788796e-92
2.371157610998516122e-92
1.652150341573507467e-92
1.347091907230493605e-92
8.393010379957226463e-93
6.340754851866021310e-93
4.597044867713809215e-93
1.989898393917083128e-93
1.104730484469112063e-93
1.195886027424812424e-94
-3.825439767242055813e-109
-3.731337437795680910e-109
-3.665134785371674548e-109
-3.587821063952435633e-109
-3.404470784691992762e-109
-3.300598628256039636e-109
-3.073474114168241671e-109
-2.952077922003740416e-109
-2.697910087457873757e-109
-2.566724549935959652e-109
-2.299810649029067981e-109
-2.165431828180894426e-109
-1.897937333214711812e-109
-1.635882623252834044e-109
-1.508187708618487667e-109
-1.261796101092406235e-109
-1.143952412685100537e-109
-9.209148324557378620e-110
-7.170670446868107374e-110
-6.231296529371425407e-110
-4.526328423871822995e-110
-3.765794123519622369e-110
-2.439973473774939079e-110
-1.387733517899098095e-110
-9.686135619123878509e-111
-3.519717781223017339e-111
-3.943411223039186249e-112
-1.271338234321215970e-134
-1.144652771872636807e-134
-1.027013609494182588e-134
-9.179612236148873731e-135
-8.665178900209907756e-135
-7.695347844078677835e-135
-6.800890301769810586e-135
-5.977974208797901342e-135
-5.592199517970876815e-135
-4.869828027137353854e-135
-4.210236255599342535e-135
-3.610221065775749549e-135
-3.066738046903183905e-135
-2.815286060877000703e-135
-2.351219817943629993e-135
-1.936715531913929672e-135
-1.569221650550893383e-135
-1.246311344424906643e-135
-9.656760817905786000e-136
-7.251195613510905392e-136
-5.225519812495168379e-136
-3.559846240466504837e-136
-2.235247387686466675e-136
-1.233707023337591439e-136
-5.380744381058986361e-137
-1.320211602234285763e-137
1.862113349436501020e-163
1.831506797457347852e-163
1.787153650871756657e-163
1.730968019194161029e-163
1.664730935487062004e-163
1.590098524390695467e-163
1.508609669873242665e-163
1.421693214546079517e-163
1.330674720250136375e-163
1.236782817633012839e-163
1.141155170591316044e-163
1.044844079737024812e-163
9.488217474524965758e-164
8.072725735206481498e-164
7.157437224114412240e-164
6.273443613570845133e-164
5.427433447211799002e-164
4.625532132655082682e-164
3.517492613625319884e-164
2.849278667057318330e-164
2.242667702924361783e-164
1.701657689987545158e-164
1.020927515734688297e-164
6.588892575630416827e-165
3.735062898397706141e-165
9.436306801986345784e-166
1.055123026293387024e-166
-4.237349301259350427e-205
-4.126035235723370016e-205
-4.026285905574028460e-205
-3.844575622604032478e-205
-3.705406053129353141e-205
-3.554320625071945180e-205
-3.309697516111562296e-205
-3.137317558098529877e-205
-2.869071129555430167e-205
-2.686085497788441615e-205
-2.409000394880624390e-205
-2.224483898556082431e-205
-1.951081427604444845e-205
-1.685065574348116263e-205
-1.513523482637642716e-205
-1.267218360582898333e-205
-1.111578912749330501e-205
-8.928754740823111856e-206
-6.939362588300262970e-206
-5.733230349717077364e-206
-4.118026214446597769e-206
-2.750298213006407946e-206
-1.983242004189448342e-206
-1.059363051538177090e-206
-4.175060406753573411e-207
-6.733701119155008678e-208
3.296474461635986644e-262
3.237099226800579074e-262
3.150189641879448072e-262
3.039876958652303144e-262
2.909982724217153393e-262
2.814263606910805306e-262
2.659448969935813092e-262
2.493881062241870053e-262
2.320411179092204061e-262
2.141665656125921685e-262
1.960060794045133857e-262
1.777816809896852185e-262
1.596970880492030238e-262
1.419389338864365597e-262
1.246779080380264314e-262
1.080698231139219153e-262
9.225661276268735893e-263
7.736726531775186659e-263
6.351869736464750326e-263
4.685403175705845878e-263
3.582683243542496562e-263
2.615305912646134384e-263
1.790611512557800718e-263
1.115112775161782656e-263
5.945522725997241853e-264
1.500770082993817985e-264
9.440963603092080278e-266
0.000000000000000000e+00
0.000000000000000000e+00
0.000000000000000000e+00
0.000000000000000000e+00
0.000000000000000000e+00
0.000000000000000000e+00
0.000000000000000000e+00
0.000000000000000000e+00
0.000000000000000000e+00
0.000000000000000000e+00
0.000000000000000000e+00
0.000000000000000000e+00
0.000000000000000000e+00
0.000000000000000000e+00
0.000000000000000000e+00
0.000000000000000000e+00
0.000000000000000000e+00
0.000000000000000000e+00
0.000000000000000000e+00
0.000000000000000000e+00
0.000000000000000000e+00
0.000000000000000000e+00
0.000000000000000000e+00
0.000000000000000000e+00
0.000000000000000000e+00
0.000000000000000000e+00
0.000000000000000000e+00
0.000000000000000000e+00
0.000000000000000000e+00
0.000000000000000000e+00
0.000000000000000000e+00
0.000000000000000000e+00
0.000000000000000000e+00
0.000000000000000000e+00
0.000000000000000000e+00
0.000000000000000000e+00
0.000000000000000000e+00
0.000000000000000000e+00
0.000000000000000000e+00
0.000000000000000000e+00
0.000000000000000000e+00
0.000000000000000000e+00
0.000000000000000000e+00
0.000000000000000000e+00
0.000000000000000000e+00
0.000000000000000000e+00
0.000000000000000000e+00
0.000000000000000000e+00
0.000000000000000000e+00
0.000000000000000000e+00
0.000000000000000000e+00
0.000000000000000000e+00
0.000000000000000000e+00
0.000000000000000000e+00
0.000000000000000000e+00
0.000000000000000000e+00
0.000000000000000000e+00
0.000000000000000000e+00
0.000000000000000000e+00
0.000000000000000000e+00
0.000000000000000000e+00
0.000000000000000000e+00
0.000000000000000000e+00
0.000000000000000000e+00
0.000000000000000000e+00
0.000000000000000000e+00
0.000000000000000000e+00
0.000000000000000000e+00
0.000000000000000000e+00
0.000000000000000000e+00
0.000000000000000000e+00
0.000000000000000000e+00
0.000000000000000000e+00
0.000000000000000000e+00
0.000000000000000000e+00
0.000000000000000000e+00
0.000000000000000000e+00
0.000000000000000000e+00
0.000000000000000000e+00
0.000000000000000000e+00
0.000000000000000000e+00
0.000000000000000000e+00
0.000000000000000000e+00
0.000000000000000000e+00
0.000000000000000000e+00
0.000000000000000000e+00
0.000000000000000000e+00
0.000000000000000000e+00
0.000000000000000000e+00
0.000000000000000000e+00
0.000000000000000000e+00
0.000000000000000000e+00
0.000000000000000000e+00
0.000000000000000000e+00
0.000000000000000000e+00
0.000000000000000000e+00
0.000000000000000000e+00
0.000000000000000000e+00
0.000000000000000000e+00
0.000000000000000000e+00
0.000000000000000000e+00
0.000000000000000000e+00
0.000000000000000000e+00
0.000000000000000000e+00
0.000000000000000000e+00
0.000000000000000000e+00
0.000000000000000000e+00
0.000000000000000000e+00
0.000000000000000000e+00
0.000000000000000000e+00
0.000000000000000000e+00
0.000000000000000000e+00
0.000000000000000000e+00
0.000000000000000000e+00
0.000000000000000000e+00
0.000000000000000000e+00
0.000000000000000000e+00
0.000000000000000000e+00
0.000000000000000000e+00
0.000000000000000000e+00
0.000000000000000000e+00
0.000000000000000000e+00
0.000000000000000000e+00
0.000000000000000000e+00
0.000000000000000000e+00
0.000000000000000000e+00
0.000000000000000000e+00
0.000000000000000000e+00
0.000000000000000000e+00
0.000000000000000000e+00
0.000000000000000000e+00
0.000000000000000000e+00
0.000000000000000000e+00
0.000000000000000000e+00
0.000000000000000000e+00
0.000000000000000000e+00
0.000000000000000000e+00
0.000000000000000000e+00
0.000000000000000000e+00
0.000000000000000000e+00
0.000000000000000000e+00
0.000000000000000000e+00
0.000000000000000000e+00
0.000000000000000000e+00
0.000000000000000000e+00
0.000000000000000000e+00
0.000000000000000000e+00
0.000000000000000000e+00
0.000000000000000000e+00
0.000000000000000000e+00
0.000000000000000000e+00
0.000000000000000000e+00
0.000000000000000000e+00
0.000000000000000000e+00
0.000000000000000000e+00
0.000000000000000000e+00
0.000000000000000000e+00
0.000000000000000000e+00
0.000000000000000000e+00
0.000000000000000000e+00
0.000000000000000000e+00
0.000000000000000000e+00
0.000000000000000000e+00
0.000000000000000000e+00
0.000000000000000000e+00
0.000000000000000000e+00
0.000000000000000000e+00
0.000000000000000000e+00
0.000000000000000000e+00
0.000000000000000000e+00
0.000000000000000000e+00
0.000000000000000000e+00
0.000000000000000000e+00
0.000000000000000000e+00
0.000000000000000000e+00
0.000000000000000000e+00
0.000000000000000000e+00
0.000000000000000000e+00
0.000000000000000000e+00
0.000000000000000000e+00
0.000000000000000000e+00
0.000000000000000000e+00
0.000000000000000000e+00
0.000000000000000000e+00
0.000000000000000000e+00
0.000000000000000000e+00
0.000000000000000000e+00
0.000000000000000000e+00
0.000000000000000000e+00
0.000000000000000000e+00
0.000000000000000000e+00
0.000000000000000000e+00
0.000000000000000000e+00
0.000000000000000000e+00
0.000000000000000000e+00
0.000000000000000000e+00
0.000000000000000000e+00
0.000000000000000000e+00
0.000000000000000000e+00
0.000000000000000000e+00
0.000000000000000000e+00
0.000000000000000000e+00
0.000000000000000000e+00
0.000000000000000000e+00
0.000000000000000000e+00
0.000000000000000000e+00
0.000000000000000000e+00
0.000000000000000000e+00
0.000000000000000000e+00
0.000000000000000000e+00
0.000000000000000000e+00
0.000000000000000000e+00
0.000000000000000000e+00
0.000000000000000000e+00
0.000000000000000000e+00
0.000000000000000000e+00
0.000000000000000000e+00
0.000000000000000000e+00
0.000000000000000000e+00
0.000000000000000000e+00
0.000000000000000000e+00
0.000000000000000000e+00
0.000000000000000000e+00
0.000000000000000000e+00
0.000000000000000000e+00
0.000000000000000000e+00
0.000000000000000000e+00
0.000000000000000000e+00
0.000000000000000000e+00
0.000000000000000000e+00
0.000000000000000000e+00
0.000000000000000000e+00
0.000000000000000000e+00
0.000000000000000000e+00
0.000000000000000000e+00
0.000000000000000000e+00
0.000000000000000000e+00
0.000000000000000000e+00
0.000000000000000000e+00
0.000000000000000000e+00
0.000000000000000000e+00
0.000000000000000000e+00
0.000000000000000000e+00
0.000000000000000000e+00
0.000000000000000000e+00
0.000000000000000000e+00
0.000000000000000000e+00
0.000000000000000000e+00
0.000000000000000000e+00
0.000000000000000000e+00
0.000000000000000000e+00
0.000000000000000000e+00
0.000000000000000000e+00
0.000000000000000000e+00
0.000000000000000000e+00
0.000000000000000000e+00
0.000000000000000000e+00
0.000000000000000000e+00
0.000000000000000000e+00
0.000000000000000000e+00
0.000000000000000000e+00
0.000000000000000000e+00
0.000000000000000000e+00
0.000000000000000000e+00
0.000000000000000000e+00
0.000000000000000000e+00
0.000000000000000000e+00
0.000000000000000000e+00
0.000000000000000000e+00
0.000000000000000000e+00
0.000000000000000000e+00
0.000000000000000000e+00
0.000000000000000000e+00
0.000000000000000000e+00
0.000000000000000000e+00
0.000000000000000000e+00
0.000000000000000000e+00
0.000000000000000000e+00
0.000000000000000000e+00
0.000000000000000000e+00
0.000000000000000000e+00
0.000000000000000000e+00
0.000000000000000000e+00
0.000000000000000000e+00
0.000000000000000000e+00
0.000000000000000000e+00
0.000000000000000000e+00
0.000000000000000000e+00
0.000000000000000000e+00
0.000000000000000000e+00
0.000000000000000000e+00
0.000000000000000000e+00
0.000000000000000000e+00
0.000000000000000000e+00
0.000000000000000000e+00
0.000000000000000000e+00
0.000000000000000000e+00
0.000000000000000000e+00
0.000000000000000000e+00
0.000000000000000000e+00
0.000000000000000000e+00
0.000000000000000000e+00
0.000000000000000000e+00
0.000000000000000000e+00
0.000000000000000000e+00
0.000000000000000000e+00
0.000000000000000000e+00
0.000000000000000000e+00
0.000000000000000000e+00
0.000000000000000000e+00
0.000000000000000000e+00
0.000000000000000000e+00
0.000000000000000000e+00
0.000000000000000000e+00
0.000000000000000000e+00
0.000000000000000000e+00
0.000000000000000000e+00
0.000000000000000000e+00
0.000000000000000000e+00
0.000000000000000000e+00
0.000000000000000000e+00
0.000000000000000000e+00
0.000000000000000000e+00
0.000000000000000000e+00
0.000000000000000000e+00
0.000000000000000000e+00
0.000000000000000000e+00
0.000000000000000000e+00
0.000000000000000000e+00
0.000000000000000000e+00
0.000000000000000000e+00
0.000000000000000000e+00
0.000000000000000000e+00
0.000000000000000000e+00
0.000000000000000000e+00
0.000000000000000000e+00
0.000000000000000000e+00
0.000000000000000000e+00
0.000000000000000000e+00
0.000000000000000000e+00
0.000000000000000000e+00
0.000000000000000000e+00
0.000000000000000000e+00
0.000000000000000000e+00
0.000000000000000000e+00
0.000000000000000000e+00
0.000000000000000000e+00
0.000000000000000000e+00
0.000000000000000000e+00
0.000000000000000000e+00
0.000000000000000000e+00
0.000000000000000000e+00
0.000000000000000000e+00
0.000000000000000000e+00
0.000000000000000000e+00
0.000000000000000000e+00
0.000000000000000000e+00
0.000000000000000000e+00
0.000000000000000000e+00
0.000000000000000000e+00
0.000000000000000000e+00
0.000000000000000000e+00
0.000000000000000000e+00
0.000000000000000000e+00
0.000000000000000000e+00
0.000000000000000000e+00
0.000000000000000000e+00
0.000000000000000000e+00
0.000000000000000000e+00
0.000000000000000000e+00
0.000000000000000000e+00
0.000000000000000000e+00
0.000000000000000000e+00
0.000000000000000000e+00
0.000000000000000000e+00
0.000000000000000000e+00
0.000000000000000000e+00
0.000000000000000000e+00
0.000000000000000000e+00
0.000000000000000000e+00
0.000000000000000000e+00
0.000000000000000000e+00
0.000000000000000000e+00
0.000000000000000000e+00
0.000000000000000000e+00
0.000000000000000000e+00
0.000000000000000000e+00
0.000000000000000000e+00
0.000000000000000000e+00
0.000000000000000000e+00
0.000000000000000000e+00
0.000000000000000000e+00
0.000000000000000000e+00
0.000000000000000000e+00
0.000000000000000000e+00
0.000000000000000000e+00
0.000000000000000000e+00
0.000000000000000000e+00
0.000000000000000000e+00
0.000000000000000000e+00
0.000000000000000000e+00
0.000000000000000000e+00
0.000000000000000000e+00
0.000000000000000000e+00
0.000000000000000000e+00
0.000000000000000000e+00
0.000000000000000000e+00
0.000000000000000000e+00
0.000000000000000000e+00
0.000000000000000000e+00
0.000000000000000000e+00
0.000000000000000000e+00
0.000000000000000000e+00
0.000000000000000000e+00
0.000000000000000000e+00
0.000000000000000000e+00
0.000000000000000000e+00
0.000000000000000000e+00
0.000000000000000000e+00
0.000000000000000000e+00
0.000000000000000000e+00
0.000000000000000000e+00
0.000000000000000000e+00
0.000000000000000000e+00
0.000000000000000000e+00
0.000000000000000000e+00
0.000000000000000000e+00
0.000000000000000000e+00
0.000000000000000000e+00
0.000000000000000000e+00
0.000000000000000000e+00
0.000000000000000000e+00
0.000000000000000000e+00
0.000000000000000000e+00
0.000000000000000000e+00
0.000000000000000000e+00
0.000000000000000000e+00
0.000000000000000000e+00
0.000000000000000000e+00
0.000000000000000000e+00
0.000000000000000000e+00
0.000000000000000000e+00
0.000000000000000000e+00
0.000000000000000000e+00
0.000000000000000000e+00
0.000000000000000000e+00
0.000000000000000000e+00
0.000000000000000000e+00
0.000000000000000000e+00
0.000000000000000000e+00
0.000000000000000000e+00
0.000000000000000000e+00
0.000000000000000000e+00
0.000000000000000000e+00
0.000000000000000000e+00
0.000000000000000000e+00
0.000000000000000000e+00
0.000000000000000000e+00
0.000000000000000000e+00
0.000000000000000000e+00
0.000000000000000000e+00
0.000000000000000000e+00
0.000000000000000000e+00
0.000000000000000000e+00
0.000000000000000000e+00
0.000000000000000000e+00
0.000000000000000000e+00
0.000000000000000000e+00
0.000000000000000000e+00
0.000000000000000000e+00
0.000000000000000000e+00
0.000000000000000000e+00
0.000000000000000000e+00
0.000000000000000000e+00
0.000000000000000000e+00
0.000000000000000000e+00
0.000000000000000000e+00
0.000000000000000000e+00
0.000000000000000000e+00
0.000000000000000000e+00
0.000000000000000000e+00
0.000000000000000000e+00
0.000000000000000000e+00
0.000000000000000000e+00
0.000000000000000000e+00
0.000000000000000000e+00
0.000000000000000000e+00
0.000000000000000000e+00
0.000000000000000000e+00
0.000000000000000000e+00
0.000000000000000000e+00
0.000000000000000000e+00
0.000000000000000000e+00
0.000000000000000000e+00
0.000000000000000000e+00
0.000000000000000000e+00
0.000000000000000000e+00
0.000000000000000000e+00
0.000000000000000000e+00
0.000000000000000000e+00
0.000000000000000000e+00
0.000000000000000000e+00
0.000000000000000000e+00
0.000000000000000000e+00
0.000000000000000000e+00
0.000000000000000000e+00
0.000000000000000000e+00
0.000000000000000000e+00
0.000000000000000000e+00
0.000000000000000000e+00
0.000000000000000000e+00
0.000000000000000000e+00
0.000000000000000000e+00
0.000000000000000000e+00
0.000000000000000000e+00
0.000000000000000000e+00
0.000000000000000000e+00
0.000000000000000000e+00
0.000000000000000000e+00
0.000000000000000000e+00
0.000000000000000000e+00
0.000000000000000000e+00
0.000000000000000000e+00
0.000000000000000000e+00
0.000000000000000000e+00
0.000000000000000000e+00
0.000000000000000000e+00
0.000000000000000000e+00
0.000000000000000000e+00
0.000000000000000000e+00
0.000000000000000000e+00
0.000000000000000000e+00
0.000000000000000000e+00
0.000000000000000000e+00
0.000000000000000000e+00
0.000000000000000000e+00
0.000000000000000000e+00
0.000000000000000000e+00
0.000000000000000000e+00
0.000000000000000000e+00
0.000000000000000000e+00
0.000000000000000000e+00
0.000000000000000000e+00
0.000000000000000000e+00
0.000000000000000000e+00
0.000000000000000000e+00
0.000000000000000000e+00
0.000000000000000000e+00
0.000000000000000000e+00
0.000000000000000000e+00
0.000000000000000000e+00
0.000000000000000000e+00
0.000000000000000000e+00
0.000000000000000000e+00
0.000000000000000000e+00
0.000000000000000000e+00
0.000000000000000000e+00
0.000000000000000000e+00
0.000000000000000000e+00
0.000000000000000000e+00
0.000000000000000000e+00
0.000000000000000000e+00
0.000000000000000000e+00
0.000000000000000000e+00
0.000000000000000000e+00
0.000000000000000000e+00
0.000000000000000000e+00
0.000000000000000000e+00
0.000000000000000000e+00
0.000000000000000000e+00
0.000000000000000000e+00
0.000000000000000000e+00
0.000000000000000000e+00
0.000000000000000000e+00
0.000000000000000000e+00
0.000000000000000000e+00
0.000000000000000000e+00
0.000000000000000000e+00
0.000000000000000000e+00
0.000000000000000000e+00
0.000000000000000000e+00
0.000000000000000000e+00
0.000000000000000000e+00
0.000000000000000000e+00
0.000000000000000000e+00
0.000000000000000000e+00
0.000000000000000000e+00
0.000000000000000000e+00
0.000000000000000000e+00
0.000000000000000000e+00
0.000000000000000000e+00
0.000000000000000000e+00
0.000000000000000000e+00
0.000000000000000000e+00
0.000000000000000000e+00
0.000000000000000000e+00
0.000000000000000000e+00
0.000000000000000000e+00
0.000000000000000000e+00
0.000000000000000000e+00
0.000000000000000000e+00
0.000000000000000000e+00
0.000000000000000000e+00
0.000000000000000000e+00
0.000000000000000000e+00
0.000000000000000000e+00
0.000000000000000000e+00
0.000000000000000000e+00
0.000000000000000000e+00
0.000000000000000000e+00
0.000000000000000000e+00
0.000000000000000000e+00
0.000000000000000000e+00
0.000000000000000000e+00
0.000000000000000000e+00
0.000000000000000000e+00
0.000000000000000000e+00
0.000000000000000000e+00
0.000000000000000000e+00
0.000000000000000000e+00
0.000000000000000000e+00
0.000000000000000000e+00
0.000000000000000000e+00
0.000000000000000000e+00
0.000000000000000000e+00
0.000000000000000000e+00
0.000000000000000000e+00
0.000000000000000000e+00
0.000000000000000000e+00
0.000000000000000000e+00
0.000000000000000000e+00
0.000000000000000000e+00
0.000000000000000000e+00
0.000000000000000000e+00
0.000000000000000000e+00
0.000000000000000000e+00
0.000000000000000000e+00
0.000000000000000000e+00
0.000000000000000000e+00
0.000000000000000000e+00
0.000000000000000000e+00
0.000000000000000000e+00
0.000000000000000000e+00
0.000000000000000000e+00
0.000000000000000000e+00
0.000000000000000000e+00
0.000000000000000000e+00
0.000000000000000000e+00
nan
