# bin_8_8
5.423118763442927792e-05
5.634108105401011707e-05
5.847895841716844155e-05
6.048693455704651998e-05
6.237173639379750578e-05
6.402321260319450988e-05
6.548211169313414650e-05
6.668919733441357818e-05
6.769174453021028332e-05
6.845127053115745205e-05
6.899522924383349651e-05
6.932499368018631364e-05
6.945645553369397091e-05
6.938674010393492742e-05
6.914903937900871897e-05
6.876704107760576805e-05
6.821832266421635300e-05
6.753126764448795364e-05
6.674083293967921274e-05
6.585021265478129102e-05
6.485507467590651909e-05
6.376355434198785976e-05
6.261373672720330975e-05
6.142756572615471725e-05
6.020122375058759912e-05
5.893714339465530268e-05
5.765431484774181172e-05
5.637216030440456540e-05
5.509606660936732978e-05
5.383073042942951054e-05
5.258014221142749060e-05
5.133728654558149273e-05
5.010880205052948877e-05
4.891268942887764333e-05
4.776075732195068506e-05
4.666032052668188737e-05
4.561544810942994320e-05
4.459938783020431658e-05
4.360075176949178061e-05
4.263899750208042746e-05
4.172737336608417285e-05
4.087444780987203104e-05
4.008527897897051968e-05
3.936231020965384942e-05
3.868785778101100660e-05
3.804438521080418309e-05
3.743246506662122373e-05
3.685207510965820405e-05
3.630275211664745112e-05
3.578371167512164517e-05
3.529394132197502770e-05
3.483227276750887135e-05
3.439946247996409528e-05
3.399194162268864220e-05
3.360308312034652621e-05
3.322753509768451748e-05
3.286100019226823499e-05
3.250005275318698162e-05
3.214198722968917486e-05
3.178469228986874773e-05
3.142654620608762285e-05
3.108179087217564012e-05
3.075848667872695385e-05
3.044750251483228852e-05
3.014139752296637572e-05
2.983415702692890749e-05
2.952096871750613930e-05
2.919803281276055239e-05
2.886240093216275356e-05
2.851183927150858163e-05
2.814471237006345108e-05
2.775988434806964426e-05
2.736457079388224999e-05
2.696712798096172965e-05
2.656838420897266479e-05
2.616908180792255065e-05
2.576988536452654556e-05
2.537138913453581066e-05
2.497412372657024734e-05
2.457856213340312013e-05
2.418512517819619101e-05
2.379418643573831034e-05
2.340607668216785074e-05
2.302108792085480270e-05
2.263947702698341640e-05
2.225477092775312075e-05
2.186336522828547492e-05
2.146933857083861211e-05
2.107621605785871017e-05
2.068703232051157637e-05
2.030438752777886639e-05
1.993049715024118845e-05
1.956723619425532732e-05
1.921617853636331953e-05
1.887863191275950618e-05
1.855566905303811091e-05
1.824815539000356368e-05
1.795677372697750942e-05
1.768204619985706166e-05
1.742435383237157283e-05
1.718395394886313457e-05
1.695754515757684052e-05
1.674115662365623178e-05
1.653400927179712055e-05
1.633538750350208005e-05
1.614463386766242265e-05
1.596114420163807595e-05
1.578436319869996657e-05
1.561378036211367440e-05
1.544892631008570910e-05
1.528936939932070801e-05
1.513471263809319270e-05
1.498459086256506982e-05
1.483866815261488959e-05
1.469663546571892793e-05
1.455820846946726141e-05
1.442312555513342768e-05
1.429114601636793958e-05
1.416204837857204205e-05
1.403883533426330677e-05
1.392369561453322647e-05
1.381529942040014653e-05
1.371244042245792008e-05
1.361402563001875799e-05
1.351906608714803107e-05
1.342666832565882212e-05
1.333602651135738185e-05
1.324641522546804795e-05
1.315718282827571851e-05
1.306774535665888919e-05
1.297758091139234477e-05
1.288622449391822965e-05
1.279326325575513092e-05
1.269833212687018480e-05
1.260110979220959861e-05
1.250131498819604473e-05
1.239870309338041232e-05
1.229306298960362573e-05
1.218421417200091682e-05
1.207200408798351949e-05
1.195630568697839576e-05
1.183670528157957943e-05
1.171342658016380581e-05
1.158726531729177519e-05
1.145895295910578259e-05
1.132916119580561626e-05
1.119850612227261204e-05
1.106755212929324113e-05
1.093681552613054031e-05
1.080676791362541481e-05
1.067783932556876473e-05
1.055042115475898483e-05
1.042486887893779665e-05
1.030150460067205132e-05
1.018061941421184453e-05
1.006247561139886649e-05
9.947308737816612888e-06
9.835329509559874258e-06
9.726725600249164151e-06
9.621663307221523380e-06
9.520289105187581277e-06
9.422731095051864084e-06
9.329100355045013749e-06
9.239492200809426258e-06
9.153987360610548799e-06
9.072653071411475998e-06
8.995108048698134763e-06
8.920741998218659942e-06
8.849282560780621722e-06
8.780474433956661823e-06
8.714078383133207120e-06
8.649870310532193398e-06
8.587640378655357322e-06
8.468341983756372707e-06
8.410917955130555972e-06
8.354759513654566757e-06
8.299716658853647846e-06
8.245649362334292991e-06
8.192426990241313313e-06
8.139927758820241174e-06
8.088038221121769404e-06
7.985673246729150718e-06
7.935008380466589535e-06
7.884573512296782049e-06
7.834290147175936836e-06
7.784085605590799467e-06
7.733892682623649294e-06
7.683649326249955189e-06
7.582787065257357026e-06
7.532067173268930938e-06
7.481094347521415875e-06
7.429828074042304618e-06
7.326442755209752508e-06
7.274660000744082604e-06
7.222935390752447918e-06
7.171317884751807309e-06
7.119853325666187386e-06
7.017551798334530799e-06
6.966792346657794693e-06
6.916341158808461366e-06
6.816491415554867320e-06
6.767151243694470071e-06
6.718236333344671984e-06
6.669770848056771742e-06
6.574275785485402005e-06
6.527285797754156842e-06
6.480824592405307080e-06
6.389550985121071670e-06
6.344766415129569407e-06
6.300566436581127368e-06
6.213962502234893097e-06
6.171576951272615280e-06
6.088677151848846927e-06
6.048175504870190869e-06
6.008312998784861221e-06
5.930521582097728918e-06
5.892598936184015025e-06
5.818710396907212834e-06
5.782746902124733028e-06
5.712585377114892344e-06
5.678305035436362646e-06
5.644530322759538259e-06
5.578418923944857587e-06
5.546044810360041149e-06
5.482571857527470827e-06
5.451440000501263361e-06
5.390307992138702558e-06
5.360278719947659341e-06
5.301225267527452949e-06
5.272175411692817001e-06
5.214969169536556740e-06
5.158879567879638587e-06
5.131227231639724483e-06
5.076658695032011720e-06
5.049724184231139800e-06
4.996511728507835765e-06
4.944121549561933461e-06
4.918216125838943494e-06
4.866949947654357477e-06
4.841576200042344454e-06
4.791316947112036984e-06
4.741671073715420388e-06
4.717064947211741422e-06
4.668261861034542303e-06
4.619974155588924407e-06
4.596012986668748617e-06
4.548428897448870335e-06
4.501313941170370579e-06
4.454707067478535716e-06
4.431605172425349213e-06
4.385824327720215439e-06
4.340631214261454865e-06
4.296051408157789702e-06
4.273998612635613223e-06
4.230379844656228952e-06
4.187424970211356400e-06
4.145149499693379913e-06
4.103566561759876768e-06
4.083038291167317601e-06
4.042514023995758792e-06
4.002705907987172175e-06
3.963620148065672449e-06
3.925261322105757585e-06
3.887632516450286585e-06
3.850735451534432254e-06
3.814570598334587056e-06
3.779137286307245425e-06
3.744433803432984612e-06
3.710457488934859504e-06
3.677204819198226816e-06
3.644671487379951060e-06
3.612852477159036836e-06
3.581668653969919694e-06
3.551033721467109659e-06
3.520931897558393357e-06
3.491348000804112077e-06
3.462267423274996832e-06
3.433676104798887570e-06
3.405560508517652697e-06
3.377907597680471345e-06
3.350704813604244025e-06
3.323940054736053296e-06
3.297601656756674926e-06
3.271678373667687438e-06
3.233548169811745312e-06
3.208616058035257841e-06
3.184062742603492220e-06
3.159878649689469538e-06
3.136054535095114455e-06
3.100973875129570452e-06
3.078011304296746066e-06
3.055378760908151915e-06
3.033068323644727379e-06
3.000189930634033580e-06
2.978651795495695652e-06
2.957410036025898279e-06
2.926088236281283891e-06
2.905558041224857092e-06
2.885298835300028220e-06
2.855380324657111643e-06
2.835742445139875138e-06
2.806741769176667736e-06
2.787708748716035044e-06
2.768913613622982158e-06
2.741161728557583774e-06
2.722950817157436121e-06
2.696063823890086428e-06
2.678421784924825602e-06
2.652376388859841473e-06
2.635287548870467948e-06
2.610060078841875395e-06
2.585311916939070775e-06
2.569075175125211316e-06
2.545106739597269593e-06
2.529381856794118499e-06
2.506169301996117264e-06
2.483398895002659821e-06
2.468460074738560604e-06
2.446407783877483734e-06
2.424775194987078061e-06
2.410582544541661523e-06
2.389631102775215901e-06
2.369077482794014356e-06
2.348913654459036219e-06
2.335683734780971160e-06
2.316119286264557633e-06
2.296861373406552037e-06
2.277906764964557294e-06
2.259252094845034145e-06
2.246980564376146211e-06
2.228817998080207257e-06
2.210945859112154251e-06
2.193360421782810419e-06
2.176057893684394414e-06
2.159034427088009737e-06
2.142286129395540446e-06
2.125809072717107752e-06
2.109599302639899404e-06
2.093652846249226538e-06
2.077965719458098817e-06
2.062533933697401090e-06
2.047353502014819871e-06
2.032420444627170570e-06
2.012887650716369346e-06
1.998516400224630380e-06
1.984379371233251943e-06
1.970472667608024471e-06
1.956792422338376413e-06
1.943334800469876406e-06
1.925731044634043126e-06
1.912778162833463806e-06
1.900028089233937110e-06
1.883300888516715589e-06
1.870955110707255533e-06
1.858777703811231410e-06
1.842798843842997361e-06
1.831004810781825177e-06
1.819371050790202029e-06
1.804104552541955407e-06
1.792835494110796163e-06
1.778046712720590622e-06
1.767129593985617147e-06
1.752801703456019996e-06
1.742224053814130724e-06
1.728340633520119678e-06
1.718090297523120527e-06
1.704635359676182586e-06
1.691418264309117465e-06
1.681658524004922775e-06
1.668845707196294283e-06
1.656257231701178000e-06
1.646960242107346447e-06
1.634753003075510961e-06
1.622757274784320711e-06
1.610968558730895825e-06
1.599382445295137243e-06
1.590823215431517033e-06
1.579580523165048663e-06
1.568510977405274353e-06
1.557604599660432203e-06
1.546858661651247670e-06
1.536270460517665886e-06
1.525837320652917483e-06
1.515556595319950321e-06
1.505425668068363986e-06
1.495441953968563692e-06
1.485602900678469526e-06
1.475905989356998494e-06
1.466348735437345890e-06
1.454594832743058921e-06
1.445342905497683155e-06
1.436222804537039045e-06
1.427232196810266821e-06
1.416172541803785894e-06
1.407464952768399274e-06
1.398879527028793636e-06
1.388316223238939303e-06
1.379997759275659401e-06
1.371794515410675081e-06
1.361699355372419966e-06
1.353747882998927662e-06
1.343961116202320116e-06
1.336251398940605213e-06
1.326760756495662604e-06
1.319278314427785431e-06
1.310052457690239923e-06
1.300965020937784768e-06
1.293792690214885440e-06
1.284946810469943141e-06
1.276231049722661651e-06
1.269350232113275372e-06
1.260861640252952462e-06
1.252495470243247061e-06
1.244249110154172426e-06
1.236120016823322469e-06
1.228105713841012254e-06
1.220203789594415391e-06
1.213961582484882019e-06
1.206256062293711492e-06
1.198656497099647616e-06
1.189673810869744324e-06
1.182299744247717767e-06
1.175024844992345782e-06
1.167847104982733603e-06
1.160764567212231380e-06
1.153775324303326446e-06
1.145508767603072443e-06
1.138718294839020096e-06
1.132015330350325463e-06
1.125398159989666994e-06
1.117565592762590346e-06
1.111114681769443712e-06
1.103462460217034920e-06
1.097159879669022935e-06
1.089686055333938976e-06
1.083532289612693666e-06
1.076237008352711461e-06
1.070231844326878949e-06
1.063114482206679481e-06
1.056093667466180613e-06
1.050316401901481091e-06
1.043471304179850854e-06
1.036721205932420339e-06
1.030065419698062421e-06
1.023503195878126755e-06
1.017033729097149408e-06
1.010656164082758858e-06
1.004369601099669541e-06
9.981731009700734489e-07
9.920656897103482409e-07
9.860463628118054858e-07
9.801140891911519529e-07
9.742678148344876081e-07
9.685064661569021333e-07
9.628289530981361919e-07
9.563096737040968752e-07
9.508103228672795017e-07
9.454049698290059761e-07
9.392194904175686265e-07
9.340139361157234622e-07
9.280448266735606265e-07
9.230113116453347575e-07
9.172283149720606089e-07
9.123426192106122542e-07
9.067193525176880490e-07
9.011723789939393895e-07
8.956955271895019502e-07
8.910525455425956961e-07
8.856910601657083565e-07
8.803844438141837087e-07
8.751281034842362185e-07
8.699177916106068653e-07
8.647495831119932475e-07
8.596198539375827944e-07
8.545252610136459961e-07
8.494627234962360146e-07
8.444294052426927905e-07
8.394226984207222459e-07
8.337302702898583425e-07
8.287727778699207743e-07
8.238350219485601576e-07
8.182137190961811836e-07
8.133123492053712040e-07
8.077341285901364699e-07
8.028870780798442901e-07
7.973941930084002228e-07
7.926343165631726293e-07
7.872536015227513580e-07
7.819395185779254691e-07
7.766856283392193026e-07
7.721359340623602581e-07
7.669890440773734826e-07
7.618969323676724926e-07
7.568582895523633168e-07
7.518735059881040389e-07
7.469415480872958978e-07
7.420609492553826209e-07
7.372303163062676049e-07
7.318540084772347333e-07
7.271270060416982858e-07
7.224482728442786532e-07
7.172408008990591659e-07
7.126604600794464011e-07
7.081245838506334386e-07
7.030746098210107173e-07
6.980806815436051489e-07
6.936873879685414223e-07
6.887950059395768682e-07
6.839542362176005873e-07
6.796941205334984972e-07
6.749500970299521702e-07
6.702562370040326471e-07
6.656111774832507430e-07
6.610136247978464635e-07
6.564625937700674302e-07
6.519586936485258457e-07
6.470085302837991658e-07
6.426008008666015661e-07
6.382367926025230560e-07
6.334379629561928411e-07
6.291645602888130637e-07
6.249337406421245990e-07
6.202814790981450305e-07
6.156790869147480809e-07
6.115784828978141344e-07
6.070685112815956741e-07
6.026071416057400739e-07
5.981930821325806092e-07
5.942598637468333517e-07
5.899323649743378054e-07
5.856494962729819152e-07
5.809902538412995213e-07
5.768006161645701781e-07
5.726537343520501086e-07
5.685486047723640918e-07
5.640803935660599976e-07
5.600619614803005236e-07
5.560842314275665973e-07
5.517546219093207671e-07
5.474719394869091713e-07
5.436184956651358380e-07
5.394240439450805551e-07
5.352753093196701181e-07
5.311712215738252162e-07
5.271107589638080426e-07
5.230929750974156177e-07
5.191180775020694272e-07
5.151856827193681443e-07
5.112948374305361445e-07
5.074446293717438144e-07
5.032897235753726495e-07
4.995223517422508628e-07
4.954575781630532267e-07
4.917719542256650452e-07
4.877943802731056128e-07
4.838608025162153794e-07
4.802932052789764428e-07
4.764431455267771717e-07
4.726358945474542919e-07
4.688705298578728536e-07
4.651461665341514917e-07
4.614620757874089355e-07
4.575166264504355775e-07
4.539161408535818400e-07
4.503546248275633102e-07
4.465393823023124200e-07
4.430566027990953892e-07
4.393258707809285415e-07
4.356385735611935401e-07
4.319938120992248308e-07
4.286664216866674026e-07
4.251010554382509066e-07
4.215763392481280330e-07
4.180920276118715090e-07
4.143839786211041268e-07
4.109811073449023767e-07
4.076163101666280582e-07
4.040347755354003763e-07
4.007480210381663580e-07
3.972496046092662261e-07
3.937930641433976802e-07
3.906202099881635688e-07
3.872423176310058822e-07
3.839047879780279595e-07
3.806069321992742479e-07
3.773480045522347103e-07
3.738986742069190719e-07
3.707181568024967570e-07
3.675749908466520449e-07
3.642481517806752865e-07
3.611805114136138210e-07
3.579330839445738631e-07
3.547255950754462398e-07
3.515577206188532766e-07
3.484289745154527293e-07
3.453386275635947489e-07
3.422859717373217187e-07
3.392703192960333951e-07
3.362912460345705604e-07
3.331534911607298485e-07
3.302485926449922533e-07
3.271885072941777628e-07
3.243551001770501491e-07
3.213700183417272213e-07
3.184230207841584443e-07
3.155134386725440824e-07
3.126405965651570224e-07
3.098038365441560146e-07
3.068286457056397062e-07
3.040646826599572782e-07
3.011658149242045824e-07
2.984724576525344535e-07
2.956472768590239119e-07
2.928590552594089254e-07
2.901073502365942130e-07
2.873916032948387481e-07
2.847111747710726043e-07
2.820654401904491770e-07
2.793012123892288137e-07
2.767251456205286953e-07
2.740336374883043139e-07
2.715251413836607145e-07
2.689039045341549175e-07
2.663178419993102758e-07
2.637663987142211412e-07
2.612490986478927456e-07
2.587653336457308474e-07
2.561793033345624180e-07
2.537626109054187781e-07
2.512461281789466816e-07
2.488943016115464971e-07
2.464452185882641743e-07
2.440298201446586997e-07
2.416474910097533735e-07
2.392976408586700624e-07
2.368586819685928933e-07
2.345739408313231735e-07
2.322022897659837458e-07
2.299803202862588557e-07
2.276735421659860428e-07
2.253992055679431033e-07
2.231567592255751875e-07
2.209456181551788605e-07
2.187652106048071020e-07
2.165082482871582727e-07
2.143891536269696325e-07
2.121954810543921410e-07
2.100333574304238521e-07
2.079021934850947793e-07
2.058014133398781577e-07
2.037304728583243763e-07
2.016888736037592775e-07
1.995809431251518416e-07
1.975977648856521815e-07
1.955498963334687921e-07
1.935319051047100690e-07
1.915432703305619762e-07
1.895834478012081914e-07
1.876518985443770032e-07
1.856622101108641779e-07
1.837868660420701613e-07
1.818548582390855022e-07
1.799515230523253403e-07
1.780763115508858527e-07
1.762286874421869447e-07
1.744081267748473068e-07
1.726141360030951941e-07
1.707699488212838966e-07
1.689536085873946903e-07
1.672385776945474096e-07
1.654752111654880981e-07
1.636663167914235264e-07
1.619561010885558060e-07
1.602711705049666068e-07
1.585424015269238340e-07
1.568400121089672524e-07
1.551634863964012687e-07
1.535123338244783346e-07
1.518860599775869460e-07
1.502841802642989647e-07
1.486435941345942239e-07
1.470900242655565650e-07
1.454987077345281194e-07
1.439317811689267397e-07
1.423887617147338111e-07
1.408111942827788707e-07
1.393154611229870979e-07
1.377860260277346931e-07
1.362803879196935256e-07
1.347980699752379476e-07
1.333386068649578590e-07
1.319015444383722659e-07
1.304344453474477945e-07
1.289904821374946699e-07
1.276195617972584818e-07
1.262196909056003672e-07
1.247927798840385629e-07
1.234367866525764570e-07
1.220543936272964924e-07
1.207405132953710454e-07
1.194008626585469677e-07
1.180823057761549701e-07
1.167400240605381391e-07
1.154630680095962098e-07
1.141629362882753095e-07
1.128835849569016900e-07
1.116245893179043823e-07
1.103855342962388383e-07
1.091660047124637915e-07
1.079259158296191864e-07
1.067058304564453772e-07
1.055053368004876583e-07
1.043240331215207354e-07
1.031615165357529834e-07
1.019807928528448952e-07
1.008552766300215519e-07
9.971196644186210433e-08
9.855221908176621623e-08
9.744592579418386551e-08
9.635727488719875513e-08
9.525270276142220593e-08
9.416612934841887899e-08
9.309718131820887538e-08
9.201388596848488452e-08
9.097958513822574640e-08
8.993122456371737203e-08
8.890004099103696054e-08
8.788567623552984548e-08
8.685867484328067640e-08
8.587735570529906909e-08
8.488363752104578050e-08
8.390627322513858605e-08
8.291768490989369113e-08
8.197245185082128482e-08
8.101619850895593849e-08
8.007580740409666491e-08
7.915094364938991582e-08
7.821622626589509327e-08
7.732185494243705627e-08
7.641780220486313668e-08
7.552878181796735633e-08
7.463104688480559720e-08
7.377152948836644684e-08
7.290344900527157763e-08
7.204990853757764948e-08
7.121058148162142865e-08
7.036362928065306264e-08
6.953101260498468608e-08
6.871242219973384542e-08
6.790755343627653011e-08
6.711609609401883843e-08
6.631797599776481666e-08
6.553336294097138744e-08
6.476196559963287419e-08
6.398470079873643608e-08
6.323918604051374576e-08
6.248785704485580186e-08
6.173137255073371333e-08
6.100547650365945102e-08
6.027447856138013956e-08
5.955594611507316148e-08
5.884959886090859610e-08
5.813878269807469136e-08
5.744018766880048647e-08
5.675354582984841931e-08
5.607858875572903227e-08
5.539975308876857355e-08
5.473260917897936101e-08
5.407690002538730093e-08
5.343237541149339883e-08
5.278451341678864920e-08
5.214782417755778104e-08
5.152206027234867635e-08
5.089343318961187904e-08
5.027572280837945606e-08
4.966868510514774692e-08
4.907207207992475909e-08
4.847301516347561330e-08
4.788436120762968550e-08
4.730587873483095392e-08
4.672535211126353105e-08
4.615495632276848021e-08
4.559446012822131198e-08
4.503226896325707284e-08
4.447993606427108461e-08
4.393723942901291513e-08
4.340395703906589963e-08
4.286927192041544344e-08
4.234394817320002170e-08
4.182777527651376681e-08
4.131049378592504467e-08
4.080241511354583889e-08
4.030344292684728916e-08
3.980360630355830154e-08
3.931232633434190995e-08
3.882917762293399956e-08
3.834488504522888261e-08
3.786945557726920858e-08
3.740279553121373996e-08
3.694469066654776050e-08
3.648652617800914427e-08
3.602850234567118575e-08
3.558633685033030728e-08
3.514343809985610510e-08
3.470811839536886741e-08
3.427271385515220448e-08
3.384523747851224081e-08
3.342544353080898773e-08
3.300573689106906499e-08
3.259350683945239471e-08
3.218154331233431337e-08
3.178388390121845323e-08
3.138640381942533773e-08
3.098930031678563391e-08
3.059932115002516006e-08
3.021630297655975088e-08
2.984008697894020573e-08
2.946430867581588832e-08
2.908914152287819155e-08
2.872673049996811867e-08
2.835896292249883202e-08
2.800364368577259048e-08
2.764896900168372118e-08
2.730065838411961559e-08
2.695309696551904998e-08
2.661180586296842067e-08
2.627664069074803838e-08
2.594228321052007235e-08
2.561395202781592160e-08
2.528651323365500496e-08
2.496500360549219806e-08
2.464928626305886642e-08
2.433450153152857877e-08
2.402541048730224677e-08
2.371731983199447185e-08
2.341482310388168705e-08
2.311339838993632332e-08
2.282178384407391156e-08
2.252691038047023766e-08
2.223742760951253720e-08
2.195320996323001741e-08
2.167413564835966821e-08
2.139615090282147198e-08
2.111935287873095013e-08
2.084762028646253302e-08
2.058083441313593016e-08
2.031522538613751435e-08
2.005446988650253794e-08
1.979493166083084664e-08
1.954014444902031921e-08
1.928660081168226622e-08
1.903771217631965777e-08
1.879009888237620395e-08
1.854704616138350200e-08
1.830844109471586524e-08
1.807108207656932649e-08
1.783503891811759605e-08
1.760634036402976149e-08
1.737594030431434449e-08
1.714980669307381255e-08
1.692783382921461409e-08
1.670715670092074861e-08
1.649054974968892034e-08
1.627525112125690802e-08
1.606131372349794773e-08
1.585391993783537042e-08
1.564527029067323148e-08
1.544050390425664970e-08
1.523952850838530496e-08
1.503987053957153742e-08
1.484390959798683404e-08
1.464926122191853251e-08
1.445596739293589749e-08
1.426627849371286612e-08
1.408010808069070183e-08
1.389524022616061273e-08
1.371171047270274795e-08
1.353160389444779942e-08
1.335282528496669655e-08
1.317738171127890747e-08
1.300325384224785824e-08
1.283237273447316401e-08
1.266279284381652708e-08
1.249637341480831780e-08
1.233123996358415450e-08
1.216741860591935091e-08
1.200666463282399267e-08
1.184720412868572104e-08
1.169072573054891376e-08
1.153552060679886802e-08
1.138160959563058243e-08
1.123058781257145529e-08
1.108238445025061971e-08
1.093389759473251977e-08
1.078969431096001192e-08
1.064524193066818084e-08
1.050350492661076621e-08
1.036301166425738045e-08
1.022515660572484839e-08
1.008852243699610967e-08
9.954451163519878383e-09
9.820272157263581636e-09
9.689907377130065435e-09
9.559460950284500794e-09
9.431478886455930606e-09
9.304694951828596045e-09
9.180301303045990274e-09
9.057075079604585249e-09
8.935028152024534618e-09
8.815290199252102713e-09
8.696709738698865915e-09
8.579293357140906595e-09
8.464098395741247866e-09
8.350037612226636772e-09
8.237120897129423605e-09
8.126354500729928939e-09
8.015730553218756382e-09
7.908179858187212677e-09
7.800774631527116327e-09
7.695424818974623450e-09
7.591179084098391536e-09
7.488044009325322955e-09
7.386883251348365026e-09
7.286794258018982436e-09
7.187784328664035299e-09
7.090681819474769680e-09
6.994638676842513530e-09
6.899649982986862509e-09
6.805712058840537356e-09
6.712828557302564090e-09
6.621747824504200286e-09
6.531697770910433330e-09
6.442676789069915532e-09
6.355381093604976075e-09
6.269079258306416392e-09
6.183770329098673461e-09
6.099452912098676330e-09
6.016125195794721410e-09
5.934420572803553450e-09
5.853046859668608533e-09
5.773260189019808547e-09
5.695018599780077505e-09
5.617104412542328828e-09
5.540131371402600202e-09
5.464657927300376243e-09
5.390085974135683429e-09
5.316406228493389161e-09
5.243609816501249219e-09
5.172224939340958566e-09
5.101188354444018051e-09
5.031524137583717593e-09
4.962696067649212984e-09
4.894691655486490778e-09
4.827513572331701783e-09
4.761163530285559224e-09
4.695625160288260651e-09
4.631330871392108906e-09
4.567359565474885899e-09
4.504595560231224699e-09
4.442600194144218463e-09
4.381358770506167074e-09
4.320855890382250915e-09
4.261076500861545473e-09
4.202009895309971145e-09
4.143664082836515352e-09
4.086031667505593020e-09
4.029473576524202749e-09
3.973230834432031773e-09
3.917671984011871370e-09
3.863144087560222699e-09
3.808937016500396361e-09
3.755742980865092096e-09
3.702876910633309355e-09
3.651004762948555205e-09
3.599456174758722910e-09
3.548870872554473439e-09
3.498620505949748655e-09
3.449328969791571456e-09
3.400390653380191973e-09
3.352388411534938255e-09
3.304718639984752869e-09
3.257965943106186221e-09
3.211576726575584657e-09
3.165844247803192764e-09
3.121024023859837491e-09
3.076549182666105847e-09
3.032700444115695430e-09
2.989493451483164665e-09
2.946942665463563535e-09
2.905052999509712409e-09
2.863775859686605640e-09
2.823116200981320442e-09
2.782868695888803919e-09
2.743498860386070603e-09
2.704581920816142770e-09
2.666351135679924876e-09
2.628971008238372911e-09
2.591981920738100963e-09
2.555349637509106803e-09
nan
