# bin_17_8
-6.061895947693515922e-09
-7.380318756950268074e-09
1.276118987282820651e-09
-6.140084181038061796e-09
2.705798901561604876e-09
-5.979314373707928841e-09
3.609317805972063515e-09
-4.361393454069292519e-09
4.544625212401957772e-09
-4.510085462882351505e-09
6.928325131727753465e-09
-7.326575891698531675e-09
6.419474416315983849e-09
5.708281458141568303e-09
5.048174762515013762e-09
1.317173418110072053e-09
-3.552957268143347352e-09
-5.264244161538812296e-09
-3.793057910271811266e-09
-1.505244700185258176e-09
6.163028136700281568e-10
2.071811569219929668e-09
3.169691075168301034e-09
4.111526267436140351e-09
4.625622055919899030e-09
4.583273802967153938e-09
4.150395664364277043e-09
3.572138125568899519e-09
2.898348941934748837e-09
2.165971422224660314e-09
1.402319077631658252e-09
5.924920043430535984e-10
-2.814217064385375422e-10
-1.204001345622921258e-09
-2.161920885688335481e-09
-3.143760916243327683e-09
-4.139808768321693652e-09
-5.384985572475016155e-09
-6.874773525361017723e-09
-8.320781014915026173e-09
-9.519811998621860692e-09
-1.033322996699330928e-08
-1.067114630362380089e-08
-1.048028777047152417e-08
-9.563117866136649000e-09
-8.022998488941921638e-09
-6.205820471154092115e-09
-4.375177722567411001e-09
-2.729140808179875954e-09
-1.413681475620823945e-09
-5.334325344998671722e-10
-1.603219702559224260e-10
-6.805224767120667211e-11
5.881324070032094761e-12
6.383601535383745706e-11
1.078728138762447659e-10
1.397957753055412042e-10
1.611857471631096465e-10
1.734293342322294892e-10
1.777438296021317597e-10
1.751987169100339778e-10
1.693734589954005581e-10
1.633272797619704810e-10
1.572239287189700534e-10
1.511968756174150710e-10
1.453539922296939664e-10
1.397815263101599750e-10
1.345474775193442369e-10
1.297044673168426694e-10
1.252921800748933521e-10
1.213394403947325313e-10
1.178659813815045414e-10
1.204244051696761851e-10
1.323782473980492777e-10
1.508220528670571524e-10
1.732851318607656097e-10
1.976747629337803572e-10
2.222267394932307929e-10
2.454622804507377687e-10
2.661504621834896770e-10
2.832754458345964456e-10
2.960078737346598413e-10
3.036798940593549995e-10
3.057633459483144387e-10
3.018507000422437651e-10
2.907250417157712367e-10
2.727146594125850384e-10
2.496207029838623381e-10
2.230144880443186506e-10
1.942632085855668427e-10
1.645527945441518353e-10
1.349082421530584591e-10
1.062117053811669422e-10
7.921860227060861508e-11
5.457195984085832698e-11
3.281519486048631687e-11
1.440350469420252581e-11
-2.859778151076982998e-13
-1.094512924195751133e-11
-1.732675967985370942e-11
-1.923740921253189620e-11
-1.726177151371471789e-11
-1.252973034979651717e-11
-5.648427576434028066e-12
2.840934566285512406e-12
1.245680451098468082e-11
2.277158855865087162e-11
3.340649569400294118e-11
4.402686754190149305e-11
5.433794636720791768e-11
6.408103881877452348e-11
7.303003740024887251e-11
8.098826547507811445e-11
8.778561503193464853e-11
9.327594949533355540e-11
9.733474660460520678e-11
9.985695883792954663e-11
1.007550710581740495e-10
9.995733703138543343e-11
9.749469565555398031e-11
9.362506242656920635e-11
8.860869034925805125e-11
8.268176196780063920e-11
7.605835216066632655e-11
6.893223149129926222e-11
6.147852355125952433e-11
5.385522854005433140e-11
4.620462424543924104e-11
3.865455460840822887e-11
3.131961516839897252e-11
2.430224387753903722e-11
1.769372504000559585e-11
1.157511346661262237e-11
6.018085329128735899e-12
1.085721647790896323e-12
-3.166770156214229017e-12
-6.691391668496434993e-12
-9.446741291136625377e-12
-1.139745027579344536e-11
-1.251366314824618527e-11
-1.277055900870092817e-11
-1.237903918907287431e-11
-1.160650064242888395e-11
-1.051264071458115243e-11
-9.152456797969483369e-12
-7.576572857500883817e-12
-5.831543336578560700e-12
-3.960136070538631540e-12
-2.001595711309196992e-12
8.110946381199737185e-15
2.036066451327261575e-12
4.052189804904337503e-12
6.029038091564499799e-12
7.941621611020937212e-12
9.767231567535520006e-12
1.148527944101869040e-11
1.307714722859316624e-11
1.452604780426536675e-11
1.581689469882849329e-11
1.693618065242449122e-11
1.787186433868336530e-11
1.861326470232868314e-11
1.915096239186414189e-11
1.947670780572012161e-11
1.958333530424393228e-11
1.946468317140592895e-11
1.922125502570727414e-11
1.895800053160750914e-11
1.867609136551430332e-11
1.837664368978371526e-11
1.806072081430378110e-11
1.772933572224825446e-11
1.738345346747683090e-11
1.665183158041521244e-11
1.626780232666773782e-11
1.587270067045120294e-11
1.546728395731340446e-11
1.505227365853856029e-11
1.462835704541414501e-11
1.419618878111235866e-11
1.375639243453891142e-11
1.285626286834335776e-11
1.239703392787404387e-11
1.193238800741723471e-11
1.146281345585892722e-11
1.098877518659494001e-11
1.051071574800661331e-11
1.002905634296217569e-11
9.056521498207033439e-12
8.566390249423369039e-12
8.074149137777170724e-12
7.580126320811763862e-12
6.503298689918399862e-12
5.764877208889514525e-12
4.888496887034676010e-12
3.892177199983658821e-12
2.792885932671261992e-12
3.483197078619751922e-13
-9.678099229878430228e-13
-2.328526436081940141e-12
-5.134648869761956616e-12
-6.557401198808948164e-12
-7.979356697203988724e-12
-9.390901740395158089e-12
-1.214738851165949801e-11
-1.347609119450667464e-11
-1.476184606402152593e-11
-1.717777695998230597e-11
-1.829575579677095506e-11
-1.934634407057306514e-11
-2.122559563372029336e-11
-2.204532712086207795e-11
-2.342530079136914419e-11
-2.397863725317870740e-11
-2.443677110673041535e-11
-2.505679573353144671e-11
-2.521401348916144225e-11
-2.521296655080490266e-11
-2.505140610587427881e-11
-2.350910711453357924e-11
-2.197617929989860188e-11
-1.999551617012232537e-11
-1.485852573325229514e-11
-1.178094929911835855e-11
-4.790341880653125815e-12
-9.450625047190765454e-13
7.288497522419370243e-12
1.161867465569966869e-11
2.057146547168287327e-11
2.514443733820538101e-11
3.436898834578726527e-11
4.355948555512838860e-11
4.809404343203914149e-11
5.695496914112175610e-11
6.124949866824097547e-11
6.949381512752384604e-11
7.719104546350033859e-11
8.080463210978872934e-11
8.750833854041328919e-11
9.057911484220654673e-11
9.611485483192278936e-11
1.007914347284375642e-10
1.027902935531929279e-10
1.060790654166893839e-10
1.083878756610168372e-10
1.091633971814051583e-10
1.102405346223838471e-10
1.109222482935574897e-10
1.112637154610640284e-10
1.113228926112911114e-10
1.112479476910500526e-10
1.109522044717684080e-10
1.104768198565977482e-10
1.101836915689473421e-10
1.095086782100061821e-10
1.087426338517070529e-10
1.079158895203399022e-10
1.070561642769475125e-10
1.066219280357063408e-10
1.057594472854877294e-10
1.049230494274159132e-10
1.041326987133373346e-10
1.034064908454028566e-10
1.027607878810145199e-10
1.022103437857554715e-10
1.017684212969312029e-10
1.014469007112620966e-10
1.012563811650015741e-10
1.012062749330245109e-10
1.013048952349167512e-10
1.015595380005549486e-10
1.019765580148504736e-10
1.037709392142328897e-10
1.079229148998411941e-10
1.141040946652105418e-10
1.220089610899964640e-10
1.313534642963149140e-10
1.418737026470243473e-10
1.533246841000307798e-10
1.654791631012178474e-10
1.781265482409305777e-10
1.910718762169127769e-10
2.041348479422508031e-10
2.171489229115789676e-10
2.362456135100070528e-10
2.484915815385903131e-10
2.602022772319924508e-10
2.712632541192518178e-10
2.815697338219273542e-10
2.954077297743697236e-10
3.034276405147888625e-10
3.103940425164624624e-10
3.162386715877999201e-10
3.227694771385155706e-10
3.255542835921345533e-10
3.270288065490890074e-10
3.266952581965688319e-10
3.247250670507669710e-10
3.211469529359762362e-10
3.109958028018615499e-10
3.012656328087409433e-10
2.828869906492002694e-10
2.684696761538038936e-10
2.525874110010199543e-10
2.264807673448842059e-10
2.078423713388877108e-10
1.784906661062667096e-10
1.582395851622781543e-10
1.272274266506537398e-10
1.063382900600326714e-10
7.501340776365548434e-11
4.406049447187863675e-11
2.381612531574122841e-11
-5.713084476046518261e-12
-2.470714259088647900e-11
-5.195070520776567391e-11
-7.747063157719384975e-11
-9.341205642103884941e-11
-1.155628194765354728e-10
-1.354354543650627466e-10
-1.473361911329101241e-10
-1.630569817797489768e-10
-1.761067290341477139e-10
-1.863729445667106578e-10
-1.916227077910572460e-10
-1.982044128440599684e-10
-2.041667481172327292e-10
-2.095403015533765599e-10
-2.143542012076812479e-10
-2.172663035870231018e-10
-2.212084434297103154e-10
-2.246620166905008328e-10
-2.276514010449076206e-10
-2.301998264078360053e-10
-2.323294318795513834e-10
-2.340613196350029909e-10
-2.354156059348688419e-10
-2.364114694254166133e-10
-2.370671968837356736e-10
-2.374002265550991344e-10
-2.374271892200616055e-10
-2.371639471203688110e-10
-2.366256308648119139e-10
-2.355048341677519695e-10
-2.343796682345215864e-10
-2.330250155894897402e-10
-2.314532185034829404e-10
-2.296760547258779344e-10
-2.277047639701779254e-10
-2.247928703306794820e-10
-2.224094902275585890e-10
-2.122180995979301033e-10
-1.510497222626426067e-10
-7.259142101345452348e-11
2.972849151340670622e-11
1.974191567131137042e-10
3.425516957739947329e-10
5.010295017519347486e-10
7.284203247037086127e-10
9.077774736957447929e-10
1.154277818683635813e-09
1.341913596639770131e-09
1.592057297084930062e-09
1.777310366020496040e-09
2.018047164314566878e-09
2.191948486592063603e-09
2.412335718616809183e-09
2.616898857372508987e-09
2.758324654862990145e-09
2.928962742081937078e-09
3.077127213809507811e-09
3.172331127080265656e-09
3.276654982776382620e-09
3.353729169833428140e-09
3.402206448164294817e-09
3.420921954572962977e-09
3.414821813936607956e-09
3.379415976536604474e-09
3.318997822131838850e-09
3.238653747383043045e-09
3.141222744293123048e-09
3.029340159679894849e-09
2.905450613695204558e-09
2.771820100122098558e-09
2.630547322318163155e-09
2.483574314931449709e-09
2.332696398049945807e-09
2.179571507232703716e-09
2.025728939893741233e-09
1.834551967635458440e-09
1.684074700023890843e-09
1.537057258380752861e-09
1.394567759879168375e-09
1.224303854066923012e-09
1.095446135658619427e-09
9.739897054132994418e-10
8.336681453760798212e-10
7.313948456502766318e-10
6.386209063820462456e-10
5.367898671100685517e-10
4.671859489852015566e-10
3.956568054838249626e-10
3.512325019461839864e-10
3.121844094058218465e-10
2.890288716110434983e-10
2.618217482935064624e-10
2.364592343814117274e-10
2.174382729854447029e-10
1.951778807351591822e-10
1.745269080061917207e-10
1.591133372601245609e-10
1.411687972205794580e-10
1.246282359455296944e-10
1.094247120763126861e-10
9.549440084738918250e-11
8.277643978444080106e-11
7.121278269671504542e-11
6.275566191500325158e-11
5.313194031754112791e-11
4.451382754722279700e-11
3.543130359628414672e-11
2.885776963017235584e-11
2.314215697052913633e-11
1.824264729938188896e-11
1.411931682729209268e-11
1.073404638015794632e-11
7.594826280054011880e-12
5.707461682664396814e-12
4.447336562589135926e-12
3.783028668880378009e-12
3.661441266301830056e-12
3.787735442495211206e-12
4.115062907943860612e-12
4.513885502859088084e-12
5.119544066070339863e-12
5.712548996053191068e-12
6.509290044406561130e-12
7.229064456692467153e-12
8.141933903603031184e-12
9.090469641270682961e-12
9.895501882679496202e-12
1.086507997590289629e-11
1.182453623920108993e-11
1.276030032814460409e-11
1.366000464266690393e-11
1.451240101222273901e-11
1.530728294414482492e-11
1.603541305481823374e-11
1.668845533051672144e-11
1.725891188991373998e-11
1.774006394355883312e-11
1.812591666714187998e-11
1.841114772530216999e-11
1.859105920118916068e-11
1.866153270407353766e-11
1.860068525510010370e-11
1.842216493834926807e-11
1.811687510588978470e-11
1.761184167859674808e-11
1.706929035730317567e-11
1.632881446135645544e-11
1.561742210430711805e-11
1.471556511526483714e-11
1.389417803502238096e-11
1.289453697956254688e-11
1.186531947101180388e-11
1.082098894894985556e-11
9.923899975504791551e-12
8.885820976284388494e-12
7.867583963093196896e-12
6.879435427847718097e-12
5.930704335426516539e-12
5.029865279847036811e-12
4.184597465429160762e-12
3.401839795173094021e-12
2.687842328624527845e-12
2.048214353026036203e-12
1.487969294458687359e-12
9.505896014391087388e-13
5.748090219299679209e-13
2.907407642058215800e-13
8.217317487321491386e-14
4.084921330032284014e-15
0.000000000000000000e+00
0.000000000000000000e+00
0.000000000000000000e+00
0.000000000000000000e+00
0.000000000000000000e+00
0.000000000000000000e+00
0.000000000000000000e+00
0.000000000000000000e+00
0.000000000000000000e+00
0.000000000000000000e+00
0.000000000000000000e+00
0.000000000000000000e+00
0.000000000000000000e+00
0.000000000000000000e+00
0.000000000000000000e+00
0.000000000000000000e+00
0.000000000000000000e+00
0.000000000000000000e+00
0.000000000000000000e+00
0.000000000000000000e+00
0.000000000000000000e+00
0.000000000000000000e+00
0.000000000000000000e+00
0.000000000000000000e+00
0.000000000000000000e+00
0.000000000000000000e+00
0.000000000000000000e+00
0.000000000000000000e+00
0.000000000000000000e+00
0.000000000000000000e+00
0.000000000000000000e+00
0.000000000000000000e+00
0.000000000000000000e+00
0.000000000000000000e+00
0.000000000000000000e+00
0.000000000000000000e+00
0.000000000000000000e+00
0.000000000000000000e+00
0.000000000000000000e+00
0.000000000000000000e+00
0.000000000000000000e+00
0.000000000000000000e+00
0.000000000000000000e+00
0.000000000000000000e+00
0.000000000000000000e+00
0.000000000000000000e+00
0.000000000000000000e+00
0.000000000000000000e+00
0.000000000000000000e+00
0.000000000000000000e+00
0.000000000000000000e+00
0.000000000000000000e+00
0.000000000000000000e+00
0.000000000000000000e+00
0.000000000000000000e+00
0.000000000000000000e+00
0.000000000000000000e+00
0.000000000000000000e+00
0.000000000000000000e+00
0.000000000000000000e+00
0.000000000000000000e+00
0.000000000000000000e+00
0.000000000000000000e+00
0.000000000000000000e+00
0.000000000000000000e+00
0.000000000000000000e+00
0.000000000000000000e+00
0.000000000000000000e+00
0.000000000000000000e+00
0.000000000000000000e+00
0.000000000000000000e+00
0.000000000000000000e+00
0.000000000000000000e+00
0.000000000000000000e+00
0.000000000000000000e+00
0.000000000000000000e+00
0.000000000000000000e+00
0.000000000000000000e+00
0.000000000000000000e+00
0.000000000000000000e+00
0.000000000000000000e+00
0.000000000000000000e+00
0.000000000000000000e+00
0.000000000000000000e+00
0.000000000000000000e+00
0.000000000000000000e+00
0.000000000000000000e+00
0.000000000000000000e+00
0.000000000000000000e+00
0.000000000000000000e+00
0.000000000000000000e+00
0.000000000000000000e+00
0.000000000000000000e+00
0.000000000000000000e+00
0.000000000000000000e+00
0.000000000000000000e+00
0.000000000000000000e+00
0.000000000000000000e+00
0.000000000000000000e+00
0.000000000000000000e+00
0.000000000000000000e+00
0.000000000000000000e+00
0.000000000000000000e+00
0.000000000000000000e+00
0.000000000000000000e+00
0.000000000000000000e+00
0.000000000000000000e+00
0.000000000000000000e+00
0.000000000000000000e+00
0.000000000000000000e+00
0.000000000000000000e+00
0.000000000000000000e+00
0.000000000000000000e+00
0.000000000000000000e+00
0.000000000000000000e+00
0.000000000000000000e+00
0.000000000000000000e+00
0.000000000000000000e+00
0.000000000000000000e+00
0.000000000000000000e+00
0.000000000000000000e+00
0.000000000000000000e+00
0.000000000000000000e+00
0.000000000000000000e+00
0.000000000000000000e+00
0.000000000000000000e+00
0.000000000000000000e+00
0.000000000000000000e+00
0.000000000000000000e+00
0.000000000000000000e+00
0.000000000000000000e+00
0.000000000000000000e+00
0.000000000000000000e+00
0.000000000000000000e+00
0.000000000000000000e+00
0.000000000000000000e+00
0.000000000000000000e+00
0.000000000000000000e+00
0.000000000000000000e+00
0.000000000000000000e+00
0.000000000000000000e+00
0.000000000000000000e+00
0.000000000000000000e+00
0.000000000000000000e+00
0.000000000000000000e+00
0.000000000000000000e+00
0.000000000000000000e+00
0.000000000000000000e+00
0.000000000000000000e+00
0.000000000000000000e+00
0.000000000000000000e+00
0.000000000000000000e+00
0.000000000000000000e+00
0.000000000000000000e+00
0.000000000000000000e+00
0.000000000000000000e+00
0.000000000000000000e+00
0.000000000000000000e+00
0.000000000000000000e+00
0.000000000000000000e+00
0.000000000000000000e+00
0.000000000000000000e+00
0.000000000000000000e+00
0.000000000000000000e+00
0.000000000000000000e+00
0.000000000000000000e+00
0.000000000000000000e+00
0.000000000000000000e+00
0.000000000000000000e+00
0.000000000000000000e+00
0.000000000000000000e+00
0.000000000000000000e+00
0.000000000000000000e+00
0.000000000000000000e+00
0.000000000000000000e+00
0.000000000000000000e+00
0.000000000000000000e+00
0.000000000000000000e+00
0.000000000000000000e+00
0.000000000000000000e+00
0.000000000000000000e+00
0.000000000000000000e+00
0.000000000000000000e+00
0.000000000000000000e+00
0.000000000000000000e+00
0.000000000000000000e+00
0.000000000000000000e+00
0.000000000000000000e+00
0.000000000000000000e+00
0.000000000000000000e+00
0.000000000000000000e+00
0.000000000000000000e+00
0.000000000000000000e+00
0.000000000000000000e+00
0.000000000000000000e+00
0.000000000000000000e+00
0.000000000000000000e+00
0.000000000000000000e+00
0.000000000000000000e+00
0.000000000000000000e+00
0.000000000000000000e+00
0.000000000000000000e+00
0.000000000000000000e+00
0.000000000000000000e+00
0.000000000000000000e+00
0.000000000000000000e+00
0.000000000000000000e+00
0.000000000000000000e+00
0.000000000000000000e+00
0.000000000000000000e+00
0.000000000000000000e+00
0.000000000000000000e+00
0.000000000000000000e+00
0.000000000000000000e+00
0.000000000000000000e+00
0.000000000000000000e+00
0.000000000000000000e+00
0.000000000000000000e+00
0.000000000000000000e+00
0.000000000000000000e+00
0.000000000000000000e+00
0.000000000000000000e+00
0.000000000000000000e+00
0.000000000000000000e+00
0.000000000000000000e+00
0.000000000000000000e+00
0.000000000000000000e+00
0.000000000000000000e+00
0.000000000000000000e+00
0.000000000000000000e+00
0.000000000000000000e+00
0.000000000000000000e+00
0.000000000000000000e+00
0.000000000000000000e+00
0.000000000000000000e+00
0.000000000000000000e+00
0.000000000000000000e+00
0.000000000000000000e+00
0.000000000000000000e+00
0.000000000000000000e+00
0.000000000000000000e+00
0.000000000000000000e+00
0.000000000000000000e+00
0.000000000000000000e+00
0.000000000000000000e+00
0.000000000000000000e+00
0.000000000000000000e+00
0.000000000000000000e+00
0.000000000000000000e+00
0.000000000000000000e+00
0.000000000000000000e+00
0.000000000000000000e+00
0.000000000000000000e+00
0.000000000000000000e+00
0.000000000000000000e+00
0.000000000000000000e+00
0.000000000000000000e+00
0.000000000000000000e+00
0.000000000000000000e+00
0.000000000000000000e+00
0.000000000000000000e+00
0.000000000000000000e+00
0.000000000000000000e+00
0.000000000000000000e+00
0.000000000000000000e+00
0.000000000000000000e+00
0.000000000000000000e+00
0.000000000000000000e+00
0.000000000000000000e+00
0.000000000000000000e+00
0.000000000000000000e+00
0.000000000000000000e+00
0.000000000000000000e+00
0.000000000000000000e+00
0.000000000000000000e+00
0.000000000000000000e+00
0.000000000000000000e+00
0.000000000000000000e+00
0.000000000000000000e+00
0.000000000000000000e+00
0.000000000000000000e+00
0.000000000000000000e+00
0.000000000000000000e+00
0.000000000000000000e+00
0.000000000000000000e+00
0.000000000000000000e+00
0.000000000000000000e+00
0.000000000000000000e+00
0.000000000000000000e+00
0.000000000000000000e+00
0.000000000000000000e+00
0.000000000000000000e+00
0.000000000000000000e+00
0.000000000000000000e+00
0.000000000000000000e+00
0.000000000000000000e+00
0.000000000000000000e+00
0.000000000000000000e+00
0.000000000000000000e+00
0.000000000000000000e+00
0.000000000000000000e+00
0.000000000000000000e+00
0.000000000000000000e+00
0.000000000000000000e+00
0.000000000000000000e+00
0.000000000000000000e+00
0.000000000000000000e+00
0.000000000000000000e+00
0.000000000000000000e+00
0.000000000000000000e+00
0.000000000000000000e+00
0.000000000000000000e+00
0.000000000000000000e+00
0.000000000000000000e+00
0.000000000000000000e+00
0.000000000000000000e+00
0.000000000000000000e+00
0.000000000000000000e+00
0.000000000000000000e+00
0.000000000000000000e+00
0.000000000000000000e+00
0.000000000000000000e+00
0.000000000000000000e+00
0.000000000000000000e+00
0.000000000000000000e+00
0.000000000000000000e+00
0.000000000000000000e+00
0.000000000000000000e+00
0.000000000000000000e+00
0.000000000000000000e+00
0.000000000000000000e+00
0.000000000000000000e+00
0.000000000000000000e+00
0.000000000000000000e+00
0.000000000000000000e+00
0.000000000000000000e+00
0.000000000000000000e+00
0.000000000000000000e+00
0.000000000000000000e+00
0.000000000000000000e+00
0.000000000000000000e+00
0.000000000000000000e+00
0.000000000000000000e+00
0.000000000000000000e+00
0.000000000000000000e+00
0.000000000000000000e+00
0.000000000000000000e+00
0.000000000000000000e+00
0.000000000000000000e+00
0.000000000000000000e+00
0.000000000000000000e+00
0.000000000000000000e+00
0.000000000000000000e+00
0.000000000000000000e+00
0.000000000000000000e+00
0.000000000000000000e+00
0.000000000000000000e+00
0.000000000000000000e+00
0.000000000000000000e+00
0.000000000000000000e+00
0.000000000000000000e+00
0.000000000000000000e+00
0.000000000000000000e+00
0.000000000000000000e+00
0.000000000000000000e+00
0.000000000000000000e+00
0.000000000000000000e+00
0.000000000000000000e+00
0.000000000000000000e+00
0.000000000000000000e+00
0.000000000000000000e+00
0.000000000000000000e+00
0.000000000000000000e+00
0.000000000000000000e+00
0.000000000000000000e+00
0.000000000000000000e+00
0.000000000000000000e+00
0.000000000000000000e+00
0.000000000000000000e+00
0.000000000000000000e+00
0.000000000000000000e+00
0.000000000000000000e+00
0.000000000000000000e+00
0.000000000000000000e+00
0.000000000000000000e+00
0.000000000000000000e+00
0.000000000000000000e+00
0.000000000000000000e+00
0.000000000000000000e+00
0.000000000000000000e+00
0.000000000000000000e+00
0.000000000000000000e+00
0.000000000000000000e+00
0.000000000000000000e+00
0.000000000000000000e+00
0.000000000000000000e+00
0.000000000000000000e+00
0.000000000000000000e+00
0.000000000000000000e+00
0.000000000000000000e+00
0.000000000000000000e+00
0.000000000000000000e+00
0.000000000000000000e+00
0.000000000000000000e+00
0.000000000000000000e+00
0.000000000000000000e+00
0.000000000000000000e+00
0.000000000000000000e+00
0.000000000000000000e+00
0.000000000000000000e+00
0.000000000000000000e+00
0.000000000000000000e+00
0.000000000000000000e+00
0.000000000000000000e+00
0.000000000000000000e+00
0.000000000000000000e+00
0.000000000000000000e+00
0.000000000000000000e+00
0.000000000000000000e+00
0.000000000000000000e+00
0.000000000000000000e+00
0.000000000000000000e+00
0.000000000000000000e+00
0.000000000000000000e+00
0.000000000000000000e+00
0.000000000000000000e+00
0.000000000000000000e+00
0.000000000000000000e+00
0.000000000000000000e+00
0.000000000000000000e+00
0.000000000000000000e+00
0.000000000000000000e+00
0.000000000000000000e+00
0.000000000000000000e+00
0.000000000000000000e+00
0.000000000000000000e+00
0.000000000000000000e+00
0.000000000000000000e+00
0.000000000000000000e+00
0.000000000000000000e+00
0.000000000000000000e+00
0.000000000000000000e+00
0.000000000000000000e+00
0.000000000000000000e+00
0.000000000000000000e+00
0.000000000000000000e+00
0.000000000000000000e+00
0.000000000000000000e+00
0.000000000000000000e+00
0.000000000000000000e+00
0.000000000000000000e+00
0.000000000000000000e+00
0.000000000000000000e+00
0.000000000000000000e+00
0.000000000000000000e+00
0.000000000000000000e+00
0.000000000000000000e+00
0.000000000000000000e+00
0.000000000000000000e+00
0.000000000000000000e+00
0.000000000000000000e+00
0.000000000000000000e+00
0.000000000000000000e+00
0.000000000000000000e+00
0.000000000000000000e+00
0.000000000000000000e+00
0.000000000000000000e+00
0.000000000000000000e+00
0.000000000000000000e+00
0.000000000000000000e+00
0.000000000000000000e+00
0.000000000000000000e+00
0.000000000000000000e+00
0.000000000000000000e+00
0.000000000000000000e+00
0.000000000000000000e+00
0.000000000000000000e+00
0.000000000000000000e+00
0.000000000000000000e+00
0.000000000000000000e+00
0.000000000000000000e+00
0.000000000000000000e+00
0.000000000000000000e+00
0.000000000000000000e+00
0.000000000000000000e+00
0.000000000000000000e+00
0.000000000000000000e+00
0.000000000000000000e+00
0.000000000000000000e+00
0.000000000000000000e+00
0.000000000000000000e+00
0.000000000000000000e+00
0.000000000000000000e+00
0.000000000000000000e+00
0.000000000000000000e+00
0.000000000000000000e+00
0.000000000000000000e+00
0.000000000000000000e+00
0.000000000000000000e+00
0.000000000000000000e+00
0.000000000000000000e+00
0.000000000000000000e+00
0.000000000000000000e+00
0.000000000000000000e+00
0.000000000000000000e+00
0.000000000000000000e+00
0.000000000000000000e+00
0.000000000000000000e+00
0.000000000000000000e+00
0.000000000000000000e+00
0.000000000000000000e+00
0.000000000000000000e+00
0.000000000000000000e+00
0.000000000000000000e+00
0.000000000000000000e+00
0.000000000000000000e+00
nan
