# bin_20_3
-5.371966342918223968e-09
2.116000629043912230e-09
-1.185862197471444273e-08
-1.943882770519986253e-09
-1.527573014288004928e-08
-1.516295836259743528e-08
-7.157022846735015388e-09
-2.904738816873413453e-08
1.437831543649683757e-08
-4.158479779186178342e-08
2.817982454918134038e-08
-1.638023919931708159e-08
8.945335138586720883e-09
-1.992875316075689413e-08
-5.571153280425866276e-08
-8.314514487409865487e-08
-1.028755203041813303e-07
-1.032113440743656156e-07
-3.935205348032811254e-08
7.170394002252235339e-08
1.732448177755959472e-07
2.365243163273842584e-07
2.617258945208533010e-07
2.734271605722586374e-07
2.862095495501286541e-07
3.082728845472298440e-07
3.516728231784434732e-07
4.052093368295514447e-07
4.476364812840818242e-07
4.663199277387283592e-07
4.544339706398923917e-07
3.745498247605177686e-07
2.349966539638646600e-07
8.520603622871234275e-08
-4.149642706469056997e-08
-1.234625522282758703e-07
-1.474751837655134550e-07
-1.288537259846018763e-07
-9.634357428964046341e-08
-5.928318916018566262e-08
-2.441266763191552470e-08
3.511019802277119533e-09
2.124091159993053638e-08
2.667556900996726999e-08
2.427034994216930265e-08
2.019047337191418692e-08
1.538062066609203407e-08
1.056006191325095180e-08
6.268656188450187298e-09
2.903660778096540407e-09
7.492284875958185760e-10
7.247926795942338374e-14
3.549194230427967395e-14
5.808296210107248821e-15
-1.750961631933307391e-14
-3.528189960596987937e-14
-4.822646414965008099e-14
-5.697243726046914090e-14
-6.207168168424134003e-14
-6.400871010722379369e-14
-6.320923629886577408e-14
-6.009423373564193872e-14
-5.529630551584793893e-14
-4.942820674012630764e-14
-4.299631120798480088e-14
-3.641671826296154649e-14
-3.002894900284049165e-14
-2.410760355485015829e-14
-1.887229115439903415e-14
-1.449609497850699626e-14
-1.111279225408908265e-14
-8.823015610650561304e-15
-7.219728921702642344e-15
-5.829007077666438373e-15
-4.631024204533177452e-15
-3.607791437673759567e-15
-2.742975613743803551e-15
-2.021737340955445133e-15
-1.430586201386148255e-15
-9.572511204844267811e-16
-5.905641824728410100e-16
-3.203563814120921351e-16
-1.373639809189807267e-16
-3.314431484828773800e-17
-4.360271826341074244e-31
-3.702845581882967724e-31
-3.117820795025824853e-31
-2.599460094874094451e-31
-2.142480299707684157e-31
-1.742013999127741849e-31
-1.393574663555517644e-31
-1.093024929110606026e-31
-8.365477439321720789e-32
-6.206200956154052664e-32
-4.419890691655480419e-32
-2.976500112044595286e-32
-1.848265995164641604e-32
-1.009526377520137376e-32
-4.365541353537630438e-33
-1.074047462055860537e-33
-1.776923470973700625e-35
-1.539651566976727339e-35
-1.325197653185217379e-35
-1.132015607317373845e-35
-9.586637126654134588e-36
-8.037971233909083936e-36
-6.661609206120317887e-36
-5.445837088780265551e-36
-4.379717072895910987e-36
-3.453032937224277419e-36
-2.656239643926848909e-36
-1.980416744143803787e-36
-1.417225280766286636e-36
-9.588679034940473039e-37
-5.980519364059865411e-37
-3.279551610168212927e-37
-1.421940983935998055e-37
-3.479459257398527761e-38
-1.645144615402033720e-40
-1.462458409239627050e-40
-1.294417593147537670e-40
-1.140179017085993733e-40
-9.989481269019637795e-41
-8.699759636252342738e-41
-7.525563644473188915e-41
-6.460233506104565178e-41
-5.497486886088219370e-41
-4.631396121782468866e-41
-3.856366935334246751e-41
-3.167118532105626577e-41
-2.558664986970856777e-41
-2.026297827845900415e-41
-1.565569732732432303e-41
-1.172279262907848818e-41
-8.424565607224757611e-42
-5.723499458192257076e-42
-3.584133485143097259e-42
-1.972945236040749311e-42
-8.582399202873263822e-43
-2.100466166023338339e-43
-2.082014472403344412e-47
-1.879159683321529298e-47
-1.690417506213641487e-47
-1.515094101373915928e-47
-1.352529715044702902e-47
-1.202096885255465395e-47
-1.063198750523746825e-47
-9.352674549858290319e-48
-8.177626439617803488e-48
-7.101700443646959106e-48
-6.120001247397864618e-48
-5.227868300667422044e-48
-4.420863867822275994e-48
-3.694761737791783098e-48
-3.045536554178315325e-48
-2.469353728425307340e-48
-1.962559901384249039e-48
-1.521673920860927547e-48
-1.143378304798657862e-48
-8.245111616945672689e-49
-5.620585416457561505e-49
-3.531471931009819366e-49
-1.950377019592098578e-49
-8.511799111274604523e-50
-2.089715989406483733e-50
3.558463259997880949e-55
3.502783314040781811e-55
3.423209836771058475e-55
3.322925154914885611e-55
3.204897956811548944e-55
3.071895974202608399e-55
2.926497912313723088e-55
2.771104674554893080e-55
2.439110030212224556e-55
2.266513415134605422e-55
2.091949373799837352e-55
1.917076362759748741e-55
1.743429811488660297e-55
1.572429477808867658e-55
1.405386375756688078e-55
1.243509301439707181e-55
9.396138619750743599e-56
7.995555725931558226e-56
6.685940629517046069e-56
5.475124524099246695e-56
4.370235971050537968e-56
3.377743950756956879e-56
2.503498441526073840e-56
1.130279168973001054e-56
6.402437675263615710e-57
2.863976363669317379e-57
7.202749705100606546e-58
9.545630127960996758e-64
8.858655927930605517e-64
8.206611818427271667e-64
7.588252947185241424e-64
7.002378797083560464e-64
5.923494174775579542e-64
5.428289448787831268e-64
4.961177888888984634e-64
4.107257895829678167e-64
3.718547883500707473e-64
3.354125301549587436e-64
3.013120259209300530e-64
2.398033209315160307e-64
2.122358098591840078e-64
1.866912223033927918e-64
1.413815206385622319e-64
1.214779347280382990e-64
1.033201502576455458e-64
7.199033110967210625e-65
5.869780127870057622e-65
3.657146573999514015e-65
2.762902561813541685e-65
2.003103311198971768e-65
8.670726896930381654e-66
4.813721314759364517e-66
5.210919769817190032e-67
-1.395725557072080116e-74
-1.361391981279560928e-74
-1.337237703717700170e-74
-1.309029512382098568e-74
-1.242133498791326613e-74
-1.204235366229597521e-74
-1.121368164486029063e-74
-1.077076324006370399e-74
-9.843422688268559116e-75
-9.364787502307759379e-75
-8.390942465656890536e-75
-7.900656469800719091e-75
-6.924693114691992313e-75
-5.968577012232495807e-75
-5.502677490327889497e-75
-4.603708784515127025e-75
-4.173751818369258928e-75
-3.359991127168868282e-75
-2.616245088927573962e-75
-2.273511112163832086e-75
-1.651447322474580757e-75
-1.373963627888329344e-75
-8.902331609264407975e-76
-5.063196011928551173e-76
-3.534021669520063829e-76
-1.284181782968047222e-76
-1.438767870081049378e-77
3.188437939475506694e-90
3.124517664106683611e-90
3.029473506937632306e-90
2.908409563732032839e-90
2.839600550980095704e-90
2.688174809007272369e-90
2.521733314303572268e-90
2.344049586874805365e-90
2.252082821827096223e-90
2.063916286481771118e-90
1.872589044396705221e-90
1.680850223779612824e-90
1.491202332733930407e-90
1.397881506302575353e-90
1.215566376629337036e-90
1.040633631163430106e-90
8.748552413682920400e-91
7.198276158429889369e-91
5.769844764418045473e-91
4.476088354275434645e-91
3.328441376080474553e-91
2.337046266545109270e-91
1.510849904234162215e-91
8.576933606577264002e-92
3.843954198386653274e-92
9.683030258913255437e-93
3.917836660813498726e-107
3.581382299086340683e-107
3.265516684200056742e-107
2.969347405793824363e-107
2.692020746166446193e-107
2.432719881215959497e-107
2.190663172565162738e-107
1.965102545827753674e-107
1.755321950273710997e-107
1.560635895435908189e-107
1.380388060466172917e-107
1.213949972296480553e-107
1.060719748894724304e-107
8.543847600758317946e-108
7.317048412140738352e-108
6.203188673351734784e-108
5.197306405376155525e-108
4.294646591002936151e-108
3.124282145848962612e-108
2.460152479407929194e-108
1.884104955009151659e-108
1.392209290144807087e-108
8.039498467946836877e-109
5.062845068916861405e-109
2.802453367662201811e-109
6.840314234360024732e-110
7.480695662069315052e-111
-5.896122702877396607e-132
-5.741233090930320007e-132
-5.602435402027130416e-132
-5.349591926402580097e-132
-5.155942359234385497e-132
-4.945712293429218656e-132
-4.605327830444045206e-132
-4.365467174240972396e-132
-3.992211691897639188e-132
-3.737593613222591856e-132
-3.352039425986163124e-132
-3.095291203055571611e-132
-2.714861268822480654e-132
-2.344709553634923881e-132
-2.106014758959252365e-132
-1.763289833839117975e-132
-1.546723009489266329e-132
-1.242404857209792883e-132
-9.655879275332604280e-133
-7.977588634419634798e-133
-5.730088819165014965e-133
-3.826943350780824572e-133
-2.759611581402117770e-133
-1.474066472855422975e-133
-5.809449894260173487e-134
-9.369708565505231147e-135
1.189519379529697092e-164
1.168094067936113103e-164
1.136733098289995799e-164
1.096927215965189999e-164
1.050055410662896874e-164
1.015515557145914905e-164
9.596513261137062781e-165
8.999068211517636189e-165
8.373109205395458767e-165
7.728113267926424762e-165
7.072799521753166109e-165
6.415179529637414294e-165
5.762604361106197960e-165
5.121808602876559851e-165
4.498951517338665734e-165
3.899655539043936159e-165
3.329042285876550587e-165
2.791766249298006150e-165
2.292046316665001926e-165
1.690708647457898292e-165
1.292796652456124549e-165
9.437224837310757710e-166
6.461348692928803659e-166
4.023839019088832265e-166
2.145417653409629202e-166
5.415467702587743632e-167
3.406733253359349437e-168
0.000000000000000000e+00
0.000000000000000000e+00
0.000000000000000000e+00
0.000000000000000000e+00
0.000000000000000000e+00
0.000000000000000000e+00
0.000000000000000000e+00
0.000000000000000000e+00
0.000000000000000000e+00
0.000000000000000000e+00
0.000000000000000000e+00
0.000000000000000000e+00
0.000000000000000000e+00
0.000000000000000000e+00
0.000000000000000000e+00
0.000000000000000000e+00
0.000000000000000000e+00
0.000000000000000000e+00
0.000000000000000000e+00
0.000000000000000000e+00
0.000000000000000000e+00
0.000000000000000000e+00
0.000000000000000000e+00
0.000000000000000000e+00
0.000000000000000000e+00
0.000000000000000000e+00
0.000000000000000000e+00
0.000000000000000000e+00
0.000000000000000000e+00
0.000000000000000000e+00
0.000000000000000000e+00
0.000000000000000000e+00
0.000000000000000000e+00
0.000000000000000000e+00
0.000000000000000000e+00
0.000000000000000000e+00
0.000000000000000000e+00
0.000000000000000000e+00
0.000000000000000000e+00
0.000000000000000000e+00
0.000000000000000000e+00
0.000000000000000000e+00
0.000000000000000000e+00
0.000000000000000000e+00
0.000000000000000000e+00
0.000000000000000000e+00
0.000000000000000000e+00
0.000000000000000000e+00
0.000000000000000000e+00
0.000000000000000000e+00
0.000000000000000000e+00
0.000000000000000000e+00
0.000000000000000000e+00
0.000000000000000000e+00
0.000000000000000000e+00
0.000000000000000000e+00
0.000000000000000000e+00
0.000000000000000000e+00
0.000000000000000000e+00
0.000000000000000000e+00
0.000000000000000000e+00
0.000000000000000000e+00
0.000000000000000000e+00
0.000000000000000000e+00
0.000000000000000000e+00
0.000000000000000000e+00
0.000000000000000000e+00
0.000000000000000000e+00
0.000000000000000000e+00
0.000000000000000000e+00
0.000000000000000000e+00
0.000000000000000000e+00
0.000000000000000000e+00
0.000000000000000000e+00
0.000000000000000000e+00
0.000000000000000000e+00
0.000000000000000000e+00
0.000000000000000000e+00
0.000000000000000000e+00
0.000000000000000000e+00
0.000000000000000000e+00
0.000000000000000000e+00
0.000000000000000000e+00
0.000000000000000000e+00
0.000000000000000000e+00
0.000000000000000000e+00
0.000000000000000000e+00
0.000000000000000000e+00
0.000000000000000000e+00
0.000000000000000000e+00
0.000000000000000000e+00
0.000000000000000000e+00
0.000000000000000000e+00
0.000000000000000000e+00
0.000000000000000000e+00
0.000000000000000000e+00
0.000000000000000000e+00
0.000000000000000000e+00
0.000000000000000000e+00
0.000000000000000000e+00
0.000000000000000000e+00
0.000000000000000000e+00
0.000000000000000000e+00
0.000000000000000000e+00
0.000000000000000000e+00
0.000000000000000000e+00
0.000000000000000000e+00
0.000000000000000000e+00
0.000000000000000000e+00
0.000000000000000000e+00
0.000000000000000000e+00
0.000000000000000000e+00
0.000000000000000000e+00
0.000000000000000000e+00
0.000000000000000000e+00
0.000000000000000000e+00
0.000000000000000000e+00
0.000000000000000000e+00
0.000000000000000000e+00
0.000000000000000000e+00
0.000000000000000000e+00
0.000000000000000000e+00
0.000000000000000000e+00
0.000000000000000000e+00
0.000000000000000000e+00
0.000000000000000000e+00
0.000000000000000000e+00
0.000000000000000000e+00
0.000000000000000000e+00
0.000000000000000000e+00
0.000000000000000000e+00
0.000000000000000000e+00
0.000000000000000000e+00
0.000000000000000000e+00
0.000000000000000000e+00
0.000000000000000000e+00
0.000000000000000000e+00
0.000000000000000000e+00
0.000000000000000000e+00
0.000000000000000000e+00
0.000000000000000000e+00
0.000000000000000000e+00
0.000000000000000000e+00
0.000000000000000000e+00
0.000000000000000000e+00
0.000000000000000000e+00
0.000000000000000000e+00
0.000000000000000000e+00
0.000000000000000000e+00
0.000000000000000000e+00
0.000000000000000000e+00
0.000000000000000000e+00
0.000000000000000000e+00
0.000000000000000000e+00
0.000000000000000000e+00
0.000000000000000000e+00
0.000000000000000000e+00
0.000000000000000000e+00
0.000000000000000000e+00
0.000000000000000000e+00
0.000000000000000000e+00
0.000000000000000000e+00
0.000000000000000000e+00
0.000000000000000000e+00
0.000000000000000000e+00
0.000000000000000000e+00
0.000000000000000000e+00
0.000000000000000000e+00
0.000000000000000000e+00
0.000000000000000000e+00
0.000000000000000000e+00
0.000000000000000000e+00
0.000000000000000000e+00
0.000000000000000000e+00
0.000000000000000000e+00
0.000000000000000000e+00
0.000000000000000000e+00
0.000000000000000000e+00
0.000000000000000000e+00
0.000000000000000000e+00
0.000000000000000000e+00
0.000000000000000000e+00
0.000000000000000000e+00
0.000000000000000000e+00
0.000000000000000000e+00
0.000000000000000000e+00
0.000000000000000000e+00
0.000000000000000000e+00
0.000000000000000000e+00
0.000000000000000000e+00
0.000000000000000000e+00
0.000000000000000000e+00
0.000000000000000000e+00
0.000000000000000000e+00
0.000000000000000000e+00
0.000000000000000000e+00
0.000000000000000000e+00
0.000000000000000000e+00
0.000000000000000000e+00
0.000000000000000000e+00
0.000000000000000000e+00
0.000000000000000000e+00
0.000000000000000000e+00
0.000000000000000000e+00
0.000000000000000000e+00
0.000000000000000000e+00
0.000000000000000000e+00
0.000000000000000000e+00
0.000000000000000000e+00
0.000000000000000000e+00
0.000000000000000000e+00
0.000000000000000000e+00
0.000000000000000000e+00
0.000000000000000000e+00
0.000000000000000000e+00
0.000000000000000000e+00
0.000000000000000000e+00
0.000000000000000000e+00
0.000000000000000000e+00
0.000000000000000000e+00
0.000000000000000000e+00
0.000000000000000000e+00
0.000000000000000000e+00
0.000000000000000000e+00
0.000000000000000000e+00
0.000000000000000000e+00
0.000000000000000000e+00
0.000000000000000000e+00
0.000000000000000000e+00
0.000000000000000000e+00
0.000000000000000000e+00
0.000000000000000000e+00
0.000000000000000000e+00
0.000000000000000000e+00
0.000000000000000000e+00
0.000000000000000000e+00
0.000000000000000000e+00
0.000000000000000000e+00
0.000000000000000000e+00
0.000000000000000000e+00
0.000000000000000000e+00
0.000000000000000000e+00
0.000000000000000000e+00
0.000000000000000000e+00
0.000000000000000000e+00
0.000000000000000000e+00
0.000000000000000000e+00
0.000000000000000000e+00
0.000000000000000000e+00
0.000000000000000000e+00
0.000000000000000000e+00
0.000000000000000000e+00
0.000000000000000000e+00
0.000000000000000000e+00
0.000000000000000000e+00
0.000000000000000000e+00
0.000000000000000000e+00
0.000000000000000000e+00
0.000000000000000000e+00
0.000000000000000000e+00
0.000000000000000000e+00
0.000000000000000000e+00
0.000000000000000000e+00
0.000000000000000000e+00
0.000000000000000000e+00
0.000000000000000000e+00
0.000000000000000000e+00
0.000000000000000000e+00
0.000000000000000000e+00
0.000000000000000000e+00
0.000000000000000000e+00
0.000000000000000000e+00
0.000000000000000000e+00
0.000000000000000000e+00
0.000000000000000000e+00
0.000000000000000000e+00
0.000000000000000000e+00
0.000000000000000000e+00
0.000000000000000000e+00
0.000000000000000000e+00
0.000000000000000000e+00
0.000000000000000000e+00
0.000000000000000000e+00
0.000000000000000000e+00
0.000000000000000000e+00
0.000000000000000000e+00
0.000000000000000000e+00
0.000000000000000000e+00
0.000000000000000000e+00
0.000000000000000000e+00
0.000000000000000000e+00
0.000000000000000000e+00
0.000000000000000000e+00
0.000000000000000000e+00
0.000000000000000000e+00
0.000000000000000000e+00
0.000000000000000000e+00
0.000000000000000000e+00
0.000000000000000000e+00
0.000000000000000000e+00
0.000000000000000000e+00
0.000000000000000000e+00
0.000000000000000000e+00
0.000000000000000000e+00
0.000000000000000000e+00
0.000000000000000000e+00
0.000000000000000000e+00
0.000000000000000000e+00
0.000000000000000000e+00
0.000000000000000000e+00
0.000000000000000000e+00
0.000000000000000000e+00
0.000000000000000000e+00
0.000000000000000000e+00
0.000000000000000000e+00
0.000000000000000000e+00
0.000000000000000000e+00
0.000000000000000000e+00
0.000000000000000000e+00
0.000000000000000000e+00
0.000000000000000000e+00
0.000000000000000000e+00
0.000000000000000000e+00
0.000000000000000000e+00
0.000000000000000000e+00
0.000000000000000000e+00
0.000000000000000000e+00
0.000000000000000000e+00
0.000000000000000000e+00
0.000000000000000000e+00
0.000000000000000000e+00
0.000000000000000000e+00
0.000000000000000000e+00
0.000000000000000000e+00
0.000000000000000000e+00
0.000000000000000000e+00
0.000000000000000000e+00
0.000000000000000000e+00
0.000000000000000000e+00
0.000000000000000000e+00
0.000000000000000000e+00
0.000000000000000000e+00
0.000000000000000000e+00
0.000000000000000000e+00
0.000000000000000000e+00
0.000000000000000000e+00
0.000000000000000000e+00
0.000000000000000000e+00
0.000000000000000000e+00
0.000000000000000000e+00
0.000000000000000000e+00
0.000000000000000000e+00
0.000000000000000000e+00
0.000000000000000000e+00
0.000000000000000000e+00
0.000000000000000000e+00
0.000000000000000000e+00
0.000000000000000000e+00
0.000000000000000000e+00
0.000000000000000000e+00
0.000000000000000000e+00
0.000000000000000000e+00
0.000000000000000000e+00
0.000000000000000000e+00
0.000000000000000000e+00
0.000000000000000000e+00
0.000000000000000000e+00
0.000000000000000000e+00
0.000000000000000000e+00
0.000000000000000000e+00
0.000000000000000000e+00
0.000000000000000000e+00
0.000000000000000000e+00
0.000000000000000000e+00
0.000000000000000000e+00
0.000000000000000000e+00
0.000000000000000000e+00
0.000000000000000000e+00
0.000000000000000000e+00
0.000000000000000000e+00
0.000000000000000000e+00
0.000000000000000000e+00
0.000000000000000000e+00
0.000000000000000000e+00
0.000000000000000000e+00
0.000000000000000000e+00
0.000000000000000000e+00
0.000000000000000000e+00
0.000000000000000000e+00
0.000000000000000000e+00
0.000000000000000000e+00
0.000000000000000000e+00
0.000000000000000000e+00
0.000000000000000000e+00
0.000000000000000000e+00
0.000000000000000000e+00
0.000000000000000000e+00
0.000000000000000000e+00
0.000000000000000000e+00
0.000000000000000000e+00
0.000000000000000000e+00
0.000000000000000000e+00
0.000000000000000000e+00
0.000000000000000000e+00
0.000000000000000000e+00
0.000000000000000000e+00
0.000000000000000000e+00
0.000000000000000000e+00
0.000000000000000000e+00
0.000000000000000000e+00
0.000000000000000000e+00
0.000000000000000000e+00
0.000000000000000000e+00
0.000000000000000000e+00
0.000000000000000000e+00
0.000000000000000000e+00
0.000000000000000000e+00
0.000000000000000000e+00
0.000000000000000000e+00
0.000000000000000000e+00
0.000000000000000000e+00
0.000000000000000000e+00
0.000000000000000000e+00
0.000000000000000000e+00
0.000000000000000000e+00
0.000000000000000000e+00
0.000000000000000000e+00
0.000000000000000000e+00
0.000000000000000000e+00
0.000000000000000000e+00
0.000000000000000000e+00
0.000000000000000000e+00
0.000000000000000000e+00
0.000000000000000000e+00
0.000000000000000000e+00
0.000000000000000000e+00
0.000000000000000000e+00
0.000000000000000000e+00
0.000000000000000000e+00
0.000000000000000000e+00
0.000000000000000000e+00
0.000000000000000000e+00
0.000000000000000000e+00
0.000000000000000000e+00
0.000000000000000000e+00
0.000000000000000000e+00
0.000000000000000000e+00
0.000000000000000000e+00
0.000000000000000000e+00
0.000000000000000000e+00
0.000000000000000000e+00
0.000000000000000000e+00
0.000000000000000000e+00
0.000000000000000000e+00
0.000000000000000000e+00
0.000000000000000000e+00
0.000000000000000000e+00
0.000000000000000000e+00
0.000000000000000000e+00
0.000000000000000000e+00
0.000000000000000000e+00
0.000000000000000000e+00
0.000000000000000000e+00
0.000000000000000000e+00
0.000000000000000000e+00
0.000000000000000000e+00
0.000000000000000000e+00
0.000000000000000000e+00
0.000000000000000000e+00
0.000000000000000000e+00
0.000000000000000000e+00
0.000000000000000000e+00
0.000000000000000000e+00
0.000000000000000000e+00
0.000000000000000000e+00
0.000000000000000000e+00
0.000000000000000000e+00
0.000000000000000000e+00
0.000000000000000000e+00
0.000000000000000000e+00
0.000000000000000000e+00
0.000000000000000000e+00
0.000000000000000000e+00
0.000000000000000000e+00
0.000000000000000000e+00
0.000000000000000000e+00
0.000000000000000000e+00
0.000000000000000000e+00
0.000000000000000000e+00
0.000000000000000000e+00
0.000000000000000000e+00
0.000000000000000000e+00
0.000000000000000000e+00
0.000000000000000000e+00
0.000000000000000000e+00
0.000000000000000000e+00
0.000000000000000000e+00
0.000000000000000000e+00
0.000000000000000000e+00
0.000000000000000000e+00
0.000000000000000000e+00
0.000000000000000000e+00
0.000000000000000000e+00
0.000000000000000000e+00
0.000000000000000000e+00
0.000000000000000000e+00
0.000000000000000000e+00
0.000000000000000000e+00
0.000000000000000000e+00
0.000000000000000000e+00
0.000000000000000000e+00
0.000000000000000000e+00
0.000000000000000000e+00
0.000000000000000000e+00
0.000000000000000000e+00
0.000000000000000000e+00
0.000000000000000000e+00
0.000000000000000000e+00
0.000000000000000000e+00
0.000000000000000000e+00
0.000000000000000000e+00
0.000000000000000000e+00
0.000000000000000000e+00
0.000000000000000000e+00
0.000000000000000000e+00
0.000000000000000000e+00
0.000000000000000000e+00
0.000000000000000000e+00
0.000000000000000000e+00
0.000000000000000000e+00
0.000000000000000000e+00
0.000000000000000000e+00
0.000000000000000000e+00
0.000000000000000000e+00
0.000000000000000000e+00
0.000000000000000000e+00
0.000000000000000000e+00
0.000000000000000000e+00
0.000000000000000000e+00
0.000000000000000000e+00
0.000000000000000000e+00
0.000000000000000000e+00
0.000000000000000000e+00
0.000000000000000000e+00
0.000000000000000000e+00
0.000000000000000000e+00
0.000000000000000000e+00
0.000000000000000000e+00
0.000000000000000000e+00
0.000000000000000000e+00
0.000000000000000000e+00
0.000000000000000000e+00
0.000000000000000000e+00
0.000000000000000000e+00
0.000000000000000000e+00
0.000000000000000000e+00
0.000000000000000000e+00
0.000000000000000000e+00
0.000000000000000000e+00
0.000000000000000000e+00
0.000000000000000000e+00
0.000000000000000000e+00
0.000000000000000000e+00
0.000000000000000000e+00
0.000000000000000000e+00
0.000000000000000000e+00
0.000000000000000000e+00
0.000000000000000000e+00
0.000000000000000000e+00
0.000000000000000000e+00
0.000000000000000000e+00
0.000000000000000000e+00
0.000000000000000000e+00
0.000000000000000000e+00
0.000000000000000000e+00
0.000000000000000000e+00
0.000000000000000000e+00
0.000000000000000000e+00
0.000000000000000000e+00
0.000000000000000000e+00
0.000000000000000000e+00
0.000000000000000000e+00
0.000000000000000000e+00
0.000000000000000000e+00
0.000000000000000000e+00
0.000000000000000000e+00
0.000000000000000000e+00
0.000000000000000000e+00
0.000000000000000000e+00
0.000000000000000000e+00
0.000000000000000000e+00
0.000000000000000000e+00
0.000000000000000000e+00
0.000000000000000000e+00
0.000000000000000000e+00
0.000000000000000000e+00
0.000000000000000000e+00
0.000000000000000000e+00
0.000000000000000000e+00
0.000000000000000000e+00
0.000000000000000000e+00
0.000000000000000000e+00
0.000000000000000000e+00
0.000000000000000000e+00
0.000000000000000000e+00
0.000000000000000000e+00
0.000000000000000000e+00
0.000000000000000000e+00
0.000000000000000000e+00
0.000000000000000000e+00
0.000000000000000000e+00
0.000000000000000000e+00
0.000000000000000000e+00
0.000000000000000000e+00
0.000000000000000000e+00
0.000000000000000000e+00
0.000000000000000000e+00
0.000000000000000000e+00
0.000000000000000000e+00
0.000000000000000000e+00
0.000000000000000000e+00
0.000000000000000000e+00
0.000000000000000000e+00
0.000000000000000000e+00
0.000000000000000000e+00
0.000000000000000000e+00
0.000000000000000000e+00
0.000000000000000000e+00
0.000000000000000000e+00
0.000000000000000000e+00
0.000000000000000000e+00
0.000000000000000000e+00
0.000000000000000000e+00
0.000000000000000000e+00
0.000000000000000000e+00
0.000000000000000000e+00
0.000000000000000000e+00
0.000000000000000000e+00
0.000000000000000000e+00
0.000000000000000000e+00
0.000000000000000000e+00
0.000000000000000000e+00
0.000000000000000000e+00
0.000000000000000000e+00
0.000000000000000000e+00
0.000000000000000000e+00
0.000000000000000000e+00
0.000000000000000000e+00
nan
