# bin_17_9
-2.034775929065606754e-08
-1.695758284864912158e-09
-1.257077689035729476e-08
4.126351814331424077e-09
-1.008130886118425555e-08
6.481471745206820974e-09
-7.959726275602364324e-09
5.188148083962158992e-09
-6.255561395113961465e-09
7.919601507212964786e-09
-7.596934513569547984e-09
4.876287727018145767e-09
-5.799862178415462807e-09
-6.127782552968977550e-09
-5.673851759296213836e-09
-4.258904388434608419e-09
-2.649209457967879316e-09
-1.873017247815383497e-09
-3.231007240021481985e-09
-5.750128976304283872e-09
-7.584817339081735650e-09
-7.839935548613219654e-09
-6.720505846866701784e-09
-5.288715643965168775e-09
-4.114635359345093171e-09
-3.510183469765773388e-09
-3.894447013270716031e-09
-4.947557012635570253e-09
-5.997428349572232573e-09
-6.627482199662195390e-09
-6.595416568961578740e-09
-5.200308185382057649e-09
-2.559284784705762749e-09
4.975704096547691772e-10
3.400550958157660268e-09
5.769888580901436719e-09
7.363946060829807548e-09
8.506002749422772110e-09
9.545597131852214592e-09
1.039031361651885947e-08
1.097983650344567763e-08
1.127775436316014287e-08
1.126533120126430585e-08
1.093677012108493814e-08
9.954534918632773793e-09
8.290510070817052041e-09
6.328376227676526563e-09
4.360302708054728662e-09
2.605619001401625325e-09
1.225756018656000216e-09
3.362196959928245529e-10
1.619736291217709949e-11
1.910745799871461980e-12
-8.838764981610403200e-12
-1.682871461636849182e-11
-2.270288448579827911e-11
-2.699313049056252796e-11
-3.013759929249128005e-11
-3.249594843022813749e-11
-3.436208250652104762e-11
-3.597482568349416991e-11
-3.709140158426722445e-11
-3.750298643347861489e-11
-3.743127853094052760e-11
-3.706016313118048883e-11
-3.654140756542922921e-11
-3.599950582896636978e-11
-3.553580364424064532e-11
-3.523201388745547650e-11
-3.515321472652544678e-11
-3.535040822148218665e-11
-3.586270496480987913e-11
-4.428629713699993215e-11
-6.522836164136594682e-11
-9.473417378559320630e-11
-1.294426078534873408e-10
-1.665085013514707057e-10
-2.035350633381194351e-10
-2.385149863926410345e-10
-2.697791092152961858e-10
-2.959516366779036029e-10
-3.159110606457967733e-10
-3.287560416609331742e-10
-3.337756116160908826e-10
-3.304231433856890322e-10
-3.169173136244881937e-10
-2.936300626340729674e-10
-2.630887717204725180e-10
-2.274989627921424807e-10
-1.887802777260959022e-10
-1.485984643985847859e-10
-1.083938277905598719e-10
-6.940654932053294051e-11
-3.269922933091630050e-11
8.230344870127084700e-13
3.039475681065805155e-11
5.537411891583125596e-11
7.522875209914489731e-11
8.952305982345457087e-11
9.790690995182098244e-11
1.001055476413890861e-10
9.905765616529604052e-11
9.787424726380183944e-11
9.658726834213543263e-11
9.522518962045005575e-11
9.381333553596404237e-11
9.237418475713685658e-11
9.092764188887450030e-11
8.949128363013379914e-11
8.808058186230533847e-11
8.670910589440966254e-11
8.538870586592428945e-11
8.412967910689259567e-11
8.294092107513026416e-11
8.183006232945254493e-11
8.080359285378957878e-11
7.986697491797442763e-11
7.902474554523933965e-11
7.828060955258452395e-11
7.802035927517372788e-11
7.852718570225685879e-11
7.966074836250242144e-11
8.129370198178915593e-11
8.331063565645931571e-11
8.560709826857665984e-11
8.808870287120265100e-11
9.067030341735919561e-11
9.327523779132581962e-11
9.583463163125515361e-11
9.828675791321296621e-11
1.005764477034653612e-10
1.026545478825067657e-10
1.044774220048195247e-10
1.060064907861744849e-10
1.072078090085480901e-10
1.080516759042790497e-10
1.085122763284153674e-10
1.085673502536240463e-10
1.081978883275836407e-10
1.073878514202980791e-10
1.061239122599494310e-10
1.032507154888913214e-10
9.789649132592921037e-11
9.045081307428006220e-11
8.127257498277269810e-11
7.069212382865217454e-11
5.901324283116707605e-11
4.651499851914980265e-11
3.345346037015433369e-11
2.006330229781030717e-11
6.559294382417873929e-12
-6.862307387712582767e-12
-2.002246617446786944e-11
-3.275815749034248985e-11
-4.492124437442511942e-11
-5.637742882972110886e-11
-6.700527422501782126e-11
-7.669529374963024036e-11
-8.534910036503788555e-11
-9.287861402582463818e-11
-9.920532224585248904e-11
-1.042595903661292350e-10
-1.079800181401799160e-10
-1.103128394927438610e-10
-1.112113625296192741e-10
-1.106354470820434250e-10
-1.091171716421508777e-10
-1.072420155872444191e-10
-1.050523815066350839e-10
-1.025879061807169637e-10
-9.988562254985666360e-11
-9.698011215921059076e-11
-9.390364866329137524e-11
-8.735622029878279253e-11
-8.393944033922394802e-11
-8.046030977686624342e-11
-7.694143878573733655e-11
-7.340383117153409276e-11
-6.986697876910576150e-11
-6.634895040489626032e-11
-6.286647574714801826e-11
-5.606888015097861421e-11
-5.278121176108805968e-11
-4.958413867572421969e-11
-4.648879376244247259e-11
-4.350538217273072793e-11
-4.064323690875564118e-11
-3.791087123570059854e-11
-3.286572687900151990e-11
-3.056630716043923906e-11
-2.842347047413725196e-11
-2.644231934720448899e-11
-2.296756013410229102e-11
-2.143972501592969107e-11
-2.003067981653165278e-11
-1.872796497918353557e-11
-1.751983256007886612e-11
-1.534366698060406793e-11
-1.435538084279985993e-11
-1.342110785517568396e-11
-1.168034170573065766e-11
-1.085799472644063537e-11
-1.005790171989188342e-11
-9.273298043225590876e-12
-7.725593042532127143e-12
-6.950991798483696228e-12
-6.168840104447886523e-12
-4.562789879194504161e-12
-3.730140195396620955e-12
-2.872405142613432936e-12
-1.067338292191459852e-12
-1.134805800978457338e-13
1.911403804256514202e-12
2.987572801045861602e-12
4.109311624267330543e-12
6.497610165122852307e-12
7.767783840667688197e-12
1.046798734733653194e-11
1.190068565567317841e-11
1.514131859112058523e-11
1.697283267773034712e-11
1.892147670928566499e-11
2.310449503870974227e-11
2.530813144363459634e-11
2.986870921593925403e-11
3.219948538705834201e-11
3.690175213120586354e-11
3.925107406798196766e-11
4.389517579248468808e-11
4.617127860425491563e-11
5.058882766809298302e-11
5.477551062056774603e-11
5.676473127546603037e-11
6.050352799324570077e-11
6.224171819606145670e-11
6.542994776746347366e-11
6.820360910503727175e-11
6.942476647384947298e-11
7.151786452878732696e-11
7.238346826010129391e-11
7.373882312298502721e-11
7.457713692776218555e-11
7.479724670504564008e-11
7.483080285091109240e-11
7.431284643913414893e-11
7.384419863051554656e-11
7.261732483465620250e-11
7.112500390344960709e-11
6.941267006324015434e-11
6.848717082653879358e-11
6.652193503081235415e-11
6.443456194917688659e-11
6.225858435147263226e-11
6.114705836886811258e-11
5.889483514706490219e-11
5.662574827435814473e-11
5.436417209596471709e-11
5.213227686658294158e-11
5.103382473505728258e-11
4.888358960694279940e-11
4.680984047089407281e-11
4.482822109611572063e-11
4.295280749213336979e-11
4.119622319270492753e-11
3.956974648258573925e-11
3.808341014061294607e-11
3.674609422995680127e-11
3.556561242712681317e-11
3.454879234509860792e-11
3.370155027252831453e-11
3.302896072019437939e-11
3.253532113734652144e-11
3.362317303278005506e-11
3.743312466106686819e-11
4.359619589694575315e-11
5.176897607741677978e-11
6.163205621145878040e-11
7.288855716962705293e-11
8.526274774564328766e-11
9.849874689218316214e-11
1.123593048140117671e-10
1.266246579554833482e-10
1.410914532484440907e-10
1.555717372923119024e-10
1.769416457686450971e-10
1.907259980312828078e-10
2.039740657045865862e-10
2.165562317514097587e-10
2.283537119350847936e-10
2.443436427131325963e-10
2.537248227890982338e-10
2.619814724005727901e-10
2.690357449553811557e-10
2.772109356560905507e-10
2.809672326576760717e-10
2.833052632283358549e-10
2.840509905905912219e-10
2.826483142657801590e-10
2.797364677379293408e-10
2.732287790787032844e-10
2.676934751645716715e-10
2.578901023887805698e-10
2.505134795154909392e-10
2.425828024002517663e-10
2.298538267634156744e-10
2.209403388138389806e-10
2.071310503791464135e-10
1.977408686117736730e-10
1.835512220027326136e-10
1.741139129743401180e-10
1.601365215589849061e-10
1.465314253709879704e-10
1.377485125553950514e-10
1.251138808522947583e-10
1.171085428969688279e-10
1.058174180567938316e-10
9.548374758290095654e-11
8.917532757007215315e-11
8.064888107442329535e-11
7.331512681442433978e-11
6.912287002873198154e-11
6.392490516972499424e-11
6.008240423739256968e-11
5.764082088529402731e-11
5.681045273102580809e-11
5.640792530352094926e-11
5.665611223713180757e-11
5.746161916980980637e-11
5.873801513869169967e-11
5.981082594951558720e-11
6.169743647952639540e-11
6.385509401891272031e-11
6.621918901041405741e-11
6.873017300381844127e-11
7.133322357954432803e-11
7.397793110657212832e-11
7.661800586525995741e-11
7.921100416957082511e-11
8.171807221942258391e-11
8.410370650290308376e-11
8.633552965051261163e-11
8.838408071992899387e-11
9.022261896054179745e-11
9.230582597678240699e-11
9.356427056952719722e-11
9.454094109539833717e-11
9.521890770304032306e-11
9.558310784842735215e-11
9.562021719722497491e-11
9.514087284316578079e-11
9.437182757999970458e-11
9.319847487473024662e-11
9.080011099843023606e-11
8.840040865566993675e-11
8.551512446620527012e-11
8.095627823556766877e-11
7.703440732420241209e-11
7.270702585275548146e-11
6.634390102636953266e-11
6.115339964747007427e-11
5.371250619759440402e-11
4.776582001590944677e-11
3.938251216215412825e-11
3.277600165308788404e-11
2.357225298011103425e-11
1.639275443258734378e-11
6.478482845668166311e-12
-3.796679059035299275e-12
-1.172149735942663202e-11
-2.255600050292988898e-11
-3.367182453132611333e-11
-4.217770458372439077e-11
-5.372455634925589747e-11
-6.548521601474312687e-11
-7.743776656806433004e-11
-8.956157170041842232e-11
-9.875508117922904971e-11
-1.119514352271400672e-10
-1.431669918388920520e-10
-1.966066690777106360e-10
-2.690075450384202210e-10
-3.573427091599531659e-10
-4.588062301270493570e-10
-5.707990781500172499e-10
-6.909159386894500239e-10
-8.169328590692370522e-10
-9.467956734742125700e-10
-1.078609155586152300e-09
-1.210626851593071086e-09
-1.373500189425244389e-09
-1.500298706449194170e-09
-1.622541717919615193e-09
-1.739015665829750954e-09
-1.874815870011628455e-09
-1.974404895948316783e-09
-2.064970932312247705e-09
-2.164259784864704585e-09
-2.231673177186643870e-09
-2.287703398357004772e-09
-2.340863945171184838e-09
-2.369276007768722195e-09
-2.386425435177972077e-09
-2.384991182054074269e-09
-2.363726705140949683e-09
-2.327234746977429413e-09
-2.254158320032985028e-09
-2.154849488747435824e-09
-2.059385004733721709e-09
-1.923357736463015951e-09
-1.772200631938035015e-09
-1.642670961965836096e-09
-1.472650009476484132e-09
-1.296335156253946995e-09
-1.116411733554369168e-09
-9.353439834297786218e-10
-7.553900211463005860e-10
-5.786158085346293428e-10
-4.407595304195822590e-10
-2.743512022888351303e-10
-1.159929002457558756e-10
6.138238818897717322e-11
1.971267086085236199e-10
3.206568502216547662e-10
4.309307564109558155e-10
5.270151902554599287e-10
6.080781413357910373e-10
6.844926169783131191e-10
7.300337033667113800e-10
7.584913390934173970e-10
7.693863320816938510e-10
7.609980817095127547e-10
7.463392726484868248e-10
7.227512345756723020e-10
6.988157026579014452e-10
6.658095978180697797e-10
6.353541989364964486e-10
5.959992355494252677e-10
5.613946469037207911e-10
5.183258065797410910e-10
4.742035493026029613e-10
4.370748032198287114e-10
3.925781248641615628e-10
3.486350008410384791e-10
3.057211668336865622e-10
2.642699109164474841e-10
2.246750188806091903e-10
1.872935227549813008e-10
1.524482659825035225e-10
1.204302977505188073e-10
9.150110808146456003e-11
6.589471446680316984e-11
4.381961006488265595e-11
2.546058277783524206e-11
1.098041386960856710e-11
5.214641822602771945e-13
-6.434600052353750607e-12
-7.840398724622487840e-12
-7.710468609401729148e-12
-7.495528429868472843e-12
-7.264620786725119021e-12
-6.949477246884757455e-12
-6.646711543310746436e-12
-6.262884864397481691e-12
-5.913305852489481641e-12
-5.487862671270746613e-12
-5.049831871502896428e-12
-4.605369034444369821e-12
-4.223571603642415975e-12
-3.781769389365079428e-12
-3.348411843913474720e-12
-2.927859832713730133e-12
-2.524083725403758665e-12
-2.140690274846130670e-12
-1.780947719272193401e-12
-1.447809227672407730e-12
-1.143934800055179266e-12
-8.717117263340376681e-13
-6.332737003274646708e-13
-4.045670812146376684e-13
-2.446363897795543592e-13
-1.237380907457758610e-13
-3.497257014201134544e-14
-1.738525960080265817e-15
0.000000000000000000e+00
0.000000000000000000e+00
0.000000000000000000e+00
0.000000000000000000e+00
0.000000000000000000e+00
0.000000000000000000e+00
0.000000000000000000e+00
0.000000000000000000e+00
0.000000000000000000e+00
0.000000000000000000e+00
0.000000000000000000e+00
0.000000000000000000e+00
0.000000000000000000e+00
0.000000000000000000e+00
0.000000000000000000e+00
0.000000000000000000e+00
0.000000000000000000e+00
0.000000000000000000e+00
0.000000000000000000e+00
0.000000000000000000e+00
0.000000000000000000e+00
0.000000000000000000e+00
0.000000000000000000e+00
0.000000000000000000e+00
0.000000000000000000e+00
0.000000000000000000e+00
0.000000000000000000e+00
0.000000000000000000e+00
0.000000000000000000e+00
0.000000000000000000e+00
0.000000000000000000e+00
0.000000000000000000e+00
0.000000000000000000e+00
0.000000000000000000e+00
0.000000000000000000e+00
0.000000000000000000e+00
0.000000000000000000e+00
0.000000000000000000e+00
0.000000000000000000e+00
0.000000000000000000e+00
0.000000000000000000e+00
0.000000000000000000e+00
0.000000000000000000e+00
0.000000000000000000e+00
0.000000000000000000e+00
0.000000000000000000e+00
0.000000000000000000e+00
0.000000000000000000e+00
0.000000000000000000e+00
0.000000000000000000e+00
0.000000000000000000e+00
0.000000000000000000e+00
0.000000000000000000e+00
0.000000000000000000e+00
0.000000000000000000e+00
0.000000000000000000e+00
0.000000000000000000e+00
0.000000000000000000e+00
0.000000000000000000e+00
0.000000000000000000e+00
0.000000000000000000e+00
0.000000000000000000e+00
0.000000000000000000e+00
0.000000000000000000e+00
0.000000000000000000e+00
0.000000000000000000e+00
0.000000000000000000e+00
0.000000000000000000e+00
0.000000000000000000e+00
0.000000000000000000e+00
0.000000000000000000e+00
0.000000000000000000e+00
0.000000000000000000e+00
0.000000000000000000e+00
0.000000000000000000e+00
0.000000000000000000e+00
0.000000000000000000e+00
0.000000000000000000e+00
0.000000000000000000e+00
0.000000000000000000e+00
0.000000000000000000e+00
0.000000000000000000e+00
0.000000000000000000e+00
0.000000000000000000e+00
0.000000000000000000e+00
0.000000000000000000e+00
0.000000000000000000e+00
0.000000000000000000e+00
0.000000000000000000e+00
0.000000000000000000e+00
0.000000000000000000e+00
0.000000000000000000e+00
0.000000000000000000e+00
0.000000000000000000e+00
0.000000000000000000e+00
0.000000000000000000e+00
0.000000000000000000e+00
0.000000000000000000e+00
0.000000000000000000e+00
0.000000000000000000e+00
0.000000000000000000e+00
0.000000000000000000e+00
0.000000000000000000e+00
0.000000000000000000e+00
0.000000000000000000e+00
0.000000000000000000e+00
0.000000000000000000e+00
0.000000000000000000e+00
0.000000000000000000e+00
0.000000000000000000e+00
0.000000000000000000e+00
0.000000000000000000e+00
0.000000000000000000e+00
0.000000000000000000e+00
0.000000000000000000e+00
0.000000000000000000e+00
0.000000000000000000e+00
0.000000000000000000e+00
0.000000000000000000e+00
0.000000000000000000e+00
0.000000000000000000e+00
0.000000000000000000e+00
0.000000000000000000e+00
0.000000000000000000e+00
0.000000000000000000e+00
0.000000000000000000e+00
0.000000000000000000e+00
0.000000000000000000e+00
0.000000000000000000e+00
0.000000000000000000e+00
0.000000000000000000e+00
0.000000000000000000e+00
0.000000000000000000e+00
0.000000000000000000e+00
0.000000000000000000e+00
0.000000000000000000e+00
0.000000000000000000e+00
0.000000000000000000e+00
0.000000000000000000e+00
0.000000000000000000e+00
0.000000000000000000e+00
0.000000000000000000e+00
0.000000000000000000e+00
0.000000000000000000e+00
0.000000000000000000e+00
0.000000000000000000e+00
0.000000000000000000e+00
0.000000000000000000e+00
0.000000000000000000e+00
0.000000000000000000e+00
0.000000000000000000e+00
0.000000000000000000e+00
0.000000000000000000e+00
0.000000000000000000e+00
0.000000000000000000e+00
0.000000000000000000e+00
0.000000000000000000e+00
0.000000000000000000e+00
0.000000000000000000e+00
0.000000000000000000e+00
0.000000000000000000e+00
0.000000000000000000e+00
0.000000000000000000e+00
0.000000000000000000e+00
0.000000000000000000e+00
0.000000000000000000e+00
0.000000000000000000e+00
0.000000000000000000e+00
0.000000000000000000e+00
0.000000000000000000e+00
0.000000000000000000e+00
0.000000000000000000e+00
0.000000000000000000e+00
0.000000000000000000e+00
0.000000000000000000e+00
0.000000000000000000e+00
0.000000000000000000e+00
0.000000000000000000e+00
0.000000000000000000e+00
0.000000000000000000e+00
0.000000000000000000e+00
0.000000000000000000e+00
0.000000000000000000e+00
0.000000000000000000e+00
0.000000000000000000e+00
0.000000000000000000e+00
0.000000000000000000e+00
0.000000000000000000e+00
0.000000000000000000e+00
0.000000000000000000e+00
0.000000000000000000e+00
0.000000000000000000e+00
0.000000000000000000e+00
0.000000000000000000e+00
0.000000000000000000e+00
0.000000000000000000e+00
0.000000000000000000e+00
0.000000000000000000e+00
0.000000000000000000e+00
0.000000000000000000e+00
0.000000000000000000e+00
0.000000000000000000e+00
0.000000000000000000e+00
0.000000000000000000e+00
0.000000000000000000e+00
0.000000000000000000e+00
0.000000000000000000e+00
0.000000000000000000e+00
0.000000000000000000e+00
0.000000000000000000e+00
0.000000000000000000e+00
0.000000000000000000e+00
0.000000000000000000e+00
0.000000000000000000e+00
0.000000000000000000e+00
0.000000000000000000e+00
0.000000000000000000e+00
0.000000000000000000e+00
0.000000000000000000e+00
0.000000000000000000e+00
0.000000000000000000e+00
0.000000000000000000e+00
0.000000000000000000e+00
0.000000000000000000e+00
0.000000000000000000e+00
0.000000000000000000e+00
0.000000000000000000e+00
0.000000000000000000e+00
0.000000000000000000e+00
0.000000000000000000e+00
0.000000000000000000e+00
0.000000000000000000e+00
0.000000000000000000e+00
0.000000000000000000e+00
0.000000000000000000e+00
0.000000000000000000e+00
0.000000000000000000e+00
0.000000000000000000e+00
0.000000000000000000e+00
0.000000000000000000e+00
0.000000000000000000e+00
0.000000000000000000e+00
0.000000000000000000e+00
0.000000000000000000e+00
0.000000000000000000e+00
0.000000000000000000e+00
0.000000000000000000e+00
0.000000000000000000e+00
0.000000000000000000e+00
0.000000000000000000e+00
0.000000000000000000e+00
0.000000000000000000e+00
0.000000000000000000e+00
0.000000000000000000e+00
0.000000000000000000e+00
0.000000000000000000e+00
0.000000000000000000e+00
0.000000000000000000e+00
0.000000000000000000e+00
0.000000000000000000e+00
0.000000000000000000e+00
0.000000000000000000e+00
0.000000000000000000e+00
0.000000000000000000e+00
0.000000000000000000e+00
0.000000000000000000e+00
0.000000000000000000e+00
0.000000000000000000e+00
0.000000000000000000e+00
0.000000000000000000e+00
0.000000000000000000e+00
0.000000000000000000e+00
0.000000000000000000e+00
0.000000000000000000e+00
0.000000000000000000e+00
0.000000000000000000e+00
0.000000000000000000e+00
0.000000000000000000e+00
0.000000000000000000e+00
0.000000000000000000e+00
0.000000000000000000e+00
0.000000000000000000e+00
0.000000000000000000e+00
0.000000000000000000e+00
0.000000000000000000e+00
0.000000000000000000e+00
0.000000000000000000e+00
0.000000000000000000e+00
0.000000000000000000e+00
0.000000000000000000e+00
0.000000000000000000e+00
0.000000000000000000e+00
0.000000000000000000e+00
0.000000000000000000e+00
0.000000000000000000e+00
0.000000000000000000e+00
0.000000000000000000e+00
0.000000000000000000e+00
0.000000000000000000e+00
0.000000000000000000e+00
0.000000000000000000e+00
0.000000000000000000e+00
0.000000000000000000e+00
0.000000000000000000e+00
0.000000000000000000e+00
0.000000000000000000e+00
0.000000000000000000e+00
0.000000000000000000e+00
0.000000000000000000e+00
0.000000000000000000e+00
0.000000000000000000e+00
0.000000000000000000e+00
0.000000000000000000e+00
0.000000000000000000e+00
0.000000000000000000e+00
0.000000000000000000e+00
0.000000000000000000e+00
0.000000000000000000e+00
0.000000000000000000e+00
0.000000000000000000e+00
0.000000000000000000e+00
0.000000000000000000e+00
0.000000000000000000e+00
0.000000000000000000e+00
0.000000000000000000e+00
0.000000000000000000e+00
0.000000000000000000e+00
0.000000000000000000e+00
0.000000000000000000e+00
0.000000000000000000e+00
0.000000000000000000e+00
0.000000000000000000e+00
0.000000000000000000e+00
0.000000000000000000e+00
0.000000000000000000e+00
0.000000000000000000e+00
0.000000000000000000e+00
0.000000000000000000e+00
0.000000000000000000e+00
0.000000000000000000e+00
0.000000000000000000e+00
0.000000000000000000e+00
0.000000000000000000e+00
0.000000000000000000e+00
0.000000000000000000e+00
0.000000000000000000e+00
0.000000000000000000e+00
0.000000000000000000e+00
0.000000000000000000e+00
0.000000000000000000e+00
0.000000000000000000e+00
0.000000000000000000e+00
0.000000000000000000e+00
0.000000000000000000e+00
0.000000000000000000e+00
0.000000000000000000e+00
0.000000000000000000e+00
0.000000000000000000e+00
0.000000000000000000e+00
0.000000000000000000e+00
0.000000000000000000e+00
0.000000000000000000e+00
0.000000000000000000e+00
0.000000000000000000e+00
0.000000000000000000e+00
0.000000000000000000e+00
0.000000000000000000e+00
0.000000000000000000e+00
0.000000000000000000e+00
0.000000000000000000e+00
0.000000000000000000e+00
0.000000000000000000e+00
0.000000000000000000e+00
0.000000000000000000e+00
0.000000000000000000e+00
0.000000000000000000e+00
0.000000000000000000e+00
0.000000000000000000e+00
0.000000000000000000e+00
0.000000000000000000e+00
0.000000000000000000e+00
0.000000000000000000e+00
0.000000000000000000e+00
0.000000000000000000e+00
0.000000000000000000e+00
0.000000000000000000e+00
0.000000000000000000e+00
0.000000000000000000e+00
0.000000000000000000e+00
0.000000000000000000e+00
0.000000000000000000e+00
0.000000000000000000e+00
0.000000000000000000e+00
0.000000000000000000e+00
0.000000000000000000e+00
0.000000000000000000e+00
0.000000000000000000e+00
0.000000000000000000e+00
0.000000000000000000e+00
0.000000000000000000e+00
0.000000000000000000e+00
0.000000000000000000e+00
0.000000000000000000e+00
0.000000000000000000e+00
0.000000000000000000e+00
0.000000000000000000e+00
0.000000000000000000e+00
0.000000000000000000e+00
0.000000000000000000e+00
0.000000000000000000e+00
0.000000000000000000e+00
0.000000000000000000e+00
0.000000000000000000e+00
0.000000000000000000e+00
0.000000000000000000e+00
0.000000000000000000e+00
0.000000000000000000e+00
0.000000000000000000e+00
0.000000000000000000e+00
0.000000000000000000e+00
0.000000000000000000e+00
0.000000000000000000e+00
0.000000000000000000e+00
0.000000000000000000e+00
0.000000000000000000e+00
0.000000000000000000e+00
0.000000000000000000e+00
0.000000000000000000e+00
0.000000000000000000e+00
0.000000000000000000e+00
0.000000000000000000e+00
0.000000000000000000e+00
0.000000000000000000e+00
0.000000000000000000e+00
0.000000000000000000e+00
0.000000000000000000e+00
0.000000000000000000e+00
0.000000000000000000e+00
0.000000000000000000e+00
0.000000000000000000e+00
0.000000000000000000e+00
0.000000000000000000e+00
0.000000000000000000e+00
0.000000000000000000e+00
0.000000000000000000e+00
0.000000000000000000e+00
0.000000000000000000e+00
0.000000000000000000e+00
0.000000000000000000e+00
0.000000000000000000e+00
0.000000000000000000e+00
0.000000000000000000e+00
0.000000000000000000e+00
0.000000000000000000e+00
0.000000000000000000e+00
0.000000000000000000e+00
0.000000000000000000e+00
0.000000000000000000e+00
0.000000000000000000e+00
0.000000000000000000e+00
0.000000000000000000e+00
0.000000000000000000e+00
0.000000000000000000e+00
0.000000000000000000e+00
0.000000000000000000e+00
0.000000000000000000e+00
0.000000000000000000e+00
0.000000000000000000e+00
0.000000000000000000e+00
0.000000000000000000e+00
0.000000000000000000e+00
0.000000000000000000e+00
0.000000000000000000e+00
0.000000000000000000e+00
0.000000000000000000e+00
0.000000000000000000e+00
0.000000000000000000e+00
0.000000000000000000e+00
0.000000000000000000e+00
0.000000000000000000e+00
0.000000000000000000e+00
0.000000000000000000e+00
0.000000000000000000e+00
0.000000000000000000e+00
0.000000000000000000e+00
0.000000000000000000e+00
0.000000000000000000e+00
0.000000000000000000e+00
0.000000000000000000e+00
0.000000000000000000e+00
0.000000000000000000e+00
0.000000000000000000e+00
0.000000000000000000e+00
0.000000000000000000e+00
0.000000000000000000e+00
0.000000000000000000e+00
0.000000000000000000e+00
0.000000000000000000e+00
0.000000000000000000e+00
0.000000000000000000e+00
0.000000000000000000e+00
0.000000000000000000e+00
0.000000000000000000e+00
0.000000000000000000e+00
0.000000000000000000e+00
0.000000000000000000e+00
0.000000000000000000e+00
0.000000000000000000e+00
0.000000000000000000e+00
0.000000000000000000e+00
0.000000000000000000e+00
0.000000000000000000e+00
0.000000000000000000e+00
0.000000000000000000e+00
0.000000000000000000e+00
0.000000000000000000e+00
nan
