# bin_18_15
-6.221187262225737614e-08
-5.422765451465880344e-08
-4.373662722977374090e-08
-3.692048775252025872e-08
-2.934112888529030429e-08
-2.449512161129667760e-08
-1.900892028243871845e-08
-1.564513112932326410e-08
-1.224168623390009548e-08
-1.017186993430122446e-08
-8.665526055303023413e-09
-7.717655828062038906e-09
-7.736262636089921478e-09
-6.788302687111381912e-09
-5.979450728522720163e-09
-3.158567053402185663e-09
3.870846462940693537e-10
1.754107867887820649e-09
1.348825239045149516e-09
7.947040307298457718e-10
3.674483511379861788e-10
1.992914520085399957e-10
2.593020684026552924e-10
4.384878795610249879e-10
6.952716922928791039e-10
1.000006279659069566e-09
1.597504814183150624e-09
2.432419781773735810e-09
3.166429483458763039e-09
3.594436576480542032e-09
3.601664724744895024e-09
2.999607717905535181e-09
1.961168625046886807e-09
8.488532547858593213e-10
-9.297509246549686770e-11
-7.056082594682997897e-10
-8.921784088054561360e-10
-7.517721773825036589e-10
-4.914166654627426983e-10
-1.909708882713033853e-10
9.190507884616096768e-11
3.164954077930485917e-10
4.549874970090931900e-10
4.893586628148397697e-10
4.423078728332029607e-10
3.604702290026104721e-10
2.633879984242745869e-10
1.659423610985458363e-10
7.930449052145860733e-11
1.169661514781776014e-11
-3.099809074161673217e-11
-4.474620087162773228e-11
-4.264094127365884517e-11
-3.989130561441074145e-11
-3.673987837658997586e-11
-3.338211132784338345e-11
-2.997442090863514232e-11
-2.664090500988251112e-11
-2.347892187923531151e-11
-2.056372925877173385e-11
-1.795234584615186084e-11
-1.559405276807589623e-11
-1.338546846447490930e-11
-1.129704214243555217e-11
-9.304048686424692035e-12
-7.385863089798402070e-12
-5.525343773363750839e-12
-3.708307924480538645e-12
-1.923084723673298649e-12
-1.601345934326125524e-13
1.588275510663150744e-12
3.328349175392357430e-12
5.190053938151065797e-12
7.226247305852278486e-12
9.339573889285776495e-12
1.144827650308872488e-11
1.348410608156152230e-11
1.539050541127333336e-11
1.712102985646696883e-11
1.863797342924458882e-11
1.991117296712611134e-11
2.091696694508346718e-11
2.163728866721913388e-11
2.205887633839832513e-11
2.217258487839915616e-11
2.211000673477948975e-11
2.200963958809663398e-11
2.187516376687733884e-11
2.170994706862858431e-11
2.151707212439408953e-11
2.129936119919810627e-11
2.105939868767060616e-11
2.079955153586172542e-11
2.052198779528327824e-11
2.022869349314750606e-11
1.992148798324580265e-11
1.960203792460973712e-11
1.927187001975232860e-11
1.893238263066144793e-11
1.858485637860454449e-11
1.823046382302385586e-11
1.671342094348251009e-11
1.319701882763752594e-11
8.122079183749274313e-12
1.881542046588615520e-12
-5.174967376382922200e-12
-1.273700476427692802e-11
-2.052956315176628003e-11
-2.830968169838291437e-11
-3.586337255640682681e-11
-4.300283512010068776e-11
-4.956393004860029414e-11
-5.540388823223773534e-11
-6.039923235480428828e-11
-6.444389092535032603e-11
-6.744748664171572669e-11
-6.933378272972253547e-11
-7.003927249960631507e-11
-6.951189879483855939e-11
-6.439562596093541374e-11
-5.227343029823872277e-11
-3.441560089437906157e-11
-1.197522386735516947e-11
1.400226783174168015e-11
4.257032010745199457e-11
7.287319356023658589e-11
1.041385499365103127e-10
1.356706349000497438e-10
1.668440075993285255e-10
1.970977718264571227e-10
2.259302674858943391e-10
2.528941846540526185e-10
2.775920657491262644e-10
2.996721642752553538e-10
3.188246312846006745e-10
3.347780031404311477e-10
3.472959663864025757e-10
3.561743775525470424e-10
3.612385175753699041e-10
3.623405621944208032e-10
3.593572512259299958e-10
3.529048870448593757e-10
3.439357874564537535e-10
3.328247184343153589e-10
3.199173332619551725e-10
3.055321822300247208e-10
2.899625836405420393e-10
2.734783660701144870e-10
2.563274910908035071e-10
2.387375649543717909e-10
2.209172471081124465e-10
2.030575628234422692e-10
1.853331266778876980e-10
1.679032831329724096e-10
1.509131699912979889e-10
1.344947100927281977e-10
1.187675362188283498e-10
1.038398538141824379e-10
8.980924580018730030e-11
7.676342344942147647e-11
6.478092700442534539e-11
5.393177946196256275e-11
4.427809670090201242e-11
3.587465690695720082e-11
2.876943203952279596e-11
2.300408389319384492e-11
1.811521100058304529e-11
1.359800458109962926e-11
9.428591815368601933e-12
5.584411033634051676e-12
2.044140788406742889e-12
-1.212367088008136634e-12
-4.204150678226437366e-12
-9.464501601893763395e-12
-1.176611530365958927e-11
-1.386920097366906929e-11
-1.578807780520239076e-11
-1.753626687810158416e-11
-1.912653361469455192e-11
-2.057092792038563262e-11
-2.188082214179644363e-11
-2.413942538668555024e-11
-2.510780482148711223e-11
-2.598108752709586292e-11
-2.676775936631173255e-11
-2.747581704437966868e-11
-2.811279389202077109e-11
-2.868578427732614196e-11
-2.966612579834879778e-11
-3.008567286037186039e-11
-3.046566569605988158e-11
-3.081132713720886686e-11
-3.141578296514271417e-11
-3.167505459979607640e-11
-3.190650706986863379e-11
-3.211122815408841694e-11
-3.229026556680290000e-11
-3.257528918855247319e-11
-3.268318419100553537e-11
-3.276921590657027303e-11
-3.287913574021850601e-11
-3.290466907377260499e-11
-3.291163191326789410e-11
-3.290077417997413041e-11
-3.282846212715060624e-11
-3.276837611647746682e-11
-3.269320806889369162e-11
-3.250010003615159629e-11
-3.238334194488558179e-11
-3.225386723297490381e-11
-3.195890611563747845e-11
-3.179444130343004893e-11
-3.143396190991872047e-11
-3.123886346711869181e-11
-3.103444286536877588e-11
-3.059929358555337040e-11
-3.036935745527141191e-11
-2.988663910517632972e-11
-2.963456793122866176e-11
-2.841628285566674154e-11
-2.732503852156525409e-11
-2.595334453372559138e-11
-2.248259712183087912e-11
-2.043706565353847852e-11
-1.584969435951626238e-11
-1.335377251484286367e-11
-8.063665918644574031e-12
-5.308736230821130582e-12
3.302600965433115843e-13
3.180908785987382848e-12
8.867550347887523205e-12
1.444159054591281131e-11
1.715434615354787146e-11
2.237346300237780012e-11
2.485866102974923528e-11
2.953204325586365284e-11
3.375169927780877502e-11
3.567173811463278277e-11
3.909729210361610093e-11
4.059021204146735747e-11
4.310806367649781213e-11
4.496887881693157273e-11
4.564189031438584627e-11
4.645411183586771507e-11
4.653293622436698476e-11
4.629029936147917552e-11
4.534357431996077340e-11
4.391136293159550935e-11
4.207314101521992977e-11
4.102482744469096493e-11
3.871256015289067401e-11
3.616563170229495912e-11
3.344280376261564270e-11
3.203241602199637741e-11
2.914510018139062008e-11
2.620773675157739113e-11
2.326313954595361370e-11
2.035028290846746469e-11
1.891695576589159660e-11
1.611706746832085852e-11
1.343133484772709090e-11
1.088735881242506653e-11
8.510006951222953277e-12
6.321613978100792380e-12
4.342168183154146976e-12
2.589484885248634075e-12
1.079367807878443391e-12
-1.742407684060523915e-13
-1.159120286494364033e-12
-1.864641893587289476e-12
-2.281647443393169324e-12
-2.402336889988926546e-12
-2.369045138181099939e-12
-2.329153774118910662e-12
-2.283352761870704516e-12
-2.232287655210264296e-12
-2.176562224208537433e-12
-2.116740924472744510e-12
-2.053351218901190306e-12
-1.986885761166507108e-12
-1.917804449530667809e-12
-1.846536359028731557e-12
-1.773481559531220837e-12
-1.699012826705223404e-12
-1.585411217995496275e-12
-1.508873704496062396e-12
-1.432034444798358377e-12
-1.355162007591610012e-12
-1.278505436165963218e-12
-1.164425176181395829e-12
-1.089279959603555553e-12
-1.015084610928266353e-12
-9.420136973206808703e-13
-8.348634224196231018e-13
-7.652779237725911584e-13
-6.973234698836888791e-13
-5.987055002216357425e-13
-5.353225853589439225e-13
-4.730524790043790267e-13
-3.723158272908219643e-13
-3.004603761090098708e-13
-1.873827745150880767e-13
-1.094099778172934547e-13
-3.006648151028273005e-14
9.031265234029504140e-14
1.707297152241788733e-13
2.904301819066991720e-13
3.689878877665073225e-13
4.839794784357951673e-13
5.582217203258297569e-13
6.651416040631129317e-13
7.658491032722939882e-13
8.290931608009514957e-13
9.175240406382915587e-13
9.718762413525411396e-13
1.046023232285218826e-12
1.110806091447825247e-12
1.148542781060469679e-12
1.196644341678169567e-12
1.234204864817717982e-12
1.253227162916863163e-12
1.272529216682738712e-12
1.280550993023733806e-12
1.277108599177703507e-12
1.268373973584621320e-12
1.213790104804658472e-12
1.086983395131643876e-12
8.922375483330360261e-13
6.336164187000426458e-13
4.276282981566342093e-13
7.101848171127620689e-14
-3.396183956824594102e-13
-8.009302708136934039e-13
-1.309736135608127900e-12
-1.863017175203260104e-12
-2.457908394937427116e-12
-3.091690707166165870e-12
-3.761783450690203586e-12
-4.465737317317243389e-12
-5.201227661700538325e-12
-5.966048172105235165e-12
-6.758104881157620568e-12
-7.575410496947368927e-12
-8.701181624316268194e-12
-9.570232594556236331e-12
-1.045861178984222393e-11
-1.136473569608162791e-11
-1.228710193965631600e-11
-1.322428526373061259e-11
-1.449458521272314813e-11
-1.546120406732750756e-11
-1.653178270711360949e-11
-1.854719352475308767e-11
-2.045426101811483082e-11
-2.264463355867471401e-11
-2.592575229359997595e-11
-2.860128643657355121e-11
-3.141649110125961532e-11
-3.532377654676484290e-11
-3.832533506770537320e-11
-4.236263947661683661e-11
-4.537974701901633163e-11
-4.933791086039501905e-11
-5.222675049552594008e-11
-5.593021079595595265e-11
-5.857048282851011616e-11
-6.187294373173643050e-11
-6.489052479034196922e-11
-6.694547068311270541e-11
-6.938233761652761392e-11
-7.144696225693612796e-11
-7.273595255702426623e-11
-7.409075886187216445e-11
-7.501182850106191917e-11
-7.548216395902528790e-11
-7.548727398518738515e-11
-7.517839045768691085e-11
-7.434871555294090873e-11
-7.320568573743781889e-11
-7.184289930183725615e-11
-7.028906533911125498e-11
-6.857088010374383519e-11
-6.671315330878879665e-11
-6.473892647560521416e-11
-6.266958385720743695e-11
-6.052495642009558372e-11
-5.832341933601976546e-11
-5.608198340414533451e-11
-5.381638079537272520e-11
-5.097242681522533001e-11
-4.870388541137501716e-11
-4.645441518490469168e-11
-4.423515347779715827e-11
-4.151905885365261021e-11
-3.940387631495629082e-11
-3.734911957547933708e-11
-3.487724757331082455e-11
-3.298540605689496061e-11
-3.117643507455910018e-11
-2.904021151221491145e-11
-2.743727652340811192e-11
-2.557336795266474875e-11
-2.419875274835965564e-11
-2.263164711454570727e-11
-2.146403769222417001e-11
-2.005263633088956834e-11
-1.869291356959368465e-11
-1.764110914917418825e-11
-1.636983427449775231e-11
-1.514528008922596921e-11
-1.419816971944220993e-11
-1.305361590593350984e-11
-1.195134024405783941e-11
-1.088986949972714636e-11
-9.867786101661570452e-12
-8.883725802875523512e-12
-7.936375451421978760e-12
-7.204075208548733301e-12
-6.319648633045614688e-12
-5.468509285012893356e-12
-4.489482482910490348e-12
-3.707629486671029046e-12
-2.955568093283306159e-12
-2.232288466463019784e-12
-1.536817349657628605e-12
-8.682166007713501282e-13
-1.000934472922046031e-13
5.125305832707627257e-13
1.101066248547731286e-12
1.666318797598338067e-12
2.320047595172532972e-12
2.865903441477565529e-12
3.522484366357134558e-12
4.067232523281981079e-12
4.713724396924662387e-12
5.243359332441191582e-12
5.864375676971372971e-12
6.367182207825882261e-12
6.949901707053683188e-12
7.507138821718065991e-12
7.949993396924075657e-12
8.453405401340679024e-12
8.924109351718479493e-12
9.360080779230941067e-12
9.759537033949789420e-12
1.012091914299500681e-11
1.044287492607793218e-11
1.072424328057564063e-11
1.096403955465372857e-11
1.116144193284707922e-11
1.131577876395343405e-11
1.142651676612656157e-11
1.149325004871159123e-11
1.151568989466887035e-11
1.149365525141728735e-11
1.141163274934973737e-11
1.129252270784910832e-11
1.110538442214483083e-11
1.079580617957587836e-11
1.046323000645047603e-11
1.000932890972397167e-11
9.573255604927595111e-12
9.020430214313926998e-12
8.516931722870989298e-12
7.904166102963889113e-12
7.273270541800458765e-12
6.633110920260276017e-12
6.083208254775990290e-12
5.446880727014311136e-12
4.822716051911564327e-12
4.216995181952442493e-12
3.635436638715942358e-12
3.083235226705343669e-12
2.565098187954935816e-12
2.085278970415038021e-12
1.647608770884792390e-12
1.255526001938053596e-12
9.121038218086125015e-13
5.826977825907108992e-13
3.523496806452130100e-13
1.782199156765296552e-13
5.037097682803908120e-14
2.503998147540826314e-15
0.000000000000000000e+00
0.000000000000000000e+00
0.000000000000000000e+00
0.000000000000000000e+00
0.000000000000000000e+00
0.000000000000000000e+00
0.000000000000000000e+00
0.000000000000000000e+00
0.000000000000000000e+00
0.000000000000000000e+00
0.000000000000000000e+00
0.000000000000000000e+00
0.000000000000000000e+00
0.000000000000000000e+00
0.000000000000000000e+00
0.000000000000000000e+00
0.000000000000000000e+00
0.000000000000000000e+00
0.000000000000000000e+00
0.000000000000000000e+00
0.000000000000000000e+00
0.000000000000000000e+00
0.000000000000000000e+00
0.000000000000000000e+00
0.000000000000000000e+00
0.000000000000000000e+00
0.000000000000000000e+00
0.000000000000000000e+00
0.000000000000000000e+00
0.000000000000000000e+00
0.000000000000000000e+00
0.000000000000000000e+00
0.000000000000000000e+00
0.000000000000000000e+00
0.000000000000000000e+00
0.000000000000000000e+00
0.000000000000000000e+00
0.000000000000000000e+00
0.000000000000000000e+00
0.000000000000000000e+00
0.000000000000000000e+00
0.000000000000000000e+00
0.000000000000000000e+00
0.000000000000000000e+00
0.000000000000000000e+00
0.000000000000000000e+00
0.000000000000000000e+00
0.000000000000000000e+00
0.000000000000000000e+00
0.000000000000000000e+00
0.000000000000000000e+00
0.000000000000000000e+00
0.000000000000000000e+00
0.000000000000000000e+00
0.000000000000000000e+00
0.000000000000000000e+00
0.000000000000000000e+00
0.000000000000000000e+00
0.000000000000000000e+00
0.000000000000000000e+00
0.000000000000000000e+00
0.000000000000000000e+00
0.000000000000000000e+00
0.000000000000000000e+00
0.000000000000000000e+00
0.000000000000000000e+00
0.000000000000000000e+00
0.000000000000000000e+00
0.000000000000000000e+00
0.000000000000000000e+00
0.000000000000000000e+00
0.000000000000000000e+00
0.000000000000000000e+00
0.000000000000000000e+00
0.000000000000000000e+00
0.000000000000000000e+00
0.000000000000000000e+00
0.000000000000000000e+00
0.000000000000000000e+00
0.000000000000000000e+00
0.000000000000000000e+00
0.000000000000000000e+00
0.000000000000000000e+00
0.000000000000000000e+00
0.000000000000000000e+00
0.000000000000000000e+00
0.000000000000000000e+00
0.000000000000000000e+00
0.000000000000000000e+00
0.000000000000000000e+00
0.000000000000000000e+00
0.000000000000000000e+00
0.000000000000000000e+00
0.000000000000000000e+00
0.000000000000000000e+00
0.000000000000000000e+00
0.000000000000000000e+00
0.000000000000000000e+00
0.000000000000000000e+00
0.000000000000000000e+00
0.000000000000000000e+00
0.000000000000000000e+00
0.000000000000000000e+00
0.000000000000000000e+00
0.000000000000000000e+00
0.000000000000000000e+00
0.000000000000000000e+00
0.000000000000000000e+00
0.000000000000000000e+00
0.000000000000000000e+00
0.000000000000000000e+00
0.000000000000000000e+00
0.000000000000000000e+00
0.000000000000000000e+00
0.000000000000000000e+00
0.000000000000000000e+00
0.000000000000000000e+00
0.000000000000000000e+00
0.000000000000000000e+00
0.000000000000000000e+00
0.000000000000000000e+00
0.000000000000000000e+00
0.000000000000000000e+00
0.000000000000000000e+00
0.000000000000000000e+00
0.000000000000000000e+00
0.000000000000000000e+00
0.000000000000000000e+00
0.000000000000000000e+00
0.000000000000000000e+00
0.000000000000000000e+00
0.000000000000000000e+00
0.000000000000000000e+00
0.000000000000000000e+00
0.000000000000000000e+00
0.000000000000000000e+00
0.000000000000000000e+00
0.000000000000000000e+00
0.000000000000000000e+00
0.000000000000000000e+00
0.000000000000000000e+00
0.000000000000000000e+00
0.000000000000000000e+00
0.000000000000000000e+00
0.000000000000000000e+00
0.000000000000000000e+00
0.000000000000000000e+00
0.000000000000000000e+00
0.000000000000000000e+00
0.000000000000000000e+00
0.000000000000000000e+00
0.000000000000000000e+00
0.000000000000000000e+00
0.000000000000000000e+00
0.000000000000000000e+00
0.000000000000000000e+00
0.000000000000000000e+00
0.000000000000000000e+00
0.000000000000000000e+00
0.000000000000000000e+00
0.000000000000000000e+00
0.000000000000000000e+00
0.000000000000000000e+00
0.000000000000000000e+00
0.000000000000000000e+00
0.000000000000000000e+00
0.000000000000000000e+00
0.000000000000000000e+00
0.000000000000000000e+00
0.000000000000000000e+00
0.000000000000000000e+00
0.000000000000000000e+00
0.000000000000000000e+00
0.000000000000000000e+00
0.000000000000000000e+00
0.000000000000000000e+00
0.000000000000000000e+00
0.000000000000000000e+00
0.000000000000000000e+00
0.000000000000000000e+00
0.000000000000000000e+00
0.000000000000000000e+00
0.000000000000000000e+00
0.000000000000000000e+00
0.000000000000000000e+00
0.000000000000000000e+00
0.000000000000000000e+00
0.000000000000000000e+00
0.000000000000000000e+00
0.000000000000000000e+00
0.000000000000000000e+00
0.000000000000000000e+00
0.000000000000000000e+00
0.000000000000000000e+00
0.000000000000000000e+00
0.000000000000000000e+00
0.000000000000000000e+00
0.000000000000000000e+00
0.000000000000000000e+00
0.000000000000000000e+00
0.000000000000000000e+00
0.000000000000000000e+00
0.000000000000000000e+00
0.000000000000000000e+00
0.000000000000000000e+00
0.000000000000000000e+00
0.000000000000000000e+00
0.000000000000000000e+00
0.000000000000000000e+00
0.000000000000000000e+00
0.000000000000000000e+00
0.000000000000000000e+00
0.000000000000000000e+00
0.000000000000000000e+00
0.000000000000000000e+00
0.000000000000000000e+00
0.000000000000000000e+00
0.000000000000000000e+00
0.000000000000000000e+00
0.000000000000000000e+00
0.000000000000000000e+00
0.000000000000000000e+00
0.000000000000000000e+00
0.000000000000000000e+00
0.000000000000000000e+00
0.000000000000000000e+00
0.000000000000000000e+00
0.000000000000000000e+00
0.000000000000000000e+00
0.000000000000000000e+00
0.000000000000000000e+00
0.000000000000000000e+00
0.000000000000000000e+00
0.000000000000000000e+00
0.000000000000000000e+00
0.000000000000000000e+00
0.000000000000000000e+00
0.000000000000000000e+00
0.000000000000000000e+00
0.000000000000000000e+00
0.000000000000000000e+00
0.000000000000000000e+00
0.000000000000000000e+00
0.000000000000000000e+00
0.000000000000000000e+00
0.000000000000000000e+00
0.000000000000000000e+00
0.000000000000000000e+00
0.000000000000000000e+00
0.000000000000000000e+00
0.000000000000000000e+00
0.000000000000000000e+00
0.000000000000000000e+00
0.000000000000000000e+00
0.000000000000000000e+00
0.000000000000000000e+00
0.000000000000000000e+00
0.000000000000000000e+00
0.000000000000000000e+00
0.000000000000000000e+00
0.000000000000000000e+00
0.000000000000000000e+00
0.000000000000000000e+00
0.000000000000000000e+00
0.000000000000000000e+00
0.000000000000000000e+00
0.000000000000000000e+00
0.000000000000000000e+00
0.000000000000000000e+00
0.000000000000000000e+00
0.000000000000000000e+00
0.000000000000000000e+00
0.000000000000000000e+00
0.000000000000000000e+00
0.000000000000000000e+00
0.000000000000000000e+00
0.000000000000000000e+00
0.000000000000000000e+00
0.000000000000000000e+00
0.000000000000000000e+00
0.000000000000000000e+00
0.000000000000000000e+00
0.000000000000000000e+00
0.000000000000000000e+00
0.000000000000000000e+00
0.000000000000000000e+00
0.000000000000000000e+00
0.000000000000000000e+00
0.000000000000000000e+00
0.000000000000000000e+00
0.000000000000000000e+00
0.000000000000000000e+00
0.000000000000000000e+00
0.000000000000000000e+00
0.000000000000000000e+00
0.000000000000000000e+00
0.000000000000000000e+00
0.000000000000000000e+00
0.000000000000000000e+00
0.000000000000000000e+00
0.000000000000000000e+00
0.000000000000000000e+00
0.000000000000000000e+00
0.000000000000000000e+00
0.000000000000000000e+00
0.000000000000000000e+00
0.000000000000000000e+00
0.000000000000000000e+00
0.000000000000000000e+00
0.000000000000000000e+00
0.000000000000000000e+00
0.000000000000000000e+00
0.000000000000000000e+00
0.000000000000000000e+00
0.000000000000000000e+00
0.000000000000000000e+00
0.000000000000000000e+00
0.000000000000000000e+00
0.000000000000000000e+00
0.000000000000000000e+00
0.000000000000000000e+00
0.000000000000000000e+00
0.000000000000000000e+00
0.000000000000000000e+00
0.000000000000000000e+00
0.000000000000000000e+00
0.000000000000000000e+00
0.000000000000000000e+00
0.000000000000000000e+00
0.000000000000000000e+00
0.000000000000000000e+00
0.000000000000000000e+00
0.000000000000000000e+00
0.000000000000000000e+00
0.000000000000000000e+00
0.000000000000000000e+00
0.000000000000000000e+00
0.000000000000000000e+00
0.000000000000000000e+00
0.000000000000000000e+00
0.000000000000000000e+00
0.000000000000000000e+00
0.000000000000000000e+00
0.000000000000000000e+00
0.000000000000000000e+00
0.000000000000000000e+00
0.000000000000000000e+00
0.000000000000000000e+00
0.000000000000000000e+00
0.000000000000000000e+00
0.000000000000000000e+00
0.000000000000000000e+00
0.000000000000000000e+00
0.000000000000000000e+00
0.000000000000000000e+00
0.000000000000000000e+00
0.000000000000000000e+00
0.000000000000000000e+00
0.000000000000000000e+00
0.000000000000000000e+00
0.000000000000000000e+00
0.000000000000000000e+00
0.000000000000000000e+00
0.000000000000000000e+00
0.000000000000000000e+00
0.000000000000000000e+00
0.000000000000000000e+00
0.000000000000000000e+00
0.000000000000000000e+00
0.000000000000000000e+00
0.000000000000000000e+00
0.000000000000000000e+00
0.000000000000000000e+00
0.000000000000000000e+00
0.000000000000000000e+00
0.000000000000000000e+00
0.000000000000000000e+00
0.000000000000000000e+00
0.000000000000000000e+00
0.000000000000000000e+00
0.000000000000000000e+00
0.000000000000000000e+00
0.000000000000000000e+00
0.000000000000000000e+00
0.000000000000000000e+00
0.000000000000000000e+00
0.000000000000000000e+00
0.000000000000000000e+00
0.000000000000000000e+00
0.000000000000000000e+00
0.000000000000000000e+00
0.000000000000000000e+00
0.000000000000000000e+00
0.000000000000000000e+00
0.000000000000000000e+00
0.000000000000000000e+00
0.000000000000000000e+00
0.000000000000000000e+00
0.000000000000000000e+00
0.000000000000000000e+00
0.000000000000000000e+00
0.000000000000000000e+00
0.000000000000000000e+00
0.000000000000000000e+00
0.000000000000000000e+00
0.000000000000000000e+00
0.000000000000000000e+00
0.000000000000000000e+00
0.000000000000000000e+00
0.000000000000000000e+00
0.000000000000000000e+00
0.000000000000000000e+00
0.000000000000000000e+00
0.000000000000000000e+00
0.000000000000000000e+00
0.000000000000000000e+00
0.000000000000000000e+00
0.000000000000000000e+00
0.000000000000000000e+00
0.000000000000000000e+00
0.000000000000000000e+00
0.000000000000000000e+00
0.000000000000000000e+00
0.000000000000000000e+00
0.000000000000000000e+00
0.000000000000000000e+00
0.000000000000000000e+00
0.000000000000000000e+00
0.000000000000000000e+00
0.000000000000000000e+00
0.000000000000000000e+00
0.000000000000000000e+00
0.000000000000000000e+00
0.000000000000000000e+00
0.000000000000000000e+00
0.000000000000000000e+00
0.000000000000000000e+00
0.000000000000000000e+00
0.000000000000000000e+00
0.000000000000000000e+00
0.000000000000000000e+00
0.000000000000000000e+00
0.000000000000000000e+00
0.000000000000000000e+00
0.000000000000000000e+00
0.000000000000000000e+00
0.000000000000000000e+00
0.000000000000000000e+00
0.000000000000000000e+00
0.000000000000000000e+00
0.000000000000000000e+00
0.000000000000000000e+00
0.000000000000000000e+00
0.000000000000000000e+00
0.000000000000000000e+00
0.000000000000000000e+00
0.000000000000000000e+00
0.000000000000000000e+00
0.000000000000000000e+00
0.000000000000000000e+00
0.000000000000000000e+00
0.000000000000000000e+00
0.000000000000000000e+00
0.000000000000000000e+00
0.000000000000000000e+00
0.000000000000000000e+00
0.000000000000000000e+00
0.000000000000000000e+00
0.000000000000000000e+00
0.000000000000000000e+00
0.000000000000000000e+00
0.000000000000000000e+00
0.000000000000000000e+00
0.000000000000000000e+00
0.000000000000000000e+00
0.000000000000000000e+00
0.000000000000000000e+00
0.000000000000000000e+00
0.000000000000000000e+00
0.000000000000000000e+00
0.000000000000000000e+00
0.000000000000000000e+00
0.000000000000000000e+00
0.000000000000000000e+00
0.000000000000000000e+00
0.000000000000000000e+00
0.000000000000000000e+00
0.000000000000000000e+00
0.000000000000000000e+00
0.000000000000000000e+00
0.000000000000000000e+00
0.000000000000000000e+00
0.000000000000000000e+00
0.000000000000000000e+00
0.000000000000000000e+00
0.000000000000000000e+00
0.000000000000000000e+00
0.000000000000000000e+00
0.000000000000000000e+00
0.000000000000000000e+00
0.000000000000000000e+00
0.000000000000000000e+00
0.000000000000000000e+00
0.000000000000000000e+00
0.000000000000000000e+00
0.000000000000000000e+00
0.000000000000000000e+00
0.000000000000000000e+00
0.000000000000000000e+00
0.000000000000000000e+00
0.000000000000000000e+00
0.000000000000000000e+00
0.000000000000000000e+00
0.000000000000000000e+00
0.000000000000000000e+00
0.000000000000000000e+00
nan
