# bin_17_14
-8.704074263230506138e-08
-7.074682504228823101e-08
-6.071645570109829786e-08
-4.754451446205061347e-08
-4.056844361158072593e-08
-2.986215735110765706e-08
-2.509441502353770509e-08
-1.658291028436770241e-08
-1.523556799270003797e-08
-9.459136074474335469e-09
-8.857090851691216597e-09
-4.182354427483226702e-09
-6.470964080469976039e-09
-6.709046113917492173e-09
-6.183832976258885609e-09
-4.597931391095134865e-09
-2.699009758935396564e-09
-1.607584484061947167e-09
-1.252012715114152060e-09
-1.059073763282052641e-09
-8.918627487140006105e-10
-6.787405173616144978e-10
-3.755189826184238585e-10
-3.155818580911000994e-11
2.847448611814831407e-10
5.351759074238860711e-10
7.704006123300288969e-10
1.002793998315837568e-09
1.176754218405623303e-09
1.260574504195333000e-09
1.238514106304190941e-09
1.062709036766153947e-09
7.735546130009095634e-10
4.662935155697373904e-10
2.050962562858479303e-10
3.160821998937671446e-11
-2.878525380598854381e-11
1.450829677647717013e-11
1.118536422377193156e-10
2.280397535090291142e-10
3.376224069275454598e-10
4.226138166171788235e-10
4.707057336824565316e-10
4.739003392154311336e-10
4.292835787289274019e-10
3.520691206408038585e-10
2.601992890768673485e-10
1.673523500629968301e-10
8.381122731594576764e-11
1.715880727287052945e-11
-2.716473381864714111e-11
-4.541468105094239208e-11
-4.855441206787747539e-11
-4.988119352941977772e-11
-5.008073228345677157e-11
-4.970232892167474010e-11
-4.918266005724470711e-11
-4.886546577376085010e-11
-4.901786724444012879e-11
-4.984390550272082487e-11
-5.149578433118953261e-11
-5.486104552130742073e-11
-6.010161754777838950e-11
-6.637759813225982490e-11
-7.300033307928223564e-11
-7.940915608443278504e-11
-8.515164038506352363e-11
-8.986681769129613786e-11
-9.327090803125315719e-11
-9.514517733156671826e-11
-9.532560041984798098e-11
-9.369405786144783383e-11
-8.526363081792744697e-11
-6.735112559952798591e-11
-4.294786720934062772e-11
-1.459654264380389642e-11
1.555014756999630304e-11
4.567842383833243384e-11
7.426893575107352570e-11
1.000579734245816505e-10
1.220036319193027361e-10
1.392562817823594023e-10
1.511327869342636843e-10
1.570939866580879746e-10
1.567250232641029634e-10
1.525070512140402560e-10
1.473069452684813917e-10
1.413485063299422989e-10
1.348280478001847767e-10
1.279174139449854091e-10
1.207666668417218933e-10
1.135064796786370633e-10
1.062502696458821661e-10
9.909609970361261401e-11
9.212837505458525605e-11
8.541935712186173210e-11
7.903051517961745307e-11
7.301373345779088794e-11
6.741238949726313340e-11
6.226231773506518489e-11
5.759267071727990518e-11
5.322230035164317138e-11
4.896098196663025091e-11
4.481842734283833345e-11
4.080278085127056076e-11
3.692078634587042696e-11
3.317793742112791870e-11
2.957861271465504911e-11
2.612619775806193672e-11
2.282319472242556848e-11
1.967132126480436500e-11
1.667159955769130296e-11
1.382443647219294158e-11
1.112969578658919550e-11
8.586763203392208204e-12
6.194604878882521512e-12
3.951820098329094026e-12
1.856688666745966424e-12
-9.278647169657628301e-14
-1.980195625175236155e-12
-3.872750921513094607e-12
-5.749857339641715177e-12
-7.593142762248113078e-12
-9.386266155692890376e-12
-1.111474179760015495e-11
-1.276577817501166445e-11
-1.432813029973317814e-11
-1.579196429950494629e-11
-1.714873324507442141e-11
-1.839106326520126498e-11
-1.951264908500806867e-11
-2.050815819875776728e-11
-2.137314295683965238e-11
-2.210395990915775675e-11
-2.269769580384468470e-11
-2.315209969182150625e-11
-2.346552063466954660e-11
-2.363685055602495873e-11
-2.366547181564262592e-11
-2.355120912075717220e-11
-2.329428542172618946e-11
-2.219037160824790291e-11
-1.968925252961966092e-11
-1.600896854242103414e-11
-1.135040202374144645e-11
-5.898469227087125688e-12
1.767704208572604096e-13
6.719081643716619164e-12
1.358509177064619911e-11
2.064339524895737070e-11
2.777371952087551818e-11
3.486614792196149100e-11
4.182039558173594869e-11
4.854513460465559119e-11
5.495736508391931578e-11
6.098182875348356428e-11
6.655046231703525890e-11
7.160188770797406416e-11
7.608093673329231204e-11
7.993820773783071112e-11
8.312965209506899957e-11
8.561618848743893047e-11
8.736334308413603636e-11
8.834091385858526684e-11
8.852265741182385950e-11
8.788599678298791504e-11
8.637338974649371228e-11
8.401874850881244213e-11
8.093338315489921791e-11
7.722113802545589238e-11
7.297883476252846207e-11
6.829668909721813117e-11
6.325870299759467910e-11
5.242234096614032364e-11
4.676411410707653205e-11
4.103097965026497034e-11
3.528099117153006878e-11
2.956790216003189146e-11
2.394142300540267615e-11
1.844746304912382426e-11
1.312835859261453245e-11
3.167472569745085454e-12
-1.405629759195907624e-12
-5.666147727126013253e-12
-9.586625901724493835e-12
-1.314206537725278613e-11
-1.630977334462045653e-11
-1.906922129839662806e-11
-2.329125037085284594e-11
-2.472243093368585832e-11
-2.568231961520568006e-11
-2.615935128801761709e-11
-2.577144811458915988e-11
-2.520078106713867922e-11
-2.445218646461597831e-11
-2.354525569787213939e-11
-2.249847214054695571e-11
-2.005407103927482201e-11
-1.868836698766282709e-11
-1.724673499220006893e-11
-1.418976970721632796e-11
-1.259948519656370970e-11
-1.098345007078388067e-11
-9.352372266660798610e-12
-6.084646150586865386e-12
-4.466238002668819706e-12
-2.869329422827577661e-12
2.296266865087068935e-13
1.717742675702276985e-12
3.156445383277278221e-12
5.862713135624598950e-12
7.119842517951011507e-12
9.418827034625804321e-12
1.045242483496841007e-11
1.140379542980687914e-11
1.304676836599586037e-11
1.373252520763946644e-11
1.481990700125765854e-11
1.521718230448781884e-11
1.585454690286058115e-11
1.613245630750817906e-11
1.638526496838965282e-11
1.682142522332585855e-11
1.700754280705145426e-11
1.732232455287318989e-11
1.745341006394323840e-11
1.766863227505201071e-11
1.775488597160513504e-11
1.788962526715896441e-11
1.793995901881098262e-11
1.801086963429526579e-11
1.804741269687097373e-11
1.805465314639286348e-11
1.805049295771687804e-11
1.804036690843204493e-11
1.800698975096103206e-11
1.795974845007552264e-11
1.793219598760117410e-11
1.787155172036655942e-11
1.783932218561886044e-11
1.777304619038290205e-11
1.770678171417194930e-11
1.767449748469247067e-11
1.761316157435341431e-11
1.755799785759908016e-11
1.753337278497491853e-11
1.748380783663380171e-11
1.742905122537698013e-11
1.736891737242636320e-11
1.733678507983797712e-11
1.726830868345541679e-11
1.719412892050861824e-11
1.711416322142999964e-11
1.707199137516259171e-11
1.698324311724157539e-11
1.688860128228547128e-11
1.678805690501464724e-11
1.668161773814539279e-11
1.662619419619863845e-11
1.651095994729013665e-11
1.638991298720155712e-11
1.626310750102682309e-11
1.613060798042627544e-11
1.599248809969105406e-11
1.584882968326943388e-11
1.569972175768373309e-11
1.554525968132058577e-11
1.538554434608558381e-11
1.522068144538153172e-11
1.505078080329902960e-11
1.487595576030386691e-11
1.469632261106947153e-11
1.418912831885187507e-11
1.308848642374558510e-11
1.147538445792894467e-11
9.425193049194362326e-12
7.008010412056521311e-12
4.288985746652414454e-12
1.328622887769087041e-12
-1.816934543795319856e-12
-5.095635319055326388e-12
-8.459269017137114734e-12
-1.186322966165498930e-11
-1.526629362596163426e-11
-2.028679321201313320e-11
-2.352760925343105443e-11
-2.664697976103628521e-11
-2.961649315662900297e-11
-3.241011682158462277e-11
-3.621926693005797161e-11
-3.847356844135441883e-11
-4.047753339360673057e-11
-4.221411863564421574e-11
-4.428444585147828850e-11
-4.528867702681802095e-11
-4.597829887157590549e-11
-4.640053529489504659e-11
-4.626102315286512879e-11
-4.582042905439853001e-11
-4.510471520200665549e-11
-4.463516323768251012e-11
-4.394199462083518045e-11
-4.348719217207188590e-11
-4.303813585206377912e-11
-4.237513817181524041e-11
-4.194007501340144138e-11
-4.129767726563996005e-11
-4.087609234873512442e-11
-4.025353752994335648e-11
-3.984493627615126287e-11
-3.924149737771370903e-11
-3.864919115512012226e-11
-3.826038382431394090e-11
-3.768609009530513234e-11
-3.730907074730606652e-11
-3.675213561097560836e-11
-3.620531272192665375e-11
-3.584627296364020808e-11
-3.531581661109949975e-11
-3.479489652773242183e-11
-3.445281225687977846e-11
-3.394732973803097559e-11
-3.345084415159308124e-11
-3.296316221142603152e-11
-3.264283851490519063e-11
-3.174902054566957244e-11
-3.010161677453150405e-11
-2.781216568082190652e-11
-2.498385666880185957e-11
-2.284636430397306042e-11
-1.932832638825689109e-11
-1.550986969409191322e-11
-1.146802550121930399e-11
-7.273759640240210757e-12
-2.992374684640049670e-12
1.316114083067264578e-12
5.596627165389344032e-12
9.798692163398688276e-12
1.387613638466701406e-11
1.778679932748966230e-11
2.149226372235178013e-11
2.495760390332650040e-11
2.815115036712179964e-11
3.193734315799998148e-11
3.439021390833875703e-11
3.648651792281858935e-11
3.820632453678088733e-11
3.953193616266607982e-11
4.044773346470611627e-11
4.100791412690019488e-11
4.091734311016566237e-11
4.039414689947509102e-11
3.913910264144232928e-11
3.783976491351942571e-11
3.627906395646358342e-11
3.385712179088117957e-11
3.183063255570452175e-11
2.966053110850383399e-11
2.659595921158346656e-11
2.420558473150050814e-11
2.094498782499715692e-11
1.847530858162639601e-11
1.519166556231348642e-11
1.276188699630827853e-11
9.601068159610884457e-12
7.311407855312385139e-12
4.395637578052612562e-12
1.666725076664266483e-12
-2.393543891877064319e-13
-2.571760163908802111e-12
-4.643186555300666824e-12
-6.012453185980030699e-12
-7.576960595705127607e-12
-8.827374920602865579e-12
-9.748748671356567557e-12
-1.032817848425102404e-11
-1.053165405960424200e-11
-1.048718586888404860e-11
-1.008873095442085074e-11
-9.378759866055926907e-12
-8.402086696604393606e-12
-7.200296735270420750e-12
-5.811951776144877243e-12
-4.272782403842384472e-12
-2.615868114516444555e-12
-8.718060708328221532e-13
9.311307657697239213e-13
2.766845433422962329e-12
4.611278054128133100e-12
6.895501303546615429e-12
8.681260270088483306e-12
1.041009159638338121e-11
1.206523484496717208e-11
1.400732652832919423e-11
1.544268935689214352e-11
1.675935119019453231e-11
1.822120199179405035e-11
1.923124890723212556e-11
2.008983633923420501e-11
2.093797220915438840e-11
2.142782871321781713e-11
2.179426384953776828e-11
2.188423505218112990e-11
2.173527751411937370e-11
2.129495175686067362e-11
2.022258702054038706e-11
1.865091109890765062e-11
1.708813966336673436e-11
1.481554258510897100e-11
1.225284122561960111e-11
1.003695471904108039e-11
7.109816138857364897e-12
4.059120114666465026e-12
9.354944999458516362e-13
-2.214594421050003243e-12
-5.348560421210876884e-12
-8.427434423863494125e-12
-1.082683852355890061e-11
-1.371896010892795220e-11
-1.646409049487424918e-11
-1.952592133858132300e-11
-2.185508494898962215e-11
-2.395862290545104310e-11
-2.581684318979502221e-11
-2.741210292434334821e-11
-2.872866548668429776e-11
-2.992111639201666986e-11
-3.057770380774129762e-11
-3.091654565241059442e-11
-3.092855039620210376e-11
-3.055487856799638125e-11
-3.015771766152418489e-11
-2.963743501374842651e-11
-2.917167491802406707e-11
-2.857914816394842112e-11
-2.806103033163411839e-11
-2.741443055392299358e-11
-2.685806376715192292e-11
-2.617315886306257579e-11
-2.547323787836448222e-11
-2.488121042394839394e-11
-2.416327585998372389e-11
-2.344019423657022125e-11
-2.271493549618778060e-11
-2.199023017197810666e-11
-2.126858532492825630e-11
-2.055229944075156223e-11
-1.984347635654405331e-11
-1.914403828233233604e-11
-1.845573797803790756e-11
-1.778017014213377273e-11
-1.711878206433765510e-11
-1.647288359104101645e-11
-1.584365644880027099e-11
-1.523216296808798277e-11
-1.454243032307237559e-11
-1.397169729992509854e-11
-1.338575107533033809e-11
-1.266599131847830630e-11
-1.202512677695434974e-11
-1.125754890514844039e-11
-1.058858657666887229e-11
-9.802068273747595510e-12
-9.127822906047419143e-12
-8.346871161891473173e-12
-7.577708111915037248e-12
-6.825786124509650244e-12
-6.198771315889902272e-12
-5.491656435041240779e-12
-4.814727586072527636e-12
-4.171696825525111732e-12
-3.565899880606317486e-12
-3.000322988050678520e-12
-2.477627928637189721e-12
-2.000175380546257944e-12
-1.570046705974003471e-12
-1.189064277307853527e-12
-8.588104416630047419e-13
-5.452292057880910534e-13
-3.279958339573033603e-13
-1.650920394632257616e-13
-4.641450723037135690e-14
-2.297227574956640359e-15
0.000000000000000000e+00
0.000000000000000000e+00
0.000000000000000000e+00
0.000000000000000000e+00
0.000000000000000000e+00
0.000000000000000000e+00
0.000000000000000000e+00
0.000000000000000000e+00
0.000000000000000000e+00
0.000000000000000000e+00
0.000000000000000000e+00
0.000000000000000000e+00
0.000000000000000000e+00
0.000000000000000000e+00
0.000000000000000000e+00
0.000000000000000000e+00
0.000000000000000000e+00
0.000000000000000000e+00
0.000000000000000000e+00
0.000000000000000000e+00
0.000000000000000000e+00
0.000000000000000000e+00
0.000000000000000000e+00
0.000000000000000000e+00
0.000000000000000000e+00
0.000000000000000000e+00
0.000000000000000000e+00
0.000000000000000000e+00
0.000000000000000000e+00
0.000000000000000000e+00
0.000000000000000000e+00
0.000000000000000000e+00
0.000000000000000000e+00
0.000000000000000000e+00
0.000000000000000000e+00
0.000000000000000000e+00
0.000000000000000000e+00
0.000000000000000000e+00
0.000000000000000000e+00
0.000000000000000000e+00
0.000000000000000000e+00
0.000000000000000000e+00
0.000000000000000000e+00
0.000000000000000000e+00
0.000000000000000000e+00
0.000000000000000000e+00
0.000000000000000000e+00
0.000000000000000000e+00
0.000000000000000000e+00
0.000000000000000000e+00
0.000000000000000000e+00
0.000000000000000000e+00
0.000000000000000000e+00
0.000000000000000000e+00
0.000000000000000000e+00
0.000000000000000000e+00
0.000000000000000000e+00
0.000000000000000000e+00
0.000000000000000000e+00
0.000000000000000000e+00
0.000000000000000000e+00
0.000000000000000000e+00
0.000000000000000000e+00
0.000000000000000000e+00
0.000000000000000000e+00
0.000000000000000000e+00
0.000000000000000000e+00
0.000000000000000000e+00
0.000000000000000000e+00
0.000000000000000000e+00
0.000000000000000000e+00
0.000000000000000000e+00
0.000000000000000000e+00
0.000000000000000000e+00
0.000000000000000000e+00
0.000000000000000000e+00
0.000000000000000000e+00
0.000000000000000000e+00
0.000000000000000000e+00
0.000000000000000000e+00
0.000000000000000000e+00
0.000000000000000000e+00
0.000000000000000000e+00
0.000000000000000000e+00
0.000000000000000000e+00
0.000000000000000000e+00
0.000000000000000000e+00
0.000000000000000000e+00
0.000000000000000000e+00
0.000000000000000000e+00
0.000000000000000000e+00
0.000000000000000000e+00
0.000000000000000000e+00
0.000000000000000000e+00
0.000000000000000000e+00
0.000000000000000000e+00
0.000000000000000000e+00
0.000000000000000000e+00
0.000000000000000000e+00
0.000000000000000000e+00
0.000000000000000000e+00
0.000000000000000000e+00
0.000000000000000000e+00
0.000000000000000000e+00
0.000000000000000000e+00
0.000000000000000000e+00
0.000000000000000000e+00
0.000000000000000000e+00
0.000000000000000000e+00
0.000000000000000000e+00
0.000000000000000000e+00
0.000000000000000000e+00
0.000000000000000000e+00
0.000000000000000000e+00
0.000000000000000000e+00
0.000000000000000000e+00
0.000000000000000000e+00
0.000000000000000000e+00
0.000000000000000000e+00
0.000000000000000000e+00
0.000000000000000000e+00
0.000000000000000000e+00
0.000000000000000000e+00
0.000000000000000000e+00
0.000000000000000000e+00
0.000000000000000000e+00
0.000000000000000000e+00
0.000000000000000000e+00
0.000000000000000000e+00
0.000000000000000000e+00
0.000000000000000000e+00
0.000000000000000000e+00
0.000000000000000000e+00
0.000000000000000000e+00
0.000000000000000000e+00
0.000000000000000000e+00
0.000000000000000000e+00
0.000000000000000000e+00
0.000000000000000000e+00
0.000000000000000000e+00
0.000000000000000000e+00
0.000000000000000000e+00
0.000000000000000000e+00
0.000000000000000000e+00
0.000000000000000000e+00
0.000000000000000000e+00
0.000000000000000000e+00
0.000000000000000000e+00
0.000000000000000000e+00
0.000000000000000000e+00
0.000000000000000000e+00
0.000000000000000000e+00
0.000000000000000000e+00
0.000000000000000000e+00
0.000000000000000000e+00
0.000000000000000000e+00
0.000000000000000000e+00
0.000000000000000000e+00
0.000000000000000000e+00
0.000000000000000000e+00
0.000000000000000000e+00
0.000000000000000000e+00
0.000000000000000000e+00
0.000000000000000000e+00
0.000000000000000000e+00
0.000000000000000000e+00
0.000000000000000000e+00
0.000000000000000000e+00
0.000000000000000000e+00
0.000000000000000000e+00
0.000000000000000000e+00
0.000000000000000000e+00
0.000000000000000000e+00
0.000000000000000000e+00
0.000000000000000000e+00
0.000000000000000000e+00
0.000000000000000000e+00
0.000000000000000000e+00
0.000000000000000000e+00
0.000000000000000000e+00
0.000000000000000000e+00
0.000000000000000000e+00
0.000000000000000000e+00
0.000000000000000000e+00
0.000000000000000000e+00
0.000000000000000000e+00
0.000000000000000000e+00
0.000000000000000000e+00
0.000000000000000000e+00
0.000000000000000000e+00
0.000000000000000000e+00
0.000000000000000000e+00
0.000000000000000000e+00
0.000000000000000000e+00
0.000000000000000000e+00
0.000000000000000000e+00
0.000000000000000000e+00
0.000000000000000000e+00
0.000000000000000000e+00
0.000000000000000000e+00
0.000000000000000000e+00
0.000000000000000000e+00
0.000000000000000000e+00
0.000000000000000000e+00
0.000000000000000000e+00
0.000000000000000000e+00
0.000000000000000000e+00
0.000000000000000000e+00
0.000000000000000000e+00
0.000000000000000000e+00
0.000000000000000000e+00
0.000000000000000000e+00
0.000000000000000000e+00
0.000000000000000000e+00
0.000000000000000000e+00
0.000000000000000000e+00
0.000000000000000000e+00
0.000000000000000000e+00
0.000000000000000000e+00
0.000000000000000000e+00
0.000000000000000000e+00
0.000000000000000000e+00
0.000000000000000000e+00
0.000000000000000000e+00
0.000000000000000000e+00
0.000000000000000000e+00
0.000000000000000000e+00
0.000000000000000000e+00
0.000000000000000000e+00
0.000000000000000000e+00
0.000000000000000000e+00
0.000000000000000000e+00
0.000000000000000000e+00
0.000000000000000000e+00
0.000000000000000000e+00
0.000000000000000000e+00
0.000000000000000000e+00
0.000000000000000000e+00
0.000000000000000000e+00
0.000000000000000000e+00
0.000000000000000000e+00
0.000000000000000000e+00
0.000000000000000000e+00
0.000000000000000000e+00
0.000000000000000000e+00
0.000000000000000000e+00
0.000000000000000000e+00
0.000000000000000000e+00
0.000000000000000000e+00
0.000000000000000000e+00
0.000000000000000000e+00
0.000000000000000000e+00
0.000000000000000000e+00
0.000000000000000000e+00
0.000000000000000000e+00
0.000000000000000000e+00
0.000000000000000000e+00
0.000000000000000000e+00
0.000000000000000000e+00
0.000000000000000000e+00
0.000000000000000000e+00
0.000000000000000000e+00
0.000000000000000000e+00
0.000000000000000000e+00
0.000000000000000000e+00
0.000000000000000000e+00
0.000000000000000000e+00
0.000000000000000000e+00
0.000000000000000000e+00
0.000000000000000000e+00
0.000000000000000000e+00
0.000000000000000000e+00
0.000000000000000000e+00
0.000000000000000000e+00
0.000000000000000000e+00
0.000000000000000000e+00
0.000000000000000000e+00
0.000000000000000000e+00
0.000000000000000000e+00
0.000000000000000000e+00
0.000000000000000000e+00
0.000000000000000000e+00
0.000000000000000000e+00
0.000000000000000000e+00
0.000000000000000000e+00
0.000000000000000000e+00
0.000000000000000000e+00
0.000000000000000000e+00
0.000000000000000000e+00
0.000000000000000000e+00
0.000000000000000000e+00
0.000000000000000000e+00
0.000000000000000000e+00
0.000000000000000000e+00
0.000000000000000000e+00
0.000000000000000000e+00
0.000000000000000000e+00
0.000000000000000000e+00
0.000000000000000000e+00
0.000000000000000000e+00
0.000000000000000000e+00
0.000000000000000000e+00
0.000000000000000000e+00
0.000000000000000000e+00
0.000000000000000000e+00
0.000000000000000000e+00
0.000000000000000000e+00
0.000000000000000000e+00
0.000000000000000000e+00
0.000000000000000000e+00
0.000000000000000000e+00
0.000000000000000000e+00
0.000000000000000000e+00
0.000000000000000000e+00
0.000000000000000000e+00
0.000000000000000000e+00
0.000000000000000000e+00
0.000000000000000000e+00
0.000000000000000000e+00
0.000000000000000000e+00
0.000000000000000000e+00
0.000000000000000000e+00
0.000000000000000000e+00
0.000000000000000000e+00
0.000000000000000000e+00
0.000000000000000000e+00
0.000000000000000000e+00
0.000000000000000000e+00
0.000000000000000000e+00
0.000000000000000000e+00
0.000000000000000000e+00
0.000000000000000000e+00
0.000000000000000000e+00
0.000000000000000000e+00
0.000000000000000000e+00
0.000000000000000000e+00
0.000000000000000000e+00
0.000000000000000000e+00
0.000000000000000000e+00
0.000000000000000000e+00
0.000000000000000000e+00
0.000000000000000000e+00
0.000000000000000000e+00
0.000000000000000000e+00
0.000000000000000000e+00
0.000000000000000000e+00
0.000000000000000000e+00
0.000000000000000000e+00
0.000000000000000000e+00
0.000000000000000000e+00
0.000000000000000000e+00
0.000000000000000000e+00
0.000000000000000000e+00
0.000000000000000000e+00
0.000000000000000000e+00
0.000000000000000000e+00
0.000000000000000000e+00
0.000000000000000000e+00
0.000000000000000000e+00
0.000000000000000000e+00
0.000000000000000000e+00
0.000000000000000000e+00
0.000000000000000000e+00
0.000000000000000000e+00
0.000000000000000000e+00
0.000000000000000000e+00
0.000000000000000000e+00
0.000000000000000000e+00
0.000000000000000000e+00
0.000000000000000000e+00
0.000000000000000000e+00
0.000000000000000000e+00
0.000000000000000000e+00
0.000000000000000000e+00
0.000000000000000000e+00
0.000000000000000000e+00
0.000000000000000000e+00
0.000000000000000000e+00
0.000000000000000000e+00
0.000000000000000000e+00
0.000000000000000000e+00
0.000000000000000000e+00
0.000000000000000000e+00
0.000000000000000000e+00
0.000000000000000000e+00
0.000000000000000000e+00
0.000000000000000000e+00
0.000000000000000000e+00
0.000000000000000000e+00
0.000000000000000000e+00
0.000000000000000000e+00
0.000000000000000000e+00
0.000000000000000000e+00
0.000000000000000000e+00
0.000000000000000000e+00
0.000000000000000000e+00
0.000000000000000000e+00
0.000000000000000000e+00
0.000000000000000000e+00
0.000000000000000000e+00
0.000000000000000000e+00
0.000000000000000000e+00
0.000000000000000000e+00
0.000000000000000000e+00
0.000000000000000000e+00
0.000000000000000000e+00
0.000000000000000000e+00
0.000000000000000000e+00
0.000000000000000000e+00
0.000000000000000000e+00
0.000000000000000000e+00
0.000000000000000000e+00
0.000000000000000000e+00
0.000000000000000000e+00
0.000000000000000000e+00
0.000000000000000000e+00
0.000000000000000000e+00
0.000000000000000000e+00
0.000000000000000000e+00
0.000000000000000000e+00
0.000000000000000000e+00
0.000000000000000000e+00
0.000000000000000000e+00
0.000000000000000000e+00
0.000000000000000000e+00
0.000000000000000000e+00
0.000000000000000000e+00
0.000000000000000000e+00
0.000000000000000000e+00
0.000000000000000000e+00
0.000000000000000000e+00
0.000000000000000000e+00
0.000000000000000000e+00
0.000000000000000000e+00
0.000000000000000000e+00
0.000000000000000000e+00
0.000000000000000000e+00
0.000000000000000000e+00
0.000000000000000000e+00
0.000000000000000000e+00
0.000000000000000000e+00
0.000000000000000000e+00
0.000000000000000000e+00
0.000000000000000000e+00
0.000000000000000000e+00
0.000000000000000000e+00
0.000000000000000000e+00
0.000000000000000000e+00
0.000000000000000000e+00
0.000000000000000000e+00
0.000000000000000000e+00
0.000000000000000000e+00
0.000000000000000000e+00
0.000000000000000000e+00
0.000000000000000000e+00
0.000000000000000000e+00
0.000000000000000000e+00
0.000000000000000000e+00
0.000000000000000000e+00
0.000000000000000000e+00
0.000000000000000000e+00
0.000000000000000000e+00
0.000000000000000000e+00
0.000000000000000000e+00
0.000000000000000000e+00
0.000000000000000000e+00
0.000000000000000000e+00
0.000000000000000000e+00
0.000000000000000000e+00
0.000000000000000000e+00
0.000000000000000000e+00
0.000000000000000000e+00
0.000000000000000000e+00
0.000000000000000000e+00
0.000000000000000000e+00
0.000000000000000000e+00
0.000000000000000000e+00
0.000000000000000000e+00
0.000000000000000000e+00
0.000000000000000000e+00
0.000000000000000000e+00
0.000000000000000000e+00
0.000000000000000000e+00
0.000000000000000000e+00
0.000000000000000000e+00
0.000000000000000000e+00
0.000000000000000000e+00
0.000000000000000000e+00
0.000000000000000000e+00
0.000000000000000000e+00
0.000000000000000000e+00
0.000000000000000000e+00
0.000000000000000000e+00
0.000000000000000000e+00
0.000000000000000000e+00
0.000000000000000000e+00
0.000000000000000000e+00
0.000000000000000000e+00
0.000000000000000000e+00
0.000000000000000000e+00
0.000000000000000000e+00
0.000000000000000000e+00
0.000000000000000000e+00
0.000000000000000000e+00
0.000000000000000000e+00
0.000000000000000000e+00
0.000000000000000000e+00
0.000000000000000000e+00
0.000000000000000000e+00
0.000000000000000000e+00
0.000000000000000000e+00
0.000000000000000000e+00
0.000000000000000000e+00
0.000000000000000000e+00
0.000000000000000000e+00
0.000000000000000000e+00
nan
