# bin_6_3
-9.450903143643490589e-06
-4.900881046421444649e-06
-2.575305386999044009e-06
-1.313552986584851619e-06
-7.360031913593477533e-07
-3.442175032503563000e-07
-2.297635472902543845e-07
-7.573452279313189584e-08
-9.483253515116564913e-08
1.402229402971597796e-08
-3.727636052685128176e-08
4.210102042329050842e-08
-3.753745742833782882e-08
-5.347727734294911040e-08
-5.256774377510658082e-08
-2.919205510090838027e-08
-9.382603573182368014e-13
1.142923172318195045e-08
3.345662823830847904e-09
-1.063641842492848845e-08
-2.296703867483479065e-08
-2.985916837413364896e-08
-3.194957586839728050e-08
-3.235348075673428464e-08
-3.229395706416123769e-08
-3.249847550453508911e-08
-3.352327435449324418e-08
-3.484164313373468752e-08
-3.563870723702964506e-08
-3.543612191701771044e-08
-3.398172751776762480e-08
-2.909144947467508295e-08
-2.086179290363067798e-08
-1.180805584832191294e-08
-3.639448473978978513e-09
2.520846353409906606e-09
5.974117393182389429e-09
7.628997081619814276e-09
8.767895455717709055e-09
9.482635127366320065e-09
9.849358594020593795e-09
9.931331459464794458e-09
9.781209873413242941e-09
9.442882034234389371e-09
8.626007457567366386e-09
7.253768110037264820e-09
5.622042192104024248e-09
3.956828948749937724e-09
2.428445908772917270e-09
1.162896574256043611e-09
2.509861231165471070e-10
-2.443600141218609636e-10
-4.876371444448176554e-10
-6.787870081103490159e-10
-8.245926487772476185e-10
-9.309806813308125833e-10
-1.003135301345618815e-09
-1.045595969625610637e-09
-1.062341293358244959e-09
-1.056861206388077413e-09
-1.032219206677478083e-09
-9.891566513115079841e-10
-9.307280602336165801e-10
-8.623798097685528538e-10
-7.886208206151761292e-10
-7.131638792087319119e-10
-6.390458642031504109e-10
-5.687301248780439007e-10
-5.041937351973664156e-10
-4.470019128337154165e-10
-3.983715308964841123e-10
-3.592253485088184269e-10
-3.261134416731452503e-10
-2.952130095114290024e-10
-2.666609809232641646e-10
-2.405540624358217075e-10
-2.169550057128549187e-10
-1.958979950252109168e-10
-1.773932778674814908e-10
-1.614311441313272974e-10
-1.479853441493199283e-10
-1.370160230807836935e-10
-1.284722381704336468e-10
-1.222941160765498235e-10
-1.184146994912366773e-10
-1.179203600084170726e-10
-1.212437545210763475e-10
-1.274325595275451925e-10
-1.356552794705241867e-10
-1.451877536417974239e-10
-1.554011600904526122e-10
-1.657513447188994100e-10
-1.757693244600664587e-10
-1.850528315033221444e-10
-1.932587813301996187e-10
-2.000965611378225181e-10
-2.053220473291868070e-10
-2.087322713600129764e-10
-2.101606625454180114e-10
-2.094728046133402762e-10
-2.065626499900090283e-10
-2.020977378564180458e-10
-1.968546439000060548e-10
-1.909057095553557648e-10
-1.843177991631369408e-10
-1.771527196660741112e-10
-1.694676061465127230e-10
-1.613152761955408489e-10
-1.527445558217157727e-10
-1.438005793541271502e-10
-1.345250655666205169e-10
-1.249565720448890361e-10
-1.151307296332579229e-10
-1.050804586312865173e-10
-9.483616825985967179e-11
-8.442594078050352955e-11
-7.387570152880335749e-11
-6.320937601161505925e-11
-5.244903511711998188e-11
-5.764638528128382858e-12
1.043962989026730103e-10
2.664550402140762129e-10
4.699024724778701299e-10
7.052119065101247026e-10
9.637589597948200293e-10
1.237747925701074603e-09
1.520144085051188815e-09
1.804611464096065968e-09
2.085455586471685037e-09
2.357570806190438969e-09
2.616391844558724938e-09
2.857849186464599788e-09
3.078328021064279453e-09
3.274630438800330226e-09
3.443940621163924052e-09
3.583792781901029033e-09
3.692041638662798709e-09
3.766835212603432851e-09
3.806589770301130338e-09
3.809966737770785660e-09
3.775851430389359193e-09
3.698093030605180691e-09
3.576144804376934289e-09
3.417015289934066428e-09
3.227160439188415201e-09
3.012522026033916704e-09
2.778563393387162719e-09
2.530302730435610476e-09
2.272344057038924526e-09
2.008906078874513817e-09
1.743849064632336832e-09
1.480699885253421121e-09
1.222675344792210581e-09
9.727039228874569935e-10
7.334460399816225538e-10
5.073129482749322945e-10
2.964843438761598634e-10
1.029247886706806674e-10
-7.160097598427718177e-11
-2.255137475462588093e-10
-3.574065418357156657e-10
-4.660321681814015903e-10
-5.502916391731941362e-10
-6.092233583583783564e-10
-6.419930332185704414e-10
-6.478842644695036530e-10
-6.352629262492343601e-10
-6.137386897634315647e-10
-5.844821574248380032e-10
-5.485854689291238605e-10
-5.070669565587166767e-10
-4.608755246077950372e-10
-4.108947699280361814e-10
-3.027961798174890819e-10
-2.461527722236112134e-10
-1.886755668238620941e-10
-1.309754275448403979e-10
-7.361801951082173000e-11
-1.712650949712181659e-11
3.801589054446421916e-11
9.136352751166817653e-11
1.910662813167489222e-10
2.366982161847099203e-10
2.790851318024190414e-10
3.179378085459905064e-10
3.529928526792823789e-10
3.840111154990026026e-10
4.107762032305499331e-10
4.507867056670047959e-10
4.637008636174265821e-10
4.716969078671206035e-10
4.746526916267425941e-10
4.676701577424426336e-10
4.628901117445360766e-10
4.581226625596971459e-10
4.533690261877895935e-10
4.486303510053784658e-10
4.392021579712916220e-10
4.345146258257976779e-10
4.298460317720417970e-10
4.205690220845832945e-10
4.159621630975601812e-10
4.113773600531416562e-10
4.068152759237151653e-10
3.977617062875854385e-10
3.932713424426365873e-10
3.888059444566057247e-10
3.799518907687221133e-10
3.755640751461782722e-10
3.712029085579854033e-10
3.625618724754753919e-10
3.582826098768610572e-10
3.498079216240738968e-10
3.456129548636134677e-10
3.414465084564489327e-10
3.331998579813123929e-10
3.291199458653218174e-10
3.210475412772149915e-10
3.170552351860507145e-10
3.035818555412363123e-10
2.930867627423468279e-10
2.804076849423518628e-10
2.493927489489242417e-10
2.314771834748683831e-10
1.918035850085020153e-10
1.704060823409623068e-10
1.253235212525557121e-10
1.019466284786094548e-10
5.423291911436254841e-11
3.015839512515497926e-11
-1.782203271856252757e-11
-6.484739505081969206e-11
-8.775055108118730750e-11
-1.318838809348801794e-10
-1.529480637959701047e-10
-1.926927514337640271e-10
-2.288067611212127146e-10
-2.453482998753424460e-10
-2.751266082784907395e-10
-2.882647085146275734e-10
-3.108173777846574775e-10
-3.281466132496438087e-10
-3.347663188797781117e-10
-3.437672668927718000e-10
-3.469476835948319002e-10
-3.463003502486709559e-10
-3.434602108754805422e-10
-3.405550613752278118e-10
-3.375907809719999097e-10
-3.360882077919066635e-10
-3.330454955789307796e-10
-3.299568656790778628e-10
-3.268270606962018680e-10
-3.252481217002854543e-10
-3.220648313300972551e-10
-3.188510186599076279e-10
-3.156105043990512011e-10
-3.123468791399883511e-10
-3.107074622834049517e-10
-3.074154317454437061e-10
-3.041083444904673586e-10
-3.007890844388085782e-10
-2.974603588156510455e-10
-2.941247081582128373e-10
-2.907845157359242429e-10
-2.874420164202989143e-10
-2.840993050387380436e-10
-2.807583442442163344e-10
-2.774209719306806901e-10
-2.740889082220187888e-10
-2.707637620606244202e-10
-2.674470374198853640e-10
-2.631489673961979505e-10
-2.569869867485851300e-10
-2.491160548596544035e-10
-2.396818781579530378e-10
-2.288214366639536243e-10
-2.166634797363057780e-10
-2.033289929185018145e-10
-1.889316376613900129e-10
-1.735781655809468357e-10
-1.573688088028334611e-10
-1.403976478447614511e-10
-1.227529583942769097e-10
-9.520275685982793798e-11
-7.622525804842354800e-11
-5.684203761934973951e-11
-3.711903612528440989e-11
-1.711797220332797426e-11
1.327973198839622509e-11
3.373153478201140995e-11
5.427532590190041391e-11
7.486563544825226577e-11
1.057463721572667925e-10
1.262737798393835277e-10
1.467116373554443541e-10
1.771290925742217042e-10
1.972040621592502660e-10
2.174317638348791136e-10
2.517002558759547156e-10
2.770089151316660949e-10
3.178471967927277677e-10
3.465487661253463294e-10
3.761035014669301147e-10
4.214696300190314089e-10
4.520533278300498115e-10
4.978875493166234639e-10
5.281215302958508902e-10
5.725267189888677117e-10
6.012530587868301857e-10
6.426411786851766152e-10
6.815702532572238725e-10
7.059463170799063087e-10
7.398624334040497800e-10
7.605589284538383397e-10
7.885027240854479769e-10
8.124814565769137923e-10
8.261437516873570038e-10
8.429935048972045098e-10
8.553058470109565285e-10
8.609133862325665914e-10
8.653217785334825324e-10
8.648242719375159167e-10
8.593262275895281007e-10
8.528454438372276452e-10
8.111694754589159161e-10
7.146675401594702641e-10
5.713860259964747088e-10
3.887697253100340742e-10
2.485938454839631437e-10
1.545450364035081791e-11
-2.398137466692346115e-10
-5.116510753073474534e-10
-7.949347641957880146e-10
-1.084950237163466670e-09
-1.377363978424876717e-09
-1.668198212551923510e-09
-1.953807227800575311e-09
-2.230855232976713594e-09
-2.496295645729594900e-09
-2.747351717293013229e-09
-2.981498405299461220e-09
-3.196445412414426558e-09
-3.449624669140787485e-09
-3.612067486452844913e-09
-3.749175380656899040e-09
-3.859504452579441488e-09
-3.941771839513417678e-09
-3.994844559947342795e-09
-4.018495879856182635e-09
-3.999806705462449972e-09
-3.941754209073549337e-09
-3.772004522019301809e-09
-3.583155454859773013e-09
-3.349319584757204998e-09
-2.978729252875921990e-09
-2.664470966578690391e-09
-2.325290948396563564e-09
-1.843196364768206873e-09
-1.465435819693860713e-09
-9.485497674675853203e-10
-5.562394331817745024e-10
-3.405304499721607975e-11
3.524810892904709433e-10
8.550915843741524807e-10
1.218756071478239279e-09
1.680940109614450974e-09
2.112031769063047579e-09
2.411876977225988540e-09
2.776691087278978569e-09
3.097756561381513882e-09
3.307618344381297614e-09
3.543544401204775435e-09
3.726642985148077558e-09
3.854356368018513737e-09
3.924474986404299947e-09
3.938119790170294711e-09
3.902493644853936693e-09
3.794428269194712008e-09
3.618077307861669245e-09
3.383309729982268360e-09
3.099283063351551026e-09
2.774488640463839193e-09
2.416793974330328133e-09
2.033482453244902827e-09
1.631290530511018474e-09
1.216442572964375497e-09
7.946835208364501589e-10
3.713095010432566585e-10
-1.527885775097077071e-10
-5.625649524768443774e-10
-9.595086237690594037e-10
-1.339931621646117464e-09
-1.787120871527092535e-09
-2.118495990579723534e-09
-2.423448230336218019e-09
-2.763731122527505322e-09
-3.000537523341456237e-09
-3.203718335171199817e-09
-3.407747329477921069e-09
-3.529129312646614228e-09
-3.626343650050157375e-09
-3.659084631641202737e-09
-3.642088131556671946e-09
-3.573688738188777686e-09
-3.414573824490016793e-09
-3.185054992791412769e-09
-2.958387289957072926e-09
-2.630087198507143204e-09
-2.260934453025546411e-09
-1.942293186613117526e-09
-1.521887603136703898e-09
-1.084153471923014158e-09
-6.362414694031204290e-10
-1.847143233479738122e-10
2.644134117957117726e-10
7.056382084444228999e-10
1.049534487627540680e-09
1.464164804701987132e-09
1.857914285803550553e-09
2.297443120182089875e-09
2.632181159289972255e-09
2.934935184181298977e-09
3.202925038238330757e-09
3.433660047793558505e-09
3.624918834183296675e-09
3.799562231623284738e-09
3.897362127825591201e-09
3.950174945303469636e-09
3.956718027567746623e-09
3.901863414934071244e-09
3.805304672548305240e-09
3.636435893104008070e-09
3.457830664022056007e-09
3.205485880417641538e-09
2.968929289183912649e-09
2.659936424485383971e-09
2.386152870736061540e-09
2.043549633152347105e-09
1.691116527508287044e-09
1.393801239202285864e-09
1.036964776457818952e-09
6.843565606040430401e-10
3.401400563723407295e-10
8.108120162066990418e-12
-3.082912997011393636e-10
-6.059311795663524034e-10
-8.819830365010369542e-10
-1.133896034765672141e-09
-1.359377481477770631e-09
-1.556374617410031511e-09
-1.723057615514661301e-09
-1.857803705919993997e-09
-1.959182351841214062e-09
-2.025941406123451571e-09
-2.058630532526148418e-09
-2.047165057609350827e-09
-2.013239692184277975e-09
-1.957117798327667947e-09
-1.896826724470226949e-09
-1.814541260994187189e-09
-1.735487708902157934e-09
-1.635268754120963038e-09
-1.543992026598904746e-09
-1.432906806933485777e-09
-1.318534900741355771e-09
-1.202483559299413079e-09
-1.102794450763620102e-09
-9.874378104689580738e-10
-8.742861130031389030e-10
-7.644780008810210895e-10
-6.590501563268149510e-10
-5.589443195110163655e-10
-4.650138428385412274e-10
-3.780298126506375291e-10
-2.986867674856751476e-10
-2.276080399910134670e-10
-1.653507476784330926e-10
-1.056343715684544120e-10
-6.387571430565462072e-11
-3.230859865258230268e-11
-9.131502884499717839e-12
-4.539373215859694941e-13
0.000000000000000000e+00
0.000000000000000000e+00
0.000000000000000000e+00
0.000000000000000000e+00
0.000000000000000000e+00
0.000000000000000000e+00
0.000000000000000000e+00
0.000000000000000000e+00
0.000000000000000000e+00
0.000000000000000000e+00
0.000000000000000000e+00
0.000000000000000000e+00
0.000000000000000000e+00
0.000000000000000000e+00
0.000000000000000000e+00
0.000000000000000000e+00
0.000000000000000000e+00
0.000000000000000000e+00
0.000000000000000000e+00
0.000000000000000000e+00
0.000000000000000000e+00
0.000000000000000000e+00
0.000000000000000000e+00
0.000000000000000000e+00
0.000000000000000000e+00
0.000000000000000000e+00
0.000000000000000000e+00
0.000000000000000000e+00
0.000000000000000000e+00
0.000000000000000000e+00
0.000000000000000000e+00
0.000000000000000000e+00
0.000000000000000000e+00
0.000000000000000000e+00
0.000000000000000000e+00
0.000000000000000000e+00
0.000000000000000000e+00
0.000000000000000000e+00
0.000000000000000000e+00
0.000000000000000000e+00
0.000000000000000000e+00
0.000000000000000000e+00
0.000000000000000000e+00
0.000000000000000000e+00
0.000000000000000000e+00
0.000000000000000000e+00
0.000000000000000000e+00
0.000000000000000000e+00
0.000000000000000000e+00
0.000000000000000000e+00
0.000000000000000000e+00
0.000000000000000000e+00
0.000000000000000000e+00
0.000000000000000000e+00
0.000000000000000000e+00
0.000000000000000000e+00
0.000000000000000000e+00
0.000000000000000000e+00
0.000000000000000000e+00
0.000000000000000000e+00
0.000000000000000000e+00
0.000000000000000000e+00
0.000000000000000000e+00
0.000000000000000000e+00
0.000000000000000000e+00
0.000000000000000000e+00
0.000000000000000000e+00
0.000000000000000000e+00
0.000000000000000000e+00
0.000000000000000000e+00
0.000000000000000000e+00
0.000000000000000000e+00
0.000000000000000000e+00
0.000000000000000000e+00
0.000000000000000000e+00
0.000000000000000000e+00
0.000000000000000000e+00
0.000000000000000000e+00
0.000000000000000000e+00
0.000000000000000000e+00
0.000000000000000000e+00
0.000000000000000000e+00
0.000000000000000000e+00
0.000000000000000000e+00
0.000000000000000000e+00
0.000000000000000000e+00
0.000000000000000000e+00
0.000000000000000000e+00
0.000000000000000000e+00
0.000000000000000000e+00
0.000000000000000000e+00
0.000000000000000000e+00
0.000000000000000000e+00
0.000000000000000000e+00
0.000000000000000000e+00
0.000000000000000000e+00
0.000000000000000000e+00
0.000000000000000000e+00
0.000000000000000000e+00
0.000000000000000000e+00
0.000000000000000000e+00
0.000000000000000000e+00
0.000000000000000000e+00
0.000000000000000000e+00
0.000000000000000000e+00
0.000000000000000000e+00
0.000000000000000000e+00
0.000000000000000000e+00
0.000000000000000000e+00
0.000000000000000000e+00
0.000000000000000000e+00
0.000000000000000000e+00
0.000000000000000000e+00
0.000000000000000000e+00
0.000000000000000000e+00
0.000000000000000000e+00
0.000000000000000000e+00
0.000000000000000000e+00
0.000000000000000000e+00
0.000000000000000000e+00
0.000000000000000000e+00
0.000000000000000000e+00
0.000000000000000000e+00
0.000000000000000000e+00
0.000000000000000000e+00
0.000000000000000000e+00
0.000000000000000000e+00
0.000000000000000000e+00
0.000000000000000000e+00
0.000000000000000000e+00
0.000000000000000000e+00
0.000000000000000000e+00
0.000000000000000000e+00
0.000000000000000000e+00
0.000000000000000000e+00
0.000000000000000000e+00
0.000000000000000000e+00
0.000000000000000000e+00
0.000000000000000000e+00
0.000000000000000000e+00
0.000000000000000000e+00
0.000000000000000000e+00
0.000000000000000000e+00
0.000000000000000000e+00
0.000000000000000000e+00
0.000000000000000000e+00
0.000000000000000000e+00
0.000000000000000000e+00
0.000000000000000000e+00
0.000000000000000000e+00
0.000000000000000000e+00
0.000000000000000000e+00
0.000000000000000000e+00
0.000000000000000000e+00
0.000000000000000000e+00
0.000000000000000000e+00
0.000000000000000000e+00
0.000000000000000000e+00
0.000000000000000000e+00
0.000000000000000000e+00
0.000000000000000000e+00
0.000000000000000000e+00
0.000000000000000000e+00
0.000000000000000000e+00
0.000000000000000000e+00
0.000000000000000000e+00
0.000000000000000000e+00
0.000000000000000000e+00
0.000000000000000000e+00
0.000000000000000000e+00
0.000000000000000000e+00
0.000000000000000000e+00
0.000000000000000000e+00
0.000000000000000000e+00
0.000000000000000000e+00
0.000000000000000000e+00
0.000000000000000000e+00
0.000000000000000000e+00
0.000000000000000000e+00
0.000000000000000000e+00
0.000000000000000000e+00
0.000000000000000000e+00
0.000000000000000000e+00
0.000000000000000000e+00
0.000000000000000000e+00
0.000000000000000000e+00
0.000000000000000000e+00
0.000000000000000000e+00
0.000000000000000000e+00
0.000000000000000000e+00
0.000000000000000000e+00
0.000000000000000000e+00
0.000000000000000000e+00
0.000000000000000000e+00
0.000000000000000000e+00
0.000000000000000000e+00
0.000000000000000000e+00
0.000000000000000000e+00
0.000000000000000000e+00
0.000000000000000000e+00
0.000000000000000000e+00
0.000000000000000000e+00
0.000000000000000000e+00
0.000000000000000000e+00
0.000000000000000000e+00
0.000000000000000000e+00
0.000000000000000000e+00
0.000000000000000000e+00
0.000000000000000000e+00
0.000000000000000000e+00
0.000000000000000000e+00
0.000000000000000000e+00
0.000000000000000000e+00
0.000000000000000000e+00
0.000000000000000000e+00
0.000000000000000000e+00
0.000000000000000000e+00
0.000000000000000000e+00
0.000000000000000000e+00
0.000000000000000000e+00
0.000000000000000000e+00
0.000000000000000000e+00
0.000000000000000000e+00
0.000000000000000000e+00
0.000000000000000000e+00
0.000000000000000000e+00
0.000000000000000000e+00
0.000000000000000000e+00
0.000000000000000000e+00
0.000000000000000000e+00
0.000000000000000000e+00
0.000000000000000000e+00
0.000000000000000000e+00
0.000000000000000000e+00
0.000000000000000000e+00
0.000000000000000000e+00
0.000000000000000000e+00
0.000000000000000000e+00
0.000000000000000000e+00
0.000000000000000000e+00
0.000000000000000000e+00
0.000000000000000000e+00
0.000000000000000000e+00
0.000000000000000000e+00
0.000000000000000000e+00
0.000000000000000000e+00
0.000000000000000000e+00
0.000000000000000000e+00
0.000000000000000000e+00
0.000000000000000000e+00
0.000000000000000000e+00
0.000000000000000000e+00
0.000000000000000000e+00
0.000000000000000000e+00
0.000000000000000000e+00
0.000000000000000000e+00
0.000000000000000000e+00
0.000000000000000000e+00
0.000000000000000000e+00
0.000000000000000000e+00
0.000000000000000000e+00
0.000000000000000000e+00
0.000000000000000000e+00
0.000000000000000000e+00
0.000000000000000000e+00
0.000000000000000000e+00
0.000000000000000000e+00
0.000000000000000000e+00
0.000000000000000000e+00
0.000000000000000000e+00
0.000000000000000000e+00
0.000000000000000000e+00
0.000000000000000000e+00
0.000000000000000000e+00
0.000000000000000000e+00
0.000000000000000000e+00
0.000000000000000000e+00
0.000000000000000000e+00
0.000000000000000000e+00
0.000000000000000000e+00
0.000000000000000000e+00
0.000000000000000000e+00
0.000000000000000000e+00
0.000000000000000000e+00
0.000000000000000000e+00
0.000000000000000000e+00
0.000000000000000000e+00
0.000000000000000000e+00
0.000000000000000000e+00
0.000000000000000000e+00
0.000000000000000000e+00
0.000000000000000000e+00
0.000000000000000000e+00
0.000000000000000000e+00
0.000000000000000000e+00
0.000000000000000000e+00
0.000000000000000000e+00
0.000000000000000000e+00
0.000000000000000000e+00
0.000000000000000000e+00
0.000000000000000000e+00
0.000000000000000000e+00
0.000000000000000000e+00
0.000000000000000000e+00
0.000000000000000000e+00
0.000000000000000000e+00
0.000000000000000000e+00
0.000000000000000000e+00
0.000000000000000000e+00
0.000000000000000000e+00
0.000000000000000000e+00
0.000000000000000000e+00
0.000000000000000000e+00
0.000000000000000000e+00
0.000000000000000000e+00
0.000000000000000000e+00
0.000000000000000000e+00
0.000000000000000000e+00
0.000000000000000000e+00
0.000000000000000000e+00
0.000000000000000000e+00
0.000000000000000000e+00
0.000000000000000000e+00
0.000000000000000000e+00
0.000000000000000000e+00
0.000000000000000000e+00
0.000000000000000000e+00
0.000000000000000000e+00
0.000000000000000000e+00
0.000000000000000000e+00
0.000000000000000000e+00
0.000000000000000000e+00
0.000000000000000000e+00
0.000000000000000000e+00
0.000000000000000000e+00
0.000000000000000000e+00
0.000000000000000000e+00
0.000000000000000000e+00
0.000000000000000000e+00
0.000000000000000000e+00
0.000000000000000000e+00
0.000000000000000000e+00
0.000000000000000000e+00
0.000000000000000000e+00
0.000000000000000000e+00
0.000000000000000000e+00
0.000000000000000000e+00
0.000000000000000000e+00
0.000000000000000000e+00
0.000000000000000000e+00
0.000000000000000000e+00
0.000000000000000000e+00
0.000000000000000000e+00
0.000000000000000000e+00
0.000000000000000000e+00
0.000000000000000000e+00
0.000000000000000000e+00
0.000000000000000000e+00
0.000000000000000000e+00
0.000000000000000000e+00
0.000000000000000000e+00
0.000000000000000000e+00
0.000000000000000000e+00
0.000000000000000000e+00
0.000000000000000000e+00
0.000000000000000000e+00
0.000000000000000000e+00
0.000000000000000000e+00
0.000000000000000000e+00
0.000000000000000000e+00
0.000000000000000000e+00
0.000000000000000000e+00
0.000000000000000000e+00
0.000000000000000000e+00
0.000000000000000000e+00
0.000000000000000000e+00
0.000000000000000000e+00
0.000000000000000000e+00
0.000000000000000000e+00
0.000000000000000000e+00
0.000000000000000000e+00
0.000000000000000000e+00
0.000000000000000000e+00
0.000000000000000000e+00
0.000000000000000000e+00
0.000000000000000000e+00
0.000000000000000000e+00
0.000000000000000000e+00
0.000000000000000000e+00
0.000000000000000000e+00
0.000000000000000000e+00
0.000000000000000000e+00
0.000000000000000000e+00
0.000000000000000000e+00
0.000000000000000000e+00
0.000000000000000000e+00
0.000000000000000000e+00
0.000000000000000000e+00
0.000000000000000000e+00
0.000000000000000000e+00
0.000000000000000000e+00
0.000000000000000000e+00
0.000000000000000000e+00
0.000000000000000000e+00
0.000000000000000000e+00
0.000000000000000000e+00
0.000000000000000000e+00
0.000000000000000000e+00
0.000000000000000000e+00
0.000000000000000000e+00
0.000000000000000000e+00
0.000000000000000000e+00
0.000000000000000000e+00
0.000000000000000000e+00
0.000000000000000000e+00
0.000000000000000000e+00
0.000000000000000000e+00
0.000000000000000000e+00
0.000000000000000000e+00
0.000000000000000000e+00
0.000000000000000000e+00
0.000000000000000000e+00
0.000000000000000000e+00
0.000000000000000000e+00
0.000000000000000000e+00
0.000000000000000000e+00
0.000000000000000000e+00
0.000000000000000000e+00
0.000000000000000000e+00
0.000000000000000000e+00
0.000000000000000000e+00
0.000000000000000000e+00
0.000000000000000000e+00
0.000000000000000000e+00
0.000000000000000000e+00
0.000000000000000000e+00
0.000000000000000000e+00
0.000000000000000000e+00
0.000000000000000000e+00
0.000000000000000000e+00
0.000000000000000000e+00
0.000000000000000000e+00
0.000000000000000000e+00
0.000000000000000000e+00
0.000000000000000000e+00
0.000000000000000000e+00
0.000000000000000000e+00
0.000000000000000000e+00
0.000000000000000000e+00
0.000000000000000000e+00
0.000000000000000000e+00
0.000000000000000000e+00
0.000000000000000000e+00
0.000000000000000000e+00
0.000000000000000000e+00
0.000000000000000000e+00
0.000000000000000000e+00
0.000000000000000000e+00
0.000000000000000000e+00
0.000000000000000000e+00
0.000000000000000000e+00
0.000000000000000000e+00
0.000000000000000000e+00
0.000000000000000000e+00
0.000000000000000000e+00
0.000000000000000000e+00
0.000000000000000000e+00
0.000000000000000000e+00
0.000000000000000000e+00
0.000000000000000000e+00
0.000000000000000000e+00
0.000000000000000000e+00
0.000000000000000000e+00
0.000000000000000000e+00
0.000000000000000000e+00
0.000000000000000000e+00
0.000000000000000000e+00
0.000000000000000000e+00
0.000000000000000000e+00
0.000000000000000000e+00
0.000000000000000000e+00
0.000000000000000000e+00
0.000000000000000000e+00
0.000000000000000000e+00
0.000000000000000000e+00
0.000000000000000000e+00
0.000000000000000000e+00
0.000000000000000000e+00
0.000000000000000000e+00
0.000000000000000000e+00
0.000000000000000000e+00
0.000000000000000000e+00
0.000000000000000000e+00
0.000000000000000000e+00
0.000000000000000000e+00
0.000000000000000000e+00
0.000000000000000000e+00
0.000000000000000000e+00
0.000000000000000000e+00
0.000000000000000000e+00
0.000000000000000000e+00
0.000000000000000000e+00
0.000000000000000000e+00
0.000000000000000000e+00
0.000000000000000000e+00
0.000000000000000000e+00
0.000000000000000000e+00
0.000000000000000000e+00
0.000000000000000000e+00
0.000000000000000000e+00
0.000000000000000000e+00
0.000000000000000000e+00
0.000000000000000000e+00
0.000000000000000000e+00
0.000000000000000000e+00
0.000000000000000000e+00
nan
