# bin_20_16
-1.950766427229972198e-08
-1.699056210577817830e-08
-1.280977585376923449e-08
-1.144581482634689290e-08
-7.078994561477382439e-09
-7.691662896375569577e-09
-2.864329809584268903e-09
-5.629856484075456705e-09
2.316647146503417522e-10
-4.327055712255579942e-09
1.978022978477060609e-09
-4.330847210998045491e-09
2.279992939701250041e-09
2.674920882070323775e-09
2.535526193407970492e-09
3.867465157048287288e-10
-2.441554577836535002e-09
-3.414546867955440595e-09
-2.926232091825870239e-09
-2.258509069944717124e-09
-1.497685494719251091e-09
-6.999492284408106916e-10
6.743938044814852222e-10
2.373080873811212945e-09
3.574955792992921323e-09
3.840203880265500938e-09
2.937692605307529145e-09
1.416102605978943464e-09
-5.659901798478913621e-11
-1.067911059875835489e-09
-1.379435871558098445e-09
-7.463333360576478288e-10
5.451449350294276770e-10
1.996191030698554594e-09
3.268419926577430272e-09
4.139989355130814490e-09
4.473399776163726707e-09
4.480571604921124587e-09
4.440251158124913945e-09
4.362040375416786201e-09
4.253829310331761888e-09
4.122108706939036536e-09
3.972222087023951977e-09
3.808569850557138160e-09
3.464660367660156374e-09
2.880949309650121720e-09
2.192696040889364976e-09
1.502885883173929458e-09
8.888163439034998136e-10
4.073673907809089726e-10
9.922482164696536253e-11
-7.731446547575944152e-12
6.295880181957414444e-13
2.080628648158006968e-11
4.729898970752534268e-11
7.573499553601754871e-11
1.026699675766385454e-10
1.254237191165312140e-10
1.419442669322503318e-10
1.506951806628097340e-10
1.505621645300832410e-10
1.441346041567676761e-10
1.353099682841946015e-10
1.250582694953696547e-10
1.141780981969449580e-10
1.033227695272465645e-10
9.302254093908081577e-11
8.370350791666748724e-11
7.570368711278712019e-11
6.928671469931216783e-11
6.465351992860058120e-11
6.195227738278213817e-11
6.082804949793343142e-11
6.064276290066445751e-11
6.111999534290550798e-11
6.202444633966135290e-11
6.315657499193722360e-11
6.434793055431832098e-11
6.545708337104357568e-11
6.636607671487966049e-11
6.697733107236399747e-11
6.721094182235794293e-11
6.700231929925913617e-11
6.630012712465906072e-11
6.506448060542441881e-11
6.294112534614148331e-11
5.979660187527697641e-11
5.590136199605811598e-11
5.149129756212791123e-11
4.677160859647005365e-11
4.192024181987582507e-11
3.709094892186146570e-11
3.241600795877185029e-11
2.800864607262333558e-11
2.396519718824287372e-11
2.036702437812917123e-11
1.728223310915604658e-11
1.476719853815220918e-11
1.286792734888095445e-11
1.162127227297490466e-11
1.105601537043559611e-11
1.087248889197601931e-11
1.075187412948209134e-11
1.068906145033078028e-11
1.067931344482554102e-11
1.071823690092164036e-11
1.080175703738695183e-11
1.092609379895744882e-11
1.108774003548777672e-11
1.128344140367346854e-11
1.151017784484059998e-11
1.176514650573073778e-11
1.204574598132064109e-11
1.234956176964066405e-11
1.267435283841943956e-11
1.301803921229763891e-11
1.337869049741424805e-11
1.375451526746651148e-11
1.414385124195305541e-11
1.464415978072983037e-11
1.532624655320380953e-11
1.615149664667815906e-11
1.708495559975781886e-11
1.809502783137993647e-11
1.915319970686381411e-11
2.023378515723619537e-11
2.131369195348304647e-11
2.237220690532470728e-11
2.339079840634387585e-11
2.435293488538052266e-11
2.524391784942637257e-11
2.605072831706007369e-11
2.676188554487714873e-11
2.736731704339084515e-11
2.785823896441166817e-11
2.822704601976952605e-11
2.846721016214172530e-11
2.857318732335816464e-11
2.854033156445637860e-11
2.836481604548415854e-11
2.804356027208185086e-11
2.762997287773636890e-11
2.718090054346574304e-11
2.669883022760683847e-11
2.618611056225280114e-11
2.564495961749112339e-11
2.507747220248826615e-11
2.448562673318153587e-11
2.387129169427480503e-11
2.323623172132477880e-11
2.258211332693752083e-11
2.191051029345637034e-11
2.122290875300600926e-11
2.052071197435080745e-11
1.980524487471998615e-11
1.907775827354350892e-11
1.833943290391697202e-11
1.759138319657216146e-11
1.683466085015832650e-11
1.607025820074022931e-11
1.529911140258011429e-11
1.452210343148999491e-11
1.374006692131897507e-11
1.295378684346028229e-11
1.216400303863723522e-11
1.137141260964136498e-11
1.034811179735175607e-11
8.906617215104550900e-12
7.105122166512947953e-12
4.997879372508284152e-12
2.635435759378642344e-12
6.485330082724791987e-14
-2.670083225340663624e-12
-8.473104021867737041e-12
-1.146830237116725386e-11
-1.448174686591511489e-11
-1.748332684767428819e-11
-2.044519550768369039e-11
-2.334163388354912891e-11
-2.614892278155390144e-11
-2.884522215021869777e-11
-3.382621267589119002e-11
-3.607562942145575030e-11
-3.814331198544276759e-11
-4.001523780937227803e-11
-4.167867314399440052e-11
-4.312209356818450969e-11
-4.433510908640636865e-11
-4.603361806539670167e-11
-4.650338841187891349e-11
-4.671118581705063419e-11
-4.665131131233645473e-11
-4.574666838629001740e-11
-4.498489460501803061e-11
-4.405396340079888782e-11
-4.297317005901624361e-11
-4.176071182217035682e-11
-3.900842824480485846e-11
-3.749999082927804576e-11
-3.592276157799089688e-11
-3.261505253479380461e-11
-3.090916248115878148e-11
-2.918373928244655512e-11
-2.744927986578469247e-11
-2.399200032366357637e-11
-2.228703208046634370e-11
-2.060879284408633707e-11
-1.736215496395700587e-11
-1.580734781050992304e-11
-1.430650288451748694e-11
-1.148897635352358190e-11
-1.018243229373362781e-11
-7.796338207807576098e-12
-6.724775251885614785e-12
-5.738992941293811418e-12
-4.037362654235725335e-12
-3.327122870870628461e-12
-2.199901473863779773e-12
-1.787054147800700746e-12
-1.096297153909329947e-12
-7.746071685717120329e-13
-4.680645612387900209e-13
1.014255736258576662e-13
3.652616943636320719e-13
8.532374518143510515e-13
1.078187425343272281e-12
1.491946717313227709e-12
1.681495442204610783e-12
2.027697312862387096e-12
2.185025518409882223e-12
2.469749451762991424e-12
2.716603698461919519e-12
2.826561089974695228e-12
3.020924455250393390e-12
3.105861283911823174e-12
3.252514453237928619e-12
3.369813568098642117e-12
3.418031626273828918e-12
3.494699109937047046e-12
3.523567301281866767e-12
3.563374329908369055e-12
3.580544315384671292e-12
3.581095727027007822e-12
3.566996501764109318e-12
3.533723912495197918e-12
3.510291025254962435e-12
3.446160949768549041e-12
3.357392417983606740e-12
3.245610839135071538e-12
3.181572998493155469e-12
3.038121306886720388e-12
2.875332216617763747e-12
2.694533971508846362e-12
2.597776066920698371e-12
2.392293237130181148e-12
2.171806060620896833e-12
1.937400688530000005e-12
1.690102651627052908e-12
1.561923624560567111e-12
1.297085144235688813e-12
1.021674361966910491e-12
7.365300402640145398e-13
4.424440732029502309e-13
1.401640673300322019e-13
-1.696042271278647671e-13
-4.861946254341840091e-13
-8.089783492079110597e-13
-1.137361990871920027e-12
-1.470785594113319412e-12
-1.808720843282286791e-12
-2.150669355119397579e-12
-2.496161066633532538e-12
-2.917820174907897681e-12
-3.474129938532198443e-12
-4.144573316943934413e-12
-4.910083182278093448e-12
-5.752952715096023946e-12
-6.656751309033336373e-12
-7.606245632857849208e-12
-8.587325522072547394e-12
-9.586934394160862929e-12
-1.059300390196881550e-11
-1.159439255868397117e-11
-1.258082808548953624e-11
-1.401196683665168459e-11
-1.492130258097755457e-11
-1.578582425180335017e-11
-1.659854620452731178e-11
-1.735309179723958334e-11
-1.836327564912379035e-11
-1.894813799912576797e-11
-1.945676635202650124e-11
-1.988508030351002995e-11
-2.036907223760130806e-11
-2.058146314236168622e-11
-2.070242044314985240e-11
-2.070730188062391324e-11
-2.058994838529182016e-11
-2.037946837608257512e-11
-1.995490586229941584e-11
-1.961243177945155939e-11
-1.902251146214769329e-11
-1.858542888325931689e-11
-1.811853980491137998e-11
-1.737141673712347575e-11
-1.684780234611890886e-11
-1.603306311491946505e-11
-1.547520165040875837e-11
-1.462402590334914555e-11
-1.405111374943011218e-11
-1.319007437086337665e-11
-1.233417264839097948e-11
-1.177007252796531728e-11
-1.093864909446453029e-11
-1.039684207857164910e-11
-9.607008829141782997e-12
-8.849144017344050739e-12
-8.363943117627279211e-12
-7.669279806510063789e-12
-7.017684143490159276e-12
-6.608865708430085027e-12
-6.036204406837559543e-12
-5.514549810405070240e-12
-5.046196287566020083e-12
-4.764556748163779591e-12
-4.361701737196211132e-12
-3.962136014429858452e-12
-3.567899461169834875e-12
-3.180846474296609013e-12
-2.927639381177471931e-12
-2.556217364504560213e-12
-2.196114284199481977e-12
-1.848610230285518784e-12
-1.514853915739599342e-12
-1.195872130460069628e-12
-8.925785536582066532e-13
-6.057819689075992074e-13
-3.361939229033934037e-13
-8.443586604450910119e-14
1.489541897667505182e-13
3.635154632270008371e-13
5.588586150812605309e-13
7.346603505193707950e-13
9.382197735286501490e-13
1.067501583738616644e-12
1.176579194650842258e-12
1.265361541385665429e-12
1.333800407432696482e-12
1.381886960300072110e-12
1.414395262717755905e-12
1.415156217420283778e-12
1.377829264793601571e-12
1.187814076779859321e-12
9.502791255986277070e-13
6.431703186008291615e-13
1.425630617430478254e-13
-2.893126911761221536e-13
-7.600484585049324121e-13
-1.434499875231343924e-12
-1.965946054911466737e-12
-2.695850620660377081e-12
-3.251208218925005062e-12
-3.991399621819984028e-12
-4.539534702462161286e-12
-5.251903641899434755e-12
-5.766625552458641993e-12
-6.419219069469663948e-12
-7.025404101679228622e-12
-7.444880738295629105e-12
-7.951652920853636840e-12
-8.392602781888542431e-12
-8.676700445666060924e-12
-8.989290441900376907e-12
-9.222116512438311929e-12
-9.371246674200824559e-12
-9.433281631768736656e-12
-9.420884588248915476e-12
-9.320242184322173558e-12
-9.052042425418097043e-12
-8.608780457440202293e-12
-8.015737694421059575e-12
-7.296373212853118653e-12
-6.472439644796397441e-12
-5.564091719321013880e-12
-4.589987936794853099e-12
-3.567385826846344900e-12
-2.512231209640153877e-12
-1.439241851186899865e-12
-3.619858766147081507e-13
9.716500888916365201e-13
2.014360299598021406e-12
3.024322670479157565e-12
3.992088419145106680e-12
5.129371160967543153e-12
5.971765801645555172e-12
6.746592781589400145e-12
7.610500259944418313e-12
8.211022224737505417e-12
8.725520460698023010e-12
9.240853251726408341e-12
9.546060367696861179e-12
9.788077257487576764e-12
9.866457682921889559e-12
9.816201849118577235e-12
9.476077129167307354e-12
8.451902459114247740e-12
6.854232756505758492e-12
5.224927561685462002e-12
2.820885124327750682e-12
8.225543935847327829e-14
-2.300269995298096434e-12
-5.460986655410420187e-12
-8.766066128054285866e-12
-1.215767464434569554e-11
-1.558272789755298708e-11
-1.899256984560958303e-11
-2.234267273949871324e-11
-2.495228369098389136e-11
-2.809476195845028736e-11
-3.107247088441974023e-11
-3.438444485887792961e-11
-3.689381167769567059e-11
-3.914849993965543781e-11
-4.112598484157319928e-11
-4.280608073958544685e-11
-4.417077810642159802e-11
-4.536971478103081398e-11
-4.598690439733087959e-11
-4.624397544069855356e-11
-4.613050483212480039e-11
-4.550636350960645960e-11
-4.465063243574448943e-11
-4.328647763000382696e-11
-4.190885479046082902e-11
-4.001434729961295530e-11
-3.826911600428985006e-11
-3.601603537570561600e-11
-3.403589235553683847e-11
-3.157174488685198005e-11
-2.904691186394729762e-11
-2.692141922363165603e-11
-2.437251708193785982e-11
-2.185293278000537475e-11
-1.938932000115342786e-11
-1.700595883222386573e-11
-1.472492034398093992e-11
-1.256622017853293832e-11
-1.054796189550252016e-11
-8.686470774867337967e-12
-6.996418724650813319e-12
-5.490940895638183472e-12
-4.181744562739104189e-12
-3.079210793220335834e-12
-2.192489385570169588e-12
-1.529587528976192312e-12
-1.048298308569611658e-12
-8.895639518256711744e-13
-8.171753938084048120e-13
-7.380167164256327213e-13
-6.745074388506191871e-13
-6.052463732101787594e-13
-5.498423284897923438e-13
-4.896159512027344163e-13
-4.416102920999889870e-13
-3.896303561648833275e-13
-3.417883363548732534e-13
-2.978852710110329257e-13
-2.632451714432357560e-13
-2.261609345568228479e-13
-1.924970322997555490e-13
-1.620880121504605875e-13
-1.347760913909233517e-13
-1.104107812491910606e-13
-8.884853098762546158e-14
-6.995239078563064595e-14
-5.359169233782352340e-14
-3.964174615574724770e-14
-2.798355462401121419e-14
-1.732067828017823520e-14
-1.019754379717461001e-14
-5.026273002676223023e-15
-1.380567087617595101e-15
-6.698834816694414752e-17
0.000000000000000000e+00
0.000000000000000000e+00
0.000000000000000000e+00
0.000000000000000000e+00
0.000000000000000000e+00
0.000000000000000000e+00
0.000000000000000000e+00
0.000000000000000000e+00
0.000000000000000000e+00
0.000000000000000000e+00
0.000000000000000000e+00
0.000000000000000000e+00
0.000000000000000000e+00
0.000000000000000000e+00
0.000000000000000000e+00
0.000000000000000000e+00
0.000000000000000000e+00
0.000000000000000000e+00
0.000000000000000000e+00
0.000000000000000000e+00
0.000000000000000000e+00
0.000000000000000000e+00
0.000000000000000000e+00
0.000000000000000000e+00
0.000000000000000000e+00
0.000000000000000000e+00
0.000000000000000000e+00
0.000000000000000000e+00
0.000000000000000000e+00
0.000000000000000000e+00
0.000000000000000000e+00
0.000000000000000000e+00
0.000000000000000000e+00
0.000000000000000000e+00
0.000000000000000000e+00
0.000000000000000000e+00
0.000000000000000000e+00
0.000000000000000000e+00
0.000000000000000000e+00
0.000000000000000000e+00
0.000000000000000000e+00
0.000000000000000000e+00
0.000000000000000000e+00
0.000000000000000000e+00
0.000000000000000000e+00
0.000000000000000000e+00
0.000000000000000000e+00
0.000000000000000000e+00
0.000000000000000000e+00
0.000000000000000000e+00
0.000000000000000000e+00
0.000000000000000000e+00
0.000000000000000000e+00
0.000000000000000000e+00
0.000000000000000000e+00
0.000000000000000000e+00
0.000000000000000000e+00
0.000000000000000000e+00
0.000000000000000000e+00
0.000000000000000000e+00
0.000000000000000000e+00
0.000000000000000000e+00
0.000000000000000000e+00
0.000000000000000000e+00
0.000000000000000000e+00
0.000000000000000000e+00
0.000000000000000000e+00
0.000000000000000000e+00
0.000000000000000000e+00
0.000000000000000000e+00
0.000000000000000000e+00
0.000000000000000000e+00
0.000000000000000000e+00
0.000000000000000000e+00
0.000000000000000000e+00
0.000000000000000000e+00
0.000000000000000000e+00
0.000000000000000000e+00
0.000000000000000000e+00
0.000000000000000000e+00
0.000000000000000000e+00
0.000000000000000000e+00
0.000000000000000000e+00
0.000000000000000000e+00
0.000000000000000000e+00
0.000000000000000000e+00
0.000000000000000000e+00
0.000000000000000000e+00
0.000000000000000000e+00
0.000000000000000000e+00
0.000000000000000000e+00
0.000000000000000000e+00
0.000000000000000000e+00
0.000000000000000000e+00
0.000000000000000000e+00
0.000000000000000000e+00
0.000000000000000000e+00
0.000000000000000000e+00
0.000000000000000000e+00
0.000000000000000000e+00
0.000000000000000000e+00
0.000000000000000000e+00
0.000000000000000000e+00
0.000000000000000000e+00
0.000000000000000000e+00
0.000000000000000000e+00
0.000000000000000000e+00
0.000000000000000000e+00
0.000000000000000000e+00
0.000000000000000000e+00
0.000000000000000000e+00
0.000000000000000000e+00
0.000000000000000000e+00
0.000000000000000000e+00
0.000000000000000000e+00
0.000000000000000000e+00
0.000000000000000000e+00
0.000000000000000000e+00
0.000000000000000000e+00
0.000000000000000000e+00
0.000000000000000000e+00
0.000000000000000000e+00
0.000000000000000000e+00
0.000000000000000000e+00
0.000000000000000000e+00
0.000000000000000000e+00
0.000000000000000000e+00
0.000000000000000000e+00
0.000000000000000000e+00
0.000000000000000000e+00
0.000000000000000000e+00
0.000000000000000000e+00
0.000000000000000000e+00
0.000000000000000000e+00
0.000000000000000000e+00
0.000000000000000000e+00
0.000000000000000000e+00
0.000000000000000000e+00
0.000000000000000000e+00
0.000000000000000000e+00
0.000000000000000000e+00
0.000000000000000000e+00
0.000000000000000000e+00
0.000000000000000000e+00
0.000000000000000000e+00
0.000000000000000000e+00
0.000000000000000000e+00
0.000000000000000000e+00
0.000000000000000000e+00
0.000000000000000000e+00
0.000000000000000000e+00
0.000000000000000000e+00
0.000000000000000000e+00
0.000000000000000000e+00
0.000000000000000000e+00
0.000000000000000000e+00
0.000000000000000000e+00
0.000000000000000000e+00
0.000000000000000000e+00
0.000000000000000000e+00
0.000000000000000000e+00
0.000000000000000000e+00
0.000000000000000000e+00
0.000000000000000000e+00
0.000000000000000000e+00
0.000000000000000000e+00
0.000000000000000000e+00
0.000000000000000000e+00
0.000000000000000000e+00
0.000000000000000000e+00
0.000000000000000000e+00
0.000000000000000000e+00
0.000000000000000000e+00
0.000000000000000000e+00
0.000000000000000000e+00
0.000000000000000000e+00
0.000000000000000000e+00
0.000000000000000000e+00
0.000000000000000000e+00
0.000000000000000000e+00
0.000000000000000000e+00
0.000000000000000000e+00
0.000000000000000000e+00
0.000000000000000000e+00
0.000000000000000000e+00
0.000000000000000000e+00
0.000000000000000000e+00
0.000000000000000000e+00
0.000000000000000000e+00
0.000000000000000000e+00
0.000000000000000000e+00
0.000000000000000000e+00
0.000000000000000000e+00
0.000000000000000000e+00
0.000000000000000000e+00
0.000000000000000000e+00
0.000000000000000000e+00
0.000000000000000000e+00
0.000000000000000000e+00
0.000000000000000000e+00
0.000000000000000000e+00
0.000000000000000000e+00
0.000000000000000000e+00
0.000000000000000000e+00
0.000000000000000000e+00
0.000000000000000000e+00
0.000000000000000000e+00
0.000000000000000000e+00
0.000000000000000000e+00
0.000000000000000000e+00
0.000000000000000000e+00
0.000000000000000000e+00
0.000000000000000000e+00
0.000000000000000000e+00
0.000000000000000000e+00
0.000000000000000000e+00
0.000000000000000000e+00
0.000000000000000000e+00
0.000000000000000000e+00
0.000000000000000000e+00
0.000000000000000000e+00
0.000000000000000000e+00
0.000000000000000000e+00
0.000000000000000000e+00
0.000000000000000000e+00
0.000000000000000000e+00
0.000000000000000000e+00
0.000000000000000000e+00
0.000000000000000000e+00
0.000000000000000000e+00
0.000000000000000000e+00
0.000000000000000000e+00
0.000000000000000000e+00
0.000000000000000000e+00
0.000000000000000000e+00
0.000000000000000000e+00
0.000000000000000000e+00
0.000000000000000000e+00
0.000000000000000000e+00
0.000000000000000000e+00
0.000000000000000000e+00
0.000000000000000000e+00
0.000000000000000000e+00
0.000000000000000000e+00
0.000000000000000000e+00
0.000000000000000000e+00
0.000000000000000000e+00
0.000000000000000000e+00
0.000000000000000000e+00
0.000000000000000000e+00
0.000000000000000000e+00
0.000000000000000000e+00
0.000000000000000000e+00
0.000000000000000000e+00
0.000000000000000000e+00
0.000000000000000000e+00
0.000000000000000000e+00
0.000000000000000000e+00
0.000000000000000000e+00
0.000000000000000000e+00
0.000000000000000000e+00
0.000000000000000000e+00
0.000000000000000000e+00
0.000000000000000000e+00
0.000000000000000000e+00
0.000000000000000000e+00
0.000000000000000000e+00
0.000000000000000000e+00
0.000000000000000000e+00
0.000000000000000000e+00
0.000000000000000000e+00
0.000000000000000000e+00
0.000000000000000000e+00
0.000000000000000000e+00
0.000000000000000000e+00
0.000000000000000000e+00
0.000000000000000000e+00
0.000000000000000000e+00
0.000000000000000000e+00
0.000000000000000000e+00
0.000000000000000000e+00
0.000000000000000000e+00
0.000000000000000000e+00
0.000000000000000000e+00
0.000000000000000000e+00
0.000000000000000000e+00
0.000000000000000000e+00
0.000000000000000000e+00
0.000000000000000000e+00
0.000000000000000000e+00
0.000000000000000000e+00
0.000000000000000000e+00
0.000000000000000000e+00
0.000000000000000000e+00
0.000000000000000000e+00
0.000000000000000000e+00
0.000000000000000000e+00
0.000000000000000000e+00
0.000000000000000000e+00
0.000000000000000000e+00
0.000000000000000000e+00
0.000000000000000000e+00
0.000000000000000000e+00
0.000000000000000000e+00
0.000000000000000000e+00
0.000000000000000000e+00
0.000000000000000000e+00
0.000000000000000000e+00
0.000000000000000000e+00
0.000000000000000000e+00
0.000000000000000000e+00
0.000000000000000000e+00
0.000000000000000000e+00
0.000000000000000000e+00
0.000000000000000000e+00
0.000000000000000000e+00
0.000000000000000000e+00
0.000000000000000000e+00
0.000000000000000000e+00
0.000000000000000000e+00
0.000000000000000000e+00
0.000000000000000000e+00
0.000000000000000000e+00
0.000000000000000000e+00
0.000000000000000000e+00
0.000000000000000000e+00
0.000000000000000000e+00
0.000000000000000000e+00
0.000000000000000000e+00
0.000000000000000000e+00
0.000000000000000000e+00
0.000000000000000000e+00
0.000000000000000000e+00
0.000000000000000000e+00
0.000000000000000000e+00
0.000000000000000000e+00
0.000000000000000000e+00
0.000000000000000000e+00
0.000000000000000000e+00
0.000000000000000000e+00
0.000000000000000000e+00
0.000000000000000000e+00
0.000000000000000000e+00
0.000000000000000000e+00
0.000000000000000000e+00
0.000000000000000000e+00
0.000000000000000000e+00
0.000000000000000000e+00
0.000000000000000000e+00
0.000000000000000000e+00
0.000000000000000000e+00
0.000000000000000000e+00
0.000000000000000000e+00
0.000000000000000000e+00
0.000000000000000000e+00
0.000000000000000000e+00
0.000000000000000000e+00
0.000000000000000000e+00
0.000000000000000000e+00
0.000000000000000000e+00
0.000000000000000000e+00
0.000000000000000000e+00
0.000000000000000000e+00
0.000000000000000000e+00
0.000000000000000000e+00
0.000000000000000000e+00
0.000000000000000000e+00
0.000000000000000000e+00
0.000000000000000000e+00
0.000000000000000000e+00
0.000000000000000000e+00
0.000000000000000000e+00
0.000000000000000000e+00
0.000000000000000000e+00
0.000000000000000000e+00
0.000000000000000000e+00
0.000000000000000000e+00
0.000000000000000000e+00
0.000000000000000000e+00
0.000000000000000000e+00
0.000000000000000000e+00
0.000000000000000000e+00
0.000000000000000000e+00
0.000000000000000000e+00
0.000000000000000000e+00
0.000000000000000000e+00
0.000000000000000000e+00
0.000000000000000000e+00
0.000000000000000000e+00
0.000000000000000000e+00
0.000000000000000000e+00
0.000000000000000000e+00
0.000000000000000000e+00
0.000000000000000000e+00
0.000000000000000000e+00
0.000000000000000000e+00
0.000000000000000000e+00
0.000000000000000000e+00
0.000000000000000000e+00
0.000000000000000000e+00
0.000000000000000000e+00
0.000000000000000000e+00
0.000000000000000000e+00
0.000000000000000000e+00
0.000000000000000000e+00
0.000000000000000000e+00
0.000000000000000000e+00
0.000000000000000000e+00
0.000000000000000000e+00
0.000000000000000000e+00
0.000000000000000000e+00
0.000000000000000000e+00
0.000000000000000000e+00
0.000000000000000000e+00
0.000000000000000000e+00
0.000000000000000000e+00
0.000000000000000000e+00
0.000000000000000000e+00
0.000000000000000000e+00
0.000000000000000000e+00
0.000000000000000000e+00
0.000000000000000000e+00
0.000000000000000000e+00
0.000000000000000000e+00
0.000000000000000000e+00
0.000000000000000000e+00
0.000000000000000000e+00
0.000000000000000000e+00
0.000000000000000000e+00
0.000000000000000000e+00
0.000000000000000000e+00
0.000000000000000000e+00
0.000000000000000000e+00
0.000000000000000000e+00
0.000000000000000000e+00
0.000000000000000000e+00
0.000000000000000000e+00
0.000000000000000000e+00
0.000000000000000000e+00
0.000000000000000000e+00
0.000000000000000000e+00
0.000000000000000000e+00
0.000000000000000000e+00
0.000000000000000000e+00
0.000000000000000000e+00
0.000000000000000000e+00
0.000000000000000000e+00
0.000000000000000000e+00
0.000000000000000000e+00
0.000000000000000000e+00
0.000000000000000000e+00
0.000000000000000000e+00
0.000000000000000000e+00
0.000000000000000000e+00
0.000000000000000000e+00
0.000000000000000000e+00
0.000000000000000000e+00
0.000000000000000000e+00
0.000000000000000000e+00
0.000000000000000000e+00
0.000000000000000000e+00
0.000000000000000000e+00
0.000000000000000000e+00
0.000000000000000000e+00
0.000000000000000000e+00
0.000000000000000000e+00
0.000000000000000000e+00
0.000000000000000000e+00
0.000000000000000000e+00
0.000000000000000000e+00
0.000000000000000000e+00
0.000000000000000000e+00
0.000000000000000000e+00
0.000000000000000000e+00
0.000000000000000000e+00
0.000000000000000000e+00
0.000000000000000000e+00
0.000000000000000000e+00
0.000000000000000000e+00
0.000000000000000000e+00
0.000000000000000000e+00
0.000000000000000000e+00
0.000000000000000000e+00
0.000000000000000000e+00
0.000000000000000000e+00
0.000000000000000000e+00
0.000000000000000000e+00
0.000000000000000000e+00
0.000000000000000000e+00
0.000000000000000000e+00
0.000000000000000000e+00
0.000000000000000000e+00
0.000000000000000000e+00
0.000000000000000000e+00
0.000000000000000000e+00
0.000000000000000000e+00
0.000000000000000000e+00
0.000000000000000000e+00
0.000000000000000000e+00
0.000000000000000000e+00
0.000000000000000000e+00
0.000000000000000000e+00
0.000000000000000000e+00
0.000000000000000000e+00
0.000000000000000000e+00
0.000000000000000000e+00
0.000000000000000000e+00
0.000000000000000000e+00
0.000000000000000000e+00
0.000000000000000000e+00
0.000000000000000000e+00
0.000000000000000000e+00
0.000000000000000000e+00
0.000000000000000000e+00
0.000000000000000000e+00
0.000000000000000000e+00
nan
