# bin_20_12
-3.294486719209640643e-09
-4.610409150335516185e-09
-7.393941971962375673e-10
-3.109330928614696910e-09
-7.632593924123359587e-10
-1.723439702445140414e-09
-1.121253063536836130e-09
-1.444078065175829238e-09
-1.179977849359044865e-09
-7.915005531232534362e-10
-6.998034253346387693e-10
6.733143933298117691e-10
-1.682816287874368133e-09
-1.653277429682439190e-09
-1.612336651404960485e-09
-2.801848592404475408e-09
-4.341627693299603484e-09
-4.688447463356970793e-09
-4.079258882141696140e-09
-3.421709906881675478e-09
-2.886199140970301590e-09
-2.551814742247123941e-09
-2.392420709725170849e-09
-2.296959301608898635e-09
-2.202558497307207225e-09
-2.073502782728309152e-09
-1.509809328748340586e-09
-5.338493528625622916e-10
4.126860757475833369e-10
1.056934940299920462e-09
1.241103777216181831e-09
7.572200365682484641e-10
-2.020087038973627159e-10
-1.251292774215695037e-09
-2.130626328925179815e-09
-2.670859912667007136e-09
-2.768460665955723381e-09
-2.604982442104503346e-09
-2.414641672209499549e-09
-2.208143254530025249e-09
-1.993654213673519000e-09
-1.777356411193145256e-09
-1.563878096355593383e-09
-1.356631828961683586e-09
-1.126490932490528443e-09
-8.668079749149223065e-10
-6.072116945495860092e-10
-3.698308976282520488e-10
-1.708589010266775545e-10
-2.180180690029239320e-11
6.952429460918395393e-11
9.819601008645852487e-11
9.452687183686425327e-11
9.093477722319460440e-11
8.742495158931707457e-11
8.400120931819138600e-11
8.066619438260484866e-11
7.742158179374650609e-11
7.426824647633525278e-11
7.120640495509757769e-11
6.823573430509305256e-11
6.479214766119840404e-11
6.053394349267119436e-11
5.575154570746724879e-11
5.068557613972226998e-11
4.553434291687870409e-11
4.046021302055075487e-11
3.559504055986089771e-11
3.104479467024777600e-11
2.689350802076498577e-11
2.320664782451025034e-11
2.003399532249425282e-11
1.706981897214768281e-11
1.405263817349973625e-11
1.107511809298570377e-11
8.214202791765082048e-12
5.533264787644972822e-12
3.083970071314476866e-12
9.078970875822778478e-13
-9.620572441397196696e-13
-2.500456025912064124e-12
-3.688260899312064411e-12
-4.511909465226710416e-12
-4.962513372453789395e-12
-5.035161316249556477e-12
-2.704114552961459748e-12
3.355369290815920358e-12
1.219362583130639473e-11
2.298178792889289773e-11
3.499828511675461833e-11
4.761684140953828274e-11
6.029579948407727377e-11
7.256861995897660378e-11
8.403542259627536290e-11
9.435545206116333325e-11
1.032403647091945431e-10
1.104482449861266742e-10
1.157782706485834871e-10
1.190659553381247126e-10
1.201789052344150240e-10
1.190130337197280132e-10
1.086508205028993452e-10
8.444514870629786638e-11
4.944751785257946711e-11
6.377985529406394566e-12
-4.234322070564366004e-11
-9.456708799822103373e-11
-1.483899052930263871e-10
-2.021297890588967122e-10
-2.543054108987835363e-10
-3.036167144197482885e-10
-3.489274302624145514e-10
-3.892492174149389535e-10
-4.237272761219925430e-10
-4.516272930736335792e-10
-4.723235933239996958e-10
-4.852883857229425464e-10
-4.900819997026148632e-10
-4.863440211842376911e-10
-4.747544455395556342e-10
-4.570140918319819017e-10
-4.342636292454452215e-10
-4.075381951680371862e-10
-3.777760014963817006e-10
-3.458262417905983733e-10
-3.124563582001040929e-10
-2.783587218513985357e-10
-2.441567756511029855e-10
-2.104106841620667648e-10
-1.776225313133776047e-10
-1.462411031676711135e-10
-1.166662897559689885e-10
-8.925313707000762676e-11
-6.431557764638111262e-11
-4.212986576049776457e-11
-2.293774104840058506e-11
-6.949342370683806410e-12
5.654108093650043157e-12
1.471783220099668575e-11
2.011121784163380398e-11
2.172572016697731190e-11
2.096850705555969314e-11
1.939887922715874166e-11
1.714392063537371636e-11
1.432071188774170613e-11
1.103702517830932094e-11
7.391971080651118080e-12
3.476600664333765237e-12
-6.255338647968921124e-13
-4.837857041647475163e-12
-9.090283799566672155e-12
-1.331876637659018539e-11
-1.746487212648770785e-11
-2.147539006439810231e-11
-2.530196413680286055e-11
-2.890075135305709232e-11
-3.223210305177675699e-11
-3.526026770092640901e-11
-3.795311374639435664e-11
-4.028187113089539593e-11
-4.222089020398261692e-11
-4.374741683539812073e-11
-4.484138262853583161e-11
-4.548520920903005585e-11
-4.566362563585138388e-11
-4.536349804930412826e-11
-4.466173611192297616e-11
-4.366982655951803243e-11
-4.242599192031193585e-11
-4.096589502804665454e-11
-3.932279079897922839e-11
-3.752766901815939043e-11
-3.560938868882835679e-11
-3.150888563585042713e-11
-2.937482816203452279e-11
-2.721416010951117117e-11
-2.504684095616151377e-11
-2.289135509575845845e-11
-2.076479990300280424e-11
-1.868296868343075642e-11
-1.666042881371916128e-11
-1.284580043405822335e-11
-1.107735856504548874e-11
-9.415628279838032941e-12
-7.870070156693869739e-12
-6.449301534353646958e-12
-5.161148080414343188e-12
-4.012692401045856099e-12
-2.159761797982738633e-12
-1.466136216212977981e-12
-9.339862137924341403e-13
-5.673161662478138463e-13
-2.605214186506625410e-13
-1.573675146850648549e-13
-5.994879193879166633e-14
3.194236908361647620e-14
1.185061492321894034e-13
2.764167956514861936e-13
3.481293371304036694e-13
4.152463609347682363e-13
5.363560941030580080e-13
5.906654033650562738e-13
6.410128282841776700e-13
6.875431094806184982e-13
7.697060721643399560e-13
8.056036588858173941e-13
8.382142651202248032e-13
8.940552321398358108e-13
9.175155983735710614e-13
9.381492949886256133e-13
9.713543571903050197e-13
9.841256385963029706e-13
1.002480055980187677e-12
1.008243265426511510e-12
1.011845419973414420e-12
1.012893928049449980e-12
1.010497042466224672e-12
1.000233145521898892e-12
9.925074813711812920e-13
5.444041428621249612e-13
2.639598352746600402e-14
-6.628054959973200773e-13
-2.485814168484997737e-12
-3.587233517502676325e-12
-6.094855380400219446e-12
-7.473266718906269328e-12
-1.041500243983630110e-11
-1.195456362153755280e-11
-1.511621201601740523e-11
-1.671806494806100219e-11
-1.991722562651004834e-11
-2.305396251908617186e-11
-2.457951412005625864e-11
-2.750992419436970022e-11
-2.890195791191847807e-11
-3.151041145784947191e-11
-3.384972607270425952e-11
-3.490654472883330391e-11
-3.677330530044863346e-11
-3.757560381208845920e-11
-3.890087259432870988e-11
-3.983362796665828845e-11
-4.014612378354480880e-11
-4.045179101133296228e-11
-4.031850672026500426e-11
-4.008297744265312747e-11
-3.899400212838514786e-11
-3.700109061956620549e-11
-3.425033989618640373e-11
-3.263315415756035458e-11
-2.899379445674349900e-11
-2.491165598617812924e-11
-2.049481453252594910e-11
-1.819213075340887712e-11
-1.345602052940463230e-11
-8.616750524972033291e-12
-3.753119650434658639e-12
1.063122406900597336e-12
3.432852075907020349e-12
8.057653808462734875e-12
1.248327256169453959e-11
1.665884258367898457e-11
2.053851773292526664e-11
2.408110366975172375e-11
2.724971571731268370e-11
3.001146056656593295e-11
3.233714013509123931e-11
3.420097601461032642e-11
3.558035305733306285e-11
3.645558075754740197e-11
3.680967118298029774e-11
3.662813230103663650e-11
3.554548376017015479e-11
3.331502240582347765e-11
3.009359523655906691e-11
2.602716935849982897e-11
2.125149929541962354e-11
1.589275344040037924e-11
1.006810224937278098e-11
3.886270602259618834e-12
-2.551943404746103530e-12
-9.153181122895048922e-12
-1.583106549779400598e-11
-2.250577085689027700e-11
-3.235228319720694366e-11
-3.870921449448683817e-11
-4.482954738175487629e-11
-5.065827194648489144e-11
-5.614498603479265319e-11
-6.363409689452940292e-11
-6.807296261753028510e-11
-7.202569262018787005e-11
-7.545929599379302842e-11
-7.957205035595297875e-11
-8.158414636314196304e-11
-8.298570537335590338e-11
-8.390012871053881327e-11
-8.369289635600685360e-11
-8.281044050955258078e-11
-8.023033327228654039e-11
-7.777569205872150939e-11
-7.316933744768435458e-11
-6.957802982532741775e-11
-6.564191313744319791e-11
-5.921521039747144246e-11
-5.465936866678969606e-11
-4.754036462032041737e-11
-4.266971449518573746e-11
-3.528021180099091008e-11
-3.035368700984256351e-11
-2.305100586566024270e-11
-1.594819260389376291e-11
-1.137250482208011163e-11
-4.814087024642676996e-12
-6.802156549680100212e-13
5.108418845560284867e-12
1.034365173113961445e-11
1.349683776717777583e-11
1.768169789712251176e-11
2.117064812488155625e-11
2.308917360755217102e-11
2.532841619255695600e-11
2.677281519474767925e-11
2.739464509291474387e-11
2.734055723618282312e-11
2.696433012577062309e-11
2.656893714896917508e-11
2.615574846026340159e-11
2.572606042595222482e-11
2.543104389656492377e-11
2.497654985127797885e-11
2.450868220505822539e-11
2.402849908714355456e-11
2.353700154697153311e-11
2.303513658218174361e-11
2.252379999739229354e-11
2.200383910389956645e-11
2.147605526979407558e-11
2.094120632937560620e-11
2.040000886018239520e-11
1.985314033542081868e-11
1.930124115908960797e-11
1.874491659063223704e-11
1.799725050307265141e-11
1.743276982989193013e-11
1.686565012651108228e-11
1.629636417969682222e-11
1.572535827813464634e-11
1.515305357085630010e-11
1.438864366537644471e-11
1.381481449873608656e-11
1.316816671831220976e-11
1.185762990612082652e-11
1.057049663604767756e-11
9.063271484654728978e-12
6.769788343663150507e-12
4.877572404270803334e-12
2.870297169592337828e-12
6.152025602746860751e-14
-2.111995964462419743e-12
-5.055556989411994256e-12
-7.269992800261255187e-12
-1.019471663567849021e-11
-1.234432424304188884e-11
-1.512096368630588515e-11
-1.711706232176790596e-11
-1.963761699191003181e-11
-2.197057284207739878e-11
-2.358137611947716347e-11
-2.552499036869528964e-11
-2.721600664405097293e-11
-2.830713246909082868e-11
-2.951236127870389224e-11
-3.041882052631705261e-11
-3.101362929042329969e-11
-3.128573468969457610e-11
-3.127234348040131693e-11
-3.093855860686112087e-11
-2.984593229333360922e-11
-2.793246945485486490e-11
-2.531634785001085961e-11
-2.210722985540497302e-11
-1.840680394580116269e-11
-1.430929182733803989e-11
-9.901923487377894200e-12
-5.265382267207948156e-12
-4.742219180879556870e-13
4.402742533954220157e-12
9.302068414350363506e-12
1.536913432033660899e-11
2.011233955773175457e-11
2.470481257366692039e-11
2.910236119289414482e-11
3.426397879776171640e-11
3.808061667955031475e-11
4.158364983212180164e-11
4.547647493065488536e-11
4.816965998265483454e-11
5.046287741885172370e-11
5.273502511988942627e-11
5.405464440552737847e-11
5.505500144909748456e-11
5.531890485568540184e-11
5.495867170426034436e-11
5.372556060386676026e-11
5.055647223126876184e-11
4.582991088761072977e-11
4.109564395143911314e-11
3.418162539598259682e-11
2.636153018718410744e-11
1.958743633225451240e-11
1.062760264503680039e-11
1.280288331595673281e-12
-8.296853837635369972e-12
-1.795912627177433075e-11
-2.757391026821714255e-11
-3.701984763421077594e-11
-4.438019443988519698e-11
-5.324943169543424917e-11
-6.166360929482907066e-11
-7.104065982341941601e-11
-7.816532477789833093e-11
-8.458999602011717442e-11
-9.025332809952058786e-11
-9.510035510546572645e-11
-9.908204588144119839e-11
-1.026569310862275461e-10
-1.045889163878868371e-10
-1.055338740821268824e-10
-1.054634617509925780e-10
-1.035487288322727974e-10
-9.857187522952932549e-11
-8.868304659969017432e-11
-7.763831810651321815e-11
-6.156415649138195141e-11
-4.621474387362265426e-11
-2.591860236966971720e-11
-7.781337609664811669e-12
1.505045622629688663e-11
3.864279386550145896e-11
5.859934797848270094e-11
8.258875939061107074e-11
1.063091296325697140e-10
1.294554279668028723e-10
1.517497177729628307e-10
1.729392786865369116e-10
1.927948541567930783e-10
2.111090158475560762e-10
2.276946369182073979e-10
2.423834667898261877e-10
2.550248005262612435e-10
2.654842364454388664e-10
2.736425160257044595e-10
2.793944405879982187e-10
2.826478596200656889e-10
2.831795220140748078e-10
2.807683789591968136e-10
2.761155202067523700e-10
2.684184109269361019e-10
2.601494992386763253e-10
2.488640603307588164e-10
2.380218775818184609e-10
2.242768630455892373e-10
2.117582736295524873e-10
1.965229525029755030e-10
1.808368628148593733e-10
1.649204388354734521e-10
1.512480926319055569e-10
1.354269468101152036e-10
1.199082085648173808e-10
1.048480425452291594e-10
9.038862956207967036e-11
7.665912913774745810e-11
6.377657842588975872e-11
5.184673180193668930e-11
4.096484512169631605e-11
3.121640836376150590e-11
2.267783011086538627e-11
1.448773813201153219e-11
8.760544585204486934e-12
4.431119433389567359e-12
1.252384243670237642e-12
6.225743520637220290e-14
0.000000000000000000e+00
0.000000000000000000e+00
0.000000000000000000e+00
0.000000000000000000e+00
0.000000000000000000e+00
0.000000000000000000e+00
0.000000000000000000e+00
0.000000000000000000e+00
0.000000000000000000e+00
0.000000000000000000e+00
0.000000000000000000e+00
0.000000000000000000e+00
0.000000000000000000e+00
0.000000000000000000e+00
0.000000000000000000e+00
0.000000000000000000e+00
0.000000000000000000e+00
0.000000000000000000e+00
0.000000000000000000e+00
0.000000000000000000e+00
0.000000000000000000e+00
0.000000000000000000e+00
0.000000000000000000e+00
0.000000000000000000e+00
0.000000000000000000e+00
0.000000000000000000e+00
0.000000000000000000e+00
0.000000000000000000e+00
0.000000000000000000e+00
0.000000000000000000e+00
0.000000000000000000e+00
0.000000000000000000e+00
0.000000000000000000e+00
0.000000000000000000e+00
0.000000000000000000e+00
0.000000000000000000e+00
0.000000000000000000e+00
0.000000000000000000e+00
0.000000000000000000e+00
0.000000000000000000e+00
0.000000000000000000e+00
0.000000000000000000e+00
0.000000000000000000e+00
0.000000000000000000e+00
0.000000000000000000e+00
0.000000000000000000e+00
0.000000000000000000e+00
0.000000000000000000e+00
0.000000000000000000e+00
0.000000000000000000e+00
0.000000000000000000e+00
0.000000000000000000e+00
0.000000000000000000e+00
0.000000000000000000e+00
0.000000000000000000e+00
0.000000000000000000e+00
0.000000000000000000e+00
0.000000000000000000e+00
0.000000000000000000e+00
0.000000000000000000e+00
0.000000000000000000e+00
0.000000000000000000e+00
0.000000000000000000e+00
0.000000000000000000e+00
0.000000000000000000e+00
0.000000000000000000e+00
0.000000000000000000e+00
0.000000000000000000e+00
0.000000000000000000e+00
0.000000000000000000e+00
0.000000000000000000e+00
0.000000000000000000e+00
0.000000000000000000e+00
0.000000000000000000e+00
0.000000000000000000e+00
0.000000000000000000e+00
0.000000000000000000e+00
0.000000000000000000e+00
0.000000000000000000e+00
0.000000000000000000e+00
0.000000000000000000e+00
0.000000000000000000e+00
0.000000000000000000e+00
0.000000000000000000e+00
0.000000000000000000e+00
0.000000000000000000e+00
0.000000000000000000e+00
0.000000000000000000e+00
0.000000000000000000e+00
0.000000000000000000e+00
0.000000000000000000e+00
0.000000000000000000e+00
0.000000000000000000e+00
0.000000000000000000e+00
0.000000000000000000e+00
0.000000000000000000e+00
0.000000000000000000e+00
0.000000000000000000e+00
0.000000000000000000e+00
0.000000000000000000e+00
0.000000000000000000e+00
0.000000000000000000e+00
0.000000000000000000e+00
0.000000000000000000e+00
0.000000000000000000e+00
0.000000000000000000e+00
0.000000000000000000e+00
0.000000000000000000e+00
0.000000000000000000e+00
0.000000000000000000e+00
0.000000000000000000e+00
0.000000000000000000e+00
0.000000000000000000e+00
0.000000000000000000e+00
0.000000000000000000e+00
0.000000000000000000e+00
0.000000000000000000e+00
0.000000000000000000e+00
0.000000000000000000e+00
0.000000000000000000e+00
0.000000000000000000e+00
0.000000000000000000e+00
0.000000000000000000e+00
0.000000000000000000e+00
0.000000000000000000e+00
0.000000000000000000e+00
0.000000000000000000e+00
0.000000000000000000e+00
0.000000000000000000e+00
0.000000000000000000e+00
0.000000000000000000e+00
0.000000000000000000e+00
0.000000000000000000e+00
0.000000000000000000e+00
0.000000000000000000e+00
0.000000000000000000e+00
0.000000000000000000e+00
0.000000000000000000e+00
0.000000000000000000e+00
0.000000000000000000e+00
0.000000000000000000e+00
0.000000000000000000e+00
0.000000000000000000e+00
0.000000000000000000e+00
0.000000000000000000e+00
0.000000000000000000e+00
0.000000000000000000e+00
0.000000000000000000e+00
0.000000000000000000e+00
0.000000000000000000e+00
0.000000000000000000e+00
0.000000000000000000e+00
0.000000000000000000e+00
0.000000000000000000e+00
0.000000000000000000e+00
0.000000000000000000e+00
0.000000000000000000e+00
0.000000000000000000e+00
0.000000000000000000e+00
0.000000000000000000e+00
0.000000000000000000e+00
0.000000000000000000e+00
0.000000000000000000e+00
0.000000000000000000e+00
0.000000000000000000e+00
0.000000000000000000e+00
0.000000000000000000e+00
0.000000000000000000e+00
0.000000000000000000e+00
0.000000000000000000e+00
0.000000000000000000e+00
0.000000000000000000e+00
0.000000000000000000e+00
0.000000000000000000e+00
0.000000000000000000e+00
0.000000000000000000e+00
0.000000000000000000e+00
0.000000000000000000e+00
0.000000000000000000e+00
0.000000000000000000e+00
0.000000000000000000e+00
0.000000000000000000e+00
0.000000000000000000e+00
0.000000000000000000e+00
0.000000000000000000e+00
0.000000000000000000e+00
0.000000000000000000e+00
0.000000000000000000e+00
0.000000000000000000e+00
0.000000000000000000e+00
0.000000000000000000e+00
0.000000000000000000e+00
0.000000000000000000e+00
0.000000000000000000e+00
0.000000000000000000e+00
0.000000000000000000e+00
0.000000000000000000e+00
0.000000000000000000e+00
0.000000000000000000e+00
0.000000000000000000e+00
0.000000000000000000e+00
0.000000000000000000e+00
0.000000000000000000e+00
0.000000000000000000e+00
0.000000000000000000e+00
0.000000000000000000e+00
0.000000000000000000e+00
0.000000000000000000e+00
0.000000000000000000e+00
0.000000000000000000e+00
0.000000000000000000e+00
0.000000000000000000e+00
0.000000000000000000e+00
0.000000000000000000e+00
0.000000000000000000e+00
0.000000000000000000e+00
0.000000000000000000e+00
0.000000000000000000e+00
0.000000000000000000e+00
0.000000000000000000e+00
0.000000000000000000e+00
0.000000000000000000e+00
0.000000000000000000e+00
0.000000000000000000e+00
0.000000000000000000e+00
0.000000000000000000e+00
0.000000000000000000e+00
0.000000000000000000e+00
0.000000000000000000e+00
0.000000000000000000e+00
0.000000000000000000e+00
0.000000000000000000e+00
0.000000000000000000e+00
0.000000000000000000e+00
0.000000000000000000e+00
0.000000000000000000e+00
0.000000000000000000e+00
0.000000000000000000e+00
0.000000000000000000e+00
0.000000000000000000e+00
0.000000000000000000e+00
0.000000000000000000e+00
0.000000000000000000e+00
0.000000000000000000e+00
0.000000000000000000e+00
0.000000000000000000e+00
0.000000000000000000e+00
0.000000000000000000e+00
0.000000000000000000e+00
0.000000000000000000e+00
0.000000000000000000e+00
0.000000000000000000e+00
0.000000000000000000e+00
0.000000000000000000e+00
0.000000000000000000e+00
0.000000000000000000e+00
0.000000000000000000e+00
0.000000000000000000e+00
0.000000000000000000e+00
0.000000000000000000e+00
0.000000000000000000e+00
0.000000000000000000e+00
0.000000000000000000e+00
0.000000000000000000e+00
0.000000000000000000e+00
0.000000000000000000e+00
0.000000000000000000e+00
0.000000000000000000e+00
0.000000000000000000e+00
0.000000000000000000e+00
0.000000000000000000e+00
0.000000000000000000e+00
0.000000000000000000e+00
0.000000000000000000e+00
0.000000000000000000e+00
0.000000000000000000e+00
0.000000000000000000e+00
0.000000000000000000e+00
0.000000000000000000e+00
0.000000000000000000e+00
0.000000000000000000e+00
0.000000000000000000e+00
0.000000000000000000e+00
0.000000000000000000e+00
0.000000000000000000e+00
0.000000000000000000e+00
0.000000000000000000e+00
0.000000000000000000e+00
0.000000000000000000e+00
0.000000000000000000e+00
0.000000000000000000e+00
0.000000000000000000e+00
0.000000000000000000e+00
0.000000000000000000e+00
0.000000000000000000e+00
0.000000000000000000e+00
0.000000000000000000e+00
0.000000000000000000e+00
0.000000000000000000e+00
0.000000000000000000e+00
0.000000000000000000e+00
0.000000000000000000e+00
0.000000000000000000e+00
0.000000000000000000e+00
0.000000000000000000e+00
0.000000000000000000e+00
0.000000000000000000e+00
0.000000000000000000e+00
0.000000000000000000e+00
0.000000000000000000e+00
0.000000000000000000e+00
0.000000000000000000e+00
0.000000000000000000e+00
0.000000000000000000e+00
0.000000000000000000e+00
0.000000000000000000e+00
0.000000000000000000e+00
0.000000000000000000e+00
0.000000000000000000e+00
0.000000000000000000e+00
0.000000000000000000e+00
0.000000000000000000e+00
0.000000000000000000e+00
0.000000000000000000e+00
0.000000000000000000e+00
0.000000000000000000e+00
0.000000000000000000e+00
0.000000000000000000e+00
0.000000000000000000e+00
0.000000000000000000e+00
0.000000000000000000e+00
0.000000000000000000e+00
0.000000000000000000e+00
0.000000000000000000e+00
0.000000000000000000e+00
0.000000000000000000e+00
0.000000000000000000e+00
0.000000000000000000e+00
0.000000000000000000e+00
0.000000000000000000e+00
0.000000000000000000e+00
0.000000000000000000e+00
0.000000000000000000e+00
0.000000000000000000e+00
0.000000000000000000e+00
0.000000000000000000e+00
0.000000000000000000e+00
0.000000000000000000e+00
0.000000000000000000e+00
0.000000000000000000e+00
0.000000000000000000e+00
0.000000000000000000e+00
0.000000000000000000e+00
0.000000000000000000e+00
0.000000000000000000e+00
0.000000000000000000e+00
0.000000000000000000e+00
0.000000000000000000e+00
0.000000000000000000e+00
0.000000000000000000e+00
0.000000000000000000e+00
0.000000000000000000e+00
0.000000000000000000e+00
0.000000000000000000e+00
0.000000000000000000e+00
0.000000000000000000e+00
0.000000000000000000e+00
0.000000000000000000e+00
0.000000000000000000e+00
0.000000000000000000e+00
0.000000000000000000e+00
0.000000000000000000e+00
0.000000000000000000e+00
0.000000000000000000e+00
0.000000000000000000e+00
0.000000000000000000e+00
0.000000000000000000e+00
0.000000000000000000e+00
0.000000000000000000e+00
0.000000000000000000e+00
0.000000000000000000e+00
0.000000000000000000e+00
0.000000000000000000e+00
0.000000000000000000e+00
0.000000000000000000e+00
0.000000000000000000e+00
0.000000000000000000e+00
0.000000000000000000e+00
0.000000000000000000e+00
0.000000000000000000e+00
0.000000000000000000e+00
0.000000000000000000e+00
0.000000000000000000e+00
0.000000000000000000e+00
0.000000000000000000e+00
0.000000000000000000e+00
0.000000000000000000e+00
0.000000000000000000e+00
0.000000000000000000e+00
0.000000000000000000e+00
0.000000000000000000e+00
0.000000000000000000e+00
0.000000000000000000e+00
0.000000000000000000e+00
0.000000000000000000e+00
0.000000000000000000e+00
0.000000000000000000e+00
0.000000000000000000e+00
0.000000000000000000e+00
0.000000000000000000e+00
0.000000000000000000e+00
0.000000000000000000e+00
0.000000000000000000e+00
0.000000000000000000e+00
0.000000000000000000e+00
0.000000000000000000e+00
0.000000000000000000e+00
0.000000000000000000e+00
0.000000000000000000e+00
0.000000000000000000e+00
0.000000000000000000e+00
0.000000000000000000e+00
0.000000000000000000e+00
0.000000000000000000e+00
0.000000000000000000e+00
0.000000000000000000e+00
0.000000000000000000e+00
0.000000000000000000e+00
0.000000000000000000e+00
0.000000000000000000e+00
0.000000000000000000e+00
0.000000000000000000e+00
0.000000000000000000e+00
0.000000000000000000e+00
0.000000000000000000e+00
0.000000000000000000e+00
0.000000000000000000e+00
0.000000000000000000e+00
0.000000000000000000e+00
0.000000000000000000e+00
0.000000000000000000e+00
0.000000000000000000e+00
0.000000000000000000e+00
0.000000000000000000e+00
0.000000000000000000e+00
0.000000000000000000e+00
0.000000000000000000e+00
0.000000000000000000e+00
0.000000000000000000e+00
0.000000000000000000e+00
0.000000000000000000e+00
0.000000000000000000e+00
0.000000000000000000e+00
0.000000000000000000e+00
0.000000000000000000e+00
0.000000000000000000e+00
0.000000000000000000e+00
0.000000000000000000e+00
0.000000000000000000e+00
0.000000000000000000e+00
0.000000000000000000e+00
0.000000000000000000e+00
0.000000000000000000e+00
0.000000000000000000e+00
0.000000000000000000e+00
0.000000000000000000e+00
0.000000000000000000e+00
0.000000000000000000e+00
0.000000000000000000e+00
0.000000000000000000e+00
0.000000000000000000e+00
0.000000000000000000e+00
0.000000000000000000e+00
0.000000000000000000e+00
0.000000000000000000e+00
0.000000000000000000e+00
0.000000000000000000e+00
0.000000000000000000e+00
0.000000000000000000e+00
0.000000000000000000e+00
0.000000000000000000e+00
0.000000000000000000e+00
0.000000000000000000e+00
0.000000000000000000e+00
0.000000000000000000e+00
0.000000000000000000e+00
0.000000000000000000e+00
0.000000000000000000e+00
0.000000000000000000e+00
0.000000000000000000e+00
0.000000000000000000e+00
0.000000000000000000e+00
0.000000000000000000e+00
0.000000000000000000e+00
0.000000000000000000e+00
0.000000000000000000e+00
0.000000000000000000e+00
0.000000000000000000e+00
0.000000000000000000e+00
0.000000000000000000e+00
0.000000000000000000e+00
0.000000000000000000e+00
0.000000000000000000e+00
0.000000000000000000e+00
0.000000000000000000e+00
0.000000000000000000e+00
0.000000000000000000e+00
0.000000000000000000e+00
0.000000000000000000e+00
0.000000000000000000e+00
0.000000000000000000e+00
0.000000000000000000e+00
0.000000000000000000e+00
0.000000000000000000e+00
0.000000000000000000e+00
0.000000000000000000e+00
nan
