# bin_21_13
-9.411738220887324026e-10
-4.345404198105967331e-09
1.034902089591940449e-09
-2.853003709257168810e-09
2.673428075695826551e-09
-2.353848175295923379e-09
2.487855287759838189e-09
-2.155214154384372531e-09
1.948584957085046205e-09
-8.580504779023104129e-10
1.323637185395778175e-09
-1.495814616654718164e-09
1.323209965567790186e-09
6.931051232799575274e-10
2.437472624616546127e-10
6.872816933049355240e-10
1.466873236954533033e-09
2.042325956610926169e-09
2.483703684100863557e-09
2.868508690274158477e-09
3.038095227318736782e-09
2.929106944293707252e-09
2.512437884682777940e-09
1.980331235800627439e-09
1.543876099440924181e-09
1.318561485826710094e-09
1.523642294366440770e-09
2.041985545600370381e-09
2.556705017733902418e-09
2.871455001550358966e-09
2.872101888442249314e-09
2.425498421686096363e-09
1.646761006161491694e-09
7.683766408934402735e-10
-5.071597927504503624e-11
-7.051589485937836004e-10
-1.128499603347494120e-09
-1.394220076171315657e-09
-1.603467615709523756e-09
-1.755405269036738728e-09
-1.850941318222512431e-09
-1.892176172774600424e-09
-1.881994254110119576e-09
-1.823764175668172929e-09
-1.664428501624418680e-09
-1.397233374892540536e-09
-1.082369728358139431e-09
-7.656951136155774908e-10
-4.816561667273466245e-10
-2.556274482332230055e-10
-1.057859412742738657e-10
-4.461512684596491578e-11
-3.206115713731012634e-11
-2.187266074580286038e-11
-1.374832614981668018e-11
-7.424580859121514425e-12
-2.670588119139129265e-12
7.160417329878874193e-13
2.912935464313247870e-12
4.076128605368444907e-12
4.342801445242327387e-12
1.694080568460425709e-12
-4.848809280533704811e-12
-1.382076207248698830e-11
-2.401358953087695003e-11
-3.443692780635842418e-11
-4.428501272335796136e-11
-5.290841686971009543e-11
-5.978998828680660252e-11
-6.452435212112447609e-11
-6.680043776756644730e-11
-6.638657838332638340e-11
-6.171994792746847757e-11
-5.245154990376635057e-11
-4.003892077547407107e-11
-2.572089748388417640e-11
-1.054621261217176848e-11
4.601609189865398242e-12
1.898255997307143873e-11
3.198123790719385685e-11
4.309035165059782964e-11
5.189632422788157733e-11
5.806672396275846310e-11
6.133928684623105357e-11
6.151232632340192642e-11
6.005589653986345274e-11
5.855297577171240010e-11
5.701097989134376716e-11
5.543661019911193045e-11
5.383591988305754959e-11
5.221437402243954046e-11
5.057690380400972336e-11
4.892795554569230521e-11
4.727153505688640250e-11
4.561124780687546819e-11
4.395033532183141968e-11
4.229170818580819219e-11
4.063797598119546018e-11
3.899147446871940968e-11
3.735429027568342700e-11
3.572828333325161695e-11
3.294091190300541003e-11
2.815054204857900922e-11
2.181464337623849250e-11
1.434071154641354951e-11
6.091045415400092560e-12
-2.612929207160938709e-12
-1.148674464568935043e-11
-2.027934535122157629e-11
-2.876987495691295043e-11
-3.676476420786393636e-11
-4.409509083695657965e-11
-5.061418537037320744e-11
-5.619545944931263697e-11
-6.073043558285073579e-11
-6.412695933148938461e-11
-6.630757678859519424e-11
-6.720806190152828300e-11
-6.677607967681051798e-11
-6.518331608439097214e-11
-6.274339897392828697e-11
-5.961342150872953660e-11
-5.593594313257617251e-11
-5.184017481664753608e-11
-4.744306802080114981e-11
-4.285031548359748399e-11
-3.815727123531530225e-11
-3.344979657571286929e-11
-2.880503816672768776e-11
-2.429214385362339614e-11
-1.997292134092260523e-11
-1.590244440695345184e-11
-1.212961093866334207e-11
-8.697656702624840410e-12
-5.644628435385642604e-12
-3.003819533342865854e-12
-8.041713463592459870e-13
9.293571721883225999e-13
2.175448935598822880e-12
2.916115000198377378e-12
3.136405524800265168e-12
2.995376100179241997e-12
2.679923796085913746e-12
2.217276567408684084e-12
1.632519672755981994e-12
9.487445157403156982e-13
1.871871760600951326e-13
-6.326426279537275900e-13
-1.492841459903958841e-12
-2.377000335309373567e-12
-3.270100554893186393e-12
-4.158416658877674374e-12
-5.029426000323066556e-12
-5.871724472715317560e-12
-6.674947961266360265e-12
-7.429699118973577704e-12
-8.127479097629102358e-12
-8.760623890857266913e-12
-9.322244971089850312e-12
-9.806173925316089877e-12
-1.020691081563457128e-11
-1.051957601021947276e-11
-1.073986524842013152e-11
-1.086400772046969917e-11
-1.088872695777744378e-11
-1.081120434413152666e-11
-1.052816016743130703e-11
-9.963788097024511390e-12
-9.154862729403510922e-12
-8.135695522888301196e-12
-6.938280905526859276e-12
-5.592433725367332372e-12
-4.125918576552853722e-12
-9.324145250644761127e-13
7.482365112405975817e-13
2.456670459427794797e-12
4.173685284566086764e-12
5.881498067452873996e-12
7.563660244675143398e-12
9.204977773560303200e-12
1.079143592777398894e-11
1.374919078748655302e-11
1.509773721492892727e-11
1.634580153897440477e-11
1.748428124921449690e-11
1.850488486842585667e-11
1.940008232972304337e-11
2.016305820187687532e-11
2.126839460511789433e-11
2.160031310865234944e-11
2.177904984046349984e-11
2.180074955509645011e-11
2.125454164753314119e-11
2.049882887847227840e-11
1.943360438793706763e-11
1.809536164941182965e-11
1.651849867476102395e-11
1.277665698770472527e-11
1.067092392052746651e-11
8.445248159825113112e-12
3.734161530462693077e-12
1.295038316674864500e-12
-1.171300595489548920e-12
-3.645135502383678236e-12
-8.542581021374136102e-12
-1.093273161339982158e-11
-1.326334056237723984e-11
-1.769051854141629468e-11
-1.976172756561202780e-11
-2.172257886997635147e-11
-2.527180591129041354e-11
-2.684137960424476400e-11
-2.952873065735385810e-11
-3.063178367610848489e-11
-3.156561612369718643e-11
-3.290257543966117569e-11
-3.329548221644057684e-11
-3.350821721084317539e-11
-3.332061146579615456e-11
-3.255301252006479478e-11
-3.203553353120363420e-11
-3.143838855349079798e-11
-3.003150756218752217e-11
-2.923420845385397988e-11
-2.748081958311303651e-11
-2.653548476874488754e-11
-2.453251807244015899e-11
-2.348416266048460139e-11
-2.131522551270567563e-11
-2.020262065592988431e-11
-1.793960978692141747e-11
-1.564868993740285071e-11
-1.450055810544038696e-11
-1.221314309264754774e-11
-1.107909051667742859e-11
-8.842330495145042556e-12
-6.661899656904643703e-12
-5.597805475973602252e-12
-3.530869154659968220e-12
-2.531315692135128874e-12
-6.075254291098055970e-13
1.206924484258967456e-12
2.070121373528234911e-12
3.703101167982526956e-12
5.205237831218528668e-12
5.905135840757062476e-12
7.323061855119358164e-12
8.828604983342903479e-12
1.039598441201858171e-11
1.119543082573664852e-11
1.281213875836302627e-11
1.443578575925072046e-11
1.604781799625921404e-11
1.684415743597460436e-11
1.840773028238606383e-11
1.992059768774924191e-11
2.136972056912913152e-11
2.274337882087346906e-11
2.339858225849761223e-11
2.463971110807254249e-11
2.578121155688810123e-11
2.681524366723983018e-11
2.773489254452250635e-11
2.853409726973104832e-11
2.920758490252304974e-11
2.975080918953713064e-11
3.015989364003125620e-11
3.043157865610043470e-11
3.056317242797368270e-11
3.055250532630395811e-11
3.039788754312166043e-11
3.009806975135275399e-11
2.908428551141582279e-11
2.690066923668599398e-11
2.370689564371985193e-11
1.965156494185414015e-11
1.487288204994758460e-11
9.499294226489464731e-12
3.650089759707272366e-12
-2.564039813400570214e-12
-9.040471655255901868e-12
-1.568415559260602554e-11
-2.240714809020741748e-11
-2.912817435783647159e-11
-3.904354147074712671e-11
-4.544419197977375704e-11
-5.160520881124471597e-11
-5.747057776227816695e-11
-6.298897504290467253e-11
-7.051448193009154118e-11
-7.496909254625665416e-11
-7.892995989643408759e-11
-8.236348399965387200e-11
-8.645952253462541548e-11
-8.844870402600020317e-11
-8.981743254763428846e-11
-9.066320693142278201e-11
-9.039680223645900811e-11
-8.940945756162559374e-11
-8.621462628110033547e-11
-8.305361734475807503e-11
-7.701346848309110648e-11
-7.225493517728904698e-11
-6.701095498741239053e-11
-5.840809869920124034e-11
-5.228921824838557025e-11
-4.270574150423585076e-11
-3.613824931776811565e-11
-2.616388567832921600e-11
-1.950982568026025418e-11
-9.644216446652809861e-12
-5.052003036010492142e-14
6.126404140112570591e-12
1.497139501371006482e-11
2.053883233450643273e-11
2.831981637880614589e-11
3.533432331973462981e-11
3.954352206637775838e-11
4.510136991889124499e-11
4.969326523883933792e-11
5.218872630986171289e-11
5.504485611885898767e-11
5.679645171587307630e-11
5.740464645844972320e-11
5.715853534561961564e-11
5.608915927588683825e-11
5.447011565981854426e-11
5.238360443953134031e-11
4.990566577283768700e-11
4.807118210679470949e-11
4.509439217176874426e-11
4.190184887489739142e-11
3.855029442027224582e-11
3.509199654068892135e-11
3.157504530654893285e-11
2.804363057781062771e-11
2.453830140230605208e-11
2.109620857148198128e-11
1.775133145929261292e-11
1.453469019098692559e-11
1.147454411541745234e-11
8.596577486779456492e-12
5.924073198926553471e-12
2.716411431611103871e-12
6.015715952309223337e-13
-1.245528842062578999e-12
-2.810263197411611724e-12
-4.079651234762784023e-12
-5.042244928277915370e-12
-5.831336953349243321e-12
-6.041376554448977878e-12
-5.855076868665296925e-12
-4.730398626540694302e-12
-3.294147681813727352e-12
-1.414709031338484277e-12
1.686991679724947567e-12
4.394652387558923517e-12
7.376954425245889246e-12
1.170531393216680852e-11
1.516303959556785900e-11
1.998409086389292774e-11
2.371312506869630852e-11
2.877552933009146134e-11
3.260201447421151239e-11
3.769216574474718915e-11
4.146870493792349630e-11
4.640598942959554924e-11
5.118608208940577761e-11
5.464095535302423249e-11
5.904119303714257529e-11
6.317196878611117140e-11
6.607312941819491159e-11
6.965473241858215179e-11
7.288419276684671884e-11
7.573762134734042058e-11
7.819403044302588075e-11
7.976468431126910539e-11
8.149675594203006256e-11
8.308688198071002272e-11
8.464107409153375562e-11
8.614943101504403292e-11
8.760296296500106848e-11
8.899352845246455300e-11
9.031377529873990769e-11
9.155708555353971046e-11
9.271752405479179392e-11
9.378979038509835599e-11
9.476917399707123866e-11
9.565151229568219267e-11
9.661244431991867264e-11
9.726378755659494876e-11
9.780788531065032529e-11
9.824249692955995037e-11
9.862897834359790591e-11
9.881092156295741238e-11
9.887850683599823088e-11
9.880090019559062985e-11
9.860846625453786199e-11
9.829984166204433441e-11
9.775058806596848291e-11
9.718060337834713874e-11
9.630549773041997762e-11
9.547598926149537356e-11
9.427851130102083121e-11
8.995225226598217938e-11
7.601464973682138603e-11
5.381796543280279363e-11
3.093211476139196802e-11
-3.136642222255282576e-12
-4.229529537587905498e-11
-7.663133383476244513e-11
-1.225537119710212814e-10
-1.710314539806971997e-10
-2.212912552668775719e-10
-2.726218707290364001e-10
-3.243699554850396796e-10
-3.759361791065167138e-10
-4.166877206631963083e-10
-4.665749342926395331e-10
-5.148595138377358925e-10
-5.700895639912013053e-10
-6.134057486470622983e-10
-6.538908436537942039e-10
-6.912342105128333045e-10
-7.251560133202079730e-10
-7.554050993463130447e-10
-7.865417572177991418e-10
-8.079556559224370259e-10
-8.250636167660539932e-10
-8.377147475179547812e-10
-8.475035946634477207e-10
-8.540934005132617886e-10
-8.608444464317653169e-10
-8.655523931591968067e-10
-8.701563792773326506e-10
-8.731636145668725007e-10
-8.758279329070836069e-10
-8.772993525594722392e-10
-8.782128324524638567e-10
-8.782448158947296324e-10
-8.776332513145263746e-10
-8.761736923848872125e-10
-8.739642417995604942e-10
-8.710470321210072167e-10
-8.674621276041583106e-10
-8.632476291041951203e-10
-8.584397732730042683e-10
-8.530730263810296948e-10
-8.471801730797446881e-10
-8.407924003999524646e-10
-8.339393772624878928e-10
-8.266493297605049989e-10
-8.189491124563600977e-10
-8.108642759209791178e-10
-8.024191307295149405e-10
-7.921418678492353570e-10
-7.829168839216360692e-10
-7.699424824263712846e-10
-7.484792505806161180e-10
-7.254215594104279327e-10
-6.939523437664581955e-10
-6.637191388586402202e-10
-6.253914468654970849e-10
-5.904836162435799068e-10
-5.480002347952062954e-10
-5.042598944297409842e-10
-4.598772716026619265e-10
-4.217522137693123708e-10
-3.776352721365581215e-10
-3.343615878475955734e-10
-2.923666228337039358e-10
-2.520468453784633894e-10
-2.137624141691317373e-10
-1.778396849156503983e-10
-1.445735515315709601e-10
-1.142296330231398646e-10
-8.704631644766960986e-11
-6.323666557580273805e-11
-4.039876155368454830e-11
-2.442859945101440214e-11
-1.235608593793293635e-11
-3.492247856263731241e-12
-1.736035851096847772e-13
0.000000000000000000e+00
0.000000000000000000e+00
0.000000000000000000e+00
0.000000000000000000e+00
0.000000000000000000e+00
0.000000000000000000e+00
0.000000000000000000e+00
0.000000000000000000e+00
0.000000000000000000e+00
0.000000000000000000e+00
0.000000000000000000e+00
0.000000000000000000e+00
0.000000000000000000e+00
0.000000000000000000e+00
0.000000000000000000e+00
0.000000000000000000e+00
0.000000000000000000e+00
0.000000000000000000e+00
0.000000000000000000e+00
0.000000000000000000e+00
0.000000000000000000e+00
0.000000000000000000e+00
0.000000000000000000e+00
0.000000000000000000e+00
0.000000000000000000e+00
0.000000000000000000e+00
0.000000000000000000e+00
0.000000000000000000e+00
0.000000000000000000e+00
0.000000000000000000e+00
0.000000000000000000e+00
0.000000000000000000e+00
0.000000000000000000e+00
0.000000000000000000e+00
0.000000000000000000e+00
0.000000000000000000e+00
0.000000000000000000e+00
0.000000000000000000e+00
0.000000000000000000e+00
0.000000000000000000e+00
0.000000000000000000e+00
0.000000000000000000e+00
0.000000000000000000e+00
0.000000000000000000e+00
0.000000000000000000e+00
0.000000000000000000e+00
0.000000000000000000e+00
0.000000000000000000e+00
0.000000000000000000e+00
0.000000000000000000e+00
0.000000000000000000e+00
0.000000000000000000e+00
0.000000000000000000e+00
0.000000000000000000e+00
0.000000000000000000e+00
0.000000000000000000e+00
0.000000000000000000e+00
0.000000000000000000e+00
0.000000000000000000e+00
0.000000000000000000e+00
0.000000000000000000e+00
0.000000000000000000e+00
0.000000000000000000e+00
0.000000000000000000e+00
0.000000000000000000e+00
0.000000000000000000e+00
0.000000000000000000e+00
0.000000000000000000e+00
0.000000000000000000e+00
0.000000000000000000e+00
0.000000000000000000e+00
0.000000000000000000e+00
0.000000000000000000e+00
0.000000000000000000e+00
0.000000000000000000e+00
0.000000000000000000e+00
0.000000000000000000e+00
0.000000000000000000e+00
0.000000000000000000e+00
0.000000000000000000e+00
0.000000000000000000e+00
0.000000000000000000e+00
0.000000000000000000e+00
0.000000000000000000e+00
0.000000000000000000e+00
0.000000000000000000e+00
0.000000000000000000e+00
0.000000000000000000e+00
0.000000000000000000e+00
0.000000000000000000e+00
0.000000000000000000e+00
0.000000000000000000e+00
0.000000000000000000e+00
0.000000000000000000e+00
0.000000000000000000e+00
0.000000000000000000e+00
0.000000000000000000e+00
0.000000000000000000e+00
0.000000000000000000e+00
0.000000000000000000e+00
0.000000000000000000e+00
0.000000000000000000e+00
0.000000000000000000e+00
0.000000000000000000e+00
0.000000000000000000e+00
0.000000000000000000e+00
0.000000000000000000e+00
0.000000000000000000e+00
0.000000000000000000e+00
0.000000000000000000e+00
0.000000000000000000e+00
0.000000000000000000e+00
0.000000000000000000e+00
0.000000000000000000e+00
0.000000000000000000e+00
0.000000000000000000e+00
0.000000000000000000e+00
0.000000000000000000e+00
0.000000000000000000e+00
0.000000000000000000e+00
0.000000000000000000e+00
0.000000000000000000e+00
0.000000000000000000e+00
0.000000000000000000e+00
0.000000000000000000e+00
0.000000000000000000e+00
0.000000000000000000e+00
0.000000000000000000e+00
0.000000000000000000e+00
0.000000000000000000e+00
0.000000000000000000e+00
0.000000000000000000e+00
0.000000000000000000e+00
0.000000000000000000e+00
0.000000000000000000e+00
0.000000000000000000e+00
0.000000000000000000e+00
0.000000000000000000e+00
0.000000000000000000e+00
0.000000000000000000e+00
0.000000000000000000e+00
0.000000000000000000e+00
0.000000000000000000e+00
0.000000000000000000e+00
0.000000000000000000e+00
0.000000000000000000e+00
0.000000000000000000e+00
0.000000000000000000e+00
0.000000000000000000e+00
0.000000000000000000e+00
0.000000000000000000e+00
0.000000000000000000e+00
0.000000000000000000e+00
0.000000000000000000e+00
0.000000000000000000e+00
0.000000000000000000e+00
0.000000000000000000e+00
0.000000000000000000e+00
0.000000000000000000e+00
0.000000000000000000e+00
0.000000000000000000e+00
0.000000000000000000e+00
0.000000000000000000e+00
0.000000000000000000e+00
0.000000000000000000e+00
0.000000000000000000e+00
0.000000000000000000e+00
0.000000000000000000e+00
0.000000000000000000e+00
0.000000000000000000e+00
0.000000000000000000e+00
0.000000000000000000e+00
0.000000000000000000e+00
0.000000000000000000e+00
0.000000000000000000e+00
0.000000000000000000e+00
0.000000000000000000e+00
0.000000000000000000e+00
0.000000000000000000e+00
0.000000000000000000e+00
0.000000000000000000e+00
0.000000000000000000e+00
0.000000000000000000e+00
0.000000000000000000e+00
0.000000000000000000e+00
0.000000000000000000e+00
0.000000000000000000e+00
0.000000000000000000e+00
0.000000000000000000e+00
0.000000000000000000e+00
0.000000000000000000e+00
0.000000000000000000e+00
0.000000000000000000e+00
0.000000000000000000e+00
0.000000000000000000e+00
0.000000000000000000e+00
0.000000000000000000e+00
0.000000000000000000e+00
0.000000000000000000e+00
0.000000000000000000e+00
0.000000000000000000e+00
0.000000000000000000e+00
0.000000000000000000e+00
0.000000000000000000e+00
0.000000000000000000e+00
0.000000000000000000e+00
0.000000000000000000e+00
0.000000000000000000e+00
0.000000000000000000e+00
0.000000000000000000e+00
0.000000000000000000e+00
0.000000000000000000e+00
0.000000000000000000e+00
0.000000000000000000e+00
0.000000000000000000e+00
0.000000000000000000e+00
0.000000000000000000e+00
0.000000000000000000e+00
0.000000000000000000e+00
0.000000000000000000e+00
0.000000000000000000e+00
0.000000000000000000e+00
0.000000000000000000e+00
0.000000000000000000e+00
0.000000000000000000e+00
0.000000000000000000e+00
0.000000000000000000e+00
0.000000000000000000e+00
0.000000000000000000e+00
0.000000000000000000e+00
0.000000000000000000e+00
0.000000000000000000e+00
0.000000000000000000e+00
0.000000000000000000e+00
0.000000000000000000e+00
0.000000000000000000e+00
0.000000000000000000e+00
0.000000000000000000e+00
0.000000000000000000e+00
0.000000000000000000e+00
0.000000000000000000e+00
0.000000000000000000e+00
0.000000000000000000e+00
0.000000000000000000e+00
0.000000000000000000e+00
0.000000000000000000e+00
0.000000000000000000e+00
0.000000000000000000e+00
0.000000000000000000e+00
0.000000000000000000e+00
0.000000000000000000e+00
0.000000000000000000e+00
0.000000000000000000e+00
0.000000000000000000e+00
0.000000000000000000e+00
0.000000000000000000e+00
0.000000000000000000e+00
0.000000000000000000e+00
0.000000000000000000e+00
0.000000000000000000e+00
0.000000000000000000e+00
0.000000000000000000e+00
0.000000000000000000e+00
0.000000000000000000e+00
0.000000000000000000e+00
0.000000000000000000e+00
0.000000000000000000e+00
0.000000000000000000e+00
0.000000000000000000e+00
0.000000000000000000e+00
0.000000000000000000e+00
0.000000000000000000e+00
0.000000000000000000e+00
0.000000000000000000e+00
0.000000000000000000e+00
0.000000000000000000e+00
0.000000000000000000e+00
0.000000000000000000e+00
0.000000000000000000e+00
0.000000000000000000e+00
0.000000000000000000e+00
0.000000000000000000e+00
0.000000000000000000e+00
0.000000000000000000e+00
0.000000000000000000e+00
0.000000000000000000e+00
0.000000000000000000e+00
0.000000000000000000e+00
0.000000000000000000e+00
0.000000000000000000e+00
0.000000000000000000e+00
0.000000000000000000e+00
0.000000000000000000e+00
0.000000000000000000e+00
0.000000000000000000e+00
0.000000000000000000e+00
0.000000000000000000e+00
0.000000000000000000e+00
0.000000000000000000e+00
0.000000000000000000e+00
0.000000000000000000e+00
0.000000000000000000e+00
0.000000000000000000e+00
0.000000000000000000e+00
0.000000000000000000e+00
0.000000000000000000e+00
0.000000000000000000e+00
0.000000000000000000e+00
0.000000000000000000e+00
0.000000000000000000e+00
0.000000000000000000e+00
0.000000000000000000e+00
0.000000000000000000e+00
0.000000000000000000e+00
0.000000000000000000e+00
0.000000000000000000e+00
0.000000000000000000e+00
0.000000000000000000e+00
0.000000000000000000e+00
0.000000000000000000e+00
0.000000000000000000e+00
0.000000000000000000e+00
0.000000000000000000e+00
0.000000000000000000e+00
0.000000000000000000e+00
0.000000000000000000e+00
0.000000000000000000e+00
0.000000000000000000e+00
0.000000000000000000e+00
0.000000000000000000e+00
0.000000000000000000e+00
0.000000000000000000e+00
0.000000000000000000e+00
0.000000000000000000e+00
0.000000000000000000e+00
0.000000000000000000e+00
0.000000000000000000e+00
0.000000000000000000e+00
0.000000000000000000e+00
0.000000000000000000e+00
0.000000000000000000e+00
0.000000000000000000e+00
0.000000000000000000e+00
0.000000000000000000e+00
0.000000000000000000e+00
0.000000000000000000e+00
0.000000000000000000e+00
0.000000000000000000e+00
0.000000000000000000e+00
0.000000000000000000e+00
0.000000000000000000e+00
0.000000000000000000e+00
0.000000000000000000e+00
0.000000000000000000e+00
0.000000000000000000e+00
0.000000000000000000e+00
0.000000000000000000e+00
0.000000000000000000e+00
0.000000000000000000e+00
0.000000000000000000e+00
0.000000000000000000e+00
0.000000000000000000e+00
0.000000000000000000e+00
0.000000000000000000e+00
0.000000000000000000e+00
0.000000000000000000e+00
0.000000000000000000e+00
0.000000000000000000e+00
0.000000000000000000e+00
0.000000000000000000e+00
0.000000000000000000e+00
0.000000000000000000e+00
0.000000000000000000e+00
0.000000000000000000e+00
0.000000000000000000e+00
0.000000000000000000e+00
0.000000000000000000e+00
0.000000000000000000e+00
0.000000000000000000e+00
0.000000000000000000e+00
0.000000000000000000e+00
0.000000000000000000e+00
0.000000000000000000e+00
0.000000000000000000e+00
0.000000000000000000e+00
0.000000000000000000e+00
0.000000000000000000e+00
0.000000000000000000e+00
0.000000000000000000e+00
0.000000000000000000e+00
0.000000000000000000e+00
0.000000000000000000e+00
0.000000000000000000e+00
0.000000000000000000e+00
0.000000000000000000e+00
0.000000000000000000e+00
0.000000000000000000e+00
0.000000000000000000e+00
0.000000000000000000e+00
0.000000000000000000e+00
0.000000000000000000e+00
0.000000000000000000e+00
0.000000000000000000e+00
0.000000000000000000e+00
0.000000000000000000e+00
0.000000000000000000e+00
0.000000000000000000e+00
0.000000000000000000e+00
0.000000000000000000e+00
0.000000000000000000e+00
0.000000000000000000e+00
0.000000000000000000e+00
0.000000000000000000e+00
0.000000000000000000e+00
0.000000000000000000e+00
0.000000000000000000e+00
0.000000000000000000e+00
0.000000000000000000e+00
0.000000000000000000e+00
0.000000000000000000e+00
0.000000000000000000e+00
0.000000000000000000e+00
0.000000000000000000e+00
0.000000000000000000e+00
0.000000000000000000e+00
0.000000000000000000e+00
0.000000000000000000e+00
0.000000000000000000e+00
0.000000000000000000e+00
0.000000000000000000e+00
0.000000000000000000e+00
0.000000000000000000e+00
0.000000000000000000e+00
0.000000000000000000e+00
0.000000000000000000e+00
0.000000000000000000e+00
0.000000000000000000e+00
0.000000000000000000e+00
0.000000000000000000e+00
0.000000000000000000e+00
0.000000000000000000e+00
0.000000000000000000e+00
0.000000000000000000e+00
0.000000000000000000e+00
0.000000000000000000e+00
0.000000000000000000e+00
0.000000000000000000e+00
0.000000000000000000e+00
0.000000000000000000e+00
0.000000000000000000e+00
0.000000000000000000e+00
0.000000000000000000e+00
0.000000000000000000e+00
0.000000000000000000e+00
0.000000000000000000e+00
0.000000000000000000e+00
0.000000000000000000e+00
0.000000000000000000e+00
0.000000000000000000e+00
0.000000000000000000e+00
0.000000000000000000e+00
0.000000000000000000e+00
0.000000000000000000e+00
0.000000000000000000e+00
0.000000000000000000e+00
0.000000000000000000e+00
0.000000000000000000e+00
0.000000000000000000e+00
0.000000000000000000e+00
0.000000000000000000e+00
0.000000000000000000e+00
0.000000000000000000e+00
0.000000000000000000e+00
0.000000000000000000e+00
0.000000000000000000e+00
0.000000000000000000e+00
0.000000000000000000e+00
0.000000000000000000e+00
0.000000000000000000e+00
0.000000000000000000e+00
0.000000000000000000e+00
0.000000000000000000e+00
0.000000000000000000e+00
0.000000000000000000e+00
0.000000000000000000e+00
0.000000000000000000e+00
0.000000000000000000e+00
0.000000000000000000e+00
0.000000000000000000e+00
0.000000000000000000e+00
0.000000000000000000e+00
0.000000000000000000e+00
0.000000000000000000e+00
0.000000000000000000e+00
0.000000000000000000e+00
0.000000000000000000e+00
0.000000000000000000e+00
0.000000000000000000e+00
0.000000000000000000e+00
0.000000000000000000e+00
0.000000000000000000e+00
0.000000000000000000e+00
0.000000000000000000e+00
0.000000000000000000e+00
0.000000000000000000e+00
0.000000000000000000e+00
0.000000000000000000e+00
0.000000000000000000e+00
0.000000000000000000e+00
0.000000000000000000e+00
0.000000000000000000e+00
0.000000000000000000e+00
0.000000000000000000e+00
0.000000000000000000e+00
0.000000000000000000e+00
0.000000000000000000e+00
nan
