# bin_18_13
-2.066891945596702248e-08
-1.365831562705280822e-08
-1.057701800083496451e-08
-6.410723069295755169e-09
-6.297378276642526225e-09
-3.510419320013604466e-09
-4.997054862623634886e-09
-1.440586761042573819e-09
-2.953654079181960569e-09
-8.202489899470334377e-10
-1.816564498257721230e-09
1.268735978830511769e-09
-8.648316626182748471e-10
-2.436461581760885635e-09
-2.896903786455357702e-09
-2.397724675302900832e-09
-1.769799341277551697e-09
-1.148933176773769979e-09
-4.170011446125748024e-10
3.162532660298885995e-10
7.964879286137411313e-10
9.132067226897371614e-10
2.823061395170731919e-10
-7.893602057664346758e-10
-1.628768759569847686e-09
-1.864459346145109827e-09
-1.723872800317438653e-09
-1.580927966128492909e-09
-1.438640921067737836e-09
-1.299110004771779831e-09
-1.163763716817706056e-09
-9.304760214413112728e-10
-5.865509777259226371e-10
-2.345260690529449253e-10
5.691826741844020540e-11
2.436025728813205425e-10
2.989963461660940918e-10
2.186504104177691516e-10
5.500786321549580066e-11
-1.371404207669451016e-10
-3.182160815083022476e-10
-4.602536414626973975e-10
-5.441321426818557014e-10
-5.574422105417695022e-10
-5.138326805451689122e-10
-4.439097975597827707e-10
-3.617308384241783021e-10
-2.780338088246155218e-10
-2.009116753289541408e-10
-1.363522417188112095e-10
-8.867109095305232283e-11
-6.085918901232995495e-11
-4.529234237762643275e-11
-3.262727388512470240e-11
-2.249507266998942747e-11
-1.457299942329243413e-11
-8.578367478353430275e-12
-4.263297698606814292e-12
-1.410212441934981865e-12
1.720437633933890576e-13
6.515508124874561271e-13
2.535086175184120861e-13
-7.297921922638270678e-13
-2.078159864141804906e-12
-3.610014973991670799e-12
-5.176515066591812293e-12
-6.656561287179033321e-12
-7.952550731390815679e-12
-8.986760256287462957e-12
-9.698265770994984555e-12
-1.004031623034439376e-11
-9.978094231636545948e-12
-9.223415190131729181e-12
-7.690784610599069390e-12
-5.626260416735761832e-12
-3.238986034570439138e-12
-7.060167574118092998e-13
1.823478157932217347e-12
4.224554364391161367e-12
6.393300614587716807e-12
8.244054545781125226e-12
9.706972820061272312e-12
1.072590963588907634e-11
1.125656384355100798e-11
1.126486023098576513e-11
1.095852598771063486e-11
1.057714288121900067e-11
1.013930112397340551e-11
9.661260428763780249e-12
9.157208399735760828e-12
8.639490389606850625e-12
8.118814087244426387e-12
7.604431707306168800e-12
7.104302311012154970e-12
6.625236487636497061e-12
6.173025364234108373e-12
5.752555681520400422e-12
5.367912472448535662e-12
5.022470703219616867e-12
4.718977081055171383e-12
4.459623096324543821e-12
4.239077119631223921e-12
4.047186310046090090e-12
3.878960052982035678e-12
3.729932996741115743e-12
3.596115442608699391e-12
3.473948417781410934e-12
3.360262972443085936e-12
3.252243289587825841e-12
3.147393238319638882e-12
3.043506038927827998e-12
2.938636741569655329e-12
2.831077250344597987e-12
2.719333651322562413e-12
2.602105627047023625e-12
2.478267761486715081e-12
2.346852558633425517e-12
2.207035015182653964e-12
2.058118603205052363e-12
1.690413637134571097e-12
9.445623248500738121e-13
-1.097228043560374491e-13
-1.409180593776122629e-12
-2.896474945805124075e-12
-4.519711276558770835e-12
-6.231992133581111493e-12
-7.991008691623011430e-12
-9.758665131401926860e-12
-1.150073316910466744e-11
-1.318653424285946149e-11
-1.478864707886382842e-11
-1.628263855646996497e-11
-1.764681597021943226e-11
-1.886199894931349704e-11
-1.991130944285572222e-11
-2.077997831381135260e-11
-2.145516720723375075e-11
-2.192580447005629801e-11
-2.218243400164731798e-11
-2.221707600728819204e-11
-2.202309871160013917e-11
-2.164842478494893450e-11
-2.115808798177857388e-11
-2.057088195751037991e-11
-1.990411437292307367e-11
-1.917371027305116293e-11
-1.839430830020117577e-11
-1.757935025675560381e-11
-1.674116449431940368e-11
-1.589104356979241514e-11
-1.503931657585775825e-11
-1.419541652291034762e-11
-1.336794312139838198e-11
-1.256472128770523140e-11
-1.179285567287591674e-11
-1.105878149153027750e-11
-1.036831190803932330e-11
-9.726682218344751958e-12
-9.138591048535250078e-12
-8.608238775351227211e-12
-8.139363359055426954e-12
-7.735273765489171198e-12
-7.398881141544374320e-12
-7.132727896630781123e-12
-6.939014831941812684e-12
-6.819626449343929920e-12
-6.753660029429053505e-12
-6.716858546163561046e-12
-6.706015157235255682e-12
-6.718130190577690944e-12
-6.750399045534471371e-12
-6.800200804691556491e-12
-6.865087512835577199e-12
-7.031128786724889616e-12
-7.128164307217830047e-12
-7.232029298154105904e-12
-7.341000440765512130e-12
-7.453474955619975119e-12
-7.567963546456823571e-12
-7.683083749706099818e-12
-7.797553665612791438e-12
-8.019882734222363787e-12
-8.125629387277725534e-12
-8.226490545057248824e-12
-8.321604945627637215e-12
-8.410181120294614043e-12
-8.491493236306930150e-12
-8.564877175109164554e-12
-8.685490628188162429e-12
-8.731668211907791865e-12
-8.767807356172563966e-12
-8.793501023675672761e-12
-8.813614702814841433e-12
-8.811176830790533897e-12
-8.801940824307987108e-12
-8.786726506608627087e-12
-8.766306223975427230e-12
-8.712714109807589196e-12
-8.680870683908795309e-12
-8.646482342298147844e-12
-8.572311335870057786e-12
-8.533563861854196962e-12
-8.494345302842123683e-12
-8.455095843359927406e-12
-8.378125634891615460e-12
-8.341150181377374666e-12
-8.305637089969162072e-12
-8.240228898281592144e-12
-8.210896300833968063e-12
-8.184153251954334838e-12
-8.139350784086142508e-12
-8.121706082566151886e-12
-8.096847492302648947e-12
-8.089956554868577100e-12
-8.086950432894947234e-12
-8.093094578275695019e-12
-8.102466583707695926e-12
-8.134283629636357453e-12
-8.156887908747130431e-12
-8.633753421122642173e-12
-9.163218819483656829e-12
-9.861911742333613071e-12
-1.169797112997785653e-11
-1.280293807697623068e-11
-1.531168621563427336e-11
-1.668767667191016692e-11
-1.961861682963289124e-11
-2.114981384243735921e-11
-2.428883827496089304e-11
-2.587645024318648079e-11
-2.904132702046257841e-11
-3.213613114308650458e-11
-3.363788426572632355e-11
-3.651511308022920082e-11
-3.787779822299174825e-11
-4.042212921388935353e-11
-4.269021482342767876e-11
-4.370880373842663762e-11
-4.549397753392839747e-11
-4.625296140347028000e-11
-4.748666673838717805e-11
-4.832142729408818628e-11
-4.858257005540099572e-11
-4.878093358111071789e-11
-4.853436849805348656e-11
-4.824001512190619696e-11
-4.715276998419420986e-11
-4.537880804854262193e-11
-4.302984419725692000e-11
-4.167214046331763658e-11
-3.865040917054356912e-11
-3.529456106474560232e-11
-3.168721547492553938e-11
-2.981311894817982531e-11
-2.596824412389245886e-11
-2.204884798819636021e-11
-1.811514755007489520e-11
-1.422196613870174805e-11
-1.230632419295283155e-11
-8.565870548168129416e-12
-4.981892334423320317e-12
-1.593234588657655312e-12
1.565097887983137554e-12
4.461659022675226293e-12
7.068299613335561330e-12
9.359923723247806185e-12
1.131426203404191759e-11
1.291166095882716226e-11
1.413488640553116340e-11
1.496894116187408610e-11
1.540089494851862398e-11
1.541972625628273284e-11
1.487439375393004590e-11
1.367880138499411917e-11
1.191619845720924292e-11
9.664141045464797970e-12
6.994838977746229864e-12
3.975481652584200771e-12
6.685440320249669583e-13
-2.867925935956051590e-12
-6.580037295372259260e-12
-1.041780236800286633e-11
-1.433489832686027435e-11
-1.828844310436724721e-11
-2.420119740497892049e-11
-2.807896836706622774e-11
-3.186726737682350581e-11
-3.553626422150921249e-11
-3.905855617206792558e-11
-4.401254822481103940e-11
-4.706278991967643764e-11
-4.988744383820217932e-11
-5.246829588334796504e-11
-5.584676913065081472e-11
-5.774934994680581184e-11
-5.935710957957189698e-11
-6.119147769280251487e-11
-6.201527456551233488e-11
-6.254462719317194094e-11
-6.318368720706753873e-11
-6.354401887794732393e-11
-6.399129062429769903e-11
-6.423028607950737693e-11
-6.442420317280319842e-11
-6.463461192579616102e-11
-6.472382801985487778e-11
-6.478529546448444953e-11
-6.478038612061779480e-11
-6.470803056267640476e-11
-6.461860075336427983e-11
-6.442615581306133838e-11
-6.416772302843803694e-11
-6.396087870427891286e-11
-6.360177355095350978e-11
-6.333147691825434988e-11
-6.288241574898612913e-11
-6.238411741700304713e-11
-6.202620834832052121e-11
-6.145312011100987072e-11
-6.083922888840297711e-11
-6.040871286689605563e-11
-5.973306845526209893e-11
-5.902387249891029580e-11
-5.828357437249554663e-11
-5.777391168875485834e-11
-5.627555627848935119e-11
-5.346484731775011857e-11
-4.953556441067805144e-11
-4.466698826594543535e-11
-4.098181824654035400e-11
-3.490978653356927857e-11
-2.831275287341809194e-11
-2.132457079247796114e-11
-1.406855998343386685e-11
-6.658204646409029935e-12
8.021937019599577640e-13
8.216905886225907214e-12
1.549820434828902903e-11
2.256582939436138022e-11
2.934648995084019464e-11
3.577339653914423739e-11
4.178582433882395007e-11
4.732870435585874878e-11
5.390345117757749678e-11
5.816551635769424932e-11
6.181058663576191334e-11
6.480398404934305321e-11
6.711490987396181033e-11
6.871617575993507297e-11
6.970654851748238997e-11
6.956463602238141766e-11
6.870375141688348650e-11
6.677276789341326825e-11
6.481997139970340901e-11
6.249032416967758332e-11
5.887819315269877385e-11
5.584576945169264290e-11
5.258102521927591080e-11
4.793118973210487774e-11
4.426621557254490517e-11
3.920384395405460202e-11
3.531369994171596432e-11
3.005436329291164121e-11
2.608817222419840178e-11
2.081509482434272773e-11
1.689929464337734588e-11
1.176741502620729748e-11
6.776135882793815573e-12
3.148144193084439645e-12
-1.507194334327509958e-12
-5.925604119288451634e-12
-9.066690731377581129e-12
-1.300387421463121996e-11
-1.663317837162445877e-11
-1.993410124374818182e-11
-2.288862997521391299e-11
-2.486767061421016800e-11
-2.719200571755197744e-11
-2.941812119817537664e-11
-3.164227030147702994e-11
-3.384876823697834465e-11
-3.602326373818282090e-11
-3.815264898536273819e-11
-4.022497542428736765e-11
-4.222937508475452205e-11
-4.415598703068686535e-11
-4.599588859936592831e-11
-4.774103111131054985e-11
-4.938417975443824966e-11
-5.128488697817692676e-11
-5.267593670094547019e-11
-5.394644509946414026e-11
-5.509205153754160397e-11
-5.634267071398251555e-11
-5.719412318182739819e-11
-5.791014457388483177e-11
-5.861132416343517927e-11
-5.901499311998503430e-11
-5.927733662225367394e-11
-5.940496576489778964e-11
-5.934598480801406452e-11
-5.907029605769442495e-11
-5.868808366833217400e-11
-5.800855929469884559e-11
-5.722341896365755479e-11
-5.584209348665437261e-11
-5.406194414189463624e-11
-5.238136565270295734e-11
-4.999586487586292403e-11
-4.733103816406834493e-11
-4.502305068529923962e-11
-4.194701143133410062e-11
-3.868880236222675640e-11
-3.527845374119618178e-11
-3.174378981427896811e-11
-2.811057109032458194e-11
-2.440262746792417097e-11
-2.139732835232865471e-11
-1.760924106608677348e-11
-1.380391201380351492e-11
-9.239388386542387941e-12
-5.455986472820698613e-12
-1.706743592786838761e-12
1.994947641221747246e-12
5.636824585791570354e-12
9.207680839959161795e-12
1.338463796652100558e-11
1.676457137484110247e-11
2.004394417067249709e-11
2.321528048994090971e-11
2.695153869355453207e-11
3.034563866988553659e-11
3.475883012948154874e-11
3.865984749596866872e-11
4.353814275633658607e-11
4.771622957459145991e-11
5.280490210754205561e-11
5.706426293660493597e-11
6.214681753973718926e-11
6.714692522366900197e-11
7.121485155990962021e-11
7.593853395947998117e-11
8.045108698720359806e-11
8.471506141012771983e-11
8.869669430573330135e-11
9.236564551357268661e-11
9.569475195612912992e-11
9.865979859596073987e-11
1.012393048849690816e-10
1.034143256436794249e-10
1.051682653842728125e-10
1.064867051612481360e-10
1.073572410985084174e-10
1.077693338017160409e-10
1.077141679203784224e-10
1.070496923575593384e-10
1.059550722140723266e-10
1.041991978989352426e-10
1.012944984003458573e-10
9.817401475361482567e-11
9.391516801706807024e-11
8.982359523960406430e-11
8.463656522871636253e-11
7.991235785710470695e-11
7.416292283826435368e-11
6.824337886460948839e-11
6.223691240148005652e-11
5.707730562985938516e-11
5.110679479715346767e-11
4.525040513693900076e-11
3.956706934222941542e-11
3.411044294974898087e-11
2.892926758265158080e-11
2.406771018065264004e-11
1.956567984080638086e-11
1.545912377739091692e-11
1.178030380311096930e-11
8.558054635505815493e-12
5.467315606145727846e-12
3.306013795431134669e-12
1.672195356522689529e-12
4.726189732253822170e-13
2.349442293897363667e-14
0.000000000000000000e+00
0.000000000000000000e+00
0.000000000000000000e+00
0.000000000000000000e+00
0.000000000000000000e+00
0.000000000000000000e+00
0.000000000000000000e+00
0.000000000000000000e+00
0.000000000000000000e+00
0.000000000000000000e+00
0.000000000000000000e+00
0.000000000000000000e+00
0.000000000000000000e+00
0.000000000000000000e+00
0.000000000000000000e+00
0.000000000000000000e+00
0.000000000000000000e+00
0.000000000000000000e+00
0.000000000000000000e+00
0.000000000000000000e+00
0.000000000000000000e+00
0.000000000000000000e+00
0.000000000000000000e+00
0.000000000000000000e+00
0.000000000000000000e+00
0.000000000000000000e+00
0.000000000000000000e+00
0.000000000000000000e+00
0.000000000000000000e+00
0.000000000000000000e+00
0.000000000000000000e+00
0.000000000000000000e+00
0.000000000000000000e+00
0.000000000000000000e+00
0.000000000000000000e+00
0.000000000000000000e+00
0.000000000000000000e+00
0.000000000000000000e+00
0.000000000000000000e+00
0.000000000000000000e+00
0.000000000000000000e+00
0.000000000000000000e+00
0.000000000000000000e+00
0.000000000000000000e+00
0.000000000000000000e+00
0.000000000000000000e+00
0.000000000000000000e+00
0.000000000000000000e+00
0.000000000000000000e+00
0.000000000000000000e+00
0.000000000000000000e+00
0.000000000000000000e+00
0.000000000000000000e+00
0.000000000000000000e+00
0.000000000000000000e+00
0.000000000000000000e+00
0.000000000000000000e+00
0.000000000000000000e+00
0.000000000000000000e+00
0.000000000000000000e+00
0.000000000000000000e+00
0.000000000000000000e+00
0.000000000000000000e+00
0.000000000000000000e+00
0.000000000000000000e+00
0.000000000000000000e+00
0.000000000000000000e+00
0.000000000000000000e+00
0.000000000000000000e+00
0.000000000000000000e+00
0.000000000000000000e+00
0.000000000000000000e+00
0.000000000000000000e+00
0.000000000000000000e+00
0.000000000000000000e+00
0.000000000000000000e+00
0.000000000000000000e+00
0.000000000000000000e+00
0.000000000000000000e+00
0.000000000000000000e+00
0.000000000000000000e+00
0.000000000000000000e+00
0.000000000000000000e+00
0.000000000000000000e+00
0.000000000000000000e+00
0.000000000000000000e+00
0.000000000000000000e+00
0.000000000000000000e+00
0.000000000000000000e+00
0.000000000000000000e+00
0.000000000000000000e+00
0.000000000000000000e+00
0.000000000000000000e+00
0.000000000000000000e+00
0.000000000000000000e+00
0.000000000000000000e+00
0.000000000000000000e+00
0.000000000000000000e+00
0.000000000000000000e+00
0.000000000000000000e+00
0.000000000000000000e+00
0.000000000000000000e+00
0.000000000000000000e+00
0.000000000000000000e+00
0.000000000000000000e+00
0.000000000000000000e+00
0.000000000000000000e+00
0.000000000000000000e+00
0.000000000000000000e+00
0.000000000000000000e+00
0.000000000000000000e+00
0.000000000000000000e+00
0.000000000000000000e+00
0.000000000000000000e+00
0.000000000000000000e+00
0.000000000000000000e+00
0.000000000000000000e+00
0.000000000000000000e+00
0.000000000000000000e+00
0.000000000000000000e+00
0.000000000000000000e+00
0.000000000000000000e+00
0.000000000000000000e+00
0.000000000000000000e+00
0.000000000000000000e+00
0.000000000000000000e+00
0.000000000000000000e+00
0.000000000000000000e+00
0.000000000000000000e+00
0.000000000000000000e+00
0.000000000000000000e+00
0.000000000000000000e+00
0.000000000000000000e+00
0.000000000000000000e+00
0.000000000000000000e+00
0.000000000000000000e+00
0.000000000000000000e+00
0.000000000000000000e+00
0.000000000000000000e+00
0.000000000000000000e+00
0.000000000000000000e+00
0.000000000000000000e+00
0.000000000000000000e+00
0.000000000000000000e+00
0.000000000000000000e+00
0.000000000000000000e+00
0.000000000000000000e+00
0.000000000000000000e+00
0.000000000000000000e+00
0.000000000000000000e+00
0.000000000000000000e+00
0.000000000000000000e+00
0.000000000000000000e+00
0.000000000000000000e+00
0.000000000000000000e+00
0.000000000000000000e+00
0.000000000000000000e+00
0.000000000000000000e+00
0.000000000000000000e+00
0.000000000000000000e+00
0.000000000000000000e+00
0.000000000000000000e+00
0.000000000000000000e+00
0.000000000000000000e+00
0.000000000000000000e+00
0.000000000000000000e+00
0.000000000000000000e+00
0.000000000000000000e+00
0.000000000000000000e+00
0.000000000000000000e+00
0.000000000000000000e+00
0.000000000000000000e+00
0.000000000000000000e+00
0.000000000000000000e+00
0.000000000000000000e+00
0.000000000000000000e+00
0.000000000000000000e+00
0.000000000000000000e+00
0.000000000000000000e+00
0.000000000000000000e+00
0.000000000000000000e+00
0.000000000000000000e+00
0.000000000000000000e+00
0.000000000000000000e+00
0.000000000000000000e+00
0.000000000000000000e+00
0.000000000000000000e+00
0.000000000000000000e+00
0.000000000000000000e+00
0.000000000000000000e+00
0.000000000000000000e+00
0.000000000000000000e+00
0.000000000000000000e+00
0.000000000000000000e+00
0.000000000000000000e+00
0.000000000000000000e+00
0.000000000000000000e+00
0.000000000000000000e+00
0.000000000000000000e+00
0.000000000000000000e+00
0.000000000000000000e+00
0.000000000000000000e+00
0.000000000000000000e+00
0.000000000000000000e+00
0.000000000000000000e+00
0.000000000000000000e+00
0.000000000000000000e+00
0.000000000000000000e+00
0.000000000000000000e+00
0.000000000000000000e+00
0.000000000000000000e+00
0.000000000000000000e+00
0.000000000000000000e+00
0.000000000000000000e+00
0.000000000000000000e+00
0.000000000000000000e+00
0.000000000000000000e+00
0.000000000000000000e+00
0.000000000000000000e+00
0.000000000000000000e+00
0.000000000000000000e+00
0.000000000000000000e+00
0.000000000000000000e+00
0.000000000000000000e+00
0.000000000000000000e+00
0.000000000000000000e+00
0.000000000000000000e+00
0.000000000000000000e+00
0.000000000000000000e+00
0.000000000000000000e+00
0.000000000000000000e+00
0.000000000000000000e+00
0.000000000000000000e+00
0.000000000000000000e+00
0.000000000000000000e+00
0.000000000000000000e+00
0.000000000000000000e+00
0.000000000000000000e+00
0.000000000000000000e+00
0.000000000000000000e+00
0.000000000000000000e+00
0.000000000000000000e+00
0.000000000000000000e+00
0.000000000000000000e+00
0.000000000000000000e+00
0.000000000000000000e+00
0.000000000000000000e+00
0.000000000000000000e+00
0.000000000000000000e+00
0.000000000000000000e+00
0.000000000000000000e+00
0.000000000000000000e+00
0.000000000000000000e+00
0.000000000000000000e+00
0.000000000000000000e+00
0.000000000000000000e+00
0.000000000000000000e+00
0.000000000000000000e+00
0.000000000000000000e+00
0.000000000000000000e+00
0.000000000000000000e+00
0.000000000000000000e+00
0.000000000000000000e+00
0.000000000000000000e+00
0.000000000000000000e+00
0.000000000000000000e+00
0.000000000000000000e+00
0.000000000000000000e+00
0.000000000000000000e+00
0.000000000000000000e+00
0.000000000000000000e+00
0.000000000000000000e+00
0.000000000000000000e+00
0.000000000000000000e+00
0.000000000000000000e+00
0.000000000000000000e+00
0.000000000000000000e+00
0.000000000000000000e+00
0.000000000000000000e+00
0.000000000000000000e+00
0.000000000000000000e+00
0.000000000000000000e+00
0.000000000000000000e+00
0.000000000000000000e+00
0.000000000000000000e+00
0.000000000000000000e+00
0.000000000000000000e+00
0.000000000000000000e+00
0.000000000000000000e+00
0.000000000000000000e+00
0.000000000000000000e+00
0.000000000000000000e+00
0.000000000000000000e+00
0.000000000000000000e+00
0.000000000000000000e+00
0.000000000000000000e+00
0.000000000000000000e+00
0.000000000000000000e+00
0.000000000000000000e+00
0.000000000000000000e+00
0.000000000000000000e+00
0.000000000000000000e+00
0.000000000000000000e+00
0.000000000000000000e+00
0.000000000000000000e+00
0.000000000000000000e+00
0.000000000000000000e+00
0.000000000000000000e+00
0.000000000000000000e+00
0.000000000000000000e+00
0.000000000000000000e+00
0.000000000000000000e+00
0.000000000000000000e+00
0.000000000000000000e+00
0.000000000000000000e+00
0.000000000000000000e+00
0.000000000000000000e+00
0.000000000000000000e+00
0.000000000000000000e+00
0.000000000000000000e+00
0.000000000000000000e+00
0.000000000000000000e+00
0.000000000000000000e+00
0.000000000000000000e+00
0.000000000000000000e+00
0.000000000000000000e+00
0.000000000000000000e+00
0.000000000000000000e+00
0.000000000000000000e+00
0.000000000000000000e+00
0.000000000000000000e+00
0.000000000000000000e+00
0.000000000000000000e+00
0.000000000000000000e+00
0.000000000000000000e+00
0.000000000000000000e+00
0.000000000000000000e+00
0.000000000000000000e+00
0.000000000000000000e+00
0.000000000000000000e+00
0.000000000000000000e+00
0.000000000000000000e+00
0.000000000000000000e+00
0.000000000000000000e+00
0.000000000000000000e+00
0.000000000000000000e+00
0.000000000000000000e+00
0.000000000000000000e+00
0.000000000000000000e+00
0.000000000000000000e+00
0.000000000000000000e+00
0.000000000000000000e+00
0.000000000000000000e+00
0.000000000000000000e+00
0.000000000000000000e+00
0.000000000000000000e+00
0.000000000000000000e+00
0.000000000000000000e+00
0.000000000000000000e+00
0.000000000000000000e+00
0.000000000000000000e+00
0.000000000000000000e+00
0.000000000000000000e+00
0.000000000000000000e+00
0.000000000000000000e+00
0.000000000000000000e+00
0.000000000000000000e+00
0.000000000000000000e+00
0.000000000000000000e+00
0.000000000000000000e+00
0.000000000000000000e+00
0.000000000000000000e+00
0.000000000000000000e+00
0.000000000000000000e+00
0.000000000000000000e+00
0.000000000000000000e+00
0.000000000000000000e+00
0.000000000000000000e+00
0.000000000000000000e+00
0.000000000000000000e+00
0.000000000000000000e+00
0.000000000000000000e+00
0.000000000000000000e+00
0.000000000000000000e+00
0.000000000000000000e+00
0.000000000000000000e+00
0.000000000000000000e+00
0.000000000000000000e+00
0.000000000000000000e+00
0.000000000000000000e+00
0.000000000000000000e+00
0.000000000000000000e+00
0.000000000000000000e+00
0.000000000000000000e+00
0.000000000000000000e+00
0.000000000000000000e+00
0.000000000000000000e+00
0.000000000000000000e+00
0.000000000000000000e+00
0.000000000000000000e+00
0.000000000000000000e+00
0.000000000000000000e+00
0.000000000000000000e+00
0.000000000000000000e+00
0.000000000000000000e+00
0.000000000000000000e+00
0.000000000000000000e+00
0.000000000000000000e+00
0.000000000000000000e+00
0.000000000000000000e+00
0.000000000000000000e+00
0.000000000000000000e+00
0.000000000000000000e+00
0.000000000000000000e+00
0.000000000000000000e+00
0.000000000000000000e+00
0.000000000000000000e+00
0.000000000000000000e+00
0.000000000000000000e+00
0.000000000000000000e+00
0.000000000000000000e+00
0.000000000000000000e+00
0.000000000000000000e+00
0.000000000000000000e+00
0.000000000000000000e+00
0.000000000000000000e+00
0.000000000000000000e+00
0.000000000000000000e+00
0.000000000000000000e+00
0.000000000000000000e+00
0.000000000000000000e+00
0.000000000000000000e+00
0.000000000000000000e+00
0.000000000000000000e+00
0.000000000000000000e+00
0.000000000000000000e+00
0.000000000000000000e+00
0.000000000000000000e+00
0.000000000000000000e+00
0.000000000000000000e+00
0.000000000000000000e+00
0.000000000000000000e+00
0.000000000000000000e+00
0.000000000000000000e+00
0.000000000000000000e+00
0.000000000000000000e+00
0.000000000000000000e+00
0.000000000000000000e+00
0.000000000000000000e+00
0.000000000000000000e+00
0.000000000000000000e+00
0.000000000000000000e+00
0.000000000000000000e+00
0.000000000000000000e+00
0.000000000000000000e+00
0.000000000000000000e+00
0.000000000000000000e+00
0.000000000000000000e+00
0.000000000000000000e+00
0.000000000000000000e+00
0.000000000000000000e+00
0.000000000000000000e+00
0.000000000000000000e+00
0.000000000000000000e+00
0.000000000000000000e+00
0.000000000000000000e+00
0.000000000000000000e+00
0.000000000000000000e+00
0.000000000000000000e+00
0.000000000000000000e+00
0.000000000000000000e+00
0.000000000000000000e+00
0.000000000000000000e+00
0.000000000000000000e+00
0.000000000000000000e+00
0.000000000000000000e+00
0.000000000000000000e+00
0.000000000000000000e+00
0.000000000000000000e+00
0.000000000000000000e+00
0.000000000000000000e+00
0.000000000000000000e+00
0.000000000000000000e+00
0.000000000000000000e+00
0.000000000000000000e+00
0.000000000000000000e+00
0.000000000000000000e+00
0.000000000000000000e+00
0.000000000000000000e+00
0.000000000000000000e+00
0.000000000000000000e+00
0.000000000000000000e+00
0.000000000000000000e+00
0.000000000000000000e+00
0.000000000000000000e+00
0.000000000000000000e+00
0.000000000000000000e+00
0.000000000000000000e+00
0.000000000000000000e+00
0.000000000000000000e+00
0.000000000000000000e+00
0.000000000000000000e+00
0.000000000000000000e+00
0.000000000000000000e+00
0.000000000000000000e+00
0.000000000000000000e+00
0.000000000000000000e+00
0.000000000000000000e+00
0.000000000000000000e+00
0.000000000000000000e+00
0.000000000000000000e+00
0.000000000000000000e+00
0.000000000000000000e+00
0.000000000000000000e+00
0.000000000000000000e+00
0.000000000000000000e+00
nan
