# bin_20_10
9.979125023721979605e-09
-1.116467962132458036e-08
7.690472566970686225e-09
-8.967727294284715061e-09
8.186094895879428025e-09
-1.014679887635856289e-08
8.578349604020165329e-09
-7.308580535030668559e-09
6.841768899698631739e-09
-6.483734481397618845e-09
4.849330104905304566e-09
-5.970180463669587579e-09
2.264811143793510126e-09
9.106488859971910954e-10
-4.429832426948416041e-11
1.357874743709891613e-09
3.758886090374296113e-09
5.572696481365526333e-09
7.031613447506194117e-09
8.328811846538083780e-09
8.941553994728012379e-09
8.658695186148985146e-09
6.153961338032284032e-09
2.279453824321915386e-09
-7.979108477031061235e-10
-1.884352336965184030e-09
-2.050915589674417458e-10
3.040433954281357017e-09
6.212967007999098922e-09
8.298619869618863784e-09
8.709851806840790925e-09
6.801093768391024288e-09
3.258117184882023455e-09
-6.654632544967053881e-10
-4.119663695030213846e-09
-6.547692326852351946e-09
-7.604911116282488592e-09
-7.823544118359136091e-09
-7.904655308112164847e-09
-7.874480550101900436e-09
-7.754664877659320407e-09
-7.563093233207329033e-09
-7.314561284718023078e-09
-7.021319260780911767e-09
-6.393839471360077489e-09
-5.332291604935807903e-09
-4.079845470844988170e-09
-2.821718945046774796e-09
-1.696998114346355274e-09
-8.080964150252996146e-10
-2.283353833457564947e-10
-8.027000378807560667e-12
1.762096535248809095e-11
3.796490524623638973e-11
5.369116894122669171e-11
6.539962727650034461e-11
7.361517235524031861e-11
7.879757196660874400e-11
8.134993244352984524e-11
8.162598182410193041e-11
7.993635048637841039e-11
7.522957161774233249e-11
6.696631680584740026e-11
5.607082077983499955e-11
4.331949159685940458e-11
2.936245480960656332e-11
1.474194457644883381e-11
-9.197927950581132694e-14
-1.476798570879519325e-11
-2.898195940233834254e-11
-4.248713431844219551e-11
-5.508563207655630821e-11
-6.869704876742210722e-11
-8.453008559904354861e-11
-1.014977781481374706e-10
-1.186858245154582182e-10
-1.353295045116714743e-10
-1.507936196675366725e-10
-1.645550480099574024e-10
-1.761875646059099575e-10
-1.853486275006220117e-10
-1.917678701790172896e-10
-1.952370771587692037e-10
-1.956014496997711248e-10
-1.927519946604636081e-10
-1.883149965348229136e-10
-1.839688024166406695e-10
-1.797126730092217495e-10
-1.755457203124726351e-10
-1.714669295623317605e-10
-1.674751786227454781e-10
-1.635692551206159356e-10
-1.597478715799160710e-10
-1.560096787811773967e-10
-1.523532775462492104e-10
-1.487772291251289801e-10
-1.452800643413588526e-10
-1.418602916346183250e-10
-1.385164041234050032e-10
-1.352468857968243020e-10
-1.320502169322643653e-10
-1.267158323363009288e-10
-1.176454468324958395e-10
-1.056814099642375734e-10
-9.157428699620497274e-11
-7.599162315534990923e-11
-5.952587659943744414e-11
-4.270160174261869331e-11
-2.598195613995516807e-11
-9.774596624980886435e-12
5.562976300173393369e-12
1.971857279668981793e-11
3.242091905359945887e-11
4.343567076518705955e-11
5.256179606841952721e-11
5.962829310773679348e-11
6.449121081726710071e-11
6.703094457953681439e-11
6.714978117351419231e-11
6.599739132595522934e-11
6.478253943994626470e-11
6.351091128822774806e-11
6.218781199277279141e-11
6.081819137661675375e-11
5.940666753137353601e-11
5.795754873528547275e-11
5.647485384568052951e-11
5.496233127969501824e-11
5.342347668797855365e-11
5.186154941774131661e-11
5.027958785386657762e-11
4.868042371982239707e-11
4.706669541370953389e-11
4.544086044892253037e-11
4.380520706353222167e-11
4.216186505756974499e-11
4.051281591287651167e-11
3.885990224603398777e-11
3.720483664107471807e-11
3.554920990517658239e-11
3.389449878731714131e-11
3.213201017869635130e-11
3.018045708046928504e-11
2.807973767199136270e-11
2.586647149377708047e-11
2.357423104704928238e-11
2.123375720737401606e-11
1.887315962315664024e-11
1.651810318065090322e-11
1.419198153519188049e-11
1.191607863299849873e-11
9.709719078521297993e-12
7.590408138458472817e-12
5.573962114743789428e-12
3.674629764604157979e-12
1.905205395829910596e-12
2.771342193109177300e-13
-1.199389501614514097e-12
-2.515331004699556492e-12
-3.662729821145148498e-12
-4.634620376175222622e-12
-5.424957998163264833e-12
-6.028549965228727652e-12
-6.440991244671159027e-12
-6.658604605065067766e-12
-6.678384803478761792e-12
-6.506631411535554784e-12
-6.166759444198441096e-12
-5.680749878070310995e-12
-5.069111378204021884e-12
-4.350967633123664288e-12
-3.544139514786044893e-12
-2.665222382350929926e-12
-7.518071428464360146e-13
2.549942338613348525e-13
1.278366042080169198e-12
2.306831072440145798e-12
3.329760370270166672e-12
4.337322571036037629e-12
5.320436179606030547e-12
6.270724617461361458e-12
8.042592600326782639e-12
8.850574521739255749e-12
9.598462997691835696e-12
1.028081763693998384e-11
1.089268282699147691e-11
1.142955807254696572e-11
1.188737003641399232e-11
1.255148993697054850e-11
1.275155725264600080e-11
1.286003454025541039e-11
1.287461784350547533e-11
1.255705923144280091e-11
1.212340421011245244e-11
1.151427664046172479e-11
1.075037327655115897e-11
9.851202412289055260e-12
7.719506503594593819e-12
6.520581469503055364e-12
5.253694591626854387e-12
2.572800584341752971e-12
1.185044249525147030e-12
-2.180863092018308169e-13
-1.625407705340969428e-12
-4.411386842404718610e-12
-5.771069044967554951e-12
-7.096924311049607944e-12
-9.615728078352588835e-12
-1.079429498387152589e-11
-1.191021727693689768e-11
-1.393064931588936794e-11
-1.482449681325079835e-11
-1.635579846540708078e-11
-1.698490302963446496e-11
-1.751798355117096672e-11
-1.828300574447175046e-11
-1.850915238559803703e-11
-1.863628077679028933e-11
-1.853304762409872888e-11
-1.818506558376600418e-11
-1.799061849292187596e-11
-1.778328875169236542e-11
-1.733213081540016636e-11
-1.708933188240780842e-11
-1.657173730987117143e-11
-1.629786947085860071e-11
-1.572219517890372364e-11
-1.542122514055374093e-11
-1.479500486710652506e-11
-1.447050867717120042e-11
-1.380053420933799343e-11
-1.310483026804640086e-11
-1.274812961901134475e-11
-1.201853654070006111e-11
-1.164621576608133905e-11
-1.088788247349452529e-11
-1.011299576596441800e-11
-9.719950718465830147e-12
-8.923797028679651867e-12
-8.521120947114413642e-12
-7.707596360196754273e-12
-6.884461630845351022e-12
-6.469747989523365388e-12
-5.634888147100822604e-12
-4.793862381735228160e-12
-4.371420249608642707e-12
-2.384737016441571444e-12
1.646554666780572178e-12
7.389039717187570354e-12
1.080527988918959770e-11
1.854836563830591016e-11
2.728387117709120429e-11
3.676532949081836763e-11
4.171453891095148060e-11
5.189820004280164445e-11
6.230000384793981106e-11
7.274041523889825192e-11
8.305601145856689479e-11
8.812005094445186100e-11
9.797439955968711254e-11
1.073584063871408335e-10
1.161563724074788654e-10
1.242640664851197939e-10
1.315878838272859818e-10
1.380440632196592030e-10
1.435579588562785425e-10
1.480633628921021859e-10
1.515018751329528919e-10
1.538223165417177245e-10
1.549801834832294011e-10
1.549371398550665186e-10
1.536605444590529732e-10
1.515462014218871415e-10
1.490483609963062983e-10
1.462229701523220355e-10
1.431220650422847901e-10
1.397940114526300111e-10
1.362837305169379561e-10
1.326329106288686859e-10
1.288802064304933038e-10
1.250614256929804788e-10
1.212097048522007818e-10
1.173556739112355259e-10
1.135276113747796302e-10
1.078906727906124588e-10
1.042371081077175188e-10
1.006919928250687588e-10
9.727470358922234548e-11
9.400296532062790799e-11
8.940325350079616493e-11
8.656301790869556498e-11
8.391880411575830500e-11
8.148210038678618730e-11
7.823843700213965964e-11
7.636338234643879788e-11
7.472743933754725484e-11
7.273661441074093653e-11
7.172657931890180755e-11
7.100678145344482972e-11
7.077941350892662380e-11
7.115277561099027781e-11
7.237854412853701647e-11
7.357378480829928231e-11
7.502239954269779216e-11
7.758527525783208699e-11
7.950095722239137220e-11
8.260141676347692069e-11
8.477463681118292260e-11
8.812267235293593694e-11
9.037529659546751037e-11
9.372493212195378803e-11
9.697367326040800791e-11
9.904999300047748901e-11
1.019847382002376929e-10
1.037972128406181480e-10
1.062621221388436749e-10
1.083817118257759731e-10
1.095824320404308624e-10
1.110375573023486442e-10
1.120482625175757321e-10
1.124606220712034767e-10
1.126678173169299190e-10
1.123613104848470115e-10
1.115215400494418940e-10
1.106571685508781341e-10
1.086539482270373730e-10
1.056500419573610269e-10
1.017056072143517784e-10
9.687770209466002638e-11
9.319512501606062489e-11
8.701366178344832845e-11
8.008694647682291274e-11
7.246200484409716159e-11
6.418345228890577368e-11
5.529361898852152387e-11
4.583266810151412558e-11
3.583870747653829767e-11
2.534789524716592407e-11
1.439453967308559467e-11
3.011193565060086689e-12
-8.771256390304829974e-12
-2.092350510979403612e-11
-3.341774911923721175e-11
-5.056333927234156479e-11
-6.375532345843082652e-11
-7.720652699439960202e-11
-9.089482824708821049e-11
-1.047992469448146722e-10
-1.188998874250833771e-10
-1.379735114261019627e-10
-1.524603258607138001e-10
-1.692853555247913027e-10
-2.054670838150475454e-10
-2.419175199499954777e-10
-2.850981908927985032e-10
-3.513389633207960487e-10
-4.062631673550710784e-10
-4.646822089573063332e-10
-5.465765112044694282e-10
-6.100021077909213782e-10
-6.958972373723635439e-10
-7.604712854459665663e-10
-8.456387520921151339e-10
-9.081069454907724802e-10
-9.885700945254505551e-10
-1.046204538136209595e-09
-1.118642004278962081e-09
-1.185224954538240708e-09
-1.230834632362283410e-09
-1.285296859963782486e-09
-1.331908256013354553e-09
-1.361365848669810386e-09
-1.392896378219678216e-09
-1.415160145638676311e-09
-1.427762732108757179e-09
-1.430366047493742912e-09
-1.425582486635248761e-09
-1.410170461198176787e-09
-1.387627114046374248e-09
-1.359894958314851024e-09
-1.327667385853158489e-09
-1.291588848673559152e-09
-1.252257939863618080e-09
-1.210230280243224263e-09
-1.166021223516449348e-09
-1.120108391784903804e-09
-1.072934052470686110e-09
-1.024907346937978908e-09
-9.764063803989607341e-10
-9.156423483392487824e-10
-8.673091038639422063e-10
-8.195389742914040300e-10
-7.725986128210341434e-10
-7.154607395635362025e-10
-6.712505655721582110e-10
-6.285919036869107533e-10
-5.777266112054391650e-10
-5.392004083767595074e-10
-5.027592795204627472e-10
-4.603401018170387162e-10
-4.290534382393210467e-10
-3.934255721712880199e-10
-3.678179776147348769e-10
-3.395558777366345078e-10
-3.188789333630848419e-10
-2.937228989860022892e-10
-2.693826124433818753e-10
-2.505291745478821622e-10
-2.277705630811570431e-10
-2.059437371975206690e-10
-1.891744914806172091e-10
-1.691011832557938243e-10
-1.500365714142678683e-10
-1.320002217807889389e-10
-1.150080652287582717e-10
-9.907269151651608876e-11
-8.420362209014852227e-11
-7.308070082992988767e-11
-6.014613807659135467e-11
-4.829030332748642922e-11
-3.548711027862390895e-11
-2.600174077389414502e-11
-1.758835177854810085e-11
-1.024114674923325969e-11
-3.952844675950351986e-12
1.285180606705347710e-12
6.198381757578165795e-12
9.161977950208627361e-12
1.111049507946119502e-11
1.205690380125913956e-11
1.204697419315599921e-11
1.180117542761361103e-11
1.139698632035552968e-11
1.098218753681823543e-11
1.040630822956728270e-11
9.872548240094796279e-12
9.180688760903556588e-12
8.570999864740447015e-12
7.810991916979745559e-12
7.031463680064921918e-12
6.375015282966040640e-12
5.587964771519287678e-12
4.810569986052805272e-12
4.051469385196996244e-12
3.318531223052555817e-12
2.618906981818157839e-12
1.959081234345085157e-12
1.344918180798827551e-12
7.817050861278536752e-13
2.741928288800944604e-13
-1.733662430377136840e-13
-5.571829678868387998e-13
-8.738983679374247088e-13
-1.120552832496187503e-12
-1.294557339967274352e-12
-1.402763582250683382e-12
-1.413025666025961575e-12
-1.389609179945978345e-12
-1.350871865555715187e-12
-1.309256835797284867e-12
-1.252460501080500821e-12
-1.197894945811105162e-12
-1.128720281657011253e-12
-1.065717858759981423e-12
-9.890429145878338144e-13
-9.100993832291457113e-13
-8.299966463127077021e-13
-7.611877007610376634e-13
-6.815644711259864735e-13
-6.034631709502593804e-13
-5.276697315352643804e-13
-4.548997075867039198e-13
-3.858031214497191202e-13
-3.209689871101773187e-13
-2.609295356096625492e-13
-2.061641619911458983e-13
-1.571031124753290873e-13
-1.141309292564104070e-13
-7.291257619210145633e-14
-4.408927527076541367e-14
-2.230053651987539618e-14
-6.302885982362436546e-15
-3.133235807164572570e-16
0.000000000000000000e+00
0.000000000000000000e+00
0.000000000000000000e+00
0.000000000000000000e+00
0.000000000000000000e+00
0.000000000000000000e+00
0.000000000000000000e+00
0.000000000000000000e+00
0.000000000000000000e+00
0.000000000000000000e+00
0.000000000000000000e+00
0.000000000000000000e+00
0.000000000000000000e+00
0.000000000000000000e+00
0.000000000000000000e+00
0.000000000000000000e+00
0.000000000000000000e+00
0.000000000000000000e+00
0.000000000000000000e+00
0.000000000000000000e+00
0.000000000000000000e+00
0.000000000000000000e+00
0.000000000000000000e+00
0.000000000000000000e+00
0.000000000000000000e+00
0.000000000000000000e+00
0.000000000000000000e+00
0.000000000000000000e+00
0.000000000000000000e+00
0.000000000000000000e+00
0.000000000000000000e+00
0.000000000000000000e+00
0.000000000000000000e+00
0.000000000000000000e+00
0.000000000000000000e+00
0.000000000000000000e+00
0.000000000000000000e+00
0.000000000000000000e+00
0.000000000000000000e+00
0.000000000000000000e+00
0.000000000000000000e+00
0.000000000000000000e+00
0.000000000000000000e+00
0.000000000000000000e+00
0.000000000000000000e+00
0.000000000000000000e+00
0.000000000000000000e+00
0.000000000000000000e+00
0.000000000000000000e+00
0.000000000000000000e+00
0.000000000000000000e+00
0.000000000000000000e+00
0.000000000000000000e+00
0.000000000000000000e+00
0.000000000000000000e+00
0.000000000000000000e+00
0.000000000000000000e+00
0.000000000000000000e+00
0.000000000000000000e+00
0.000000000000000000e+00
0.000000000000000000e+00
0.000000000000000000e+00
0.000000000000000000e+00
0.000000000000000000e+00
0.000000000000000000e+00
0.000000000000000000e+00
0.000000000000000000e+00
0.000000000000000000e+00
0.000000000000000000e+00
0.000000000000000000e+00
0.000000000000000000e+00
0.000000000000000000e+00
0.000000000000000000e+00
0.000000000000000000e+00
0.000000000000000000e+00
0.000000000000000000e+00
0.000000000000000000e+00
0.000000000000000000e+00
0.000000000000000000e+00
0.000000000000000000e+00
0.000000000000000000e+00
0.000000000000000000e+00
0.000000000000000000e+00
0.000000000000000000e+00
0.000000000000000000e+00
0.000000000000000000e+00
0.000000000000000000e+00
0.000000000000000000e+00
0.000000000000000000e+00
0.000000000000000000e+00
0.000000000000000000e+00
0.000000000000000000e+00
0.000000000000000000e+00
0.000000000000000000e+00
0.000000000000000000e+00
0.000000000000000000e+00
0.000000000000000000e+00
0.000000000000000000e+00
0.000000000000000000e+00
0.000000000000000000e+00
0.000000000000000000e+00
0.000000000000000000e+00
0.000000000000000000e+00
0.000000000000000000e+00
0.000000000000000000e+00
0.000000000000000000e+00
0.000000000000000000e+00
0.000000000000000000e+00
0.000000000000000000e+00
0.000000000000000000e+00
0.000000000000000000e+00
0.000000000000000000e+00
0.000000000000000000e+00
0.000000000000000000e+00
0.000000000000000000e+00
0.000000000000000000e+00
0.000000000000000000e+00
0.000000000000000000e+00
0.000000000000000000e+00
0.000000000000000000e+00
0.000000000000000000e+00
0.000000000000000000e+00
0.000000000000000000e+00
0.000000000000000000e+00
0.000000000000000000e+00
0.000000000000000000e+00
0.000000000000000000e+00
0.000000000000000000e+00
0.000000000000000000e+00
0.000000000000000000e+00
0.000000000000000000e+00
0.000000000000000000e+00
0.000000000000000000e+00
0.000000000000000000e+00
0.000000000000000000e+00
0.000000000000000000e+00
0.000000000000000000e+00
0.000000000000000000e+00
0.000000000000000000e+00
0.000000000000000000e+00
0.000000000000000000e+00
0.000000000000000000e+00
0.000000000000000000e+00
0.000000000000000000e+00
0.000000000000000000e+00
0.000000000000000000e+00
0.000000000000000000e+00
0.000000000000000000e+00
0.000000000000000000e+00
0.000000000000000000e+00
0.000000000000000000e+00
0.000000000000000000e+00
0.000000000000000000e+00
0.000000000000000000e+00
0.000000000000000000e+00
0.000000000000000000e+00
0.000000000000000000e+00
0.000000000000000000e+00
0.000000000000000000e+00
0.000000000000000000e+00
0.000000000000000000e+00
0.000000000000000000e+00
0.000000000000000000e+00
0.000000000000000000e+00
0.000000000000000000e+00
0.000000000000000000e+00
0.000000000000000000e+00
0.000000000000000000e+00
0.000000000000000000e+00
0.000000000000000000e+00
0.000000000000000000e+00
0.000000000000000000e+00
0.000000000000000000e+00
0.000000000000000000e+00
0.000000000000000000e+00
0.000000000000000000e+00
0.000000000000000000e+00
0.000000000000000000e+00
0.000000000000000000e+00
0.000000000000000000e+00
0.000000000000000000e+00
0.000000000000000000e+00
0.000000000000000000e+00
0.000000000000000000e+00
0.000000000000000000e+00
0.000000000000000000e+00
0.000000000000000000e+00
0.000000000000000000e+00
0.000000000000000000e+00
0.000000000000000000e+00
0.000000000000000000e+00
0.000000000000000000e+00
0.000000000000000000e+00
0.000000000000000000e+00
0.000000000000000000e+00
0.000000000000000000e+00
0.000000000000000000e+00
0.000000000000000000e+00
0.000000000000000000e+00
0.000000000000000000e+00
0.000000000000000000e+00
0.000000000000000000e+00
0.000000000000000000e+00
0.000000000000000000e+00
0.000000000000000000e+00
0.000000000000000000e+00
0.000000000000000000e+00
0.000000000000000000e+00
0.000000000000000000e+00
0.000000000000000000e+00
0.000000000000000000e+00
0.000000000000000000e+00
0.000000000000000000e+00
0.000000000000000000e+00
0.000000000000000000e+00
0.000000000000000000e+00
0.000000000000000000e+00
0.000000000000000000e+00
0.000000000000000000e+00
0.000000000000000000e+00
0.000000000000000000e+00
0.000000000000000000e+00
0.000000000000000000e+00
0.000000000000000000e+00
0.000000000000000000e+00
0.000000000000000000e+00
0.000000000000000000e+00
0.000000000000000000e+00
0.000000000000000000e+00
0.000000000000000000e+00
0.000000000000000000e+00
0.000000000000000000e+00
0.000000000000000000e+00
0.000000000000000000e+00
0.000000000000000000e+00
0.000000000000000000e+00
0.000000000000000000e+00
0.000000000000000000e+00
0.000000000000000000e+00
0.000000000000000000e+00
0.000000000000000000e+00
0.000000000000000000e+00
0.000000000000000000e+00
0.000000000000000000e+00
0.000000000000000000e+00
0.000000000000000000e+00
0.000000000000000000e+00
0.000000000000000000e+00
0.000000000000000000e+00
0.000000000000000000e+00
0.000000000000000000e+00
0.000000000000000000e+00
0.000000000000000000e+00
0.000000000000000000e+00
0.000000000000000000e+00
0.000000000000000000e+00
0.000000000000000000e+00
0.000000000000000000e+00
0.000000000000000000e+00
0.000000000000000000e+00
0.000000000000000000e+00
0.000000000000000000e+00
0.000000000000000000e+00
0.000000000000000000e+00
0.000000000000000000e+00
0.000000000000000000e+00
0.000000000000000000e+00
0.000000000000000000e+00
0.000000000000000000e+00
0.000000000000000000e+00
0.000000000000000000e+00
0.000000000000000000e+00
0.000000000000000000e+00
0.000000000000000000e+00
0.000000000000000000e+00
0.000000000000000000e+00
0.000000000000000000e+00
0.000000000000000000e+00
0.000000000000000000e+00
0.000000000000000000e+00
0.000000000000000000e+00
0.000000000000000000e+00
0.000000000000000000e+00
0.000000000000000000e+00
0.000000000000000000e+00
0.000000000000000000e+00
0.000000000000000000e+00
0.000000000000000000e+00
0.000000000000000000e+00
0.000000000000000000e+00
0.000000000000000000e+00
0.000000000000000000e+00
0.000000000000000000e+00
0.000000000000000000e+00
0.000000000000000000e+00
0.000000000000000000e+00
0.000000000000000000e+00
0.000000000000000000e+00
0.000000000000000000e+00
0.000000000000000000e+00
0.000000000000000000e+00
0.000000000000000000e+00
0.000000000000000000e+00
0.000000000000000000e+00
0.000000000000000000e+00
0.000000000000000000e+00
0.000000000000000000e+00
0.000000000000000000e+00
0.000000000000000000e+00
0.000000000000000000e+00
0.000000000000000000e+00
0.000000000000000000e+00
0.000000000000000000e+00
0.000000000000000000e+00
0.000000000000000000e+00
0.000000000000000000e+00
0.000000000000000000e+00
0.000000000000000000e+00
0.000000000000000000e+00
0.000000000000000000e+00
0.000000000000000000e+00
0.000000000000000000e+00
0.000000000000000000e+00
0.000000000000000000e+00
0.000000000000000000e+00
0.000000000000000000e+00
0.000000000000000000e+00
0.000000000000000000e+00
0.000000000000000000e+00
0.000000000000000000e+00
0.000000000000000000e+00
0.000000000000000000e+00
0.000000000000000000e+00
0.000000000000000000e+00
0.000000000000000000e+00
0.000000000000000000e+00
0.000000000000000000e+00
0.000000000000000000e+00
0.000000000000000000e+00
0.000000000000000000e+00
0.000000000000000000e+00
0.000000000000000000e+00
0.000000000000000000e+00
0.000000000000000000e+00
0.000000000000000000e+00
0.000000000000000000e+00
0.000000000000000000e+00
0.000000000000000000e+00
0.000000000000000000e+00
0.000000000000000000e+00
0.000000000000000000e+00
0.000000000000000000e+00
0.000000000000000000e+00
0.000000000000000000e+00
0.000000000000000000e+00
0.000000000000000000e+00
0.000000000000000000e+00
0.000000000000000000e+00
0.000000000000000000e+00
0.000000000000000000e+00
0.000000000000000000e+00
0.000000000000000000e+00
0.000000000000000000e+00
0.000000000000000000e+00
0.000000000000000000e+00
0.000000000000000000e+00
0.000000000000000000e+00
0.000000000000000000e+00
0.000000000000000000e+00
0.000000000000000000e+00
0.000000000000000000e+00
0.000000000000000000e+00
0.000000000000000000e+00
0.000000000000000000e+00
0.000000000000000000e+00
0.000000000000000000e+00
0.000000000000000000e+00
0.000000000000000000e+00
0.000000000000000000e+00
0.000000000000000000e+00
0.000000000000000000e+00
0.000000000000000000e+00
0.000000000000000000e+00
0.000000000000000000e+00
0.000000000000000000e+00
0.000000000000000000e+00
0.000000000000000000e+00
0.000000000000000000e+00
0.000000000000000000e+00
0.000000000000000000e+00
0.000000000000000000e+00
0.000000000000000000e+00
0.000000000000000000e+00
0.000000000000000000e+00
0.000000000000000000e+00
0.000000000000000000e+00
0.000000000000000000e+00
0.000000000000000000e+00
0.000000000000000000e+00
0.000000000000000000e+00
0.000000000000000000e+00
0.000000000000000000e+00
0.000000000000000000e+00
0.000000000000000000e+00
0.000000000000000000e+00
0.000000000000000000e+00
0.000000000000000000e+00
0.000000000000000000e+00
0.000000000000000000e+00
0.000000000000000000e+00
0.000000000000000000e+00
0.000000000000000000e+00
0.000000000000000000e+00
0.000000000000000000e+00
0.000000000000000000e+00
0.000000000000000000e+00
0.000000000000000000e+00
0.000000000000000000e+00
0.000000000000000000e+00
0.000000000000000000e+00
0.000000000000000000e+00
0.000000000000000000e+00
0.000000000000000000e+00
0.000000000000000000e+00
0.000000000000000000e+00
0.000000000000000000e+00
0.000000000000000000e+00
0.000000000000000000e+00
0.000000000000000000e+00
0.000000000000000000e+00
0.000000000000000000e+00
0.000000000000000000e+00
0.000000000000000000e+00
0.000000000000000000e+00
0.000000000000000000e+00
0.000000000000000000e+00
0.000000000000000000e+00
0.000000000000000000e+00
0.000000000000000000e+00
0.000000000000000000e+00
0.000000000000000000e+00
0.000000000000000000e+00
0.000000000000000000e+00
0.000000000000000000e+00
0.000000000000000000e+00
0.000000000000000000e+00
0.000000000000000000e+00
0.000000000000000000e+00
0.000000000000000000e+00
0.000000000000000000e+00
0.000000000000000000e+00
0.000000000000000000e+00
0.000000000000000000e+00
0.000000000000000000e+00
0.000000000000000000e+00
0.000000000000000000e+00
0.000000000000000000e+00
0.000000000000000000e+00
0.000000000000000000e+00
0.000000000000000000e+00
0.000000000000000000e+00
0.000000000000000000e+00
0.000000000000000000e+00
0.000000000000000000e+00
0.000000000000000000e+00
0.000000000000000000e+00
0.000000000000000000e+00
0.000000000000000000e+00
0.000000000000000000e+00
0.000000000000000000e+00
0.000000000000000000e+00
0.000000000000000000e+00
0.000000000000000000e+00
0.000000000000000000e+00
0.000000000000000000e+00
0.000000000000000000e+00
0.000000000000000000e+00
0.000000000000000000e+00
0.000000000000000000e+00
0.000000000000000000e+00
0.000000000000000000e+00
0.000000000000000000e+00
0.000000000000000000e+00
0.000000000000000000e+00
0.000000000000000000e+00
0.000000000000000000e+00
0.000000000000000000e+00
0.000000000000000000e+00
0.000000000000000000e+00
0.000000000000000000e+00
0.000000000000000000e+00
0.000000000000000000e+00
0.000000000000000000e+00
0.000000000000000000e+00
0.000000000000000000e+00
0.000000000000000000e+00
0.000000000000000000e+00
0.000000000000000000e+00
0.000000000000000000e+00
0.000000000000000000e+00
0.000000000000000000e+00
0.000000000000000000e+00
0.000000000000000000e+00
0.000000000000000000e+00
0.000000000000000000e+00
0.000000000000000000e+00
0.000000000000000000e+00
0.000000000000000000e+00
0.000000000000000000e+00
0.000000000000000000e+00
0.000000000000000000e+00
0.000000000000000000e+00
0.000000000000000000e+00
0.000000000000000000e+00
0.000000000000000000e+00
0.000000000000000000e+00
nan
