# bin_8_3
-5.644113352843676828e-07
-1.116360141974992369e-07
-1.090683715717996530e-07
3.772641737915127712e-08
-5.313601746533064775e-08
1.169765223617899392e-08
-4.844923509581209020e-08
2.700267813174271715e-08
-3.081318549237396114e-08
1.440493606583013679e-08
-2.295273367675801806e-08
-2.096788849337242007e-09
5.292307078918506139e-09
2.587001801173475656e-08
3.560542371712099550e-08
7.565997761267567932e-09
-2.918150595108342134e-08
-4.196332700592709151e-08
-3.520383730830090124e-08
-2.513750332799861318e-08
-1.328640929631250701e-08
-6.469484200722366667e-10
1.923995240363334480e-08
4.255710213070694575e-08
5.856101170979293453e-08
6.154956919571844059e-08
5.487181187963914893e-08
4.580351673213831684e-08
3.637305229367139928e-08
2.786865842452283788e-08
2.106915152671720115e-08
1.494664433655895666e-08
8.846724412154550134e-09
3.548779047674896968e-09
-4.547024425804265274e-10
-2.875807230472311532e-09
-3.571333373951480488e-09
-2.582508121201590174e-09
-5.610297417502789746e-10
1.814124067004678988e-09
4.052483912409433086e-09
5.807483850145809479e-09
6.842157146961777809e-09
7.002705897964955824e-09
6.503024066326522624e-09
5.735213320972476120e-09
4.834236390690399571e-09
3.903573681508928655e-09
3.021583236749925670e-09
2.246597336716224714e-09
1.621013047851235931e-09
1.174579452113031760e-09
8.521886533717383252e-10
5.814197709619766761e-10
3.583512364484070861e-10
1.792619112583116334e-10
4.063714096774054946e-11
-6.083004072899943925e-11
-1.282412769790328279e-10
-1.644978308734643422e-10
-1.723073424855084401e-10
-1.540149851918869757e-10
-1.155826681153617283e-10
-6.397781569221114866e-11
-4.967294923648363400e-12
5.670132589754548526e-11
1.171456068187747909e-10
1.732169811647352997e-10
2.223889155008935794e-10
2.626615430152476461e-10
2.924802936558423904e-10
3.106664321307006697e-10
3.198700072761612401e-10
3.243032024058940959e-10
3.252225294417547675e-10
3.237013096036606724e-10
3.206533732918583500e-10
3.168537107141828094e-10
3.129564788572483372e-10
3.095107138086323189e-10
3.069740491690106595e-10
3.057247000572416263e-10
3.060719369270998840e-10
3.082652431762710893e-10
3.125023245758532903e-10
3.206860142185213618e-10
3.335760729941459407e-10
3.497719614885425493e-10
3.680560952476389483e-10
3.873731724696181166e-10
4.068118098068067591e-10
4.255882203091045807e-10
4.430316996865360227e-10
4.585717151158913004e-10
4.717264153174139526e-10
4.820924020553832218e-10
4.893356219779223489e-10
4.931832541564999105e-10
4.934164831158583347e-10
4.898640598206175024e-10
4.823965642304779189e-10
4.606671492451621676e-10
4.177990279026742155e-10
3.584820800578938520e-10
2.868964010633444018e-10
2.067609351252864772e-10
1.213774980730158161e-10
3.367064216062155728e-11
-5.377623119942794932e-11
-1.386881464934683889e-10
-2.190688897911728437e-10
-2.931741110145626525e-10
-3.594869283319395679e-10
-4.166957966611059544e-10
-4.636744259233429713e-10
-4.994635558703060521e-10
-5.232544132833850054e-10
-5.343736943616064107e-10
-5.322699303831227232e-10
-5.224971693455429841e-10
-5.111177499412733770e-10
-4.984065973007091632e-10
-4.846138496723409706e-10
-4.699668535777053626e-10
-4.546719981758327700e-10
-4.389164023142702637e-10
-4.228694665524145272e-10
-4.066843013631104780e-10
-3.904990417392270193e-10
-3.744380575432224438e-10
-3.586130681307520291e-10
-3.431241690461449129e-10
-3.280607779209645719e-10
-3.135025061004685192e-10
-2.995199619708442946e-10
-2.861754914574031187e-10
-2.735238607058968398e-10
-2.616128855415047084e-10
-2.504840119190826720e-10
-2.401728512306164367e-10
-2.307096740183063889e-10
-2.217393377429825960e-10
-2.129056059819410976e-10
-2.042314942046082153e-10
-1.957376560800232667e-10
-1.874425621623576860e-10
-1.793626656711360615e-10
-1.715125563177598681e-10
-1.639051030565653274e-10
-1.565515865712540744e-10
-1.494618222456108087e-10
-1.426442743104438403e-10
-1.361061618063077529e-10
-1.298535569533444036e-10
-1.238914764751710825e-10
-1.182239663828743841e-10
-1.128541806874666140e-10
-1.077844544744453384e-10
-1.030163717420472507e-10
-9.855082837525614397e-11
-9.438809060034048770e-11
-9.052784923951518907e-11
-8.696927006208565955e-11
-8.371104050692357019e-11
-8.075141303128509567e-11
-7.808824532262004580e-11
-7.568662478297827979e-11
-7.349827042019995880e-11
-7.150179315323359907e-11
-6.967717550333890162e-11
-6.800569149642344274e-11
-6.646983127529064861e-11
-6.505323013288686376e-11
-6.251767500921770309e-11
-6.137113527503413479e-11
-6.028856804146180127e-11
-5.925840661721139438e-11
-5.826988252798533234e-11
-5.731297882954157390e-11
-5.637838610753819933e-11
-5.545746100449255647e-11
-5.362513817300783445e-11
-5.269944320697015795e-11
-5.175875386019274605e-11
-5.079721343958734116e-11
-4.980942777651741484e-11
-4.879043773338492323e-11
-4.773569326916386354e-11
-4.550264098634511959e-11
-4.431706521853365448e-11
-4.308115680680599396e-11
-4.179207072460549066e-11
-3.896016005326338977e-11
-3.724953620926353535e-11
-3.532080994145547428e-11
-3.317935642073771405e-11
-3.083048553035325450e-11
-2.553139190773556065e-11
-2.259144418398395744e-11
-1.946462600960798529e-11
-1.267012677079009942e-11
-9.012132292142265227e-12
-5.186639027783703124e-12
-1.198299518951895055e-12
7.248693849916608729e-12
1.169842899206912486e-11
1.629317305471846831e-11
2.590070180546326654e-11
3.090518602224843744e-11
3.603807756514694612e-11
4.667332123647921105e-11
5.216798099971766342e-11
6.349270415471382183e-11
6.931551932643788900e-11
7.524059231467334347e-11
8.738380666919829162e-11
9.359527122306139722e-11
1.062817411362061547e-10
1.127504803907510652e-10
1.271628913060480106e-10
1.354145045237352885e-10
1.443618156373842799e-10
1.643358999654423938e-10
1.753573730414689210e-10
1.994518789079611634e-10
2.125165197815352034e-10
2.406563149288754418e-10
2.557205787919370648e-10
2.878079863040730665e-10
3.048182468989442912e-10
3.407376060258629702e-10
3.791402386798705413e-10
3.992538089317011567e-10
4.412659419477264910e-10
4.631482421408473043e-10
5.086236973312023471e-10
5.563235835358952202e-10
5.809861060071512247e-10
6.318925707431215354e-10
6.581188720446244484e-10
7.120732635076548876e-10
7.679706891321027235e-10
7.966257610778931639e-10
8.553041161958266415e-10
9.157476148787765689e-10
9.466092173823182347e-10
1.019444941553442947e-09
1.111110283046490385e-09
1.218005455275950072e-09
1.276122307013283128e-09
1.399765811303185175e-09
1.530910639038076419e-09
1.666919348006877572e-09
1.735987186397081472e-09
1.874847940523130442e-09
2.012954543361673302e-09
2.148408067814415024e-09
2.279486963059923538e-09
2.342893216291791330e-09
2.464538440314717335e-09
2.578197945047715806e-09
2.682674305106547324e-09
2.776895694592179019e-09
2.859906520214763496e-09
2.930858713701228535e-09
2.989003636360035968e-09
3.033684552189255929e-09
3.064329629149080246e-09
3.080445431204318473e-09
3.081610866493525982e-09
3.067471559520253729e-09
3.037734617605442323e-09
2.919299757072207670e-09
2.653374959814517650e-09
2.260072712977287214e-09
1.758110729171521941e-09
1.164897487031114329e-09
4.966125344357013421e-10
-2.317181122920457292e-10
-1.006151162286008834e-09
-1.813759546993258456e-09
-2.642569949159138120e-09
-3.481504111067438458e-09
-4.320323685846869996e-09
-5.557869192209571335e-09
-6.356662187233236654e-09
-7.125400036768137099e-09
-7.857025926712708118e-09
-8.545073799591723620e-09
-9.482646750996509781e-09
-1.003701038064514907e-08
-1.052930374382751001e-08
-1.095529311861356915e-08
-1.146170619541838322e-08
-1.170606002440190583e-08
-1.187237646446909333e-08
-1.196998928825197286e-08
-1.193062472816174999e-08
-1.181296117532691675e-08
-1.157675580713577442e-08
-1.139032183998718443e-08
-1.107292777748260130e-08
-1.083926249149559692e-08
-1.059025814601441842e-08
-1.019202503666776602e-08
-9.912567246343316764e-09
-9.476427571899652796e-09
-9.176528870971287969e-09
-8.716407366403977624e-09
-8.404664778659667143e-09
-7.932497250128934306e-09
-7.458096324464181546e-09
-7.142243875268116464e-09
-6.671356090179064090e-09
-6.360575188319984025e-09
-5.901036397858600842e-09
-5.451546280613364589e-09
-5.158530814823377895e-09
-4.730415313282904367e-09
-4.317548442198634823e-09
-4.051561790657351260e-09
-3.667525525213981565e-09
-3.302553172785240158e-09
-2.957775055070931245e-09
-2.739634594361532658e-09
-2.425607233608650415e-09
-2.122792564450256197e-09
-1.830105889457722614e-09
-1.546540401569723112e-09
-1.362099965927046159e-09
-1.091694564012613681e-09
-8.280684122479190100e-10
-5.704589533695622968e-10
-3.181603280236711159e-10
-7.051964334332979176e-11
1.730665149129002995e-10
4.131553431045068303e-10
6.502608686115513213e-10
8.848568010928135324e-10
1.117379199297678864e-09
1.348228965704916543e-09
1.577774180404808368e-09
1.806352284849202717e-09
2.110148627313652063e-09
2.337625352059702564e-09
2.565063765582728840e-09
2.792690536373082392e-09
3.020711184587096471e-09
3.249311518574455513e-09
3.555300615305151752e-09
3.785875313642616132e-09
4.023109617076371215e-09
4.374536824873432570e-09
4.660496406369179332e-09
4.961330565236522994e-09
5.379396799361426149e-09
5.701368749406270585e-09
6.027157333756186625e-09
6.462620876317932841e-09
6.786666736600396508e-09
7.210813678306675771e-09
7.520177958672926008e-09
7.917243672499861677e-09
8.201146340547833227e-09
8.558050055549322962e-09
8.807587114353141300e-09
9.113579387070387503e-09
9.386443240296443812e-09
9.567830218707836538e-09
9.776873022150872438e-09
9.946623282327941696e-09
1.004711064907143709e-08
1.014412774790601369e-08
1.019772516026865549e-08
1.020682224325802679e-08
1.017053379718945618e-08
1.011310222923038946e-08
9.993752192106788264e-09
9.784668487634145965e-09
9.480870872049566310e-09
9.096177956606046851e-09
8.643411067707249777e-09
8.134457694459945173e-09
7.580330910741309487e-09
6.991225037105031111e-09
6.376567789405403875e-09
5.745069143936397220e-09
5.104767133046758256e-09
4.463070770519068131e-09
3.669326731019193527e-09
3.048593478090173874e-09
2.446670556187466036e-09
1.868713311224182548e-09
1.187106165424825927e-09
6.796680412229640434e-10
2.100307507040195496e-10
-3.186222010596745200e-10
-6.910696281613919231e-10
-1.015663261909604586e-09
-1.350400556103965483e-09
-1.558761826335846298e-09
-1.741848165045783756e-09
-1.824449633271368677e-09
-1.845595545309945633e-09
-1.819604079479395250e-09
-1.771797356813097523e-09
-1.708829309087995747e-09
-1.648790134701528143e-09
-1.563117464174801368e-09
-1.467148330811485326e-09
-1.383973620653819195e-09
-1.273184928761051755e-09
-1.156035783773690899e-09
-1.033738149744518463e-09
-9.074125527440673112e-10
-7.780940497600755364e-10
-6.467378109044849286e-10
-5.407797315457918100e-10
-4.079273915523090185e-10
-2.753299637010303786e-10
-1.175260155377321125e-10
1.214011996797667777e-11
1.395205387954088254e-10
2.640904400063574627e-10
3.853714092405744842e-10
5.029283420759789962e-10
6.385279149434164865e-10
7.465556520008876705e-10
8.497256498428744370e-10
9.477552926579173727e-10
1.060833343317122817e-09
1.161897830457905619e-09
1.291798493304579227e-09
1.405597123787797314e-09
1.546883802956578955e-09
1.667166582238911368e-09
1.812917357391353597e-09
1.934367531138318571e-09
2.078708031876172047e-09
2.220135834265245140e-09
2.334797286411695018e-09
2.467496528856228891e-09
2.593804762996695845e-09
2.712712374293888608e-09
2.823310564852541591e-09
2.924784116403872463e-09
3.016404644921823117e-09
3.097524312912869626e-09
3.167569967866380381e-09
3.226037677614000173e-09
3.272487635437266747e-09
3.306539409695703100e-09
3.327867514536741428e-09
3.336197279903724034e-09
3.331301000590887136e-09
3.308628761294716574e-09
3.274347600553795383e-09
3.220085518234346268e-09
3.130321096061899749e-09
3.033888259693316437e-09
2.902276395329109316e-09
2.775833826545685717e-09
2.615538156737299728e-09
2.469545173593443195e-09
2.291869406260242754e-09
2.108936732991438788e-09
1.923317879260502599e-09
1.763869674474951376e-09
1.579361963700585470e-09
1.398380958911232431e-09
1.222747867132948740e-09
1.054120814534292649e-09
8.940060717777811898e-10
7.437685373063018623e-10
6.046415287274889041e-10
4.777359289123418790e-10
3.640487301408128971e-10
2.644710165886242933e-10
1.689573831848703163e-10
1.021663060792101123e-10
5.167613724263146945e-11
1.460542443716305064e-11
7.260521442641537863e-13
0.000000000000000000e+00
0.000000000000000000e+00
0.000000000000000000e+00
0.000000000000000000e+00
0.000000000000000000e+00
0.000000000000000000e+00
0.000000000000000000e+00
0.000000000000000000e+00
0.000000000000000000e+00
0.000000000000000000e+00
0.000000000000000000e+00
0.000000000000000000e+00
0.000000000000000000e+00
0.000000000000000000e+00
0.000000000000000000e+00
0.000000000000000000e+00
0.000000000000000000e+00
0.000000000000000000e+00
0.000000000000000000e+00
0.000000000000000000e+00
0.000000000000000000e+00
0.000000000000000000e+00
0.000000000000000000e+00
0.000000000000000000e+00
0.000000000000000000e+00
0.000000000000000000e+00
0.000000000000000000e+00
0.000000000000000000e+00
0.000000000000000000e+00
0.000000000000000000e+00
0.000000000000000000e+00
0.000000000000000000e+00
0.000000000000000000e+00
0.000000000000000000e+00
0.000000000000000000e+00
0.000000000000000000e+00
0.000000000000000000e+00
0.000000000000000000e+00
0.000000000000000000e+00
0.000000000000000000e+00
0.000000000000000000e+00
0.000000000000000000e+00
0.000000000000000000e+00
0.000000000000000000e+00
0.000000000000000000e+00
0.000000000000000000e+00
0.000000000000000000e+00
0.000000000000000000e+00
0.000000000000000000e+00
0.000000000000000000e+00
0.000000000000000000e+00
0.000000000000000000e+00
0.000000000000000000e+00
0.000000000000000000e+00
0.000000000000000000e+00
0.000000000000000000e+00
0.000000000000000000e+00
0.000000000000000000e+00
0.000000000000000000e+00
0.000000000000000000e+00
0.000000000000000000e+00
0.000000000000000000e+00
0.000000000000000000e+00
0.000000000000000000e+00
0.000000000000000000e+00
0.000000000000000000e+00
0.000000000000000000e+00
0.000000000000000000e+00
0.000000000000000000e+00
0.000000000000000000e+00
0.000000000000000000e+00
0.000000000000000000e+00
0.000000000000000000e+00
0.000000000000000000e+00
0.000000000000000000e+00
0.000000000000000000e+00
0.000000000000000000e+00
0.000000000000000000e+00
0.000000000000000000e+00
0.000000000000000000e+00
0.000000000000000000e+00
0.000000000000000000e+00
0.000000000000000000e+00
0.000000000000000000e+00
0.000000000000000000e+00
0.000000000000000000e+00
0.000000000000000000e+00
0.000000000000000000e+00
0.000000000000000000e+00
0.000000000000000000e+00
0.000000000000000000e+00
0.000000000000000000e+00
0.000000000000000000e+00
0.000000000000000000e+00
0.000000000000000000e+00
0.000000000000000000e+00
0.000000000000000000e+00
0.000000000000000000e+00
0.000000000000000000e+00
0.000000000000000000e+00
0.000000000000000000e+00
0.000000000000000000e+00
0.000000000000000000e+00
0.000000000000000000e+00
0.000000000000000000e+00
0.000000000000000000e+00
0.000000000000000000e+00
0.000000000000000000e+00
0.000000000000000000e+00
0.000000000000000000e+00
0.000000000000000000e+00
0.000000000000000000e+00
0.000000000000000000e+00
0.000000000000000000e+00
0.000000000000000000e+00
0.000000000000000000e+00
0.000000000000000000e+00
0.000000000000000000e+00
0.000000000000000000e+00
0.000000000000000000e+00
0.000000000000000000e+00
0.000000000000000000e+00
0.000000000000000000e+00
0.000000000000000000e+00
0.000000000000000000e+00
0.000000000000000000e+00
0.000000000000000000e+00
0.000000000000000000e+00
0.000000000000000000e+00
0.000000000000000000e+00
0.000000000000000000e+00
0.000000000000000000e+00
0.000000000000000000e+00
0.000000000000000000e+00
0.000000000000000000e+00
0.000000000000000000e+00
0.000000000000000000e+00
0.000000000000000000e+00
0.000000000000000000e+00
0.000000000000000000e+00
0.000000000000000000e+00
0.000000000000000000e+00
0.000000000000000000e+00
0.000000000000000000e+00
0.000000000000000000e+00
0.000000000000000000e+00
0.000000000000000000e+00
0.000000000000000000e+00
0.000000000000000000e+00
0.000000000000000000e+00
0.000000000000000000e+00
0.000000000000000000e+00
0.000000000000000000e+00
0.000000000000000000e+00
0.000000000000000000e+00
0.000000000000000000e+00
0.000000000000000000e+00
0.000000000000000000e+00
0.000000000000000000e+00
0.000000000000000000e+00
0.000000000000000000e+00
0.000000000000000000e+00
0.000000000000000000e+00
0.000000000000000000e+00
0.000000000000000000e+00
0.000000000000000000e+00
0.000000000000000000e+00
0.000000000000000000e+00
0.000000000000000000e+00
0.000000000000000000e+00
0.000000000000000000e+00
0.000000000000000000e+00
0.000000000000000000e+00
0.000000000000000000e+00
0.000000000000000000e+00
0.000000000000000000e+00
0.000000000000000000e+00
0.000000000000000000e+00
0.000000000000000000e+00
0.000000000000000000e+00
0.000000000000000000e+00
0.000000000000000000e+00
0.000000000000000000e+00
0.000000000000000000e+00
0.000000000000000000e+00
0.000000000000000000e+00
0.000000000000000000e+00
0.000000000000000000e+00
0.000000000000000000e+00
0.000000000000000000e+00
0.000000000000000000e+00
0.000000000000000000e+00
0.000000000000000000e+00
0.000000000000000000e+00
0.000000000000000000e+00
0.000000000000000000e+00
0.000000000000000000e+00
0.000000000000000000e+00
0.000000000000000000e+00
0.000000000000000000e+00
0.000000000000000000e+00
0.000000000000000000e+00
0.000000000000000000e+00
0.000000000000000000e+00
0.000000000000000000e+00
0.000000000000000000e+00
0.000000000000000000e+00
0.000000000000000000e+00
0.000000000000000000e+00
0.000000000000000000e+00
0.000000000000000000e+00
0.000000000000000000e+00
0.000000000000000000e+00
0.000000000000000000e+00
0.000000000000000000e+00
0.000000000000000000e+00
0.000000000000000000e+00
0.000000000000000000e+00
0.000000000000000000e+00
0.000000000000000000e+00
0.000000000000000000e+00
0.000000000000000000e+00
0.000000000000000000e+00
0.000000000000000000e+00
0.000000000000000000e+00
0.000000000000000000e+00
0.000000000000000000e+00
0.000000000000000000e+00
0.000000000000000000e+00
0.000000000000000000e+00
0.000000000000000000e+00
0.000000000000000000e+00
0.000000000000000000e+00
0.000000000000000000e+00
0.000000000000000000e+00
0.000000000000000000e+00
0.000000000000000000e+00
0.000000000000000000e+00
0.000000000000000000e+00
0.000000000000000000e+00
0.000000000000000000e+00
0.000000000000000000e+00
0.000000000000000000e+00
0.000000000000000000e+00
0.000000000000000000e+00
0.000000000000000000e+00
0.000000000000000000e+00
0.000000000000000000e+00
0.000000000000000000e+00
0.000000000000000000e+00
0.000000000000000000e+00
0.000000000000000000e+00
0.000000000000000000e+00
0.000000000000000000e+00
0.000000000000000000e+00
0.000000000000000000e+00
0.000000000000000000e+00
0.000000000000000000e+00
0.000000000000000000e+00
0.000000000000000000e+00
0.000000000000000000e+00
0.000000000000000000e+00
0.000000000000000000e+00
0.000000000000000000e+00
0.000000000000000000e+00
0.000000000000000000e+00
0.000000000000000000e+00
0.000000000000000000e+00
0.000000000000000000e+00
0.000000000000000000e+00
0.000000000000000000e+00
0.000000000000000000e+00
0.000000000000000000e+00
0.000000000000000000e+00
0.000000000000000000e+00
0.000000000000000000e+00
0.000000000000000000e+00
0.000000000000000000e+00
0.000000000000000000e+00
0.000000000000000000e+00
0.000000000000000000e+00
0.000000000000000000e+00
0.000000000000000000e+00
0.000000000000000000e+00
0.000000000000000000e+00
0.000000000000000000e+00
0.000000000000000000e+00
0.000000000000000000e+00
0.000000000000000000e+00
0.000000000000000000e+00
0.000000000000000000e+00
0.000000000000000000e+00
0.000000000000000000e+00
0.000000000000000000e+00
0.000000000000000000e+00
0.000000000000000000e+00
0.000000000000000000e+00
0.000000000000000000e+00
0.000000000000000000e+00
0.000000000000000000e+00
0.000000000000000000e+00
0.000000000000000000e+00
0.000000000000000000e+00
0.000000000000000000e+00
0.000000000000000000e+00
0.000000000000000000e+00
0.000000000000000000e+00
0.000000000000000000e+00
0.000000000000000000e+00
0.000000000000000000e+00
0.000000000000000000e+00
0.000000000000000000e+00
0.000000000000000000e+00
0.000000000000000000e+00
0.000000000000000000e+00
0.000000000000000000e+00
0.000000000000000000e+00
0.000000000000000000e+00
0.000000000000000000e+00
0.000000000000000000e+00
0.000000000000000000e+00
0.000000000000000000e+00
0.000000000000000000e+00
0.000000000000000000e+00
0.000000000000000000e+00
0.000000000000000000e+00
0.000000000000000000e+00
0.000000000000000000e+00
0.000000000000000000e+00
0.000000000000000000e+00
0.000000000000000000e+00
0.000000000000000000e+00
0.000000000000000000e+00
0.000000000000000000e+00
0.000000000000000000e+00
0.000000000000000000e+00
0.000000000000000000e+00
0.000000000000000000e+00
0.000000000000000000e+00
0.000000000000000000e+00
0.000000000000000000e+00
0.000000000000000000e+00
0.000000000000000000e+00
0.000000000000000000e+00
0.000000000000000000e+00
0.000000000000000000e+00
0.000000000000000000e+00
0.000000000000000000e+00
0.000000000000000000e+00
0.000000000000000000e+00
0.000000000000000000e+00
0.000000000000000000e+00
0.000000000000000000e+00
0.000000000000000000e+00
0.000000000000000000e+00
0.000000000000000000e+00
0.000000000000000000e+00
0.000000000000000000e+00
0.000000000000000000e+00
0.000000000000000000e+00
0.000000000000000000e+00
0.000000000000000000e+00
0.000000000000000000e+00
0.000000000000000000e+00
0.000000000000000000e+00
0.000000000000000000e+00
0.000000000000000000e+00
0.000000000000000000e+00
0.000000000000000000e+00
0.000000000000000000e+00
0.000000000000000000e+00
0.000000000000000000e+00
0.000000000000000000e+00
0.000000000000000000e+00
0.000000000000000000e+00
0.000000000000000000e+00
0.000000000000000000e+00
0.000000000000000000e+00
0.000000000000000000e+00
0.000000000000000000e+00
0.000000000000000000e+00
0.000000000000000000e+00
0.000000000000000000e+00
0.000000000000000000e+00
0.000000000000000000e+00
0.000000000000000000e+00
0.000000000000000000e+00
0.000000000000000000e+00
0.000000000000000000e+00
0.000000000000000000e+00
0.000000000000000000e+00
0.000000000000000000e+00
0.000000000000000000e+00
0.000000000000000000e+00
0.000000000000000000e+00
0.000000000000000000e+00
0.000000000000000000e+00
0.000000000000000000e+00
0.000000000000000000e+00
0.000000000000000000e+00
0.000000000000000000e+00
0.000000000000000000e+00
0.000000000000000000e+00
0.000000000000000000e+00
0.000000000000000000e+00
0.000000000000000000e+00
0.000000000000000000e+00
0.000000000000000000e+00
0.000000000000000000e+00
0.000000000000000000e+00
0.000000000000000000e+00
0.000000000000000000e+00
0.000000000000000000e+00
0.000000000000000000e+00
0.000000000000000000e+00
0.000000000000000000e+00
0.000000000000000000e+00
0.000000000000000000e+00
0.000000000000000000e+00
0.000000000000000000e+00
0.000000000000000000e+00
0.000000000000000000e+00
0.000000000000000000e+00
0.000000000000000000e+00
0.000000000000000000e+00
0.000000000000000000e+00
0.000000000000000000e+00
0.000000000000000000e+00
0.000000000000000000e+00
0.000000000000000000e+00
0.000000000000000000e+00
0.000000000000000000e+00
0.000000000000000000e+00
0.000000000000000000e+00
0.000000000000000000e+00
0.000000000000000000e+00
0.000000000000000000e+00
0.000000000000000000e+00
0.000000000000000000e+00
0.000000000000000000e+00
0.000000000000000000e+00
0.000000000000000000e+00
0.000000000000000000e+00
0.000000000000000000e+00
0.000000000000000000e+00
0.000000000000000000e+00
0.000000000000000000e+00
0.000000000000000000e+00
0.000000000000000000e+00
0.000000000000000000e+00
0.000000000000000000e+00
0.000000000000000000e+00
0.000000000000000000e+00
0.000000000000000000e+00
0.000000000000000000e+00
0.000000000000000000e+00
0.000000000000000000e+00
0.000000000000000000e+00
0.000000000000000000e+00
0.000000000000000000e+00
0.000000000000000000e+00
0.000000000000000000e+00
0.000000000000000000e+00
0.000000000000000000e+00
0.000000000000000000e+00
0.000000000000000000e+00
0.000000000000000000e+00
0.000000000000000000e+00
0.000000000000000000e+00
0.000000000000000000e+00
0.000000000000000000e+00
0.000000000000000000e+00
0.000000000000000000e+00
0.000000000000000000e+00
0.000000000000000000e+00
0.000000000000000000e+00
0.000000000000000000e+00
0.000000000000000000e+00
0.000000000000000000e+00
0.000000000000000000e+00
0.000000000000000000e+00
0.000000000000000000e+00
0.000000000000000000e+00
0.000000000000000000e+00
0.000000000000000000e+00
0.000000000000000000e+00
0.000000000000000000e+00
0.000000000000000000e+00
0.000000000000000000e+00
0.000000000000000000e+00
0.000000000000000000e+00
0.000000000000000000e+00
0.000000000000000000e+00
0.000000000000000000e+00
0.000000000000000000e+00
0.000000000000000000e+00
0.000000000000000000e+00
0.000000000000000000e+00
0.000000000000000000e+00
0.000000000000000000e+00
0.000000000000000000e+00
0.000000000000000000e+00
0.000000000000000000e+00
0.000000000000000000e+00
0.000000000000000000e+00
0.000000000000000000e+00
0.000000000000000000e+00
0.000000000000000000e+00
0.000000000000000000e+00
0.000000000000000000e+00
0.000000000000000000e+00
0.000000000000000000e+00
0.000000000000000000e+00
0.000000000000000000e+00
0.000000000000000000e+00
0.000000000000000000e+00
nan
