# bin_13_4
-4.156198923675172898e-08
2.878722445719129106e-09
-1.852102105381258312e-08
2.657620940356916047e-10
-2.912150017215995234e-09
-1.349141359754223976e-09
3.434021074868008887e-09
-3.969793067494115917e-09
1.378865251857409283e-08
-1.828162587504400663e-08
3.008333693159947926e-08
-2.002819897501299093e-08
3.769959716052597245e-08
4.209919272964592703e-08
3.948155226649300813e-08
2.485947371299504539e-08
7.016173077707837698e-09
-3.569725673897270226e-10
8.730902532755906491e-09
2.475403075530914648e-08
3.711313026841822738e-08
4.063500424842635351e-08
3.849334632252076859e-08
3.603884001043331965e-08
3.374147652316825581e-08
3.186527900651040845e-08
3.053211282813804533e-08
2.949393424019701207e-08
2.846498043024409968e-08
2.727021083096890068e-08
2.580970104383590202e-08
1.834078133992399140e-08
4.036098822073942249e-09
-1.153518993648272618e-08
-2.461570338830121598e-08
-3.276189512928201878e-08
-3.447900765897911225e-08
-2.876155886196101401e-08
-1.803142346746178400e-08
-5.620087731791510456e-09
6.066879299037439934e-09
1.533066415465368975e-08
2.101066570451136330e-08
2.235464399437046320e-08
2.036414002785176468e-08
1.700251334553995430e-08
1.303936985538375773e-08
9.060846750056305349e-09
5.507038487880674074e-09
2.701946612240163665e-09
8.774816958266540666e-10
1.927206751735148755e-10
1.260906603702501464e-10
7.662315271161825926e-11
3.996097358114181682e-11
1.253573580796335183e-11
-8.564207670615350426e-12
-2.570358479604015450e-11
-4.079167492564007504e-11
-5.535859872282531115e-11
-7.061902387716222139e-11
-8.401006706138173463e-11
-9.334769153457508464e-11
-1.000063020475229189e-10
-1.051206331669394634e-10
-1.096222338575405402e-10
-1.142704686815400679e-10
-1.196788838127065048e-10
-1.263376488919780767e-10
-1.346326719025123923e-10
-1.448618895408454804e-10
-1.572491566196722525e-10
-3.563507346072934001e-10
-8.557600534955807570e-10
-1.561072205441851622e-09
-2.392039481840286718e-09
-3.280720486356933762e-09
-4.169868654686258355e-09
-5.011528235073843300e-09
-5.765810250296973601e-09
-6.399824770491837749e-09
-6.886749079182771674e-09
-7.205014097574506457e-09
-7.337593816257153466e-09
-7.271384529074529533e-09
-7.057892174486997666e-09
-6.768120117064050328e-09
-6.419100711315892929e-09
-6.025776270696856631e-09
-5.601228635745399252e-09
-5.156883526079954567e-09
-4.702692550896363111e-09
-4.247295407823373924e-09
-3.798164498909540858e-09
-3.361733929277606279e-09
-2.943514623563301146e-09
-2.548197093332263196e-09
-2.179743211517570566e-09
-1.841468194333584808e-09
-1.536113854329308198e-09
-1.265914067848747410e-09
-1.006780326161832878e-09
-7.376172733121442078e-10
-4.642353107916156054e-10
-1.917475947573286259e-10
7.536093054475961168e-11
3.331711725162634046e-10
5.782735400789299474e-10
8.077170096611957098e-10
1.018963074703224877e-09
1.209844100819131003e-09
1.378525657561441876e-09
1.523472441294725041e-09
1.643417442593089075e-09
1.737334046356433272e-09
1.804410783954863354e-09
1.844028484565475265e-09
1.855739597821863173e-09
1.839249482270822945e-09
1.790441592232776287e-09
1.709556425990217845e-09
1.602501069044029442e-09
1.474636560259625903e-09
1.330822410981802739e-09
1.175457507993765515e-09
1.012517705048739288e-09
8.455903806593875527e-10
6.779062153274767534e-10
5.123684191814216033e-10
3.515796208352892083e-10
1.978666099881636452e-10
5.330310966509686978e-11
-8.026926110206615605e-11
-2.012216870900380173e-10
-3.081203846284287893e-10
-3.997102340835819751e-10
-4.748997042558248040e-10
-5.327469653098546921e-10
-5.724470954714279199e-10
-5.933202945817552988e-10
-5.948010247748329271e-10
-5.846333040921558520e-10
-5.712287457112758524e-10
-5.550728515436150854e-10
-5.366133814129234717e-10
-5.162629589045293387e-10
-4.944014973703896597e-10
-4.713784589949858386e-10
-4.475149588502022060e-10
-4.231057249688194598e-10
-3.984209246395285345e-10
-3.737078663651730376e-10
-3.491925862249680445e-10
-3.250813267355211229e-10
-3.015619157099927371e-10
-2.788050520657274141e-10
-2.569655050239701194e-10
-2.361832326777785690e-10
-2.165844254723956667e-10
-1.982824797435986667e-10
-1.813789060909341102e-10
-1.659641770220045185e-10
-1.521185179889601353e-10
-1.399126456467091705e-10
-1.294084568926424029e-10
-1.206596719978486241e-10
-1.130265253706821346e-10
-1.058249399216090995e-10
-9.903698378971414975e-11
-9.264547479033545092e-11
-8.663394673754757234e-11
-8.098661741744171250e-11
-7.568835812382942366e-11
-6.608162981993305923e-11
-6.174591699969806149e-11
-5.770473532834351339e-11
-5.394581579365938923e-11
-5.045738857623959651e-11
-4.722816144161891375e-11
-4.424729914844465064e-11
-4.150440382061686416e-11
-3.669299797293609481e-11
-3.460571440765200721e-11
-3.271881845948905979e-11
-3.102383510634747424e-11
-2.951262659632288580e-11
-2.817737833278468831e-11
-2.701058539796193127e-11
-2.515381759925471206e-11
-2.445026832921582861e-11
-2.388800261285087916e-11
-2.346088202167446580e-11
-2.530332952413574278e-11
-3.185596120901870033e-11
-4.233459106936985884e-11
-5.628061135078567053e-11
-7.326171918923964494e-11
-1.147236017510949599e-10
-1.384596631090022925e-10
-1.637390479669389492e-10
-2.176693395044857678e-10
-2.457382133827800953e-10
-2.741844415521566572e-10
-3.027599986546481678e-10
-3.593844248638397825e-10
-3.870123211489354513e-10
-4.139261248371535131e-10
-4.649139771178274988e-10
-4.886687660551833409e-10
-5.110697373875234888e-10
-5.512887221697598367e-10
-5.688698350864486564e-10
-5.984494724967604647e-10
-6.102623129922752756e-10
-6.199794070887891416e-10
-6.328354423508157777e-10
-6.358452811775851729e-10
-6.347512926482643943e-10
-6.305533673571533707e-10
-6.144228095119864345e-10
-6.027355719672708742e-10
-5.889067009933551683e-10
-5.555856488683079414e-10
-5.364517474825662609e-10
-4.940693172299852323e-10
-4.711297056681803012e-10
-4.224701654518154607e-10
-3.970158161515806964e-10
-3.444729051629665398e-10
-3.176118774811066169e-10
-2.632365006437215519e-10
-2.086287069734911791e-10
-1.814584485380082953e-10
-1.277860835655188275e-10
-1.014313141336731122e-10
-5.002261586872181952e-11
-7.550756838391154854e-13
2.293641920491273033e-11
6.818481714040143599e-11
8.965084832725663239e-11
1.300606844300243124e-10
1.668638659133593207e-10
1.838308013423866674e-10
2.147510626819999080e-10
2.414853773371437973e-10
2.532272272814787019e-10
2.756518834087225623e-10
2.980237305865817834e-10
3.201455502899103168e-10
3.310563186351232322e-10
3.524745828218631796e-10
3.732299591988817704e-10
3.931857629346296011e-10
4.028250807242697251e-10
4.213564436016103477e-10
4.388071254713080444e-10
4.550861595369197188e-10
4.701134290918958122e-10
4.771353712803235122e-10
4.901564258206447368e-10
5.017674472320804061e-10
5.119199744711415776e-10
5.205730200011810107e-10
5.276924636256210949e-10
5.332504906016736053e-10
5.372250708017427148e-10
5.395994759340225857e-10
5.403618320585434557e-10
5.395047048421662037e-10
5.370247151868485055e-10
5.329221830414762640e-10
5.272007973698565569e-10
4.934620319379282680e-10
4.100567284791434928e-10
2.837452536518889390e-10
1.208192569035311534e-10
-7.286958548169397538e-11
-2.918825861703795197e-10
-5.311687104077804785e-10
-7.860407830100720615e-10
-1.052153141230559849e-09
-1.325480642498088567e-09
-1.602298942059014436e-09
-1.879165961160271800e-09
-2.287676023849030371e-09
-2.551303790805105848e-09
-2.804913685402714702e-09
-3.046132854494780112e-09
-3.272786986052201798e-09
-3.581157628637978938e-09
-3.763079579013237622e-09
-3.924217436186521281e-09
-4.063147146536829174e-09
-4.227125863533985884e-09
-4.305194606418520698e-09
-4.357107752281717509e-09
-4.384070750893700793e-09
-4.367031643359755182e-09
-4.320853572779290054e-09
-4.195340819573584717e-09
-4.078638166641721786e-09
-3.862045499300606105e-09
-3.694280441543273021e-09
-3.511044162811912634e-09
-3.212771958155414847e-09
-3.001782870931541558e-09
-2.672580320873391127e-09
-2.447586413395875188e-09
-2.106470900208355157e-09
-1.879145966257437972e-09
-1.542226228410943150e-09
-1.214485373393136711e-09
-1.003276213576392870e-09
-7.003567363836461889e-10
-5.092505476692164237e-10
-2.413102568571977666e-10
1.517960468471815479e-12
1.481220754167922356e-10
3.433283117153120920e-10
5.070024897485213095e-10
5.976629327106657029e-10
7.047370757538528985e-10
7.758244266073186149e-10
8.096772437416017284e-10
8.110354652103085875e-10
7.966368777275234191e-10
7.758438847505908991e-10
7.496173334905296550e-10
7.188460271530009275e-10
6.962152833189575340e-10
6.596638012881284011e-10
6.206207583316352767e-10
5.797492582152824522e-10
5.376600752841156598e-10
4.949151264328499913e-10
4.520307166237445510e-10
4.094805731999072254e-10
3.676986831626043503e-10
3.270819465828077253e-10
2.879926583931200435e-10
2.507608299507823879e-10
2.156863609701930055e-10
1.830410716890667050e-10
1.437137635746048849e-10
1.176499080471525010e-10
9.474202074003463109e-11
7.516070981124586114e-11
5.905733391489367427e-11
4.656533834671746888e-11
3.572664098965107419e-11
3.208873837554279398e-11
3.157030682003467307e-11
3.157559331655377252e-11
3.188030278560527149e-11
3.242849136086868277e-11
3.351703178949968210e-11
3.458655522344199690e-11
3.586070245132867447e-11
3.785964797580864678e-11
3.957089229413405529e-11
4.211711828258050001e-11
4.421346175984254931e-11
4.724111388313081772e-11
4.967564642748123794e-11
5.312530990379536182e-11
5.585570621245864979e-11
5.967377119889504662e-11
6.368031848521134811e-11
6.679993356083691918e-11
7.110101985441964965e-11
7.555166915376663400e-11
7.898016193330177575e-11
8.366251474636314315e-11
8.846132762133518650e-11
9.336583442355166324e-11
9.836588771396925140e-11
1.021728562234101632e-10
1.075786188782154159e-10
1.187910005546005024e-10
1.372400535996711322e-10
1.619755932272343997e-10
1.921144914138727212e-10
2.268364529411873322e-10
2.653800579077768969e-10
3.070390532130745361e-10
3.511588767283732191e-10
3.971333989940457540e-10
4.444018683240030826e-10
4.924460461639213432e-10
5.528668641842777704e-10
6.009637988047777118e-10
6.484144166606056721e-10
6.948531290491207507e-10
7.509702094129322876e-10
7.939484772156129521e-10
8.349250796675877863e-10
8.829520718035781497e-10
9.185447866233770344e-10
9.514037530213253692e-10
9.883584323972659090e-10
1.014430725797108673e-09
1.042423756791842864e-09
1.060988663465049764e-09
1.079230443667379589e-09
1.091220348670929608e-09
1.105207100872494660e-09
1.118066451831419806e-09
1.127533348474727099e-09
1.138333048805991129e-09
1.147977778562098743e-09
1.154859376909453064e-09
1.162417607083580680e-09
1.168817198205946208e-09
1.174061533066225943e-09
1.178156102824561841e-09
1.181108305695420322e-09
1.182927260958217151e-09
1.183573608217823479e-09
1.183380542065479945e-09
1.182087505869546063e-09
1.179103969223805452e-09
1.175442397826268991e-09
1.170729685399176779e-09
1.164982861568915293e-09
1.158219621748687030e-09
1.150458237233856119e-09
1.139853475319442490e-09
1.129962805528507489e-09
1.119135407222317524e-09
1.107391141264060137e-09
1.091856518761819189e-09
1.076680619888908733e-09
1.055885613164922526e-09
1.036673194295712746e-09
1.011678897544903774e-09
9.894680110500767566e-10
9.614334180970585853e-10
9.371220083443587397e-10
9.070483830206306487e-10
8.762342374203241943e-10
8.501609030173983990e-10
8.185881630570961095e-10
7.868949600241669379e-10
7.552666603579309037e-10
7.238730466875861981e-10
6.928693743130019074e-10
6.623973579915815195e-10
6.325860937589724074e-10
6.035529201749212263e-10
5.754042230743946724e-10
5.482361876161646809e-10
5.221355011546961905e-10
4.971800102143928863e-10
4.734393346168684544e-10
4.509754416002094141e-10
4.264540831747242974e-10
4.069076844995605067e-10
3.874896704184720172e-10
3.642918658143316804e-10
3.441045253702448281e-10
3.203821605112921135e-10
3.000401507357193310e-10
2.764530482176492759e-10
2.564759771075204775e-10
2.335803427220869924e-10
2.112552412818870116e-10
1.896228363356894306e-10
1.717160757749527569e-10
1.516546357235759125e-10
1.325728299374158051e-10
1.145518172715734408e-10
9.766391804445126621e-11
8.197325585855924457e-11
6.753635591547557998e-11
5.440270280924650642e-11
4.261526056949449167e-11
3.221095752835147784e-11
2.322113840304223744e-11
1.471244613186328492e-11
8.835729180530268944e-12
4.440194225815627853e-12
1.246148209649562341e-12
6.158658447093426113e-14
0.000000000000000000e+00
0.000000000000000000e+00
0.000000000000000000e+00
0.000000000000000000e+00
0.000000000000000000e+00
0.000000000000000000e+00
0.000000000000000000e+00
0.000000000000000000e+00
0.000000000000000000e+00
0.000000000000000000e+00
0.000000000000000000e+00
0.000000000000000000e+00
0.000000000000000000e+00
0.000000000000000000e+00
0.000000000000000000e+00
0.000000000000000000e+00
0.000000000000000000e+00
0.000000000000000000e+00
0.000000000000000000e+00
0.000000000000000000e+00
0.000000000000000000e+00
0.000000000000000000e+00
0.000000000000000000e+00
0.000000000000000000e+00
0.000000000000000000e+00
0.000000000000000000e+00
0.000000000000000000e+00
0.000000000000000000e+00
0.000000000000000000e+00
0.000000000000000000e+00
0.000000000000000000e+00
0.000000000000000000e+00
0.000000000000000000e+00
0.000000000000000000e+00
0.000000000000000000e+00
0.000000000000000000e+00
0.000000000000000000e+00
0.000000000000000000e+00
0.000000000000000000e+00
0.000000000000000000e+00
0.000000000000000000e+00
0.000000000000000000e+00
0.000000000000000000e+00
0.000000000000000000e+00
0.000000000000000000e+00
0.000000000000000000e+00
0.000000000000000000e+00
0.000000000000000000e+00
0.000000000000000000e+00
0.000000000000000000e+00
0.000000000000000000e+00
0.000000000000000000e+00
0.000000000000000000e+00
0.000000000000000000e+00
0.000000000000000000e+00
0.000000000000000000e+00
0.000000000000000000e+00
0.000000000000000000e+00
0.000000000000000000e+00
0.000000000000000000e+00
0.000000000000000000e+00
0.000000000000000000e+00
0.000000000000000000e+00
0.000000000000000000e+00
0.000000000000000000e+00
0.000000000000000000e+00
0.000000000000000000e+00
0.000000000000000000e+00
0.000000000000000000e+00
0.000000000000000000e+00
0.000000000000000000e+00
0.000000000000000000e+00
0.000000000000000000e+00
0.000000000000000000e+00
0.000000000000000000e+00
0.000000000000000000e+00
0.000000000000000000e+00
0.000000000000000000e+00
0.000000000000000000e+00
0.000000000000000000e+00
0.000000000000000000e+00
0.000000000000000000e+00
0.000000000000000000e+00
0.000000000000000000e+00
0.000000000000000000e+00
0.000000000000000000e+00
0.000000000000000000e+00
0.000000000000000000e+00
0.000000000000000000e+00
0.000000000000000000e+00
0.000000000000000000e+00
0.000000000000000000e+00
0.000000000000000000e+00
0.000000000000000000e+00
0.000000000000000000e+00
0.000000000000000000e+00
0.000000000000000000e+00
0.000000000000000000e+00
0.000000000000000000e+00
0.000000000000000000e+00
0.000000000000000000e+00
0.000000000000000000e+00
0.000000000000000000e+00
0.000000000000000000e+00
0.000000000000000000e+00
0.000000000000000000e+00
0.000000000000000000e+00
0.000000000000000000e+00
0.000000000000000000e+00
0.000000000000000000e+00
0.000000000000000000e+00
0.000000000000000000e+00
0.000000000000000000e+00
0.000000000000000000e+00
0.000000000000000000e+00
0.000000000000000000e+00
0.000000000000000000e+00
0.000000000000000000e+00
0.000000000000000000e+00
0.000000000000000000e+00
0.000000000000000000e+00
0.000000000000000000e+00
0.000000000000000000e+00
0.000000000000000000e+00
0.000000000000000000e+00
0.000000000000000000e+00
0.000000000000000000e+00
0.000000000000000000e+00
0.000000000000000000e+00
0.000000000000000000e+00
0.000000000000000000e+00
0.000000000000000000e+00
0.000000000000000000e+00
0.000000000000000000e+00
0.000000000000000000e+00
0.000000000000000000e+00
0.000000000000000000e+00
0.000000000000000000e+00
0.000000000000000000e+00
0.000000000000000000e+00
0.000000000000000000e+00
0.000000000000000000e+00
0.000000000000000000e+00
0.000000000000000000e+00
0.000000000000000000e+00
0.000000000000000000e+00
0.000000000000000000e+00
0.000000000000000000e+00
0.000000000000000000e+00
0.000000000000000000e+00
0.000000000000000000e+00
0.000000000000000000e+00
0.000000000000000000e+00
0.000000000000000000e+00
0.000000000000000000e+00
0.000000000000000000e+00
0.000000000000000000e+00
0.000000000000000000e+00
0.000000000000000000e+00
0.000000000000000000e+00
0.000000000000000000e+00
0.000000000000000000e+00
0.000000000000000000e+00
0.000000000000000000e+00
0.000000000000000000e+00
0.000000000000000000e+00
0.000000000000000000e+00
0.000000000000000000e+00
0.000000000000000000e+00
0.000000000000000000e+00
0.000000000000000000e+00
0.000000000000000000e+00
0.000000000000000000e+00
0.000000000000000000e+00
0.000000000000000000e+00
0.000000000000000000e+00
0.000000000000000000e+00
0.000000000000000000e+00
0.000000000000000000e+00
0.000000000000000000e+00
0.000000000000000000e+00
0.000000000000000000e+00
0.000000000000000000e+00
0.000000000000000000e+00
0.000000000000000000e+00
0.000000000000000000e+00
0.000000000000000000e+00
0.000000000000000000e+00
0.000000000000000000e+00
0.000000000000000000e+00
0.000000000000000000e+00
0.000000000000000000e+00
0.000000000000000000e+00
0.000000000000000000e+00
0.000000000000000000e+00
0.000000000000000000e+00
0.000000000000000000e+00
0.000000000000000000e+00
0.000000000000000000e+00
0.000000000000000000e+00
0.000000000000000000e+00
0.000000000000000000e+00
0.000000000000000000e+00
0.000000000000000000e+00
0.000000000000000000e+00
0.000000000000000000e+00
0.000000000000000000e+00
0.000000000000000000e+00
0.000000000000000000e+00
0.000000000000000000e+00
0.000000000000000000e+00
0.000000000000000000e+00
0.000000000000000000e+00
0.000000000000000000e+00
0.000000000000000000e+00
0.000000000000000000e+00
0.000000000000000000e+00
0.000000000000000000e+00
0.000000000000000000e+00
0.000000000000000000e+00
0.000000000000000000e+00
0.000000000000000000e+00
0.000000000000000000e+00
0.000000000000000000e+00
0.000000000000000000e+00
0.000000000000000000e+00
0.000000000000000000e+00
0.000000000000000000e+00
0.000000000000000000e+00
0.000000000000000000e+00
0.000000000000000000e+00
0.000000000000000000e+00
0.000000000000000000e+00
0.000000000000000000e+00
0.000000000000000000e+00
0.000000000000000000e+00
0.000000000000000000e+00
0.000000000000000000e+00
0.000000000000000000e+00
0.000000000000000000e+00
0.000000000000000000e+00
0.000000000000000000e+00
0.000000000000000000e+00
0.000000000000000000e+00
0.000000000000000000e+00
0.000000000000000000e+00
0.000000000000000000e+00
0.000000000000000000e+00
0.000000000000000000e+00
0.000000000000000000e+00
0.000000000000000000e+00
0.000000000000000000e+00
0.000000000000000000e+00
0.000000000000000000e+00
0.000000000000000000e+00
0.000000000000000000e+00
0.000000000000000000e+00
0.000000000000000000e+00
0.000000000000000000e+00
0.000000000000000000e+00
0.000000000000000000e+00
0.000000000000000000e+00
0.000000000000000000e+00
0.000000000000000000e+00
0.000000000000000000e+00
0.000000000000000000e+00
0.000000000000000000e+00
0.000000000000000000e+00
0.000000000000000000e+00
0.000000000000000000e+00
0.000000000000000000e+00
0.000000000000000000e+00
0.000000000000000000e+00
0.000000000000000000e+00
0.000000000000000000e+00
0.000000000000000000e+00
0.000000000000000000e+00
0.000000000000000000e+00
0.000000000000000000e+00
0.000000000000000000e+00
0.000000000000000000e+00
0.000000000000000000e+00
0.000000000000000000e+00
0.000000000000000000e+00
0.000000000000000000e+00
0.000000000000000000e+00
0.000000000000000000e+00
0.000000000000000000e+00
0.000000000000000000e+00
0.000000000000000000e+00
0.000000000000000000e+00
0.000000000000000000e+00
0.000000000000000000e+00
0.000000000000000000e+00
0.000000000000000000e+00
0.000000000000000000e+00
0.000000000000000000e+00
0.000000000000000000e+00
0.000000000000000000e+00
0.000000000000000000e+00
0.000000000000000000e+00
0.000000000000000000e+00
0.000000000000000000e+00
0.000000000000000000e+00
0.000000000000000000e+00
0.000000000000000000e+00
0.000000000000000000e+00
0.000000000000000000e+00
0.000000000000000000e+00
0.000000000000000000e+00
0.000000000000000000e+00
0.000000000000000000e+00
0.000000000000000000e+00
0.000000000000000000e+00
0.000000000000000000e+00
0.000000000000000000e+00
0.000000000000000000e+00
0.000000000000000000e+00
0.000000000000000000e+00
0.000000000000000000e+00
0.000000000000000000e+00
0.000000000000000000e+00
0.000000000000000000e+00
0.000000000000000000e+00
0.000000000000000000e+00
0.000000000000000000e+00
0.000000000000000000e+00
0.000000000000000000e+00
0.000000000000000000e+00
0.000000000000000000e+00
0.000000000000000000e+00
0.000000000000000000e+00
0.000000000000000000e+00
0.000000000000000000e+00
0.000000000000000000e+00
0.000000000000000000e+00
0.000000000000000000e+00
0.000000000000000000e+00
0.000000000000000000e+00
0.000000000000000000e+00
0.000000000000000000e+00
0.000000000000000000e+00
0.000000000000000000e+00
0.000000000000000000e+00
0.000000000000000000e+00
0.000000000000000000e+00
0.000000000000000000e+00
0.000000000000000000e+00
0.000000000000000000e+00
0.000000000000000000e+00
0.000000000000000000e+00
0.000000000000000000e+00
0.000000000000000000e+00
0.000000000000000000e+00
0.000000000000000000e+00
0.000000000000000000e+00
0.000000000000000000e+00
0.000000000000000000e+00
0.000000000000000000e+00
0.000000000000000000e+00
0.000000000000000000e+00
0.000000000000000000e+00
0.000000000000000000e+00
0.000000000000000000e+00
0.000000000000000000e+00
0.000000000000000000e+00
0.000000000000000000e+00
0.000000000000000000e+00
0.000000000000000000e+00
0.000000000000000000e+00
0.000000000000000000e+00
0.000000000000000000e+00
0.000000000000000000e+00
0.000000000000000000e+00
0.000000000000000000e+00
0.000000000000000000e+00
0.000000000000000000e+00
0.000000000000000000e+00
0.000000000000000000e+00
0.000000000000000000e+00
0.000000000000000000e+00
0.000000000000000000e+00
0.000000000000000000e+00
0.000000000000000000e+00
0.000000000000000000e+00
0.000000000000000000e+00
0.000000000000000000e+00
0.000000000000000000e+00
0.000000000000000000e+00
0.000000000000000000e+00
0.000000000000000000e+00
0.000000000000000000e+00
0.000000000000000000e+00
0.000000000000000000e+00
0.000000000000000000e+00
0.000000000000000000e+00
0.000000000000000000e+00
0.000000000000000000e+00
0.000000000000000000e+00
0.000000000000000000e+00
0.000000000000000000e+00
0.000000000000000000e+00
0.000000000000000000e+00
0.000000000000000000e+00
0.000000000000000000e+00
0.000000000000000000e+00
0.000000000000000000e+00
0.000000000000000000e+00
0.000000000000000000e+00
0.000000000000000000e+00
0.000000000000000000e+00
0.000000000000000000e+00
0.000000000000000000e+00
0.000000000000000000e+00
0.000000000000000000e+00
0.000000000000000000e+00
0.000000000000000000e+00
0.000000000000000000e+00
0.000000000000000000e+00
0.000000000000000000e+00
0.000000000000000000e+00
0.000000000000000000e+00
0.000000000000000000e+00
0.000000000000000000e+00
0.000000000000000000e+00
0.000000000000000000e+00
0.000000000000000000e+00
0.000000000000000000e+00
0.000000000000000000e+00
0.000000000000000000e+00
0.000000000000000000e+00
0.000000000000000000e+00
0.000000000000000000e+00
0.000000000000000000e+00
0.000000000000000000e+00
0.000000000000000000e+00
0.000000000000000000e+00
0.000000000000000000e+00
0.000000000000000000e+00
0.000000000000000000e+00
0.000000000000000000e+00
0.000000000000000000e+00
0.000000000000000000e+00
0.000000000000000000e+00
0.000000000000000000e+00
0.000000000000000000e+00
0.000000000000000000e+00
0.000000000000000000e+00
0.000000000000000000e+00
0.000000000000000000e+00
0.000000000000000000e+00
0.000000000000000000e+00
0.000000000000000000e+00
0.000000000000000000e+00
0.000000000000000000e+00
0.000000000000000000e+00
0.000000000000000000e+00
0.000000000000000000e+00
0.000000000000000000e+00
0.000000000000000000e+00
0.000000000000000000e+00
0.000000000000000000e+00
0.000000000000000000e+00
0.000000000000000000e+00
0.000000000000000000e+00
0.000000000000000000e+00
0.000000000000000000e+00
0.000000000000000000e+00
0.000000000000000000e+00
0.000000000000000000e+00
0.000000000000000000e+00
0.000000000000000000e+00
0.000000000000000000e+00
0.000000000000000000e+00
0.000000000000000000e+00
0.000000000000000000e+00
0.000000000000000000e+00
0.000000000000000000e+00
0.000000000000000000e+00
0.000000000000000000e+00
0.000000000000000000e+00
0.000000000000000000e+00
0.000000000000000000e+00
0.000000000000000000e+00
0.000000000000000000e+00
0.000000000000000000e+00
0.000000000000000000e+00
0.000000000000000000e+00
0.000000000000000000e+00
0.000000000000000000e+00
0.000000000000000000e+00
0.000000000000000000e+00
0.000000000000000000e+00
0.000000000000000000e+00
0.000000000000000000e+00
0.000000000000000000e+00
0.000000000000000000e+00
0.000000000000000000e+00
0.000000000000000000e+00
0.000000000000000000e+00
0.000000000000000000e+00
0.000000000000000000e+00
0.000000000000000000e+00
0.000000000000000000e+00
0.000000000000000000e+00
0.000000000000000000e+00
0.000000000000000000e+00
0.000000000000000000e+00
0.000000000000000000e+00
0.000000000000000000e+00
0.000000000000000000e+00
0.000000000000000000e+00
0.000000000000000000e+00
0.000000000000000000e+00
0.000000000000000000e+00
0.000000000000000000e+00
nan
