# bin_21_11
-2.492966939404474153e-09
9.757747276162921329e-10
-1.458781953721494471e-09
2.138947319927436403e-09
-3.799737091107321059e-10
1.178055303728339093e-09
-5.831748469857082067e-10
1.664856179052436608e-09
-2.750781105012098677e-11
3.102042849452439367e-09
-3.049635109470396744e-10
3.410316447214902287e-09
4.496054310255348761e-10
-5.919671754687731824e-10
-7.837873504952957148e-10
-2.986906583466652263e-10
3.264706827545836530e-10
5.532803772738318143e-10
-9.160810406543479937e-12
-9.389219334978839896e-10
-1.629680930130252727e-09
-1.788214673841701482e-09
-1.219358399078596404e-09
-3.259454709541389604e-10
3.820007410717549265e-10
6.234061282537183788e-10
2.266068705672931264e-10
-5.262599022625607317e-10
-1.261270433933945242e-09
-1.747191531521790884e-09
-1.850065770802022098e-09
-1.245237529301147249e-09
-6.876818686859267174e-11
1.214722597091113415e-09
2.291733360066062760e-09
2.958350989319109474e-09
3.089804318316977414e-09
2.916641596671529920e-09
2.726486195557904649e-09
2.524544884344441784e-09
2.314980877241014334e-09
2.101115621172696238e-09
1.885590156995656222e-09
1.670494608454107950e-09
1.422315604293874448e-09
1.134988292925819986e-09
8.435222998614966796e-10
5.741467989278376904e-10
3.461359186705981552e-10
1.732658821649713253e-10
6.497962206776962126e-11
2.731843776035615302e-11
2.876761161414696846e-11
3.386185957868848703e-11
4.092778342717737552e-11
4.863439629940952787e-11
5.593280999681181433e-11
6.200636003598417252e-11
6.622931485562821183e-11
6.813265889220066423e-11
6.737571585262077761e-11
6.411352931258670710e-11
5.888027493527658568e-11
5.195766328219282983e-11
4.359371209361217087e-11
3.400682910144318691e-11
2.338937095820431000e-11
1.191075027622632441e-11
-2.798478369507401863e-13
-1.305108729728483329e-11
-2.628739571257668626e-11
-3.988713368085774211e-11
-5.706752544857217749e-11
-7.953486164700171825e-11
-1.052020583327165167e-10
-1.323055358870406952e-10
-1.593623733359728468e-10
-1.851330430484665189e-10
-2.085889779618157581e-10
-2.288843283564337864e-10
-2.453313545941727397e-10
-2.573789785538120626e-10
-2.645940817582800197e-10
-2.666451940783772850e-10
-2.632882648332465435e-10
-2.541839204832480993e-10
-2.400849333594325013e-10
-2.223051805071753645e-10
-2.019907754234108595e-10
-1.801388403319732614e-10
-1.576141938561981822e-10
-1.351641934638965477e-10
-1.134319431989307916e-10
-9.296805202560532720e-11
-7.424110610300346278e-11
-5.764699905258182506e-11
-4.351724741968982229e-11
-3.212640374476073802e-11
-2.369866668273292030e-11
-1.841377620676502530e-11
-1.641227190304477528e-11
-1.618734749252017231e-11
-1.613061453164455632e-11
-1.620679821452099222e-11
-1.638443209470262094e-11
-1.663549554997998228e-11
-1.693508558320642267e-11
-1.726111959019341562e-11
-1.759406607334330236e-11
-1.791670058939801289e-11
-1.821388449585677924e-11
-1.847236430708095030e-11
-1.868058969125322570e-11
-1.882854833615121782e-11
-1.890761608775375212e-11
-1.891042092333223813e-11
-1.883071946191936369e-11
-1.866328484169837780e-11
-1.840380490750336664e-11
-1.767235849068045975e-11
-1.618950527638275906e-11
-1.409214234545702625e-11
-1.150452857854874381e-11
-8.539314620482272039e-12
-5.298489199342288739e-12
-1.874248848208505879e-12
1.650202547936285582e-12
5.199918524288084540e-12
8.707533785226883363e-12
1.211264205429136853e-11
1.536122357228132096e-11
1.840511817497445877e-11
2.120154023124245569e-11
2.371263203999766466e-11
2.590505257342773528e-11
2.774959871712045327e-11
2.922085639736869353e-11
3.029687920441213250e-11
3.095889231958839228e-11
3.119101973611634853e-11
3.098003292915679391e-11
2.859638285179890559e-11
2.270511130862394305e-11
1.385258083624211517e-11
2.542169442342820924e-12
-1.076274374584219037e-11
-2.563599964046922258e-11
-4.168607228296980968e-11
-5.855366011660775468e-11
-7.590944273091688762e-11
-9.345199132173232909e-11
-1.109058219892551565e-10
-1.280195818056918543e-10
-1.445643583294913040e-10
-1.603321039303690250e-10
-1.751341669227997781e-10
-1.887999220902280634e-10
-2.011754937215592639e-10
-2.121225647795606974e-10
-2.215172662806799204e-10
-2.292491413908188755e-10
-2.352201791344490802e-10
-2.393439129776318999e-10
-2.415445798816196052e-10
-2.417563357345907304e-10
-2.399225233569467094e-10
-2.362186628687138191e-10
-2.309959376179559306e-10
-2.244569484724146242e-10
-2.167906926539843151e-10
-2.081733713117647906e-10
-1.987691492253283114e-10
-1.887308695883301764e-10
-1.673108986589041359e-10
-1.561841439279663060e-10
-1.449343616027430292e-10
-1.336671199230255259e-10
-1.224801535511606569e-10
-1.114638319559213263e-10
-1.007016005690370384e-10
-9.027039634149795964e-11
-7.067860100658414637e-11
-6.164275284254177536e-11
-5.318809274064981387e-11
-4.536445417938710325e-11
-3.821719696639448449e-11
-3.178748137738644046e-11
-2.611252655126093066e-11
-1.715751750018803208e-11
-1.393431895741079284e-11
-1.158001303309052491e-11
-1.011549921885824718e-11
-9.482316721997608680e-12
-9.445150965048388924e-12
-9.445762145522440609e-12
-9.482474291323331921e-12
-9.553676562034072117e-12
-9.793418226750494185e-12
-9.959038663367708400e-12
-1.015330663013991953e-11
-1.062254754097432215e-11
-1.089502730077189959e-11
-1.119116428594894527e-11
-1.150982881420323290e-11
-1.221043759352527087e-11
-1.259033328920328202e-11
-1.298865623557640154e-11
-1.383690588659137633e-11
-1.428508147677386620e-11
-1.474817939815049516e-11
-1.571599823754872194e-11
-1.621922233187095572e-11
-1.726077144254641908e-11
-1.779776603654528104e-11
-1.834472964306124686e-11
-1.946617619317967087e-11
-2.003952267571932336e-11
-2.120878412090271471e-11
-2.180368980299858369e-11
-2.347235416519792613e-11
-2.462594842399608021e-11
-2.596270986411961001e-11
-2.910323862365500706e-11
-3.086831389124131891e-11
-3.469856350916781229e-11
-3.673063826348428202e-11
-4.095224820825251953e-11
-4.311357931304817493e-11
-4.747230570410870469e-11
-4.964578114911762485e-11
-5.392598813446503824e-11
-5.805091019434141696e-11
-6.003237313740362254e-11
-6.379231739388945552e-11
-6.555585482620053468e-11
-6.881607348475959750e-11
-7.168004865182026802e-11
-7.294974009733625161e-11
-7.514028417129043602e-11
-7.605244559123634596e-11
-7.749115824712243592e-11
-7.839325064292861488e-11
-7.863564433204608402e-11
-7.869046759645691428e-11
-7.815779622832942931e-11
-7.766661640712921126e-11
-7.557103627884843370e-11
-7.174993665226298360e-11
-6.648224836109773947e-11
-6.338684467173336886e-11
-5.642304427736815782e-11
-4.861417203594575894e-11
-4.016656663722873428e-11
-3.576290257712943481e-11
-2.670617161785082339e-11
-1.745276877504380004e-11
-8.153135832261403943e-12
1.055744143636457417e-12
5.586783542399382865e-12
1.442975165045389045e-11
2.289216624447875323e-11
3.087691681293994643e-11
3.829647649462729189e-11
4.507219983547377226e-11
5.113366955568497557e-11
5.641808884139698328e-11
6.086971593401746636e-11
6.443933802894964608e-11
6.708378171549018291e-11
6.876545739263309737e-11
6.945193528283188489e-11
6.911555083871269237e-11
6.695603426085465561e-11
6.241776354333311735e-11
5.582562190327222842e-11
4.748195805873197527e-11
3.766796833732096522e-11
2.664499416107137661e-11
1.465574029318213271e-11
1.925418870622457049e-12
-1.133717608932294787e-11
-2.493865933251883013e-11
-3.870010607553045878e-11
-5.245616096092860792e-11
-7.274955686418985877e-11
-8.585033148258997446e-11
-9.846218625098401735e-11
-1.104711652413781412e-10
-1.217728563619203957e-10
-1.371927077818325152e-10
-1.463267238134472193e-10
-1.544548747440339454e-10
-1.615088118092018016e-10
-1.699423738335916532e-10
-1.740545108710149699e-10
-1.769030439917343498e-10
-1.787171601590033907e-10
-1.782358424575301020e-10
-1.764564291839906147e-10
-1.724300138208704333e-10
-1.690171997150204212e-10
-1.629492207438846419e-10
-1.583494985783961517e-10
-1.533647307573183122e-10
-1.452674271459175816e-10
-1.395192490411266699e-10
-1.304729107390660016e-10
-1.242138346288077413e-10
-1.145695021954055951e-10
-1.080161689228200656e-10
-9.807448965563762590e-11
-8.808009780494893701e-11
-8.142952447606757464e-11
-7.152921873274984031e-11
-6.500995628823945067e-11
-5.540057732350570496e-11
-4.604703343489537536e-11
-3.998008862172983430e-11
-3.116887984651419494e-11
-2.274373435253377311e-11
-1.736110638589501077e-11
-9.664748126703906959e-12
-2.449694026818664959e-12
4.255925572157230137e-12
8.431082952325166073e-12
1.437308926428986746e-11
2.005449720822601011e-11
2.550118303636222673e-11
3.073717457587326059e-11
3.412186340814497982e-11
3.905545273271196309e-11
4.383428073487539966e-11
4.847657437254817305e-11
5.299921287944836079e-11
5.741781599214243032e-11
6.174682644017054989e-11
6.599958708548666604e-11
7.018841307010876589e-11
7.432465930555023295e-11
7.841878361419182919e-11
8.248040581106424260e-11
8.651836299442169491e-11
9.054076129490960963e-11
9.589249463658762355e-11
9.990636331606123499e-11
1.039270135279482049e-10
1.079599054109210701e-10
1.120099932400208774e-10
1.160817595364299381e-10
1.215514311470684366e-10
1.256887978272907872e-10
1.297603538248010884e-10
1.346315583907626409e-10
1.379113626550750520e-10
1.409269830844655270e-10
1.446172351353388722e-10
1.471928473801450740e-10
1.496481352214089636e-10
1.527980333376791404e-10
1.551114756575396463e-10
1.581897581460215484e-10
1.605305522003451307e-10
1.637437176083245603e-10
1.662533370719365649e-10
1.697734155158261199e-10
1.725692384248090123e-10
1.765383138576273931e-10
1.808176006540233920e-10
1.842509562299978985e-10
1.891513465807323102e-10
1.944447076451747304e-10
1.986867489632059901e-10
2.047219353823918493e-10
2.112066598444920848e-10
2.181560867629315575e-10
2.255828645643763204e-10
2.314725108265529032e-10
2.398359146541818644e-10
2.503637186635520762e-10
2.633483245040308376e-10
2.783704837424164086e-10
2.950420163447683852e-10
3.130038124726531815e-10
3.319239618149230704e-10
3.514960020171860023e-10
3.714372783592406671e-10
3.914874073753068036e-10
4.114068376167308533e-10
4.309755012244367976e-10
4.546372008934756545e-10
4.727044801602785816e-10
4.898255912087216545e-10
5.058501008773722740e-10
5.241315308306883962e-10
5.372080542860237787e-10
5.487889519956850010e-10
5.610131756809514049e-10
5.688852430322246948e-10
5.749787493869784419e-10
5.799925520900071300e-10
5.818500252747052540e-10
5.813980055784903984e-10
5.787659514596029038e-10
5.725804733522657822e-10
5.653890251260066438e-10
5.539652281904407188e-10
5.401897118169681040e-10
5.277132468019052355e-10
5.105728283598532723e-10
4.919996311129972217e-10
4.762995943816310564e-10
4.558428344455263738e-10
4.346883272288009465e-10
4.130603593235136206e-10
3.911652279965201188e-10
3.691924453936134579e-10
3.473158636306876244e-10
3.299913398342511391e-10
3.086800249134085319e-10
2.878770738377447969e-10
2.637574724729881978e-10
2.444914453274596348e-10
2.260901824684364972e-10
2.086438085256512206e-10
1.922335108473555106e-10
1.769321535563709329e-10
1.601254949879143849e-10
1.474828943607965321e-10
1.361329240933238162e-10
1.261193467418831924e-10
1.157459729625551585e-10
1.077144882071935842e-10
9.861865452030519005e-11
9.147325133751625460e-11
8.339909661351786917e-11
7.707173815891848876e-11
6.994083289298340716e-11
6.436872956974633103e-11
5.810867379281479618e-11
5.229510826165940306e-11
4.777777327980180624e-11
4.273388276086449191e-11
3.808457111650165039e-11
3.381296959542225247e-11
2.990291306968256356e-11
2.633890866021629260e-11
2.310610588875531891e-11
2.019026827494825029e-11
1.757774630219255226e-11
1.525545168010402078e-11
1.321083283567921895e-11
1.143185156908960682e-11
9.906960813673634478e-12
8.625083443115163121e-12
7.575592071998627271e-12
6.631314891983115293e-12
6.048497651207694784e-12
5.556299173241996428e-12
5.018067972168963333e-12
4.586243238878009700e-12
4.115309820334490976e-12
3.738595775581545359e-12
3.329092781655251145e-12
3.002683291104609322e-12
2.649251118220172526e-12
2.323954276035872922e-12
2.025439945426985977e-12
1.789908188049207090e-12
1.537757772956560188e-12
1.308863567751334284e-12
1.102100595206126118e-12
9.163960281258221745e-13
7.507266337436007285e-13
6.041163537359969491e-13
4.756340120290387384e-13
3.643911430587021593e-13
2.695399336053568501e-13
1.902712717488185384e-13
1.177701520840342447e-13
6.933713936891539844e-14
3.417562097544992167e-14
9.387022450329027166e-15
4.554803122539821903e-16
0.000000000000000000e+00
0.000000000000000000e+00
0.000000000000000000e+00
0.000000000000000000e+00
0.000000000000000000e+00
0.000000000000000000e+00
0.000000000000000000e+00
0.000000000000000000e+00
0.000000000000000000e+00
0.000000000000000000e+00
0.000000000000000000e+00
0.000000000000000000e+00
0.000000000000000000e+00
0.000000000000000000e+00
0.000000000000000000e+00
0.000000000000000000e+00
0.000000000000000000e+00
0.000000000000000000e+00
0.000000000000000000e+00
0.000000000000000000e+00
0.000000000000000000e+00
0.000000000000000000e+00
0.000000000000000000e+00
0.000000000000000000e+00
0.000000000000000000e+00
0.000000000000000000e+00
0.000000000000000000e+00
0.000000000000000000e+00
0.000000000000000000e+00
0.000000000000000000e+00
0.000000000000000000e+00
0.000000000000000000e+00
0.000000000000000000e+00
0.000000000000000000e+00
0.000000000000000000e+00
0.000000000000000000e+00
0.000000000000000000e+00
0.000000000000000000e+00
0.000000000000000000e+00
0.000000000000000000e+00
0.000000000000000000e+00
0.000000000000000000e+00
0.000000000000000000e+00
0.000000000000000000e+00
0.000000000000000000e+00
0.000000000000000000e+00
0.000000000000000000e+00
0.000000000000000000e+00
0.000000000000000000e+00
0.000000000000000000e+00
0.000000000000000000e+00
0.000000000000000000e+00
0.000000000000000000e+00
0.000000000000000000e+00
0.000000000000000000e+00
0.000000000000000000e+00
0.000000000000000000e+00
0.000000000000000000e+00
0.000000000000000000e+00
0.000000000000000000e+00
0.000000000000000000e+00
0.000000000000000000e+00
0.000000000000000000e+00
0.000000000000000000e+00
0.000000000000000000e+00
0.000000000000000000e+00
0.000000000000000000e+00
0.000000000000000000e+00
0.000000000000000000e+00
0.000000000000000000e+00
0.000000000000000000e+00
0.000000000000000000e+00
0.000000000000000000e+00
0.000000000000000000e+00
0.000000000000000000e+00
0.000000000000000000e+00
0.000000000000000000e+00
0.000000000000000000e+00
0.000000000000000000e+00
0.000000000000000000e+00
0.000000000000000000e+00
0.000000000000000000e+00
0.000000000000000000e+00
0.000000000000000000e+00
0.000000000000000000e+00
0.000000000000000000e+00
0.000000000000000000e+00
0.000000000000000000e+00
0.000000000000000000e+00
0.000000000000000000e+00
0.000000000000000000e+00
0.000000000000000000e+00
0.000000000000000000e+00
0.000000000000000000e+00
0.000000000000000000e+00
0.000000000000000000e+00
0.000000000000000000e+00
0.000000000000000000e+00
0.000000000000000000e+00
0.000000000000000000e+00
0.000000000000000000e+00
0.000000000000000000e+00
0.000000000000000000e+00
0.000000000000000000e+00
0.000000000000000000e+00
0.000000000000000000e+00
0.000000000000000000e+00
0.000000000000000000e+00
0.000000000000000000e+00
0.000000000000000000e+00
0.000000000000000000e+00
0.000000000000000000e+00
0.000000000000000000e+00
0.000000000000000000e+00
0.000000000000000000e+00
0.000000000000000000e+00
0.000000000000000000e+00
0.000000000000000000e+00
0.000000000000000000e+00
0.000000000000000000e+00
0.000000000000000000e+00
0.000000000000000000e+00
0.000000000000000000e+00
0.000000000000000000e+00
0.000000000000000000e+00
0.000000000000000000e+00
0.000000000000000000e+00
0.000000000000000000e+00
0.000000000000000000e+00
0.000000000000000000e+00
0.000000000000000000e+00
0.000000000000000000e+00
0.000000000000000000e+00
0.000000000000000000e+00
0.000000000000000000e+00
0.000000000000000000e+00
0.000000000000000000e+00
0.000000000000000000e+00
0.000000000000000000e+00
0.000000000000000000e+00
0.000000000000000000e+00
0.000000000000000000e+00
0.000000000000000000e+00
0.000000000000000000e+00
0.000000000000000000e+00
0.000000000000000000e+00
0.000000000000000000e+00
0.000000000000000000e+00
0.000000000000000000e+00
0.000000000000000000e+00
0.000000000000000000e+00
0.000000000000000000e+00
0.000000000000000000e+00
0.000000000000000000e+00
0.000000000000000000e+00
0.000000000000000000e+00
0.000000000000000000e+00
0.000000000000000000e+00
0.000000000000000000e+00
0.000000000000000000e+00
0.000000000000000000e+00
0.000000000000000000e+00
0.000000000000000000e+00
0.000000000000000000e+00
0.000000000000000000e+00
0.000000000000000000e+00
0.000000000000000000e+00
0.000000000000000000e+00
0.000000000000000000e+00
0.000000000000000000e+00
0.000000000000000000e+00
0.000000000000000000e+00
0.000000000000000000e+00
0.000000000000000000e+00
0.000000000000000000e+00
0.000000000000000000e+00
0.000000000000000000e+00
0.000000000000000000e+00
0.000000000000000000e+00
0.000000000000000000e+00
0.000000000000000000e+00
0.000000000000000000e+00
0.000000000000000000e+00
0.000000000000000000e+00
0.000000000000000000e+00
0.000000000000000000e+00
0.000000000000000000e+00
0.000000000000000000e+00
0.000000000000000000e+00
0.000000000000000000e+00
0.000000000000000000e+00
0.000000000000000000e+00
0.000000000000000000e+00
0.000000000000000000e+00
0.000000000000000000e+00
0.000000000000000000e+00
0.000000000000000000e+00
0.000000000000000000e+00
0.000000000000000000e+00
0.000000000000000000e+00
0.000000000000000000e+00
0.000000000000000000e+00
0.000000000000000000e+00
0.000000000000000000e+00
0.000000000000000000e+00
0.000000000000000000e+00
0.000000000000000000e+00
0.000000000000000000e+00
0.000000000000000000e+00
0.000000000000000000e+00
0.000000000000000000e+00
0.000000000000000000e+00
0.000000000000000000e+00
0.000000000000000000e+00
0.000000000000000000e+00
0.000000000000000000e+00
0.000000000000000000e+00
0.000000000000000000e+00
0.000000000000000000e+00
0.000000000000000000e+00
0.000000000000000000e+00
0.000000000000000000e+00
0.000000000000000000e+00
0.000000000000000000e+00
0.000000000000000000e+00
0.000000000000000000e+00
0.000000000000000000e+00
0.000000000000000000e+00
0.000000000000000000e+00
0.000000000000000000e+00
0.000000000000000000e+00
0.000000000000000000e+00
0.000000000000000000e+00
0.000000000000000000e+00
0.000000000000000000e+00
0.000000000000000000e+00
0.000000000000000000e+00
0.000000000000000000e+00
0.000000000000000000e+00
0.000000000000000000e+00
0.000000000000000000e+00
0.000000000000000000e+00
0.000000000000000000e+00
0.000000000000000000e+00
0.000000000000000000e+00
0.000000000000000000e+00
0.000000000000000000e+00
0.000000000000000000e+00
0.000000000000000000e+00
0.000000000000000000e+00
0.000000000000000000e+00
0.000000000000000000e+00
0.000000000000000000e+00
0.000000000000000000e+00
0.000000000000000000e+00
0.000000000000000000e+00
0.000000000000000000e+00
0.000000000000000000e+00
0.000000000000000000e+00
0.000000000000000000e+00
0.000000000000000000e+00
0.000000000000000000e+00
0.000000000000000000e+00
0.000000000000000000e+00
0.000000000000000000e+00
0.000000000000000000e+00
0.000000000000000000e+00
0.000000000000000000e+00
0.000000000000000000e+00
0.000000000000000000e+00
0.000000000000000000e+00
0.000000000000000000e+00
0.000000000000000000e+00
0.000000000000000000e+00
0.000000000000000000e+00
0.000000000000000000e+00
0.000000000000000000e+00
0.000000000000000000e+00
0.000000000000000000e+00
0.000000000000000000e+00
0.000000000000000000e+00
0.000000000000000000e+00
0.000000000000000000e+00
0.000000000000000000e+00
0.000000000000000000e+00
0.000000000000000000e+00
0.000000000000000000e+00
0.000000000000000000e+00
0.000000000000000000e+00
0.000000000000000000e+00
0.000000000000000000e+00
0.000000000000000000e+00
0.000000000000000000e+00
0.000000000000000000e+00
0.000000000000000000e+00
0.000000000000000000e+00
0.000000000000000000e+00
0.000000000000000000e+00
0.000000000000000000e+00
0.000000000000000000e+00
0.000000000000000000e+00
0.000000000000000000e+00
0.000000000000000000e+00
0.000000000000000000e+00
0.000000000000000000e+00
0.000000000000000000e+00
0.000000000000000000e+00
0.000000000000000000e+00
0.000000000000000000e+00
0.000000000000000000e+00
0.000000000000000000e+00
0.000000000000000000e+00
0.000000000000000000e+00
0.000000000000000000e+00
0.000000000000000000e+00
0.000000000000000000e+00
0.000000000000000000e+00
0.000000000000000000e+00
0.000000000000000000e+00
0.000000000000000000e+00
0.000000000000000000e+00
0.000000000000000000e+00
0.000000000000000000e+00
0.000000000000000000e+00
0.000000000000000000e+00
0.000000000000000000e+00
0.000000000000000000e+00
0.000000000000000000e+00
0.000000000000000000e+00
0.000000000000000000e+00
0.000000000000000000e+00
0.000000000000000000e+00
0.000000000000000000e+00
0.000000000000000000e+00
0.000000000000000000e+00
0.000000000000000000e+00
0.000000000000000000e+00
0.000000000000000000e+00
0.000000000000000000e+00
0.000000000000000000e+00
0.000000000000000000e+00
0.000000000000000000e+00
0.000000000000000000e+00
0.000000000000000000e+00
0.000000000000000000e+00
0.000000000000000000e+00
0.000000000000000000e+00
0.000000000000000000e+00
0.000000000000000000e+00
0.000000000000000000e+00
0.000000000000000000e+00
0.000000000000000000e+00
0.000000000000000000e+00
0.000000000000000000e+00
0.000000000000000000e+00
0.000000000000000000e+00
0.000000000000000000e+00
0.000000000000000000e+00
0.000000000000000000e+00
0.000000000000000000e+00
0.000000000000000000e+00
0.000000000000000000e+00
0.000000000000000000e+00
0.000000000000000000e+00
0.000000000000000000e+00
0.000000000000000000e+00
0.000000000000000000e+00
0.000000000000000000e+00
0.000000000000000000e+00
0.000000000000000000e+00
0.000000000000000000e+00
0.000000000000000000e+00
0.000000000000000000e+00
0.000000000000000000e+00
0.000000000000000000e+00
0.000000000000000000e+00
0.000000000000000000e+00
0.000000000000000000e+00
0.000000000000000000e+00
0.000000000000000000e+00
0.000000000000000000e+00
0.000000000000000000e+00
0.000000000000000000e+00
0.000000000000000000e+00
0.000000000000000000e+00
0.000000000000000000e+00
0.000000000000000000e+00
0.000000000000000000e+00
0.000000000000000000e+00
0.000000000000000000e+00
0.000000000000000000e+00
0.000000000000000000e+00
0.000000000000000000e+00
0.000000000000000000e+00
0.000000000000000000e+00
0.000000000000000000e+00
0.000000000000000000e+00
0.000000000000000000e+00
0.000000000000000000e+00
0.000000000000000000e+00
0.000000000000000000e+00
0.000000000000000000e+00
0.000000000000000000e+00
0.000000000000000000e+00
0.000000000000000000e+00
0.000000000000000000e+00
0.000000000000000000e+00
0.000000000000000000e+00
0.000000000000000000e+00
0.000000000000000000e+00
0.000000000000000000e+00
0.000000000000000000e+00
0.000000000000000000e+00
0.000000000000000000e+00
0.000000000000000000e+00
0.000000000000000000e+00
0.000000000000000000e+00
0.000000000000000000e+00
0.000000000000000000e+00
0.000000000000000000e+00
0.000000000000000000e+00
0.000000000000000000e+00
0.000000000000000000e+00
0.000000000000000000e+00
0.000000000000000000e+00
0.000000000000000000e+00
0.000000000000000000e+00
0.000000000000000000e+00
0.000000000000000000e+00
0.000000000000000000e+00
0.000000000000000000e+00
0.000000000000000000e+00
0.000000000000000000e+00
0.000000000000000000e+00
0.000000000000000000e+00
0.000000000000000000e+00
0.000000000000000000e+00
0.000000000000000000e+00
0.000000000000000000e+00
0.000000000000000000e+00
0.000000000000000000e+00
0.000000000000000000e+00
0.000000000000000000e+00
0.000000000000000000e+00
0.000000000000000000e+00
0.000000000000000000e+00
0.000000000000000000e+00
0.000000000000000000e+00
0.000000000000000000e+00
0.000000000000000000e+00
0.000000000000000000e+00
0.000000000000000000e+00
0.000000000000000000e+00
0.000000000000000000e+00
0.000000000000000000e+00
0.000000000000000000e+00
0.000000000000000000e+00
0.000000000000000000e+00
0.000000000000000000e+00
0.000000000000000000e+00
0.000000000000000000e+00
0.000000000000000000e+00
0.000000000000000000e+00
0.000000000000000000e+00
0.000000000000000000e+00
0.000000000000000000e+00
0.000000000000000000e+00
0.000000000000000000e+00
0.000000000000000000e+00
0.000000000000000000e+00
0.000000000000000000e+00
0.000000000000000000e+00
0.000000000000000000e+00
0.000000000000000000e+00
0.000000000000000000e+00
0.000000000000000000e+00
0.000000000000000000e+00
0.000000000000000000e+00
0.000000000000000000e+00
0.000000000000000000e+00
0.000000000000000000e+00
0.000000000000000000e+00
0.000000000000000000e+00
0.000000000000000000e+00
0.000000000000000000e+00
0.000000000000000000e+00
0.000000000000000000e+00
0.000000000000000000e+00
0.000000000000000000e+00
0.000000000000000000e+00
0.000000000000000000e+00
0.000000000000000000e+00
0.000000000000000000e+00
0.000000000000000000e+00
0.000000000000000000e+00
0.000000000000000000e+00
0.000000000000000000e+00
0.000000000000000000e+00
0.000000000000000000e+00
0.000000000000000000e+00
0.000000000000000000e+00
0.000000000000000000e+00
0.000000000000000000e+00
0.000000000000000000e+00
0.000000000000000000e+00
0.000000000000000000e+00
0.000000000000000000e+00
0.000000000000000000e+00
0.000000000000000000e+00
0.000000000000000000e+00
0.000000000000000000e+00
0.000000000000000000e+00
0.000000000000000000e+00
0.000000000000000000e+00
0.000000000000000000e+00
0.000000000000000000e+00
nan
