# bin_14_13
-1.177664726093064479e-06
-1.089092826515313564e-06
-9.825935465803429411e-07
-8.846041420461499121e-07
-7.821489989498037367e-07
-6.866671432324125592e-07
-5.915650111768117787e-07
-5.058556839558769606e-07
-4.173135738504569853e-07
-3.441823445148146428e-07
-2.651800628237217629e-07
-1.996411355731927218e-07
-1.342449911577930423e-07
-7.413755702829001993e-08
-1.784234237008941889e-08
3.376706789146356293e-08
8.057542815847897371e-08
1.251984592102705868e-07
1.661989757775332389e-07
2.027832647364186515e-07
2.364844192100174515e-07
2.681583202062651563e-07
2.972023621714134020e-07
3.231379478576803477e-07
3.465225109282356216e-07
3.677572093834500079e-07
3.867318850574556524e-07
4.034145498029888434e-07
4.181644528621996909e-07
4.312628511204681267e-07
4.429332173142877431e-07
4.533495563960083347e-07
4.625005528523078014e-07
4.703464628194801866e-07
4.768957743309761770e-07
4.821889977291247101e-07
4.862871181541115799e-07
4.899920773397666461e-07
4.935136022867666241e-07
4.962251072094461835e-07
4.977033700337706332e-07
4.976777764910259254e-07
4.959915992856687567e-07
4.925724321957401065e-07
4.876139887459273070e-07
4.816273920546705980e-07
4.749925678964336967e-07
4.680075252794178408e-07
4.609043238172245503e-07
4.538619327636761002e-07
4.470166066575164840e-07
4.404702711456435068e-07
4.343089148650244636e-07
4.284449487924810006e-07
4.227273225669095174e-07
4.170379305745440787e-07
4.112856216290770987e-07
4.054012648999874848e-07
3.993336821995197544e-07
3.930462922156084631e-07
3.865143408170863143e-07
3.798587477447141423e-07
3.732157612391776775e-07
3.665909951473553690e-07
3.599898976157889092e-07
3.534176957924162635e-07
3.468793567455852800e-07
3.403795612400750548e-07
3.339226876545245082e-07
3.275128038465358474e-07
3.211536651946364128e-07
3.148487173893107371e-07
3.085648723037260528e-07
3.022945659964401673e-07
2.960743260066881187e-07
2.899347503859328028e-07
2.839012928903146064e-07
2.779949464712944901e-07
2.722328386166071841e-07
2.666287502026760496e-07
2.611935679066256264e-07
2.559356788478923610e-07
2.508613149500896589e-07
2.459748535030421207e-07
2.412790795373519262e-07
2.366948485346482492e-07
2.321595031356531796e-07
2.276965306223243904e-07
2.233258275054803102e-07
2.190641241334856247e-07
2.149253609134301753e-07
2.109210217842394401e-07
2.070604298946654186e-07
2.033510098405639831e-07
1.997985202933910442e-07
1.964072603952542763e-07
1.931802528963803730e-07
1.901194066609859194e-07
1.872256608607770322e-07
1.844991129060668019e-07
1.819391319279659900e-07
1.795020548559534737e-07
1.771455842269988906e-07
1.748703505966404021e-07
1.726766211580807332e-07
1.705643450260657700e-07
1.685331937021977543e-07
1.665825972265206421e-07
1.647117764658713843e-07
1.629197719412445265e-07
1.612054695535716069e-07
1.595676235292112818e-07
1.580048768725565559e-07
1.565157795829838882e-07
1.550988048664775234e-07
1.537523635482900442e-07
1.524748168716058112e-07
1.512644878480767732e-07
1.501196713090360214e-07
1.490555505918085433e-07
1.480793014587970291e-07
1.471781128214524253e-07
1.463403222222592770e-07
1.455553231254118727e-07
1.448134797016869424e-07
1.441060484777745940e-07
1.434251062761127458e-07
1.427634839218196015e-07
1.421147052391495760e-07
1.414729309014906772e-07
1.408329067366754906e-07
1.401899161236813419e-07
1.395397361479730686e-07
1.388785972111019480e-07
1.382031458159782379e-07
1.375104102727378031e-07
1.367977690915289121e-07
1.360629218480610833e-07
1.353038623255592383e-07
1.345188537530028250e-07
1.337064059743632873e-07
1.329179058063271368e-07
1.321958808397804025e-07
1.315266353144718176e-07
1.308976187401652910e-07
1.302973441443943376e-07
1.297153120722107109e-07
1.291419399199214787e-07
1.285684962167408712e-07
1.279870394976318059e-07
1.273903614375992075e-07
1.267719339425327493e-07
1.261258599145513914e-07
1.254468274308486086e-07
1.247300670944312405e-07
1.239713123330101949e-07
1.231667624387829891e-07
1.223130481570435151e-07
1.214071996455814110e-07
1.204466166397778584e-07
1.194290406702619520e-07
1.183525291910383417e-07
1.172154314862028636e-07
1.160163662328036197e-07
1.147542006061321786e-07
1.134280308218059813e-07
1.120763536712291288e-07
1.107384067186180929e-07
1.094145282177119644e-07
1.081050186455166093e-07
1.068101431846820254e-07
1.055301340534281937e-07
1.042651926925575594e-07
1.017811773504971747e-07
1.005623702203930656e-07
9.935916807119050911e-08
9.817164685231677868e-08
9.699986231730127908e-08
9.584385143006097771e-08
9.470363368535128936e-08
9.357921234861686575e-08
9.137769772812290070e-08
9.030053995488062750e-08
8.923905160039485546e-08
8.819317088679715605e-08
8.716282580745861323e-08
8.614793492397126300e-08
8.514840811414897922e-08
8.319504697627014362e-08
8.224099508858778461e-08
8.130187335288591490e-08
8.037755792912542296e-08
7.856713626181323362e-08
7.767020739345709063e-08
7.677818010400850453e-08
7.589202986704464479e-08
7.501266463681817341e-08
7.327760491069804356e-08
7.242342032227623797e-08
7.157904688610762600e-08
6.992216886901343535e-08
6.911076348076634839e-08
6.831137275392071459e-08
6.752443907745373229e-08
6.598952096528355409e-08
6.524223612226185257e-08
6.450881145358521825e-08
6.308458965692183196e-08
6.239424491518568911e-08
6.171866831357462623e-08
6.041244494859715526e-08
5.978205463415003224e-08
5.856720256403310766e-08
5.798287804644013440e-08
5.741401692034655285e-08
5.632277584654963413e-08
5.580040471191163079e-08
5.480208255082192866e-08
5.432606323653859906e-08
5.347805564189821542e-08
5.311539425593106062e-08
5.278926996925334967e-08
5.223447626693830001e-08
5.200008813866136210e-08
5.160404748239470836e-08
5.143746419793074320e-08
5.115573554850676944e-08
5.103635094222691073e-08
5.083072471891174128e-08
5.074085068043645184e-08
5.057858551814691099e-08
5.042943230486542834e-08
5.035624639361252805e-08
5.020625213963336876e-08
5.012708957049507461e-08
4.995503101429790252e-08
4.975815818578955530e-08
4.964818748200149037e-08
4.940117544615221780e-08
4.926267880112496496e-08
4.895240463099267131e-08
4.859384683716236854e-08
4.839514229675125967e-08
4.795656159953852894e-08
4.746038252037896484e-08
4.718979673448166647e-08
4.663551582399336232e-08
4.608573422269147451e-08
4.554056092133925930e-08
4.526973308403843869e-08
4.473165014458434260e-08
4.419839646909454587e-08
4.367004196245225378e-08
4.340772113818465828e-08
4.288682595278508942e-08
4.237096477268034664e-08
4.186017722956547578e-08
4.135449564866520604e-08
4.110357782782171342e-08
4.060560110136830563e-08
4.011278254700874212e-08
3.962513283210525700e-08
3.914265742298136224e-08
3.866535697135739604e-08
3.819322767538474418e-08
3.772626161696976294e-08
3.726444707696017835e-08
3.680776882965750227e-08
3.635620841801763324e-08
3.590974441080796822e-08
3.546835264290229183e-08
3.503200643981410310e-08
3.460111647928275766e-08
3.417616606455357974e-08
3.375722585386247933e-08
3.334435413643077395e-08
3.293759773672036653e-08
3.253699285929445679e-08
3.214256587820389438e-08
3.175433407454988589e-08
3.137230632562454790e-08
3.099648374879890358e-08
3.062686030311309128e-08
3.026342335132389217e-08
2.972982513624106337e-08
2.938176048802593801e-08
2.903979343240669073e-08
2.870388766724496039e-08
2.837400278512233684e-08
2.789036709409010537e-08
2.757533388483061862e-08
2.726615279644102548e-08
2.696276907668355745e-08
2.651843795281531858e-08
2.622929297993017659e-08
2.594573643549659471e-08
2.553074016524703096e-08
2.526087291726734684e-08
2.499799511847525435e-08
2.463413302253059677e-08
2.441141891366151866e-08
2.410373246607072324e-08
2.391434990508404292e-08
2.373617614481911371e-08
2.348751951157699385e-08
2.333264618956035956e-08
2.311428799735605965e-08
2.297672136870829517e-08
2.278032067926872716e-08
2.265490746740642233e-08
2.247330400220765217e-08
2.229757804229149151e-08
2.218269639559367176e-08
2.201241034331456726e-08
2.189950950566505069e-08
2.172993493053275590e-08
2.155882693335737583e-08
2.144325858876381535e-08
2.126678506335275932e-08
2.108561494263484986e-08
2.096174438018817791e-08
2.077065366354713472e-08
2.057252303960975387e-08
2.036665155627692137e-08
2.022479607766332789e-08
2.000845328907064468e-08
1.979109899496612303e-08
1.957325187949338052e-08
1.935538924457544825e-08
1.921035701533639437e-08
1.899342550854655422e-08
1.877756950978753308e-08
1.856313697878030880e-08
1.835044596781392468e-08
1.813978664068224843e-08
1.793142315927167421e-08
1.772559544672499372e-08
1.752252083547480218e-08
1.732239560785529578e-08
1.712539643646013629e-08
1.693168173091321696e-08
1.674139289725520164e-08
1.655465551571878021e-08
1.631138643308455473e-08
1.613334335113916571e-08
1.595916964357277966e-08
1.578893416071663900e-08
1.562269503637359890e-08
1.546050045941744368e-08
1.525059864638499307e-08
1.509797819809184679e-08
1.494911236464516224e-08
1.475446921186506710e-08
1.461123410693948066e-08
1.447031915948676887e-08
1.428598750569000073e-08
1.415036418897563750e-08
1.401695621477672963e-08
1.384247051393787609e-08
1.371410911819280984e-08
1.354623805757966104e-08
1.342275231559488335e-08
1.326126890590195695e-08
1.314248945191746339e-08
1.298716929606088168e-08
1.287292905678119051e-08
1.272355122881298163e-08
1.257747140757828014e-08
1.247003376229030595e-08
1.232955775254157600e-08
1.219218969378159382e-08
1.209116271735070176e-08
1.195907223713167408e-08
1.182990709585150151e-08
1.170360285892254753e-08
1.158009617547437048e-08
1.148926456700606276e-08
1.137051204322697286e-08
1.125453924756723872e-08
1.114127683135320829e-08
1.103058680213068850e-08
1.092233894532180541e-08
1.081641037350997681e-08
1.071268510304466183e-08
1.061105365621172563e-08
1.051141268733525750e-08
1.041366463128762403e-08
1.031771737298804095e-08
1.022348393656525794e-08
1.010797752359934015e-08
1.001730684176207917e-08
9.928099384477742277e-09
9.840286956931370285e-09
9.732385400582726733e-09
9.647481710380241518e-09
9.563776469091342950e-09
9.460748987517648225e-09
9.379549071943099509e-09
9.299384243345224755e-09
9.200566263181136965e-09
9.122571459573758539e-09
9.026338195856873501e-09
8.950315015349984240e-09
8.856433796776608842e-09
8.782264860284056682e-09
8.690794787144242448e-09
8.600702459726827412e-09
8.529618632579989210e-09
8.441997703839770435e-09
8.355742348425275030e-09
8.287716607384875102e-09
8.203900811187111568e-09
8.121428023048598151e-09
8.040288165836106045e-09
7.960470265183348467e-09
7.881962541420538449e-09
7.804752494569043045e-09
7.743909972904500441e-09
7.669002242579333547e-09
7.595354003309178921e-09
7.508618101693392862e-09
7.437688905883425761e-09
7.367971265632781478e-09
7.299449532806054130e-09
7.232107822403571759e-09
7.165930053831849980e-09
7.088030262367916066e-09
7.024355836924339002e-09
6.961793004283055941e-09
6.900325243023418123e-09
6.828249724952020821e-09
6.770636111812663267e-09
6.704333486573184886e-09
6.651160071196005265e-09
6.589511916413531184e-09
6.539694963497006496e-09
6.481494671581362164e-09
6.434102087312621242e-09
6.378313486274367878e-09
6.323457851836518945e-09
6.278282574971579263e-09
6.224524604028668346e-09
6.171066912598694558e-09
6.117721991105671457e-09
6.064318932860143224e-09
6.010702274092198888e-09
5.956730911972849010e-09
5.902277095263692354e-09
5.847225482620027182e-09
5.791472263928461257e-09
5.734924340389301575e-09
5.677498559358308110e-09
5.619121000244188099e-09
5.559726308018833873e-09
5.499257071138756252e-09
5.427285136779622551e-09
5.363786250279592617e-09
5.274898249809706184e-09
5.127853026715057631e-09
4.969884116602463122e-09
4.754287608665736612e-09
4.547159046085560018e-09
4.284574918013097092e-09
4.045420359257064244e-09
3.754365482350132057e-09
3.454699143492232021e-09
3.150632508885001191e-09
2.889436633310931418e-09
2.587190188261931256e-09
2.290720923701646982e-09
2.003012201935172884e-09
1.726780238657703560e-09
1.464492491468255621e-09
1.218384832789093477e-09
9.904775893640663296e-10
7.825905246990793913e-10
5.963568354290722948e-10
4.332362276184734520e-10
2.767730856238194560e-10
1.673610424552476889e-10
8.465190267603328463e-11
2.392549122222042350e-11
1.189363190312158129e-12
0.000000000000000000e+00
0.000000000000000000e+00
0.000000000000000000e+00
0.000000000000000000e+00
0.000000000000000000e+00
0.000000000000000000e+00
0.000000000000000000e+00
0.000000000000000000e+00
0.000000000000000000e+00
0.000000000000000000e+00
0.000000000000000000e+00
0.000000000000000000e+00
0.000000000000000000e+00
0.000000000000000000e+00
0.000000000000000000e+00
0.000000000000000000e+00
0.000000000000000000e+00
0.000000000000000000e+00
0.000000000000000000e+00
0.000000000000000000e+00
0.000000000000000000e+00
0.000000000000000000e+00
0.000000000000000000e+00
0.000000000000000000e+00
0.000000000000000000e+00
0.000000000000000000e+00
0.000000000000000000e+00
0.000000000000000000e+00
0.000000000000000000e+00
0.000000000000000000e+00
0.000000000000000000e+00
0.000000000000000000e+00
0.000000000000000000e+00
0.000000000000000000e+00
0.000000000000000000e+00
0.000000000000000000e+00
0.000000000000000000e+00
0.000000000000000000e+00
0.000000000000000000e+00
0.000000000000000000e+00
0.000000000000000000e+00
0.000000000000000000e+00
0.000000000000000000e+00
0.000000000000000000e+00
0.000000000000000000e+00
0.000000000000000000e+00
0.000000000000000000e+00
0.000000000000000000e+00
0.000000000000000000e+00
0.000000000000000000e+00
0.000000000000000000e+00
0.000000000000000000e+00
0.000000000000000000e+00
0.000000000000000000e+00
0.000000000000000000e+00
0.000000000000000000e+00
0.000000000000000000e+00
0.000000000000000000e+00
0.000000000000000000e+00
0.000000000000000000e+00
0.000000000000000000e+00
0.000000000000000000e+00
0.000000000000000000e+00
0.000000000000000000e+00
0.000000000000000000e+00
0.000000000000000000e+00
0.000000000000000000e+00
0.000000000000000000e+00
0.000000000000000000e+00
0.000000000000000000e+00
0.000000000000000000e+00
0.000000000000000000e+00
0.000000000000000000e+00
0.000000000000000000e+00
0.000000000000000000e+00
0.000000000000000000e+00
0.000000000000000000e+00
0.000000000000000000e+00
0.000000000000000000e+00
0.000000000000000000e+00
0.000000000000000000e+00
0.000000000000000000e+00
0.000000000000000000e+00
0.000000000000000000e+00
0.000000000000000000e+00
0.000000000000000000e+00
0.000000000000000000e+00
0.000000000000000000e+00
0.000000000000000000e+00
0.000000000000000000e+00
0.000000000000000000e+00
0.000000000000000000e+00
0.000000000000000000e+00
0.000000000000000000e+00
0.000000000000000000e+00
0.000000000000000000e+00
0.000000000000000000e+00
0.000000000000000000e+00
0.000000000000000000e+00
0.000000000000000000e+00
0.000000000000000000e+00
0.000000000000000000e+00
0.000000000000000000e+00
0.000000000000000000e+00
0.000000000000000000e+00
0.000000000000000000e+00
0.000000000000000000e+00
0.000000000000000000e+00
0.000000000000000000e+00
0.000000000000000000e+00
0.000000000000000000e+00
0.000000000000000000e+00
0.000000000000000000e+00
0.000000000000000000e+00
0.000000000000000000e+00
0.000000000000000000e+00
0.000000000000000000e+00
0.000000000000000000e+00
0.000000000000000000e+00
0.000000000000000000e+00
0.000000000000000000e+00
0.000000000000000000e+00
0.000000000000000000e+00
0.000000000000000000e+00
0.000000000000000000e+00
0.000000000000000000e+00
0.000000000000000000e+00
0.000000000000000000e+00
0.000000000000000000e+00
0.000000000000000000e+00
0.000000000000000000e+00
0.000000000000000000e+00
0.000000000000000000e+00
0.000000000000000000e+00
0.000000000000000000e+00
0.000000000000000000e+00
0.000000000000000000e+00
0.000000000000000000e+00
0.000000000000000000e+00
0.000000000000000000e+00
0.000000000000000000e+00
0.000000000000000000e+00
0.000000000000000000e+00
0.000000000000000000e+00
0.000000000000000000e+00
0.000000000000000000e+00
0.000000000000000000e+00
0.000000000000000000e+00
0.000000000000000000e+00
0.000000000000000000e+00
0.000000000000000000e+00
0.000000000000000000e+00
0.000000000000000000e+00
0.000000000000000000e+00
0.000000000000000000e+00
0.000000000000000000e+00
0.000000000000000000e+00
0.000000000000000000e+00
0.000000000000000000e+00
0.000000000000000000e+00
0.000000000000000000e+00
0.000000000000000000e+00
0.000000000000000000e+00
0.000000000000000000e+00
0.000000000000000000e+00
0.000000000000000000e+00
0.000000000000000000e+00
0.000000000000000000e+00
0.000000000000000000e+00
0.000000000000000000e+00
0.000000000000000000e+00
0.000000000000000000e+00
0.000000000000000000e+00
0.000000000000000000e+00
0.000000000000000000e+00
0.000000000000000000e+00
0.000000000000000000e+00
0.000000000000000000e+00
0.000000000000000000e+00
0.000000000000000000e+00
0.000000000000000000e+00
0.000000000000000000e+00
0.000000000000000000e+00
0.000000000000000000e+00
0.000000000000000000e+00
0.000000000000000000e+00
0.000000000000000000e+00
0.000000000000000000e+00
0.000000000000000000e+00
0.000000000000000000e+00
0.000000000000000000e+00
0.000000000000000000e+00
0.000000000000000000e+00
0.000000000000000000e+00
0.000000000000000000e+00
0.000000000000000000e+00
0.000000000000000000e+00
0.000000000000000000e+00
0.000000000000000000e+00
0.000000000000000000e+00
0.000000000000000000e+00
0.000000000000000000e+00
0.000000000000000000e+00
0.000000000000000000e+00
0.000000000000000000e+00
0.000000000000000000e+00
0.000000000000000000e+00
0.000000000000000000e+00
0.000000000000000000e+00
0.000000000000000000e+00
0.000000000000000000e+00
0.000000000000000000e+00
0.000000000000000000e+00
0.000000000000000000e+00
0.000000000000000000e+00
0.000000000000000000e+00
0.000000000000000000e+00
0.000000000000000000e+00
0.000000000000000000e+00
0.000000000000000000e+00
0.000000000000000000e+00
0.000000000000000000e+00
0.000000000000000000e+00
0.000000000000000000e+00
0.000000000000000000e+00
0.000000000000000000e+00
0.000000000000000000e+00
0.000000000000000000e+00
0.000000000000000000e+00
0.000000000000000000e+00
0.000000000000000000e+00
0.000000000000000000e+00
0.000000000000000000e+00
0.000000000000000000e+00
0.000000000000000000e+00
0.000000000000000000e+00
0.000000000000000000e+00
0.000000000000000000e+00
0.000000000000000000e+00
0.000000000000000000e+00
0.000000000000000000e+00
0.000000000000000000e+00
0.000000000000000000e+00
0.000000000000000000e+00
0.000000000000000000e+00
0.000000000000000000e+00
0.000000000000000000e+00
0.000000000000000000e+00
0.000000000000000000e+00
0.000000000000000000e+00
0.000000000000000000e+00
0.000000000000000000e+00
0.000000000000000000e+00
0.000000000000000000e+00
0.000000000000000000e+00
0.000000000000000000e+00
0.000000000000000000e+00
0.000000000000000000e+00
0.000000000000000000e+00
0.000000000000000000e+00
0.000000000000000000e+00
0.000000000000000000e+00
0.000000000000000000e+00
0.000000000000000000e+00
0.000000000000000000e+00
0.000000000000000000e+00
0.000000000000000000e+00
0.000000000000000000e+00
0.000000000000000000e+00
0.000000000000000000e+00
0.000000000000000000e+00
0.000000000000000000e+00
0.000000000000000000e+00
0.000000000000000000e+00
0.000000000000000000e+00
0.000000000000000000e+00
0.000000000000000000e+00
0.000000000000000000e+00
0.000000000000000000e+00
0.000000000000000000e+00
0.000000000000000000e+00
0.000000000000000000e+00
0.000000000000000000e+00
0.000000000000000000e+00
0.000000000000000000e+00
0.000000000000000000e+00
0.000000000000000000e+00
0.000000000000000000e+00
0.000000000000000000e+00
0.000000000000000000e+00
0.000000000000000000e+00
0.000000000000000000e+00
0.000000000000000000e+00
0.000000000000000000e+00
0.000000000000000000e+00
0.000000000000000000e+00
0.000000000000000000e+00
0.000000000000000000e+00
0.000000000000000000e+00
0.000000000000000000e+00
0.000000000000000000e+00
0.000000000000000000e+00
0.000000000000000000e+00
0.000000000000000000e+00
0.000000000000000000e+00
0.000000000000000000e+00
0.000000000000000000e+00
0.000000000000000000e+00
0.000000000000000000e+00
0.000000000000000000e+00
0.000000000000000000e+00
0.000000000000000000e+00
0.000000000000000000e+00
0.000000000000000000e+00
0.000000000000000000e+00
0.000000000000000000e+00
0.000000000000000000e+00
0.000000000000000000e+00
0.000000000000000000e+00
0.000000000000000000e+00
0.000000000000000000e+00
0.000000000000000000e+00
0.000000000000000000e+00
0.000000000000000000e+00
0.000000000000000000e+00
0.000000000000000000e+00
0.000000000000000000e+00
0.000000000000000000e+00
0.000000000000000000e+00
0.000000000000000000e+00
0.000000000000000000e+00
0.000000000000000000e+00
0.000000000000000000e+00
0.000000000000000000e+00
0.000000000000000000e+00
0.000000000000000000e+00
0.000000000000000000e+00
0.000000000000000000e+00
0.000000000000000000e+00
0.000000000000000000e+00
0.000000000000000000e+00
0.000000000000000000e+00
0.000000000000000000e+00
0.000000000000000000e+00
0.000000000000000000e+00
0.000000000000000000e+00
0.000000000000000000e+00
0.000000000000000000e+00
0.000000000000000000e+00
0.000000000000000000e+00
0.000000000000000000e+00
0.000000000000000000e+00
0.000000000000000000e+00
0.000000000000000000e+00
0.000000000000000000e+00
0.000000000000000000e+00
0.000000000000000000e+00
0.000000000000000000e+00
0.000000000000000000e+00
0.000000000000000000e+00
0.000000000000000000e+00
0.000000000000000000e+00
0.000000000000000000e+00
0.000000000000000000e+00
0.000000000000000000e+00
0.000000000000000000e+00
0.000000000000000000e+00
0.000000000000000000e+00
0.000000000000000000e+00
0.000000000000000000e+00
0.000000000000000000e+00
0.000000000000000000e+00
0.000000000000000000e+00
0.000000000000000000e+00
0.000000000000000000e+00
0.000000000000000000e+00
0.000000000000000000e+00
0.000000000000000000e+00
0.000000000000000000e+00
0.000000000000000000e+00
0.000000000000000000e+00
0.000000000000000000e+00
0.000000000000000000e+00
0.000000000000000000e+00
0.000000000000000000e+00
0.000000000000000000e+00
0.000000000000000000e+00
0.000000000000000000e+00
0.000000000000000000e+00
0.000000000000000000e+00
0.000000000000000000e+00
0.000000000000000000e+00
0.000000000000000000e+00
0.000000000000000000e+00
0.000000000000000000e+00
0.000000000000000000e+00
0.000000000000000000e+00
0.000000000000000000e+00
0.000000000000000000e+00
0.000000000000000000e+00
0.000000000000000000e+00
0.000000000000000000e+00
0.000000000000000000e+00
0.000000000000000000e+00
0.000000000000000000e+00
0.000000000000000000e+00
0.000000000000000000e+00
0.000000000000000000e+00
0.000000000000000000e+00
0.000000000000000000e+00
0.000000000000000000e+00
0.000000000000000000e+00
0.000000000000000000e+00
0.000000000000000000e+00
0.000000000000000000e+00
0.000000000000000000e+00
0.000000000000000000e+00
0.000000000000000000e+00
0.000000000000000000e+00
0.000000000000000000e+00
0.000000000000000000e+00
0.000000000000000000e+00
0.000000000000000000e+00
0.000000000000000000e+00
0.000000000000000000e+00
0.000000000000000000e+00
0.000000000000000000e+00
0.000000000000000000e+00
0.000000000000000000e+00
0.000000000000000000e+00
0.000000000000000000e+00
0.000000000000000000e+00
0.000000000000000000e+00
0.000000000000000000e+00
0.000000000000000000e+00
0.000000000000000000e+00
0.000000000000000000e+00
0.000000000000000000e+00
0.000000000000000000e+00
0.000000000000000000e+00
0.000000000000000000e+00
0.000000000000000000e+00
0.000000000000000000e+00
0.000000000000000000e+00
0.000000000000000000e+00
0.000000000000000000e+00
0.000000000000000000e+00
0.000000000000000000e+00
0.000000000000000000e+00
0.000000000000000000e+00
0.000000000000000000e+00
0.000000000000000000e+00
0.000000000000000000e+00
0.000000000000000000e+00
0.000000000000000000e+00
0.000000000000000000e+00
0.000000000000000000e+00
0.000000000000000000e+00
0.000000000000000000e+00
0.000000000000000000e+00
0.000000000000000000e+00
0.000000000000000000e+00
0.000000000000000000e+00
0.000000000000000000e+00
0.000000000000000000e+00
0.000000000000000000e+00
0.000000000000000000e+00
0.000000000000000000e+00
0.000000000000000000e+00
0.000000000000000000e+00
0.000000000000000000e+00
0.000000000000000000e+00
0.000000000000000000e+00
0.000000000000000000e+00
0.000000000000000000e+00
0.000000000000000000e+00
0.000000000000000000e+00
0.000000000000000000e+00
0.000000000000000000e+00
0.000000000000000000e+00
0.000000000000000000e+00
0.000000000000000000e+00
0.000000000000000000e+00
0.000000000000000000e+00
0.000000000000000000e+00
0.000000000000000000e+00
0.000000000000000000e+00
0.000000000000000000e+00
0.000000000000000000e+00
0.000000000000000000e+00
0.000000000000000000e+00
0.000000000000000000e+00
0.000000000000000000e+00
0.000000000000000000e+00
0.000000000000000000e+00
0.000000000000000000e+00
0.000000000000000000e+00
0.000000000000000000e+00
0.000000000000000000e+00
0.000000000000000000e+00
0.000000000000000000e+00
0.000000000000000000e+00
0.000000000000000000e+00
0.000000000000000000e+00
0.000000000000000000e+00
0.000000000000000000e+00
0.000000000000000000e+00
0.000000000000000000e+00
0.000000000000000000e+00
0.000000000000000000e+00
0.000000000000000000e+00
0.000000000000000000e+00
0.000000000000000000e+00
0.000000000000000000e+00
0.000000000000000000e+00
0.000000000000000000e+00
nan
