# bin_4_1
-1.305797984130227492e-05
-3.857191313047625522e-06
-1.041380353668863466e-06
-3.858720402300643547e-07
-9.272607086384536849e-08
-1.621820189767897939e-07
-5.046579907897226535e-08
-1.228986246543806570e-07
9.704451931054388639e-08
1.275961417683580871e-08
-4.046743590642801324e-08
-1.280103384951810209e-07
7.437975104792061604e-08
-5.022343336721893322e-08
-1.355994794820350808e-07
-3.231043831497261286e-08
1.208015199319229078e-07
2.170265646166964010e-07
2.519042104871770325e-07
2.656996150209729956e-07
2.679605583531661368e-07
2.645698774950974511e-07
2.583080998342714705e-07
2.490581517479533306e-07
2.367757327988189148e-07
2.216658773248857850e-07
2.046521236345106020e-07
1.868792052355028645e-07
1.688512573511017346e-07
1.509267795052853066e-07
1.333572503616586646e-07
7.528491220961358965e-08
-2.966117879302245770e-08
-1.419933129954620642e-07
-2.351279139239156016e-07
-2.918328088030634223e-07
-3.016235618327618951e-07
-2.490008576367091655e-07
-1.491530263548684773e-07
-3.341820362521400752e-08
7.557394660314255690e-08
1.618410597329206442e-07
2.144629445577213149e-07
2.263603424569362047e-07
2.101072836850260220e-07
1.844706966274942036e-07
1.532101530673721859e-07
1.192521878562945161e-07
8.485467218280174300e-08
5.173897958289858782e-08
2.119644525698067033e-08
-5.825750708322914601e-09
-3.395660197514125369e-08
-6.571571589705522186e-08
-9.783636160557074992e-08
-1.277692899272479735e-07
-1.535529756383188283e-07
-1.737066270122212877e-07
-1.871418850624991753e-07
-1.930898944972780911e-07
-1.910410398010710129e-07
-1.800625331886451586e-07
-1.616591417176161469e-07
-1.387085660951906103e-07
-1.135822449421980676e-07
-8.822246669552313541e-08
-6.420790047656152434e-08
-4.280933570309853174e-08
-2.503713103111471624e-08
-1.168163315093182856e-08
-3.347626243490628307e-09
-4.837063944696685008e-10
-6.009988314718858562e-10
-9.375841187021045391e-10
-1.437473167195196245e-09
-2.052697083714066980e-09
-2.742279939225984671e-09
-3.471342847800926907e-09
-4.210321969098068608e-09
-4.934285465288711149e-09
-5.622336506281539639e-09
-6.257091180394876827e-09
-6.824221677102863879e-09
-7.312056402707704771e-09
-7.711229801109870408e-09
-8.085819593444832678e-09
-8.492088221448625397e-09
-8.912511420076062137e-09
-9.332011322946687420e-09
-9.737673042216892263e-09
-1.011849331111134190e-08
-1.046515746433723648e-08
-1.076984148429771043e-08
-1.102603623576261336e-08
-1.122839135627741200e-08
-1.137257657080349001e-08
-1.145515846264859482e-08
-1.147349096362471990e-08
-1.142561802883003512e-08
-1.131018713917395043e-08
-1.112637243093191717e-08
-1.078333736799998996e-08
-1.022547467166458535e-08
-9.500903935414431955e-09
-8.652509964126087493e-09
-7.718442255692562230e-09
-6.732567128497377904e-09
-5.724877143478752592e-09
-4.721861989684467862e-09
-3.746844574732236744e-09
-2.820285680403970791e-09
-1.960060203430848237e-09
-1.181707697683898769e-09
-4.986596623861406655e-10
7.755422201397745307e-11
5.371189262102317939e-10
8.717641834623043561e-10
1.074610265663825796e-09
1.140027966467869193e-09
1.134746149770255184e-09
1.128712284983926296e-09
1.121982688507289798e-09
1.114610138231434232e-09
1.106644101411203088e-09
1.098130946838769131e-09
1.089114142488195071e-09
1.079634439705483224e-09
1.069730044932747404e-09
1.059436779876644562e-09
1.048788230959467088e-09
1.037815888825606120e-09
1.026549278615979633e-09
1.015016081667919943e-09
1.003242249247513006e-09
9.912521088750471417e-10
9.790684637617086563e-10
9.667126858366033704e-10
9.542048028072902706e-10
9.415635796640356592e-10
9.288065950076121826e-10
9.159503125525554602e-10
8.873705654869307673e-10
8.305645960548357829e-10
7.499537247641648400e-10
6.496111935191866874e-10
5.332863478950860070e-10
4.044271442124920740e-10
2.662011019218358252e-10
1.215148126682501505e-10
-2.696789099700392828e-11
-1.768090120249738554e-10
-3.257806222822260590e-10
-4.718501714081967328e-10
-6.131667955951269360e-10
-7.480485563356841982e-10
-8.749705443152177822e-10
-9.925537883610722886e-10
-1.099554913730302646e-09
-1.194856498051850348e-09
-1.277458076964641903e-09
-1.346467754936158027e-09
-1.401094379928340969e-09
-1.440640243519799436e-09
-1.464494270815931341e-09
-1.472125666996984383e-09
-1.463077989686020870e-09
-1.442270160953396290e-09
-1.415460528450889106e-09
-1.383461182407189655e-09
-1.347029591877873165e-09
-1.306871849062361438e-09
-1.263645721263245866e-09
-1.217963522344217413e-09
-1.121468952606003705e-09
-1.071677475144409798e-09
-1.021476360284878098e-09
-9.712881461120814381e-10
-9.215039286553916555e-10
-8.724852432691949480e-10
-8.245658366135240762e-10
-7.780533357738495743e-10
-6.903583053525049617e-10
-6.496741340171953910e-10
-6.113962960549502907e-10
-5.757236656157760401e-10
-5.428371696951320041e-10
-5.129008890670792265e-10
-4.860630959651643774e-10
-4.422028311326898721e-10
-4.254063868759512870e-10
-4.121621735751609449e-10
-4.025530178427161488e-10
-3.942683343569760040e-10
-3.950289405250991776e-10
-3.987231489035450756e-10
-4.051515530781670197e-10
-4.141245537114525633e-10
-4.389922464004754790e-10
-4.545527475917218539e-10
-4.719886504506626021e-10
-5.119058896161360175e-10
-5.341148966165253824e-10
-5.576539779068005171e-10
-5.824035481960746657e-10
-6.350859515328175572e-10
-6.628089175004273377e-10
-6.913221129609943712e-10
-7.503565548431552234e-10
-7.807082575338474329e-10
-8.115106682622062460e-10
-8.741757609116292466e-10
-9.059022580034553326e-10
-9.698300455499624493e-10
-1.001916331373714331e-09
-1.034012863485888978e-09
-1.098040547349356011e-09
-1.129880626781582868e-09
-1.193005193648676803e-09
-1.224213792946405330e-09
-1.282611039232639704e-09
-1.309327777986524828e-09
-1.334667770673133005e-09
-1.381986872448797083e-09
-1.404325567989490954e-09
-1.447189568284643088e-09
-1.468019686196588107e-09
-1.509176563783982724e-09
-1.529760361009930297e-09
-1.571527532802361986e-09
-1.592926293939888157e-09
-1.637245811028828485e-09
-1.684182508766265993e-09
-1.708832547582883505e-09
-1.760852739039082045e-09
-1.788351662899325003e-09
-1.846616801402073612e-09
-1.909577905736789635e-09
-1.942932901544575047e-09
-2.013588666607409234e-09
-2.050958657193571753e-09
-2.129933845449387344e-09
-2.214725539476825889e-09
-2.259356725233117005e-09
-2.353177725271710254e-09
-2.453169368378705324e-09
-2.505506507392921437e-09
-2.689179546083559404e-09
-3.013892871281699388e-09
-3.460136675453648782e-09
-3.723157428250860546e-09
-4.318436038983788319e-09
-4.992935558166083091e-09
-5.732049007123592129e-09
-6.121597608021067928e-09
-6.932812830434506562e-09
-7.777127040301162453e-09
-8.643726916094246523e-09
-9.522715795982630965e-09
-9.963997975167674161e-09
-1.084486057722316235e-08
-1.171696567469196640e-08
-1.257314223960549226e-08
-1.340687711227470954e-08
-1.421226797962842207e-08
-1.498397959300134113e-08
-1.571720299682442343e-08
-1.640761755655673656e-08
-1.705135558975158540e-08
-1.764496941851403954e-08
-1.818540067485080174e-08
-1.866995170264335879e-08
-1.909625891127322358e-08
-1.946310506755466341e-08
-1.977594999689766091e-08
-2.004226605381740346e-08
-2.026899955091509675e-08
-2.046260330833282585e-08
-2.062906719872732361e-08
-2.077394681585456172e-08
-2.090239038622903052e-08
-2.101916403531103719e-08
-2.112867551223148094e-08
-2.123499647014924383e-08
-2.134188339290421907e-08
-2.151076960171705079e-08
-2.163361192984409489e-08
-2.176795922714521592e-08
-2.191637645399059479e-08
-2.208120781855094904e-08
-2.236385367646402055e-08
-2.257865133485211648e-08
-2.281652358239873686e-08
-2.307898237007512875e-08
-2.352170210366214343e-08
-2.385125817706175475e-08
-2.420954660009306853e-08
-2.480277923365531187e-08
-2.523656875644699964e-08
-2.571009397620855193e-08
-2.657918472577558345e-08
-2.725455913323710792e-08
-2.838174521152742074e-08
-2.919321586416237325e-08
-3.004074523993110081e-08
-3.135900311200363055e-08
-3.225637742652503426e-08
-3.361011223199019828e-08
-3.450694007859925101e-08
-3.582675318890202994e-08
-3.668063800031646585e-08
-3.790832707220425095e-08
-3.905691589954748747e-08
-3.977095243690188101e-08
-4.075404455254789726e-08
-4.134530007290128059e-08
-4.212748409878497865e-08
-4.277498601122431785e-08
-4.312734403877773424e-08
-4.353100980350191311e-08
-4.377865413708281297e-08
-4.385406789493479950e-08
-4.382881254158582010e-08
-4.363360572129450147e-08
-4.326480789052952374e-08
-4.292104785324391172e-08
-4.201656638875804544e-08
-4.051538464716249275e-08
-3.850613420765316165e-08
-3.607081031802109243e-08
-3.424822710970592021e-08
-3.126834648729842207e-08
-2.805184936275238156e-08
-2.465993916537181835e-08
-2.114899824503186383e-08
-1.757090757361667001e-08
-1.397334559933694834e-08
-1.040006765747759995e-08
-6.891167241775538227e-09
-3.483320348738888741e-09
-2.100140221629830818e-10
2.898239853637806399e-09
5.813704536286723626e-09
8.511231275481536345e-09
1.172994934842984846e-08
1.383440171234597736e-08
1.565361215469678151e-08
1.717176171848089735e-08
1.837480620125796158e-08
1.925035308725172605e-08
1.988975244473150413e-08
1.996137487889358465e-08
1.971663603828370239e-08
1.912538153296177930e-08
1.851917701834116384e-08
1.779419318401368490e-08
1.667262485167834963e-08
1.573607103366186577e-08
1.473434258509919307e-08
1.332112711013508815e-08
1.221959397695078017e-08
1.071776718765726485e-08
9.580599187583690963e-09
8.068900768226264659e-09
6.950358794489793844e-09
5.495185557108972322e-09
4.440885146334245367e-09
3.097867740388020539e-09
1.840252938043472794e-09
9.612697941636640980e-10
-1.152587905803610692e-10
-1.072653451608260874e-09
-1.706586298250159237e-09
-2.432652300821541494e-09
-3.015417722264184511e-09
-3.448082705320674661e-09
-3.724778027488129737e-09
-3.826899088517114524e-09
-3.823747015314129483e-09
-3.761886636707111904e-09
-3.685276202608701774e-09
-3.596132113543512042e-09
-3.496510264508387741e-09
-3.388316267415452121e-09
-3.273315024647737371e-09
-3.153139696507586005e-09
-3.029300102363539874e-09
-2.903190592546723797e-09
-2.776097425493994707e-09
-2.649205682268962607e-09
-2.492526868999372217e-09
-2.369940594453932221e-09
-2.250784132219612977e-09
-2.135880154131307575e-09
-1.999368395225641511e-09
-1.896678238115327835e-09
-1.800444913696397801e-09
-1.690065742019073205e-09
-1.610289517064596321e-09
-1.538566690064832071e-09
-1.460825684479733918e-09
-1.408577688115061928e-09
-1.356184207531490292e-09
-1.324913170700139924e-09
-1.299484854317648539e-09
-1.319661051576971752e-09
-1.433265637510602190e-09
-1.631573234899486615e-09
-1.842151056056702489e-09
-2.159795297259979191e-09
-2.527107516911477670e-09
-2.849490308600613255e-09
-3.279779181299466505e-09
-3.731834204991112711e-09
-4.197170903046480730e-09
-4.668000758551063377e-09
-5.137184162974370835e-09
-5.598186473730793293e-09
-5.957067654458107346e-09
-6.388652188609000978e-09
-6.796637906563374550e-09
-7.248641391640806311e-09
-7.589165494120147893e-09
-7.892885610249895930e-09
-8.156491774671572460e-09
-8.377016888511789674e-09
-8.551812833029618947e-09
-8.697914230056731177e-09
-8.764215714827880046e-09
-8.778206622450188656e-09
-8.738350989045693087e-09
-8.621273258016776572e-09
-8.483201725089018655e-09
-8.278155357756621959e-09
-8.078835852416583873e-09
-7.810675267756149318e-09
-7.566820233424988605e-09
-7.254179559222472528e-09
-6.980205225252835983e-09
-6.639135119626355553e-09
-6.288499580943880637e-09
-5.991720009583341586e-09
-5.633094311122012601e-09
-5.274771847419406742e-09
-4.919689511992405628e-09
-4.570530291349137559e-09
-4.229740677553132793e-09
-3.899546924617577129e-09
-3.581970227493824909e-09
-3.278840896795618628e-09
-2.991811597201539135e-09
-2.722369712668930227e-09
-2.471848897143720489e-09
-2.241439865330318225e-09
-2.032200474272630949e-09
-1.845065142963666933e-09
-1.655765353331784378e-09
-1.518959889497127149e-09
-1.395354030850203021e-09
-1.260187969317127893e-09
-1.151743775901464285e-09
-1.033478213998081869e-09
-9.388739739392797386e-10
-8.360354414189227657e-10
-7.540641896654198469e-10
-6.653067286846620193e-10
-5.836148964394481245e-10
-5.086489593121604593e-10
-4.494998428223522022e-10
-3.861772809677887391e-10
-3.286950536950968974e-10
-2.767706453477350926e-10
-2.301346367125845601e-10
-1.885300632308324383e-10
-1.517118072668861296e-10
-1.194460224694719687e-10
-9.150958838244065916e-11
-6.768959357742418506e-11
-4.778284568769804719e-11
-2.957563142310293607e-11
-1.741264354013981690e-11
-8.582527505817641577e-12
-2.357363994513646889e-12
-1.143848215976538935e-13
0.000000000000000000e+00
0.000000000000000000e+00
0.000000000000000000e+00
0.000000000000000000e+00
0.000000000000000000e+00
0.000000000000000000e+00
0.000000000000000000e+00
0.000000000000000000e+00
0.000000000000000000e+00
0.000000000000000000e+00
0.000000000000000000e+00
0.000000000000000000e+00
0.000000000000000000e+00
0.000000000000000000e+00
0.000000000000000000e+00
0.000000000000000000e+00
0.000000000000000000e+00
0.000000000000000000e+00
0.000000000000000000e+00
0.000000000000000000e+00
0.000000000000000000e+00
0.000000000000000000e+00
0.000000000000000000e+00
0.000000000000000000e+00
0.000000000000000000e+00
0.000000000000000000e+00
0.000000000000000000e+00
0.000000000000000000e+00
0.000000000000000000e+00
0.000000000000000000e+00
0.000000000000000000e+00
0.000000000000000000e+00
0.000000000000000000e+00
0.000000000000000000e+00
0.000000000000000000e+00
0.000000000000000000e+00
0.000000000000000000e+00
0.000000000000000000e+00
0.000000000000000000e+00
0.000000000000000000e+00
0.000000000000000000e+00
0.000000000000000000e+00
0.000000000000000000e+00
0.000000000000000000e+00
0.000000000000000000e+00
0.000000000000000000e+00
0.000000000000000000e+00
0.000000000000000000e+00
0.000000000000000000e+00
0.000000000000000000e+00
0.000000000000000000e+00
0.000000000000000000e+00
0.000000000000000000e+00
0.000000000000000000e+00
0.000000000000000000e+00
0.000000000000000000e+00
0.000000000000000000e+00
0.000000000000000000e+00
0.000000000000000000e+00
0.000000000000000000e+00
0.000000000000000000e+00
0.000000000000000000e+00
0.000000000000000000e+00
0.000000000000000000e+00
0.000000000000000000e+00
0.000000000000000000e+00
0.000000000000000000e+00
0.000000000000000000e+00
0.000000000000000000e+00
0.000000000000000000e+00
0.000000000000000000e+00
0.000000000000000000e+00
0.000000000000000000e+00
0.000000000000000000e+00
0.000000000000000000e+00
0.000000000000000000e+00
0.000000000000000000e+00
0.000000000000000000e+00
0.000000000000000000e+00
0.000000000000000000e+00
0.000000000000000000e+00
0.000000000000000000e+00
0.000000000000000000e+00
0.000000000000000000e+00
0.000000000000000000e+00
0.000000000000000000e+00
0.000000000000000000e+00
0.000000000000000000e+00
0.000000000000000000e+00
0.000000000000000000e+00
0.000000000000000000e+00
0.000000000000000000e+00
0.000000000000000000e+00
0.000000000000000000e+00
0.000000000000000000e+00
0.000000000000000000e+00
0.000000000000000000e+00
0.000000000000000000e+00
0.000000000000000000e+00
0.000000000000000000e+00
0.000000000000000000e+00
0.000000000000000000e+00
0.000000000000000000e+00
0.000000000000000000e+00
0.000000000000000000e+00
0.000000000000000000e+00
0.000000000000000000e+00
0.000000000000000000e+00
0.000000000000000000e+00
0.000000000000000000e+00
0.000000000000000000e+00
0.000000000000000000e+00
0.000000000000000000e+00
0.000000000000000000e+00
0.000000000000000000e+00
0.000000000000000000e+00
0.000000000000000000e+00
0.000000000000000000e+00
0.000000000000000000e+00
0.000000000000000000e+00
0.000000000000000000e+00
0.000000000000000000e+00
0.000000000000000000e+00
0.000000000000000000e+00
0.000000000000000000e+00
0.000000000000000000e+00
0.000000000000000000e+00
0.000000000000000000e+00
0.000000000000000000e+00
0.000000000000000000e+00
0.000000000000000000e+00
0.000000000000000000e+00
0.000000000000000000e+00
0.000000000000000000e+00
0.000000000000000000e+00
0.000000000000000000e+00
0.000000000000000000e+00
0.000000000000000000e+00
0.000000000000000000e+00
0.000000000000000000e+00
0.000000000000000000e+00
0.000000000000000000e+00
0.000000000000000000e+00
0.000000000000000000e+00
0.000000000000000000e+00
0.000000000000000000e+00
0.000000000000000000e+00
0.000000000000000000e+00
0.000000000000000000e+00
0.000000000000000000e+00
0.000000000000000000e+00
0.000000000000000000e+00
0.000000000000000000e+00
0.000000000000000000e+00
0.000000000000000000e+00
0.000000000000000000e+00
0.000000000000000000e+00
0.000000000000000000e+00
0.000000000000000000e+00
0.000000000000000000e+00
0.000000000000000000e+00
0.000000000000000000e+00
0.000000000000000000e+00
0.000000000000000000e+00
0.000000000000000000e+00
0.000000000000000000e+00
0.000000000000000000e+00
0.000000000000000000e+00
0.000000000000000000e+00
0.000000000000000000e+00
0.000000000000000000e+00
0.000000000000000000e+00
0.000000000000000000e+00
0.000000000000000000e+00
0.000000000000000000e+00
0.000000000000000000e+00
0.000000000000000000e+00
0.000000000000000000e+00
0.000000000000000000e+00
0.000000000000000000e+00
0.000000000000000000e+00
0.000000000000000000e+00
0.000000000000000000e+00
0.000000000000000000e+00
0.000000000000000000e+00
0.000000000000000000e+00
0.000000000000000000e+00
0.000000000000000000e+00
0.000000000000000000e+00
0.000000000000000000e+00
0.000000000000000000e+00
0.000000000000000000e+00
0.000000000000000000e+00
0.000000000000000000e+00
0.000000000000000000e+00
0.000000000000000000e+00
0.000000000000000000e+00
0.000000000000000000e+00
0.000000000000000000e+00
0.000000000000000000e+00
0.000000000000000000e+00
0.000000000000000000e+00
0.000000000000000000e+00
0.000000000000000000e+00
0.000000000000000000e+00
0.000000000000000000e+00
0.000000000000000000e+00
0.000000000000000000e+00
0.000000000000000000e+00
0.000000000000000000e+00
0.000000000000000000e+00
0.000000000000000000e+00
0.000000000000000000e+00
0.000000000000000000e+00
0.000000000000000000e+00
0.000000000000000000e+00
0.000000000000000000e+00
0.000000000000000000e+00
0.000000000000000000e+00
0.000000000000000000e+00
0.000000000000000000e+00
0.000000000000000000e+00
0.000000000000000000e+00
0.000000000000000000e+00
0.000000000000000000e+00
0.000000000000000000e+00
0.000000000000000000e+00
0.000000000000000000e+00
0.000000000000000000e+00
0.000000000000000000e+00
0.000000000000000000e+00
0.000000000000000000e+00
0.000000000000000000e+00
0.000000000000000000e+00
0.000000000000000000e+00
0.000000000000000000e+00
0.000000000000000000e+00
0.000000000000000000e+00
0.000000000000000000e+00
0.000000000000000000e+00
0.000000000000000000e+00
0.000000000000000000e+00
0.000000000000000000e+00
0.000000000000000000e+00
0.000000000000000000e+00
0.000000000000000000e+00
0.000000000000000000e+00
0.000000000000000000e+00
0.000000000000000000e+00
0.000000000000000000e+00
0.000000000000000000e+00
0.000000000000000000e+00
0.000000000000000000e+00
0.000000000000000000e+00
0.000000000000000000e+00
0.000000000000000000e+00
0.000000000000000000e+00
0.000000000000000000e+00
0.000000000000000000e+00
0.000000000000000000e+00
0.000000000000000000e+00
0.000000000000000000e+00
0.000000000000000000e+00
0.000000000000000000e+00
0.000000000000000000e+00
0.000000000000000000e+00
0.000000000000000000e+00
0.000000000000000000e+00
0.000000000000000000e+00
0.000000000000000000e+00
0.000000000000000000e+00
0.000000000000000000e+00
0.000000000000000000e+00
0.000000000000000000e+00
0.000000000000000000e+00
0.000000000000000000e+00
0.000000000000000000e+00
0.000000000000000000e+00
0.000000000000000000e+00
0.000000000000000000e+00
0.000000000000000000e+00
0.000000000000000000e+00
0.000000000000000000e+00
0.000000000000000000e+00
0.000000000000000000e+00
0.000000000000000000e+00
0.000000000000000000e+00
0.000000000000000000e+00
0.000000000000000000e+00
0.000000000000000000e+00
0.000000000000000000e+00
0.000000000000000000e+00
0.000000000000000000e+00
0.000000000000000000e+00
0.000000000000000000e+00
0.000000000000000000e+00
0.000000000000000000e+00
0.000000000000000000e+00
0.000000000000000000e+00
0.000000000000000000e+00
0.000000000000000000e+00
0.000000000000000000e+00
0.000000000000000000e+00
0.000000000000000000e+00
0.000000000000000000e+00
0.000000000000000000e+00
0.000000000000000000e+00
0.000000000000000000e+00
0.000000000000000000e+00
0.000000000000000000e+00
0.000000000000000000e+00
0.000000000000000000e+00
0.000000000000000000e+00
0.000000000000000000e+00
0.000000000000000000e+00
0.000000000000000000e+00
0.000000000000000000e+00
0.000000000000000000e+00
0.000000000000000000e+00
0.000000000000000000e+00
0.000000000000000000e+00
0.000000000000000000e+00
0.000000000000000000e+00
0.000000000000000000e+00
0.000000000000000000e+00
0.000000000000000000e+00
0.000000000000000000e+00
0.000000000000000000e+00
0.000000000000000000e+00
0.000000000000000000e+00
0.000000000000000000e+00
0.000000000000000000e+00
0.000000000000000000e+00
0.000000000000000000e+00
0.000000000000000000e+00
0.000000000000000000e+00
0.000000000000000000e+00
0.000000000000000000e+00
0.000000000000000000e+00
0.000000000000000000e+00
0.000000000000000000e+00
0.000000000000000000e+00
0.000000000000000000e+00
0.000000000000000000e+00
0.000000000000000000e+00
0.000000000000000000e+00
0.000000000000000000e+00
0.000000000000000000e+00
0.000000000000000000e+00
0.000000000000000000e+00
0.000000000000000000e+00
0.000000000000000000e+00
0.000000000000000000e+00
0.000000000000000000e+00
0.000000000000000000e+00
0.000000000000000000e+00
0.000000000000000000e+00
0.000000000000000000e+00
0.000000000000000000e+00
0.000000000000000000e+00
0.000000000000000000e+00
0.000000000000000000e+00
0.000000000000000000e+00
0.000000000000000000e+00
0.000000000000000000e+00
0.000000000000000000e+00
0.000000000000000000e+00
0.000000000000000000e+00
0.000000000000000000e+00
0.000000000000000000e+00
0.000000000000000000e+00
0.000000000000000000e+00
0.000000000000000000e+00
0.000000000000000000e+00
0.000000000000000000e+00
0.000000000000000000e+00
0.000000000000000000e+00
0.000000000000000000e+00
0.000000000000000000e+00
0.000000000000000000e+00
0.000000000000000000e+00
0.000000000000000000e+00
0.000000000000000000e+00
0.000000000000000000e+00
0.000000000000000000e+00
0.000000000000000000e+00
0.000000000000000000e+00
0.000000000000000000e+00
0.000000000000000000e+00
0.000000000000000000e+00
0.000000000000000000e+00
0.000000000000000000e+00
0.000000000000000000e+00
0.000000000000000000e+00
0.000000000000000000e+00
0.000000000000000000e+00
0.000000000000000000e+00
0.000000000000000000e+00
0.000000000000000000e+00
0.000000000000000000e+00
0.000000000000000000e+00
0.000000000000000000e+00
0.000000000000000000e+00
0.000000000000000000e+00
0.000000000000000000e+00
0.000000000000000000e+00
0.000000000000000000e+00
0.000000000000000000e+00
0.000000000000000000e+00
0.000000000000000000e+00
0.000000000000000000e+00
0.000000000000000000e+00
0.000000000000000000e+00
0.000000000000000000e+00
0.000000000000000000e+00
0.000000000000000000e+00
0.000000000000000000e+00
0.000000000000000000e+00
0.000000000000000000e+00
0.000000000000000000e+00
0.000000000000000000e+00
0.000000000000000000e+00
0.000000000000000000e+00
0.000000000000000000e+00
0.000000000000000000e+00
0.000000000000000000e+00
0.000000000000000000e+00
0.000000000000000000e+00
0.000000000000000000e+00
0.000000000000000000e+00
0.000000000000000000e+00
0.000000000000000000e+00
0.000000000000000000e+00
0.000000000000000000e+00
0.000000000000000000e+00
0.000000000000000000e+00
0.000000000000000000e+00
0.000000000000000000e+00
0.000000000000000000e+00
0.000000000000000000e+00
0.000000000000000000e+00
0.000000000000000000e+00
0.000000000000000000e+00
0.000000000000000000e+00
0.000000000000000000e+00
0.000000000000000000e+00
0.000000000000000000e+00
0.000000000000000000e+00
0.000000000000000000e+00
0.000000000000000000e+00
0.000000000000000000e+00
0.000000000000000000e+00
0.000000000000000000e+00
0.000000000000000000e+00
0.000000000000000000e+00
0.000000000000000000e+00
0.000000000000000000e+00
0.000000000000000000e+00
0.000000000000000000e+00
0.000000000000000000e+00
0.000000000000000000e+00
0.000000000000000000e+00
0.000000000000000000e+00
0.000000000000000000e+00
0.000000000000000000e+00
0.000000000000000000e+00
0.000000000000000000e+00
0.000000000000000000e+00
0.000000000000000000e+00
0.000000000000000000e+00
0.000000000000000000e+00
0.000000000000000000e+00
0.000000000000000000e+00
0.000000000000000000e+00
0.000000000000000000e+00
0.000000000000000000e+00
0.000000000000000000e+00
0.000000000000000000e+00
0.000000000000000000e+00
0.000000000000000000e+00
0.000000000000000000e+00
0.000000000000000000e+00
0.000000000000000000e+00
0.000000000000000000e+00
0.000000000000000000e+00
0.000000000000000000e+00
0.000000000000000000e+00
0.000000000000000000e+00
0.000000000000000000e+00
0.000000000000000000e+00
0.000000000000000000e+00
0.000000000000000000e+00
0.000000000000000000e+00
0.000000000000000000e+00
0.000000000000000000e+00
0.000000000000000000e+00
0.000000000000000000e+00
0.000000000000000000e+00
0.000000000000000000e+00
0.000000000000000000e+00
0.000000000000000000e+00
0.000000000000000000e+00
0.000000000000000000e+00
0.000000000000000000e+00
0.000000000000000000e+00
0.000000000000000000e+00
0.000000000000000000e+00
0.000000000000000000e+00
0.000000000000000000e+00
0.000000000000000000e+00
0.000000000000000000e+00
0.000000000000000000e+00
0.000000000000000000e+00
0.000000000000000000e+00
0.000000000000000000e+00
0.000000000000000000e+00
nan
