# bin_19_13
-9.179788788300894079e-09
-5.355874166272377777e-09
-3.690574993863856701e-09
-1.628446114408785126e-09
-9.372508668469663755e-10
5.470752171105767782e-11
-9.416532935971213742e-10
-4.600460042761061910e-10
-1.784586635423563147e-09
2.924279431719580282e-10
-2.472492417156466179e-09
7.708964359208504793e-10
-6.640985079333863223e-10
-2.866407555027785303e-10
8.820692798246359866e-11
2.295726902460636436e-10
2.849841221470183475e-10
2.794518932492765927e-10
2.217952647146662185e-10
1.237448743458397033e-10
3.129232682800657615e-12
-1.283169154266674490e-10
-6.897134996209060913e-10
-1.570897142479723386e-09
-2.230103924925995865e-09
-2.370641497890179127e-09
-2.116163220108221418e-09
-1.788560317128655144e-09
-1.479141672320078991e-09
-1.243910739222170106e-09
-1.114846307676246828e-09
-1.163627433077206560e-09
-1.353772946752952632e-09
-1.576002227961739232e-09
-1.756408132570076096e-09
-1.846749978959345548e-09
-1.817335446735075574e-09
-1.710190518204307839e-09
-1.586242143249312802e-09
-1.453063430658543014e-09
-1.316358853961921789e-09
-1.180380150560391557e-09
-1.048249767166014684e-09
-9.222130690058156434e-10
-7.856528425018638111e-10
-6.340138267570200723e-10
-4.834094406574400240e-10
-3.458579618346915038e-10
-2.301378792023905616e-10
-1.424702705299417002e-10
-8.706383254079983718e-11
-6.655057520263247787e-11
-6.706992636386728096e-11
-7.210398282438114885e-11
-7.968197293160166109e-11
-8.823306964015706283e-11
-9.651618084532214228e-11
-1.035618678595893429e-10
-1.086242407609702462e-10
-1.111410774701894788e-10
-1.107007342324399623e-10
-1.086276812166686681e-10
-1.064697960313908131e-10
-1.042446378134808358e-10
-1.019675226510895786e-10
-9.965180153785012643e-11
-9.730910232082325082e-11
-9.494954061239343273e-11
-9.258190390241939562e-11
-9.021381248880770823e-11
-8.785186032286991886e-11
-8.550173842435286673e-11
-7.743532731436066348e-11
-6.011152127330131983e-11
-3.644910514833402230e-11
-8.929133498460292896e-12
2.034784501534071667e-11
4.961196458668289015e-11
7.738063299567595752e-11
1.024206866203419052e-10
1.237153779690156959e-10
1.404355645339088770e-10
1.519145537880685988e-10
1.576261328479733669e-10
1.571653745606011780e-10
1.515705113500690560e-10
1.427243877721287751e-10
1.314799597806327072e-10
1.185813071687919983e-10
1.046758152984337257e-10
9.032500414677356880e-11
7.601415999555337601e-11
6.216090636053019968e-11
4.912283441561618318e-11
3.720429888496969679e-11
2.666247288311839485e-11
1.771274424152530717e-11
1.053352626649061747e-11
5.270547452740834016e-12
2.040677278276903650e-12
9.353386983141451128e-13
1.198905955745692331e-12
1.952988286901061422e-12
3.096434121565047206e-12
4.538929255278899757e-12
6.199969388680547420e-12
8.007929731902130368e-12
9.899222166809614966e-12
1.181753143964568193e-11
1.371312272962963052e-11
1.554221371762663763e-11
1.726640497388626155e-11
1.885216310462173565e-11
2.027035165218079635e-11
2.149580524012795840e-11
2.250694289921927507e-11
2.328541690871724145e-11
2.381579384484944848e-11
2.408526484892108453e-11
2.417695458342307487e-11
2.419034428245563265e-11
2.413805369214490331e-11
2.403156257546543582e-11
2.388130283446506025e-11
2.369674318382510037e-11
2.348646700171332094e-11
2.325824392843940639e-11
2.301909573317593626e-11
2.277535692344589105e-11
2.253273053073793921e-11
2.229633946807834730e-11
2.207077382129228030e-11
2.186013440469453370e-11
2.166807288376100694e-11
2.149782874167963778e-11
2.135226334332155906e-11
2.123389132889262519e-11
2.114490955012725289e-11
2.108722374419510176e-11
2.106247312434637041e-11
2.107205305158305144e-11
2.114866524768464662e-11
2.131324201442144415e-11
2.155034175738888557e-11
2.184576534202132344e-11
2.218646896784328291e-11
2.256048310974757569e-11
2.295683708839047213e-11
2.336548886508280258e-11
2.377725968716361641e-11
2.418377323799803857e-11
2.457739897165757891e-11
2.495119933619940366e-11
2.529888061144038536e-11
2.561474710737873826e-11
2.589365848808689564e-11
2.613099000312618767e-11
2.632259542442392113e-11
2.646477250122624392e-11
2.655423075928505640e-11
2.658806148295414468e-11
2.656370973043672692e-11
2.647894824311751538e-11
2.633185311980619808e-11
2.612078113586671083e-11
2.584434859567774000e-11
2.534622515729599024e-11
2.449975965051371592e-11
2.334614855977242183e-11
2.192389311768079694e-11
2.026895747482970243e-11
1.841491755544718573e-11
1.639310117044572648e-11
1.196099340205211055e-11
9.603266145350855129e-12
7.183117786955911579e-12
4.722466822129578216e-12
2.241668359778101149e-12
-2.403937733092379880e-13
-2.706220240076813707e-12
-5.139614396816881234e-12
-9.850374515204469780e-12
-1.210118863798067320e-11
-1.426633366507865877e-11
-1.633505460389924558e-11
-1.829749793456243724e-11
-2.014465744591123619e-11
-2.186832315227662487e-11
-2.491602798500099655e-11
-2.622720815747923969e-11
-2.738909330985850521e-11
-2.839678426472196357e-11
-2.999898066632312767e-11
-3.072072630712934125e-11
-3.141073309378781984e-11
-3.206863610819095238e-11
-3.269413214389845224e-11
-3.384697546803246812e-11
-3.437399035388622824e-11
-3.486792659898706251e-11
-3.575640505797256574e-11
-3.615096804469074839e-11
-3.651248850066982606e-11
-3.684106467737947592e-11
-3.739992886578354706e-11
-3.763055852860851273e-11
-3.782892315571514002e-11
-3.812980303764579532e-11
-3.823284174608097405e-11
-3.830465912041549361e-11
-3.835586575593837828e-11
-3.833590876929569916e-11
-3.820660286606802058e-11
-3.809797829624876402e-11
-3.796053799460717437e-11
-3.760075490405189668e-11
-3.737920161954768891e-11
-3.685478823596557281e-11
-3.655274881841493657e-11
-3.528988375341999846e-11
-3.422738394519358119e-11
-3.291423554480149617e-11
-2.963822762350695925e-11
-2.772336951670929289e-11
-2.345115778330167585e-11
-2.113498312025306801e-11
-1.623774065270718424e-11
-1.369187380622368681e-11
-8.486902755605139094e-12
-5.857762521747112762e-12
-6.151719781683463279e-13
4.523066448766753277e-12
7.024331155682539842e-12
1.183928018317968546e-11
1.413399490543839228e-11
1.845462095905302502e-11
2.236512603389315061e-11
2.414898242151501876e-11
2.734259315871095373e-11
2.874106417267618501e-11
3.111601216251163510e-11
3.289870250122059687e-11
3.355809575893776985e-11
3.439596371418828503e-11
3.457322496629517898e-11
3.440784473851238591e-11
3.350932393443730268e-11
3.189440043719492559e-11
2.967029333348332514e-11
2.836093843975316772e-11
2.540548895316728873e-11
2.207268760092711271e-11
1.844230211331346619e-11
1.653861851976622310e-11
1.259706310978086449e-11
8.529391068717419545e-12
4.394184729370278776e-12
2.449171176987575794e-13
-1.819585766306894298e-12
-5.899965114302869990e-12
-9.880735802852778478e-12
-1.372358724033976487e-11
-1.739386031497111902e-11
-2.086028288901736600e-11
-2.409472364451067015e-11
-2.707196297993917924e-11
-2.976947975384292234e-11
-3.216725275999280331e-11
-3.424757590077403852e-11
-3.599488610094974197e-11
-3.739560307373299565e-11
-3.843798011550944809e-11
-3.925665107229599359e-11
-3.999576445865747924e-11
-4.065900862147109610e-11
-4.124990795912323983e-11
-4.177183064142391107e-11
-4.222799593526269241e-11
-4.262148115793035594e-11
-4.295522827870459818e-11
-4.323205018806304368e-11
-4.345463665272603389e-11
-4.362555997365310656e-11
-4.374728036309846919e-11
-4.384272510118231264e-11
-4.385151145191959625e-11
-4.381889447635154149e-11
-4.374688972769369857e-11
-4.363742585725296782e-11
-4.340700973335505439e-11
-4.321180015395451039e-11
-4.298525179083599301e-11
-4.272894768802510084e-11
-4.229199652026204349e-11
-4.196779177592420051e-11
-4.161885783419637089e-11
-4.105191999334996530e-11
-4.064673358713092888e-11
-4.013543546893902055e-11
-3.825226503723841675e-11
-3.627272078229749621e-11
-3.239055430949996012e-11
-2.928749187185413228e-11
-2.584231603615191313e-11
-2.015420117010026568e-11
-1.609042295460617433e-11
-9.706219136137266915e-12
-5.321739872316577857e-12
1.346404341454451300e-12
5.798543671438386212e-12
1.240138984373099185e-11
1.882058395245538429e-11
2.295060558416809222e-11
2.885708380614026613e-11
3.256812603558729490e-11
3.774137995891345317e-11
4.238510769418771042e-11
4.515783422870886629e-11
4.879362491679843139e-11
5.176028592074181016e-11
5.334590108728055776e-11
5.510921690079084398e-11
5.610633186021164276e-11
5.630999596562376465e-11
5.599349442085756560e-11
5.489976016740655349e-11
5.318389410336568788e-11
5.093865907190789834e-11
4.824986904831170672e-11
4.625034955851905403e-11
4.299556923213612984e-11
3.949549959886091984e-11
3.581418415850559163e-11
3.201061854680044393e-11
2.813908533447296965e-11
2.424946699305332384e-11
2.038753849740995950e-11
1.659524093096266481e-11
1.291093736327812816e-11
9.369652180668666526e-12
6.003294967948350713e-12
2.840869963123679005e-12
-9.132796399321038261e-14
-3.602054405083053642e-12
-5.908667172161138039e-12
-7.914702940184722387e-12
-9.603633706716958666e-12
-1.096078925377793435e-11
-1.197322828023189322e-11
-1.276755078582428405e-11
-1.293414756367735305e-11
-1.274704722738916611e-11
-1.208837002052017290e-11
-1.133249248278830262e-11
-1.038409109787537717e-11
-8.866074934530392952e-12
-7.569554189806527895e-12
-6.163181023766801120e-12
-4.153900014632204551e-12
-2.571948081437429983e-12
-3.973075662290649079e-13
1.260965756299668401e-12
3.479062372888763333e-12
5.129569595148008634e-12
7.288120190984224444e-12
8.860016691081155023e-12
1.087251550432771206e-11
1.276833329653663099e-11
1.410084168833906819e-11
1.574302105386044818e-11
1.721572205994145772e-11
1.819970022395941307e-11
1.933985920395889034e-11
2.027243158291220913e-11
2.098661615517236672e-11
2.147304366620610200e-11
2.168350975819468266e-11
2.175925539106889305e-11
2.174070072535526484e-11
2.169012396248506707e-11
2.161173719394224432e-11
2.150945408636652561e-11
2.138690872964981312e-11
2.124747329375737740e-11
2.109427457260974990e-11
2.093020948792365142e-11
2.075795962087311062e-11
2.058000483476502577e-11
2.039863604759497696e-11
2.017032866160814277e-11
1.998875602765885441e-11
1.981004975123521516e-11
1.963582267944342620e-11
1.942657889715348126e-11
1.926764772680834939e-11
1.911755689238931092e-11
1.894404210423121475e-11
1.881771312779431949e-11
1.870344260150297183e-11
1.857876662091719813e-11
1.849441532042857099e-11
1.840923252497108074e-11
1.835795369260743180e-11
1.831571290157762869e-11
1.862963380697817302e-11
1.989025873791600055e-11
2.198164058955349886e-11
2.416308448284445892e-11
2.742125579949770611e-11
3.116273887527933896e-11
3.443225325722449640e-11
3.878173220554592839e-11
4.333795714476537573e-11
4.801686324337234751e-11
5.274129942064800884e-11
5.744056049044076605e-11
6.204995023344864940e-11
6.563286426985876588e-11
6.993508507622696110e-11
7.399488086514506908e-11
7.848306948515736961e-11
8.185586068450809028e-11
8.485572037605680770e-11
8.744997268895961346e-11
8.960934502131324350e-11
9.130773061765591923e-11
9.270487238076020097e-11
9.331139281007519062e-11
9.339216494190558311e-11
9.293211689259860746e-11
9.106188203048352576e-11
8.598919266746265128e-11
7.573406303549216754e-11
6.420369500722851397e-11
4.736466904774532277e-11
3.125113664136304911e-11
9.915548215120340029e-12
-9.168516375713536701e-12
-3.320781535052632749e-11
-5.805998750004605741e-11
-7.908838181510479431e-11
-1.043705234997601877e-10
-1.293708575063084240e-10
-1.537650561515201190e-10
-1.772575938478467802e-10
-1.995797509698813868e-10
-2.204877510364310052e-10
-2.397610220918484192e-10
-2.572005738227902374e-10
-2.726274825498078765e-10
-2.858814767910943913e-10
-2.968196166117764741e-10
-3.053150604499291812e-10
-3.112559135526774490e-10
-3.145441525654071063e-10
-3.149148859042236433e-10
-3.121871488456301183e-10
-3.070136221354938824e-10
-2.984551847169828177e-10
-2.892609585951399477e-10
-2.767126473886051121e-10
-2.646571939497160163e-10
-2.493740736965953731e-10
-2.354546189779088065e-10
-2.185144226428190728e-10
-2.010730154785832301e-10
-1.833754989692015687e-10
-1.681731788391895805e-10
-1.505816023807399067e-10
-1.333262737556270666e-10
-1.165808328757608670e-10
-1.005033709837757210e-10
-8.523750091523057568e-11
-7.091335660986862288e-11
-5.764852665464484231e-11
-4.554892630307113840e-11
-3.470961210236524013e-11
-2.521554297019154529e-11
-1.610895670453018566e-11
-9.740874120256563303e-12
-4.926974138727382874e-12
-1.392529556711384898e-12
-6.922421699906044646e-14
0.000000000000000000e+00
0.000000000000000000e+00
0.000000000000000000e+00
0.000000000000000000e+00
0.000000000000000000e+00
0.000000000000000000e+00
0.000000000000000000e+00
0.000000000000000000e+00
0.000000000000000000e+00
0.000000000000000000e+00
0.000000000000000000e+00
0.000000000000000000e+00
0.000000000000000000e+00
0.000000000000000000e+00
0.000000000000000000e+00
0.000000000000000000e+00
0.000000000000000000e+00
0.000000000000000000e+00
0.000000000000000000e+00
0.000000000000000000e+00
0.000000000000000000e+00
0.000000000000000000e+00
0.000000000000000000e+00
0.000000000000000000e+00
0.000000000000000000e+00
0.000000000000000000e+00
0.000000000000000000e+00
0.000000000000000000e+00
0.000000000000000000e+00
0.000000000000000000e+00
0.000000000000000000e+00
0.000000000000000000e+00
0.000000000000000000e+00
0.000000000000000000e+00
0.000000000000000000e+00
0.000000000000000000e+00
0.000000000000000000e+00
0.000000000000000000e+00
0.000000000000000000e+00
0.000000000000000000e+00
0.000000000000000000e+00
0.000000000000000000e+00
0.000000000000000000e+00
0.000000000000000000e+00
0.000000000000000000e+00
0.000000000000000000e+00
0.000000000000000000e+00
0.000000000000000000e+00
0.000000000000000000e+00
0.000000000000000000e+00
0.000000000000000000e+00
0.000000000000000000e+00
0.000000000000000000e+00
0.000000000000000000e+00
0.000000000000000000e+00
0.000000000000000000e+00
0.000000000000000000e+00
0.000000000000000000e+00
0.000000000000000000e+00
0.000000000000000000e+00
0.000000000000000000e+00
0.000000000000000000e+00
0.000000000000000000e+00
0.000000000000000000e+00
0.000000000000000000e+00
0.000000000000000000e+00
0.000000000000000000e+00
0.000000000000000000e+00
0.000000000000000000e+00
0.000000000000000000e+00
0.000000000000000000e+00
0.000000000000000000e+00
0.000000000000000000e+00
0.000000000000000000e+00
0.000000000000000000e+00
0.000000000000000000e+00
0.000000000000000000e+00
0.000000000000000000e+00
0.000000000000000000e+00
0.000000000000000000e+00
0.000000000000000000e+00
0.000000000000000000e+00
0.000000000000000000e+00
0.000000000000000000e+00
0.000000000000000000e+00
0.000000000000000000e+00
0.000000000000000000e+00
0.000000000000000000e+00
0.000000000000000000e+00
0.000000000000000000e+00
0.000000000000000000e+00
0.000000000000000000e+00
0.000000000000000000e+00
0.000000000000000000e+00
0.000000000000000000e+00
0.000000000000000000e+00
0.000000000000000000e+00
0.000000000000000000e+00
0.000000000000000000e+00
0.000000000000000000e+00
0.000000000000000000e+00
0.000000000000000000e+00
0.000000000000000000e+00
0.000000000000000000e+00
0.000000000000000000e+00
0.000000000000000000e+00
0.000000000000000000e+00
0.000000000000000000e+00
0.000000000000000000e+00
0.000000000000000000e+00
0.000000000000000000e+00
0.000000000000000000e+00
0.000000000000000000e+00
0.000000000000000000e+00
0.000000000000000000e+00
0.000000000000000000e+00
0.000000000000000000e+00
0.000000000000000000e+00
0.000000000000000000e+00
0.000000000000000000e+00
0.000000000000000000e+00
0.000000000000000000e+00
0.000000000000000000e+00
0.000000000000000000e+00
0.000000000000000000e+00
0.000000000000000000e+00
0.000000000000000000e+00
0.000000000000000000e+00
0.000000000000000000e+00
0.000000000000000000e+00
0.000000000000000000e+00
0.000000000000000000e+00
0.000000000000000000e+00
0.000000000000000000e+00
0.000000000000000000e+00
0.000000000000000000e+00
0.000000000000000000e+00
0.000000000000000000e+00
0.000000000000000000e+00
0.000000000000000000e+00
0.000000000000000000e+00
0.000000000000000000e+00
0.000000000000000000e+00
0.000000000000000000e+00
0.000000000000000000e+00
0.000000000000000000e+00
0.000000000000000000e+00
0.000000000000000000e+00
0.000000000000000000e+00
0.000000000000000000e+00
0.000000000000000000e+00
0.000000000000000000e+00
0.000000000000000000e+00
0.000000000000000000e+00
0.000000000000000000e+00
0.000000000000000000e+00
0.000000000000000000e+00
0.000000000000000000e+00
0.000000000000000000e+00
0.000000000000000000e+00
0.000000000000000000e+00
0.000000000000000000e+00
0.000000000000000000e+00
0.000000000000000000e+00
0.000000000000000000e+00
0.000000000000000000e+00
0.000000000000000000e+00
0.000000000000000000e+00
0.000000000000000000e+00
0.000000000000000000e+00
0.000000000000000000e+00
0.000000000000000000e+00
0.000000000000000000e+00
0.000000000000000000e+00
0.000000000000000000e+00
0.000000000000000000e+00
0.000000000000000000e+00
0.000000000000000000e+00
0.000000000000000000e+00
0.000000000000000000e+00
0.000000000000000000e+00
0.000000000000000000e+00
0.000000000000000000e+00
0.000000000000000000e+00
0.000000000000000000e+00
0.000000000000000000e+00
0.000000000000000000e+00
0.000000000000000000e+00
0.000000000000000000e+00
0.000000000000000000e+00
0.000000000000000000e+00
0.000000000000000000e+00
0.000000000000000000e+00
0.000000000000000000e+00
0.000000000000000000e+00
0.000000000000000000e+00
0.000000000000000000e+00
0.000000000000000000e+00
0.000000000000000000e+00
0.000000000000000000e+00
0.000000000000000000e+00
0.000000000000000000e+00
0.000000000000000000e+00
0.000000000000000000e+00
0.000000000000000000e+00
0.000000000000000000e+00
0.000000000000000000e+00
0.000000000000000000e+00
0.000000000000000000e+00
0.000000000000000000e+00
0.000000000000000000e+00
0.000000000000000000e+00
0.000000000000000000e+00
0.000000000000000000e+00
0.000000000000000000e+00
0.000000000000000000e+00
0.000000000000000000e+00
0.000000000000000000e+00
0.000000000000000000e+00
0.000000000000000000e+00
0.000000000000000000e+00
0.000000000000000000e+00
0.000000000000000000e+00
0.000000000000000000e+00
0.000000000000000000e+00
0.000000000000000000e+00
0.000000000000000000e+00
0.000000000000000000e+00
0.000000000000000000e+00
0.000000000000000000e+00
0.000000000000000000e+00
0.000000000000000000e+00
0.000000000000000000e+00
0.000000000000000000e+00
0.000000000000000000e+00
0.000000000000000000e+00
0.000000000000000000e+00
0.000000000000000000e+00
0.000000000000000000e+00
0.000000000000000000e+00
0.000000000000000000e+00
0.000000000000000000e+00
0.000000000000000000e+00
0.000000000000000000e+00
0.000000000000000000e+00
0.000000000000000000e+00
0.000000000000000000e+00
0.000000000000000000e+00
0.000000000000000000e+00
0.000000000000000000e+00
0.000000000000000000e+00
0.000000000000000000e+00
0.000000000000000000e+00
0.000000000000000000e+00
0.000000000000000000e+00
0.000000000000000000e+00
0.000000000000000000e+00
0.000000000000000000e+00
0.000000000000000000e+00
0.000000000000000000e+00
0.000000000000000000e+00
0.000000000000000000e+00
0.000000000000000000e+00
0.000000000000000000e+00
0.000000000000000000e+00
0.000000000000000000e+00
0.000000000000000000e+00
0.000000000000000000e+00
0.000000000000000000e+00
0.000000000000000000e+00
0.000000000000000000e+00
0.000000000000000000e+00
0.000000000000000000e+00
0.000000000000000000e+00
0.000000000000000000e+00
0.000000000000000000e+00
0.000000000000000000e+00
0.000000000000000000e+00
0.000000000000000000e+00
0.000000000000000000e+00
0.000000000000000000e+00
0.000000000000000000e+00
0.000000000000000000e+00
0.000000000000000000e+00
0.000000000000000000e+00
0.000000000000000000e+00
0.000000000000000000e+00
0.000000000000000000e+00
0.000000000000000000e+00
0.000000000000000000e+00
0.000000000000000000e+00
0.000000000000000000e+00
0.000000000000000000e+00
0.000000000000000000e+00
0.000000000000000000e+00
0.000000000000000000e+00
0.000000000000000000e+00
0.000000000000000000e+00
0.000000000000000000e+00
0.000000000000000000e+00
0.000000000000000000e+00
0.000000000000000000e+00
0.000000000000000000e+00
0.000000000000000000e+00
0.000000000000000000e+00
0.000000000000000000e+00
0.000000000000000000e+00
0.000000000000000000e+00
0.000000000000000000e+00
0.000000000000000000e+00
0.000000000000000000e+00
0.000000000000000000e+00
0.000000000000000000e+00
0.000000000000000000e+00
0.000000000000000000e+00
0.000000000000000000e+00
0.000000000000000000e+00
0.000000000000000000e+00
0.000000000000000000e+00
0.000000000000000000e+00
0.000000000000000000e+00
0.000000000000000000e+00
0.000000000000000000e+00
0.000000000000000000e+00
0.000000000000000000e+00
0.000000000000000000e+00
0.000000000000000000e+00
0.000000000000000000e+00
0.000000000000000000e+00
0.000000000000000000e+00
0.000000000000000000e+00
0.000000000000000000e+00
0.000000000000000000e+00
0.000000000000000000e+00
0.000000000000000000e+00
0.000000000000000000e+00
0.000000000000000000e+00
0.000000000000000000e+00
0.000000000000000000e+00
0.000000000000000000e+00
0.000000000000000000e+00
0.000000000000000000e+00
0.000000000000000000e+00
0.000000000000000000e+00
0.000000000000000000e+00
0.000000000000000000e+00
0.000000000000000000e+00
0.000000000000000000e+00
0.000000000000000000e+00
0.000000000000000000e+00
0.000000000000000000e+00
0.000000000000000000e+00
0.000000000000000000e+00
0.000000000000000000e+00
0.000000000000000000e+00
0.000000000000000000e+00
0.000000000000000000e+00
0.000000000000000000e+00
0.000000000000000000e+00
0.000000000000000000e+00
0.000000000000000000e+00
0.000000000000000000e+00
0.000000000000000000e+00
0.000000000000000000e+00
0.000000000000000000e+00
0.000000000000000000e+00
0.000000000000000000e+00
0.000000000000000000e+00
0.000000000000000000e+00
0.000000000000000000e+00
0.000000000000000000e+00
0.000000000000000000e+00
0.000000000000000000e+00
0.000000000000000000e+00
0.000000000000000000e+00
0.000000000000000000e+00
0.000000000000000000e+00
0.000000000000000000e+00
0.000000000000000000e+00
0.000000000000000000e+00
0.000000000000000000e+00
0.000000000000000000e+00
0.000000000000000000e+00
0.000000000000000000e+00
0.000000000000000000e+00
0.000000000000000000e+00
0.000000000000000000e+00
0.000000000000000000e+00
0.000000000000000000e+00
0.000000000000000000e+00
0.000000000000000000e+00
0.000000000000000000e+00
0.000000000000000000e+00
0.000000000000000000e+00
0.000000000000000000e+00
0.000000000000000000e+00
0.000000000000000000e+00
0.000000000000000000e+00
0.000000000000000000e+00
0.000000000000000000e+00
0.000000000000000000e+00
0.000000000000000000e+00
0.000000000000000000e+00
0.000000000000000000e+00
0.000000000000000000e+00
0.000000000000000000e+00
0.000000000000000000e+00
0.000000000000000000e+00
0.000000000000000000e+00
0.000000000000000000e+00
0.000000000000000000e+00
0.000000000000000000e+00
0.000000000000000000e+00
0.000000000000000000e+00
0.000000000000000000e+00
0.000000000000000000e+00
0.000000000000000000e+00
0.000000000000000000e+00
0.000000000000000000e+00
0.000000000000000000e+00
0.000000000000000000e+00
0.000000000000000000e+00
0.000000000000000000e+00
0.000000000000000000e+00
0.000000000000000000e+00
0.000000000000000000e+00
0.000000000000000000e+00
0.000000000000000000e+00
0.000000000000000000e+00
0.000000000000000000e+00
0.000000000000000000e+00
0.000000000000000000e+00
0.000000000000000000e+00
0.000000000000000000e+00
0.000000000000000000e+00
0.000000000000000000e+00
0.000000000000000000e+00
0.000000000000000000e+00
0.000000000000000000e+00
0.000000000000000000e+00
0.000000000000000000e+00
0.000000000000000000e+00
0.000000000000000000e+00
0.000000000000000000e+00
0.000000000000000000e+00
0.000000000000000000e+00
0.000000000000000000e+00
0.000000000000000000e+00
0.000000000000000000e+00
0.000000000000000000e+00
0.000000000000000000e+00
0.000000000000000000e+00
0.000000000000000000e+00
0.000000000000000000e+00
0.000000000000000000e+00
0.000000000000000000e+00
0.000000000000000000e+00
0.000000000000000000e+00
0.000000000000000000e+00
0.000000000000000000e+00
0.000000000000000000e+00
0.000000000000000000e+00
0.000000000000000000e+00
0.000000000000000000e+00
0.000000000000000000e+00
0.000000000000000000e+00
0.000000000000000000e+00
0.000000000000000000e+00
0.000000000000000000e+00
0.000000000000000000e+00
0.000000000000000000e+00
0.000000000000000000e+00
0.000000000000000000e+00
0.000000000000000000e+00
0.000000000000000000e+00
0.000000000000000000e+00
0.000000000000000000e+00
0.000000000000000000e+00
0.000000000000000000e+00
0.000000000000000000e+00
0.000000000000000000e+00
0.000000000000000000e+00
0.000000000000000000e+00
0.000000000000000000e+00
0.000000000000000000e+00
0.000000000000000000e+00
0.000000000000000000e+00
0.000000000000000000e+00
0.000000000000000000e+00
0.000000000000000000e+00
0.000000000000000000e+00
0.000000000000000000e+00
0.000000000000000000e+00
0.000000000000000000e+00
0.000000000000000000e+00
0.000000000000000000e+00
0.000000000000000000e+00
0.000000000000000000e+00
0.000000000000000000e+00
0.000000000000000000e+00
0.000000000000000000e+00
0.000000000000000000e+00
0.000000000000000000e+00
0.000000000000000000e+00
0.000000000000000000e+00
0.000000000000000000e+00
0.000000000000000000e+00
0.000000000000000000e+00
0.000000000000000000e+00
0.000000000000000000e+00
0.000000000000000000e+00
0.000000000000000000e+00
0.000000000000000000e+00
0.000000000000000000e+00
0.000000000000000000e+00
0.000000000000000000e+00
nan
