# bin_5_4
2.356409757692058329e-05
4.720020578096730760e-05
6.536299688733667888e-05
7.843616357007945699e-05
8.685711927615316196e-05
9.145556326893673966e-05
9.285402996073326468e-05
9.182929266243403240e-05
8.892549070388333589e-05
8.471461887546205593e-05
7.964712112274996414e-05
7.414954340577454498e-05
6.848671255977300794e-05
6.287375971412660213e-05
5.754536480678553421e-05
5.246893294517446975e-05
4.785367109194786547e-05
4.395227330481084587e-05
4.057679472242301433e-05
3.760388452453237318e-05
3.512671707664351549e-05
3.315970640645801959e-05
3.156805393413816141e-05
3.022091702898371286e-05
2.909843652622700534e-05
2.817715169332719546e-05
2.750114847441989231e-05
2.699219657226406967e-05
2.650025348686001566e-05
2.593248719508317072e-05
2.523501779253411353e-05
2.451709921754589440e-05
2.384243835929682206e-05
2.313646858908344946e-05
2.235173284229776780e-05
2.146007111960574344e-05
2.044694923244667407e-05
1.937424555030846081e-05
1.832954463162874008e-05
1.733710205447865793e-05
1.641326670669602156e-05
1.556843675159262226e-05
1.480855514633114298e-05
1.413625430967994112e-05
1.353814560382198657e-05
1.299562679851136199e-05
1.250228715349148580e-05
1.205255315384524594e-05
1.164156706434870357e-05
1.126508484709997924e-05
1.091939007876818923e-05
1.060122113543422249e-05
1.036729753845340488e-05
1.023993910791775562e-05
1.017285212542268841e-05
1.012920077801735783e-05
1.007994003431057141e-05
1.000243726665414959e-05
9.879331307274293587e-06
9.697587135361256734e-06
9.447712052803624493e-06
9.165424993483426986e-06
8.891836452306942532e-06
8.627627143625287435e-06
8.373283162905252548e-06
8.129129119330039699e-06
7.895356060787492560e-06
7.672045015275749785e-06
7.459186837725920880e-06
7.256698939361217180e-06
7.064439383816198300e-06
6.882218756949305189e-06
6.714778675057974644e-06
6.564711564552657692e-06
6.428922511882408009e-06
6.304733436590473993e-06
6.189830801160430409e-06
6.082219941622169624e-06
5.980185146825858868e-06
5.882254735171387176e-06
5.787170480765103586e-06
5.693860829201324401e-06
5.601417418722287584e-06
5.509074487317775211e-06
5.416190801997233808e-06
5.323724101587696475e-06
5.233098002181316806e-06
5.144433702996686620e-06
5.057828307829584460e-06
4.973357819438571726e-06
4.891079786633666835e-06
4.811035644870823026e-06
4.733252786167140462e-06
4.657746389804347494e-06
4.584521041494653997e-06
4.513572165369258940e-06
4.444887290251666885e-06
4.378447169140773259e-06
4.314226768605100679e-06
4.252196142838849240e-06
4.192321205417523953e-06
4.134652691162035712e-06
4.079109355831059380e-06
4.025473298195710515e-06
3.973547419894414604e-06
3.923153519960740802e-06
3.874130566874726707e-06
3.826333130865925815e-06
3.779629960970006075e-06
3.733902692921305000e-06
3.689044675373908847e-06
3.644959903202557515e-06
3.601562047759680165e-06
3.558773574970810068e-06
3.516524943050960973e-06
3.474753872431121267e-06
3.433404681206919944e-06
3.392427680070127498e-06
3.351778621265902794e-06
3.311355744470387194e-06
3.271149388248788733e-06
3.231249434598892995e-06
3.191736081850372576e-06
3.152680668747982263e-06
3.114146430349155071e-06
3.076189191538790613e-06
3.038858003445967979e-06
3.002195727578159796e-06
2.966239572063236568e-06
2.931021584004011044e-06
2.896569101600154578e-06
2.862905169374683492e-06
2.830048919553609838e-06
2.798015922385082447e-06
2.766818507945744294e-06
2.736466061764989756e-06
2.706965296400129029e-06
2.678320500915428824e-06
2.650533770053918910e-06
2.623605214741173974e-06
2.597533155423799174e-06
2.572204420939446422e-06
2.547488189813881770e-06
2.523356292601128808e-06
2.499782109209706705e-06
2.476740476765478300e-06
2.454207603345127271e-06
2.432160987179148126e-06
2.410579340952625628e-06
2.389442520859169682e-06
2.368731460088294779e-06
2.348428106449616448e-06
2.328515363858457896e-06
2.308977037427087424e-06
2.289797781923975700e-06
2.270963053380165392e-06
2.252459063637399364e-06
2.234272737646929074e-06
2.216391673341251195e-06
2.198804103913250783e-06
2.181498862348622767e-06
2.164465348068011522e-06
2.147693495545019971e-06
2.131173744775364716e-06
2.114897013480827076e-06
2.098854670939431143e-06
2.083039652684818149e-06
2.067449054380060041e-06
2.052080743371670789e-06
2.036932506895984570e-06
2.022002061128684249e-06
2.007287059579069835e-06
1.992785100873577642e-06
1.964410474841485171e-06
1.950532792664783803e-06
1.936858135548813721e-06
1.923383925832209982e-06
1.910107566980509518e-06
1.897026448109593166e-06
1.884137948160755316e-06
1.871439439751011186e-06
1.846601877398369082e-06
1.834457567603813252e-06
1.822492743404226735e-06
1.810704793643088381e-06
1.799091118255565753e-06
1.787649130385575503e-06
1.776376258317982422e-06
1.754327660833824575e-06
1.743546882740960001e-06
1.732925117859537392e-06
1.722459893533281053e-06
1.701974977470702073e-06
1.691922752825554312e-06
1.681991057780818064e-06
1.672178834610520743e-06
1.662484999667272939e-06
1.643448046458376136e-06
1.634102654991554602e-06
1.624871109987886496e-06
1.606744844956216601e-06
1.597847739727786413e-06
1.589059714120469616e-06
1.580379555345887593e-06
1.563337962215273199e-06
1.554974081467410185e-06
1.546713177295648798e-06
1.530495395490078782e-06
1.522536069386419509e-06
1.514674824816973044e-06
1.499241716842170026e-06
1.491667433421832964e-06
1.476797400065838475e-06
1.469499266645048155e-06
1.462290811919711528e-06
1.448138256125082648e-06
1.441191835379586158e-06
1.427552977656855092e-06
1.420858277353608491e-06
1.407688435408680442e-06
1.401205323998779919e-06
1.394788911711712530e-06
1.382152725777388003e-06
1.375931249005547633e-06
1.363677348559710644e-06
1.357643284452678151e-06
1.345756905121005377e-06
1.339903011443978981e-06
1.328369946468370354e-06
1.322689257671945254e-06
1.311495848721394705e-06
1.300521554875181255e-06
1.295114796508104137e-06
1.284458581741009558e-06
1.279207763675864810e-06
1.268857371883628675e-06
1.258704300365585821e-06
1.253700166413482021e-06
1.243833592935752179e-06
1.238969935790664822e-06
1.229378900558924161e-06
1.219965694756079008e-06
1.215324355129285155e-06
1.206169427176721506e-06
1.197181225513755473e-06
1.192748322565978929e-06
1.183990097232253454e-06
1.175365435734707147e-06
1.166872730993592275e-06
1.162675345145074014e-06
1.154377445920691502e-06
1.146207266125687434e-06
1.138163042853552711e-06
1.134187605949584617e-06
1.126328950481907012e-06
1.118591730601900383e-06
1.110974106740278758e-06
1.103474228638249495e-06
1.099767864147881723e-06
1.092441122182405158e-06
1.085227479836038934e-06
1.078125079610272756e-06
1.071132069093548408e-06
1.064246603575731553e-06
1.057466848395092649e-06
1.050790981040017396e-06
1.044217193025905124e-06
1.037743691566009884e-06
1.031368701053513480e-06
1.025090464370708276e-06
1.018907244039882246e-06
1.012817323229354621e-06
1.006814731301227160e-06
1.000893237359755593e-06
9.950508072876985213e-07
9.892854803618250010e-07
9.835953660057728653e-07
9.779786407072445751e-07
9.724335450903070809e-07
9.669583811341212361e-07
9.615515095299728438e-07
9.562113471689500651e-07
9.509363647531028791e-07
9.457250845233118243e-07
9.380244941849996995e-07
9.329663232228195589e-07
9.279670578749376888e-07
9.230254270130567040e-07
9.181402003720649119e-07
9.109155232260320314e-07
9.061661781903491878e-07
9.014692300759506362e-07
8.968236131345240090e-07
8.899491824457506077e-07
8.854274421024648808e-07
8.809535519172111895e-07
8.743304123994990996e-07
8.699721456153473070e-07
8.656589139461534423e-07
8.592750009072628362e-07
8.550749937967403658e-07
8.488561315771539961e-07
8.447627923548754302e-07
8.407103363223792210e-07
8.347062136031674122e-07
8.307518346380964219e-07
8.248906320787644685e-07
8.210288560098154375e-07
8.153027361437884223e-07
8.115285745804865848e-07
8.059303893656967334e-07
8.004057935276150668e-07
7.967625077716951741e-07
7.913556674431392281e-07
7.877889510352227486e-07
7.824941943332392069e-07
7.772641613492968719e-07
7.738125473750063606e-07
7.686864734641446211e-07
7.636205653162919917e-07
7.602759448840207916e-07
7.553068814291794911e-07
7.503939832611305503e-07
7.455358762055753329e-07
7.423269274548847775e-07
7.375626923599171300e-07
7.328599266205485219e-07
7.282162871794224062e-07
7.236295647599186082e-07
7.206023364371795758e-07
7.161059036258422962e-07
7.116610893332169259e-07
7.072661080919857364e-07
7.029192739694785547e-07
6.986189945074247703e-07
6.943637650468287766e-07
6.901521634122410693e-07
6.859828449315384587e-07
6.818545377689901122e-07
6.777660385509543155e-07
6.737162082649808465e-07
6.697039684144194612e-07
6.657282974118968585e-07
6.604826217347868151e-07
6.565885999568041078e-07
6.527281108464916092e-07
6.489003429119460751e-07
6.451045257746918628e-07
6.413399277562926344e-07
6.363678301276424023e-07
6.326734319908069088e-07
6.290106806009874759e-07
6.241877627894075629e-07
6.206149223486069549e-07
6.170785695109101182e-07
6.124179639909946635e-07
6.089618332374375760e-07
6.055381345677904461e-07
6.010217920710260486e-07
5.976696600832419132e-07
5.932451692092977586e-07
5.899594022905594834e-07
5.856202454309875301e-07
5.823962500066712079e-07
5.781366694637331226e-07
5.749703861126253555e-07
5.707852918712027236e-07
5.666407047826801053e-07
5.635580194361242008e-07
5.594810780003185611e-07
5.554410922996978261e-07
5.524346706408025308e-07
5.484566759504812775e-07
5.445126978771118676e-07
5.406017969145179815e-07
5.367230948579484538e-07
5.338347027937784702e-07
5.300107054373562333e-07
5.262236850059260375e-07
5.224756358354698876e-07
5.187658695222073289e-07
5.150937213269874743e-07
5.114585489333781911e-07
5.078597312831614993e-07
5.042966674839944828e-07
5.007687757843795680e-07
4.972754926114138144e-07
4.938162716671390145e-07
4.903905830795880989e-07
4.861548452302830540e-07
4.828027468391258589e-07
4.794825628388025189e-07
4.761938248222754770e-07
4.721264301906613989e-07
4.689067980421757952e-07
4.657171745436539455e-07
4.617717088523634184e-07
4.586480919835418932e-07
4.555531625263562873e-07
4.517242557448421817e-07
4.486924767975523114e-07
4.449413362699491239e-07
4.419708560598414099e-07
4.382952260023400286e-07
4.353855946138646174e-07
4.317885105183735481e-07
4.282350015408347188e-07
4.254229963184468235e-07
4.219457996215646854e-07
4.185098681314239424e-07
4.157903125174243825e-07
4.124267228623521885e-07
4.091022903862611316e-07
4.058163061184789558e-07
4.025680824807931211e-07
3.993569523086650050e-07
3.961822679292509507e-07
3.936683380702683282e-07
3.905576829018145717e-07
3.874817565296250222e-07
3.838356697943920603e-07
3.808341233587514645e-07
3.778655006408414272e-07
3.749292686426059141e-07
3.720249081287355959e-07
3.691519130756124056e-07
3.657450276701155205e-07
3.629393172340829582e-07
3.601634358613424408e-07
3.574169276286532456e-07
3.541763389802869692e-07
3.515909913008329448e-07
3.486231719298765506e-07
3.462463438456574079e-07
3.434911010659411817e-07
3.412623010678510536e-07
3.386524381516509074e-07
3.365198835784920544e-07
3.339979849071679378e-07
3.315029748748925612e-07
3.294347354219319163e-07
3.269554161979583814e-07
3.244683713248917821e-07
3.219634279595108192e-07
3.194313597926518988e-07
3.168638199522310805e-07
3.142532784478435023e-07
3.115929638436021473e-07
3.088768088684480697e-07
3.060993996940214862e-07
3.032559286294699169e-07
3.003421500003956886e-07
2.973543389956502369e-07
2.942892532809440603e-07
2.911440971923810189e-07
2.873703915189287006e-07
2.840158622182393583e-07
2.793091865760109812e-07
2.715230493450348290e-07
2.631584960023349843e-07
2.517425250378508357e-07
2.407749371165076020e-07
2.268709420541694197e-07
2.142075574524849368e-07
1.987960182970540720e-07
1.829284968043635116e-07
1.668279768786730514e-07
1.529974906610034760e-07
1.369933509195074820e-07
1.212951165256765607e-07
1.060607583936847887e-07
9.143410185635578144e-08
7.754580034855286744e-08
6.451424472408499285e-08
5.244641255725190259e-08
4.143866147250883861e-08
3.157747026091877480e-08
2.294013127850210472e-08
1.465530930658443761e-08
8.861872669178958544e-09
4.482371594448834951e-09
1.266869838096154175e-09
6.297753046551175573e-11
0.000000000000000000e+00
0.000000000000000000e+00
0.000000000000000000e+00
0.000000000000000000e+00
0.000000000000000000e+00
0.000000000000000000e+00
0.000000000000000000e+00
0.000000000000000000e+00
0.000000000000000000e+00
0.000000000000000000e+00
0.000000000000000000e+00
0.000000000000000000e+00
0.000000000000000000e+00
0.000000000000000000e+00
0.000000000000000000e+00
0.000000000000000000e+00
0.000000000000000000e+00
0.000000000000000000e+00
0.000000000000000000e+00
0.000000000000000000e+00
0.000000000000000000e+00
0.000000000000000000e+00
0.000000000000000000e+00
0.000000000000000000e+00
0.000000000000000000e+00
0.000000000000000000e+00
0.000000000000000000e+00
0.000000000000000000e+00
0.000000000000000000e+00
0.000000000000000000e+00
0.000000000000000000e+00
0.000000000000000000e+00
0.000000000000000000e+00
0.000000000000000000e+00
0.000000000000000000e+00
0.000000000000000000e+00
0.000000000000000000e+00
0.000000000000000000e+00
0.000000000000000000e+00
0.000000000000000000e+00
0.000000000000000000e+00
0.000000000000000000e+00
0.000000000000000000e+00
0.000000000000000000e+00
0.000000000000000000e+00
0.000000000000000000e+00
0.000000000000000000e+00
0.000000000000000000e+00
0.000000000000000000e+00
0.000000000000000000e+00
0.000000000000000000e+00
0.000000000000000000e+00
0.000000000000000000e+00
0.000000000000000000e+00
0.000000000000000000e+00
0.000000000000000000e+00
0.000000000000000000e+00
0.000000000000000000e+00
0.000000000000000000e+00
0.000000000000000000e+00
0.000000000000000000e+00
0.000000000000000000e+00
0.000000000000000000e+00
0.000000000000000000e+00
0.000000000000000000e+00
0.000000000000000000e+00
0.000000000000000000e+00
0.000000000000000000e+00
0.000000000000000000e+00
0.000000000000000000e+00
0.000000000000000000e+00
0.000000000000000000e+00
0.000000000000000000e+00
0.000000000000000000e+00
0.000000000000000000e+00
0.000000000000000000e+00
0.000000000000000000e+00
0.000000000000000000e+00
0.000000000000000000e+00
0.000000000000000000e+00
0.000000000000000000e+00
0.000000000000000000e+00
0.000000000000000000e+00
0.000000000000000000e+00
0.000000000000000000e+00
0.000000000000000000e+00
0.000000000000000000e+00
0.000000000000000000e+00
0.000000000000000000e+00
0.000000000000000000e+00
0.000000000000000000e+00
0.000000000000000000e+00
0.000000000000000000e+00
0.000000000000000000e+00
0.000000000000000000e+00
0.000000000000000000e+00
0.000000000000000000e+00
0.000000000000000000e+00
0.000000000000000000e+00
0.000000000000000000e+00
0.000000000000000000e+00
0.000000000000000000e+00
0.000000000000000000e+00
0.000000000000000000e+00
0.000000000000000000e+00
0.000000000000000000e+00
0.000000000000000000e+00
0.000000000000000000e+00
0.000000000000000000e+00
0.000000000000000000e+00
0.000000000000000000e+00
0.000000000000000000e+00
0.000000000000000000e+00
0.000000000000000000e+00
0.000000000000000000e+00
0.000000000000000000e+00
0.000000000000000000e+00
0.000000000000000000e+00
0.000000000000000000e+00
0.000000000000000000e+00
0.000000000000000000e+00
0.000000000000000000e+00
0.000000000000000000e+00
0.000000000000000000e+00
0.000000000000000000e+00
0.000000000000000000e+00
0.000000000000000000e+00
0.000000000000000000e+00
0.000000000000000000e+00
0.000000000000000000e+00
0.000000000000000000e+00
0.000000000000000000e+00
0.000000000000000000e+00
0.000000000000000000e+00
0.000000000000000000e+00
0.000000000000000000e+00
0.000000000000000000e+00
0.000000000000000000e+00
0.000000000000000000e+00
0.000000000000000000e+00
0.000000000000000000e+00
0.000000000000000000e+00
0.000000000000000000e+00
0.000000000000000000e+00
0.000000000000000000e+00
0.000000000000000000e+00
0.000000000000000000e+00
0.000000000000000000e+00
0.000000000000000000e+00
0.000000000000000000e+00
0.000000000000000000e+00
0.000000000000000000e+00
0.000000000000000000e+00
0.000000000000000000e+00
0.000000000000000000e+00
0.000000000000000000e+00
0.000000000000000000e+00
0.000000000000000000e+00
0.000000000000000000e+00
0.000000000000000000e+00
0.000000000000000000e+00
0.000000000000000000e+00
0.000000000000000000e+00
0.000000000000000000e+00
0.000000000000000000e+00
0.000000000000000000e+00
0.000000000000000000e+00
0.000000000000000000e+00
0.000000000000000000e+00
0.000000000000000000e+00
0.000000000000000000e+00
0.000000000000000000e+00
0.000000000000000000e+00
0.000000000000000000e+00
0.000000000000000000e+00
0.000000000000000000e+00
0.000000000000000000e+00
0.000000000000000000e+00
0.000000000000000000e+00
0.000000000000000000e+00
0.000000000000000000e+00
0.000000000000000000e+00
0.000000000000000000e+00
0.000000000000000000e+00
0.000000000000000000e+00
0.000000000000000000e+00
0.000000000000000000e+00
0.000000000000000000e+00
0.000000000000000000e+00
0.000000000000000000e+00
0.000000000000000000e+00
0.000000000000000000e+00
0.000000000000000000e+00
0.000000000000000000e+00
0.000000000000000000e+00
0.000000000000000000e+00
0.000000000000000000e+00
0.000000000000000000e+00
0.000000000000000000e+00
0.000000000000000000e+00
0.000000000000000000e+00
0.000000000000000000e+00
0.000000000000000000e+00
0.000000000000000000e+00
0.000000000000000000e+00
0.000000000000000000e+00
0.000000000000000000e+00
0.000000000000000000e+00
0.000000000000000000e+00
0.000000000000000000e+00
0.000000000000000000e+00
0.000000000000000000e+00
0.000000000000000000e+00
0.000000000000000000e+00
0.000000000000000000e+00
0.000000000000000000e+00
0.000000000000000000e+00
0.000000000000000000e+00
0.000000000000000000e+00
0.000000000000000000e+00
0.000000000000000000e+00
0.000000000000000000e+00
0.000000000000000000e+00
0.000000000000000000e+00
0.000000000000000000e+00
0.000000000000000000e+00
0.000000000000000000e+00
0.000000000000000000e+00
0.000000000000000000e+00
0.000000000000000000e+00
0.000000000000000000e+00
0.000000000000000000e+00
0.000000000000000000e+00
0.000000000000000000e+00
0.000000000000000000e+00
0.000000000000000000e+00
0.000000000000000000e+00
0.000000000000000000e+00
0.000000000000000000e+00
0.000000000000000000e+00
0.000000000000000000e+00
0.000000000000000000e+00
0.000000000000000000e+00
0.000000000000000000e+00
0.000000000000000000e+00
0.000000000000000000e+00
0.000000000000000000e+00
0.000000000000000000e+00
0.000000000000000000e+00
0.000000000000000000e+00
0.000000000000000000e+00
0.000000000000000000e+00
0.000000000000000000e+00
0.000000000000000000e+00
0.000000000000000000e+00
0.000000000000000000e+00
0.000000000000000000e+00
0.000000000000000000e+00
0.000000000000000000e+00
0.000000000000000000e+00
0.000000000000000000e+00
0.000000000000000000e+00
0.000000000000000000e+00
0.000000000000000000e+00
0.000000000000000000e+00
0.000000000000000000e+00
0.000000000000000000e+00
0.000000000000000000e+00
0.000000000000000000e+00
0.000000000000000000e+00
0.000000000000000000e+00
0.000000000000000000e+00
0.000000000000000000e+00
0.000000000000000000e+00
0.000000000000000000e+00
0.000000000000000000e+00
0.000000000000000000e+00
0.000000000000000000e+00
0.000000000000000000e+00
0.000000000000000000e+00
0.000000000000000000e+00
0.000000000000000000e+00
0.000000000000000000e+00
0.000000000000000000e+00
0.000000000000000000e+00
0.000000000000000000e+00
0.000000000000000000e+00
0.000000000000000000e+00
0.000000000000000000e+00
0.000000000000000000e+00
0.000000000000000000e+00
0.000000000000000000e+00
0.000000000000000000e+00
0.000000000000000000e+00
0.000000000000000000e+00
0.000000000000000000e+00
0.000000000000000000e+00
0.000000000000000000e+00
0.000000000000000000e+00
0.000000000000000000e+00
0.000000000000000000e+00
0.000000000000000000e+00
0.000000000000000000e+00
0.000000000000000000e+00
0.000000000000000000e+00
0.000000000000000000e+00
0.000000000000000000e+00
0.000000000000000000e+00
0.000000000000000000e+00
0.000000000000000000e+00
0.000000000000000000e+00
0.000000000000000000e+00
0.000000000000000000e+00
0.000000000000000000e+00
0.000000000000000000e+00
0.000000000000000000e+00
0.000000000000000000e+00
0.000000000000000000e+00
0.000000000000000000e+00
0.000000000000000000e+00
0.000000000000000000e+00
0.000000000000000000e+00
0.000000000000000000e+00
0.000000000000000000e+00
0.000000000000000000e+00
0.000000000000000000e+00
0.000000000000000000e+00
0.000000000000000000e+00
0.000000000000000000e+00
0.000000000000000000e+00
0.000000000000000000e+00
0.000000000000000000e+00
0.000000000000000000e+00
0.000000000000000000e+00
0.000000000000000000e+00
0.000000000000000000e+00
0.000000000000000000e+00
0.000000000000000000e+00
0.000000000000000000e+00
0.000000000000000000e+00
0.000000000000000000e+00
0.000000000000000000e+00
0.000000000000000000e+00
0.000000000000000000e+00
0.000000000000000000e+00
0.000000000000000000e+00
0.000000000000000000e+00
0.000000000000000000e+00
0.000000000000000000e+00
0.000000000000000000e+00
0.000000000000000000e+00
0.000000000000000000e+00
0.000000000000000000e+00
0.000000000000000000e+00
0.000000000000000000e+00
0.000000000000000000e+00
0.000000000000000000e+00
0.000000000000000000e+00
0.000000000000000000e+00
0.000000000000000000e+00
0.000000000000000000e+00
0.000000000000000000e+00
0.000000000000000000e+00
0.000000000000000000e+00
0.000000000000000000e+00
0.000000000000000000e+00
0.000000000000000000e+00
0.000000000000000000e+00
0.000000000000000000e+00
0.000000000000000000e+00
0.000000000000000000e+00
0.000000000000000000e+00
0.000000000000000000e+00
0.000000000000000000e+00
0.000000000000000000e+00
0.000000000000000000e+00
0.000000000000000000e+00
0.000000000000000000e+00
0.000000000000000000e+00
0.000000000000000000e+00
0.000000000000000000e+00
0.000000000000000000e+00
0.000000000000000000e+00
0.000000000000000000e+00
0.000000000000000000e+00
0.000000000000000000e+00
0.000000000000000000e+00
0.000000000000000000e+00
0.000000000000000000e+00
0.000000000000000000e+00
0.000000000000000000e+00
0.000000000000000000e+00
0.000000000000000000e+00
0.000000000000000000e+00
0.000000000000000000e+00
0.000000000000000000e+00
0.000000000000000000e+00
0.000000000000000000e+00
0.000000000000000000e+00
0.000000000000000000e+00
0.000000000000000000e+00
0.000000000000000000e+00
0.000000000000000000e+00
0.000000000000000000e+00
0.000000000000000000e+00
0.000000000000000000e+00
0.000000000000000000e+00
0.000000000000000000e+00
0.000000000000000000e+00
0.000000000000000000e+00
0.000000000000000000e+00
0.000000000000000000e+00
0.000000000000000000e+00
0.000000000000000000e+00
0.000000000000000000e+00
0.000000000000000000e+00
0.000000000000000000e+00
0.000000000000000000e+00
0.000000000000000000e+00
0.000000000000000000e+00
0.000000000000000000e+00
0.000000000000000000e+00
0.000000000000000000e+00
0.000000000000000000e+00
0.000000000000000000e+00
0.000000000000000000e+00
0.000000000000000000e+00
0.000000000000000000e+00
0.000000000000000000e+00
0.000000000000000000e+00
0.000000000000000000e+00
0.000000000000000000e+00
0.000000000000000000e+00
0.000000000000000000e+00
0.000000000000000000e+00
0.000000000000000000e+00
0.000000000000000000e+00
0.000000000000000000e+00
0.000000000000000000e+00
0.000000000000000000e+00
0.000000000000000000e+00
0.000000000000000000e+00
0.000000000000000000e+00
0.000000000000000000e+00
0.000000000000000000e+00
0.000000000000000000e+00
0.000000000000000000e+00
0.000000000000000000e+00
0.000000000000000000e+00
0.000000000000000000e+00
0.000000000000000000e+00
0.000000000000000000e+00
0.000000000000000000e+00
0.000000000000000000e+00
0.000000000000000000e+00
0.000000000000000000e+00
0.000000000000000000e+00
0.000000000000000000e+00
0.000000000000000000e+00
0.000000000000000000e+00
0.000000000000000000e+00
0.000000000000000000e+00
0.000000000000000000e+00
0.000000000000000000e+00
0.000000000000000000e+00
0.000000000000000000e+00
0.000000000000000000e+00
0.000000000000000000e+00
0.000000000000000000e+00
0.000000000000000000e+00
0.000000000000000000e+00
0.000000000000000000e+00
0.000000000000000000e+00
0.000000000000000000e+00
0.000000000000000000e+00
0.000000000000000000e+00
0.000000000000000000e+00
0.000000000000000000e+00
0.000000000000000000e+00
0.000000000000000000e+00
0.000000000000000000e+00
0.000000000000000000e+00
0.000000000000000000e+00
0.000000000000000000e+00
0.000000000000000000e+00
0.000000000000000000e+00
0.000000000000000000e+00
0.000000000000000000e+00
0.000000000000000000e+00
0.000000000000000000e+00
0.000000000000000000e+00
0.000000000000000000e+00
0.000000000000000000e+00
0.000000000000000000e+00
0.000000000000000000e+00
0.000000000000000000e+00
0.000000000000000000e+00
0.000000000000000000e+00
0.000000000000000000e+00
0.000000000000000000e+00
0.000000000000000000e+00
0.000000000000000000e+00
0.000000000000000000e+00
0.000000000000000000e+00
0.000000000000000000e+00
0.000000000000000000e+00
0.000000000000000000e+00
0.000000000000000000e+00
0.000000000000000000e+00
0.000000000000000000e+00
0.000000000000000000e+00
0.000000000000000000e+00
0.000000000000000000e+00
0.000000000000000000e+00
0.000000000000000000e+00
0.000000000000000000e+00
nan
