# bin_10_3
-2.114003723764358478e-08
-4.007476433600667161e-08
3.119545803917043265e-08
-1.790795898211719635e-08
2.881436170738193213e-08
-4.724016621096126629e-09
2.420393277126846174e-08
1.959113991698085641e-08
1.253273397358701796e-08
5.792900199593622321e-08
-8.405451959785977570e-09
5.552930555226270402e-08
-4.536632230740128709e-08
-3.914117584872701225e-08
-3.348932216363465520e-08
-9.010977440742463266e-09
2.208705818235373932e-08
3.298218761114787081e-08
2.213208301209776717e-08
4.683081135525548492e-09
-1.148414318897274089e-08
-2.236182331619625951e-08
-3.033716079569870109e-08
-3.709144032414281214e-08
-4.059288239224672411e-08
-3.988345821508884408e-08
-3.699577379585829996e-08
-3.424900501476180179e-08
-3.164949504000399299e-08
-2.919855398166888920e-08
-2.689410779449265507e-08
-1.499962039474249635e-08
8.155787769472188677e-09
3.336432509620714156e-08
5.441585778934562257e-08
6.727378292050151534e-08
6.947089067210424414e-08
5.903392726602292378e-08
3.989901384001641051e-08
1.786693135218012142e-08
-2.874289963003850389e-09
-1.936759819965139243e-08
-2.959332703989051443e-08
-3.224300592211218535e-08
-2.933173890693362512e-08
-2.439066601993299067e-08
-1.856469983880041349e-08
-1.272556684028022513e-08
-7.527557041855372788e-09
-3.452134651844951479e-09
-8.436871110823736466e-10
6.179447284951762704e-11
2.786381689195878757e-11
-5.232180331047512180e-11
-1.572081403733778819e-10
-2.696582347489081083e-10
-3.761739764670648698e-10
-4.662524127108356839e-10
-5.318528694122994902e-10
-5.669553879659188401e-10
-5.671945497056601717e-10
-5.307835559413864591e-10
-4.664026113329089201e-10
-3.848219038537564155e-10
-2.949181904188459565e-10
-2.039631343777962615e-10
-1.178683433213430039e-10
-4.139379854652544960e-11
2.167471362126266947e-11
6.837445593352358399e-11
9.643691369528295470e-11
1.041779440604636568e-10
-1.805975051915700437e-10
-9.220333955314671587e-10
-1.977290931083374692e-09
-3.224933443421727284e-09
-4.562129291652862977e-09
-5.902216490414780818e-09
-7.172580803324497928e-09
-8.312805786846905815e-09
-9.273059023145925040e-09
-1.001268369460763455e-08
-1.049896885649471056e-08
-1.070607536582074912e-08
-1.061409751484515197e-08
-1.024422717442014786e-08
-9.665557970532802461e-09
-8.928748619596437459e-09
-8.078099641654468035e-09
-7.152259388350506157e-09
-6.184852013240266077e-09
-5.205036321988182983e-09
-4.238003364621385003e-09
-3.305419693285585393e-09
-2.425822388507741671e-09
-1.614971239072969175e-09
-8.861628317361458760e-10
-2.505107554577097928e-10
2.828043593598844525e-10
7.063116717198418856e-10
1.014050910452299411e-09
1.248235520018066371e-09
1.455680823357061247e-09
1.638252154406767145e-09
1.797687489500816569e-09
1.935606690467027454e-09
2.053520020518929114e-09
2.152835995123707577e-09
2.234868624267232679e-09
2.300844097349547625e-09
2.351906957272905152e-09
2.389125806070851298e-09
2.413498580625923715e-09
2.425957433589616539e-09
2.427373251514330989e-09
2.418559839399172897e-09
2.400277798308686993e-09
2.373238120419789473e-09
2.338105523762657874e-09
2.283413059998798996e-09
2.200824303462903521e-09
2.095301910466816505e-09
1.971353559556648106e-09
1.833068904390424490e-09
1.684153531741916668e-09
1.527960176631136495e-09
1.367517424241870207e-09
1.205556108043403277e-09
1.044533595179083464e-09
8.866561335310846706e-10
7.338994197525896792e-10
5.880275338250534934e-10
4.506103732154524617e-10
3.230397083557879747e-10
2.065439708365713316e-10
1.022018762996328293e-10
1.095497544707233603e-11
-6.638078122744852136e-11
-1.291043865019218840e-10
-1.766199552995599043e-10
-2.084276733222719887e-10
-2.302430220734821221e-10
-2.483947187116326358e-10
-2.633421530040398346e-10
-2.755098982706704468e-10
-2.852900957110859309e-10
-2.930446747663552824e-10
-2.991074212593760189e-10
-3.037859041691013139e-10
-3.073632710773901330e-10
-3.100999215755467322e-10
-3.122350672256653932e-10
-3.139881860344930108e-10
-3.155603788102078927e-10
-3.171356342310845392e-10
-3.188820089556248149e-10
-3.209527286430243962e-10
-3.234872153275256150e-10
-3.266120461975128704e-10
-3.304418484673775500e-10
-3.350801346949062458e-10
-3.406200825869756776e-10
-3.471452630495910775e-10
-3.547303199730986420e-10
-3.634416049978349096e-10
-3.733377702781204223e-10
-3.843752196450858297e-10
-3.963637736842152024e-10
-4.091453845792476494e-10
-4.225729370060436433e-10
-4.365095920926876012e-10
-4.508281704777319063e-10
-4.654105720492757105e-10
-4.949365978217731963e-10
-5.096846650531278875e-10
-5.243045036141166290e-10
-5.387158393140569143e-10
-5.528446491222381814e-10
-5.666227819476628550e-10
-5.799876016120264730e-10
-5.928816506845749155e-10
-6.170516202075778042e-10
-6.282357617018687168e-10
-6.387650294949357659e-10
-6.486034644770364011e-10
-6.577186427135235238e-10
-6.660814544107893318e-10
-6.736658956848543918e-10
-6.864100152606834628e-10
-6.915315058367824976e-10
-6.957979123337605534e-10
-6.991960350922261327e-10
-7.036351936641389422e-10
-7.052491579538055942e-10
-7.065630673411185125e-10
-7.075832834524597456e-10
-7.083161118429565758e-10
-7.089445251840699471e-10
-7.088524089576051596e-10
-7.084974969169950933e-10
-7.070231159329679398e-10
-7.059153767044071540e-10
-7.045682976002699995e-10
-7.029875504738643869e-10
-6.991473407773153217e-10
-6.968988203076509678e-10
-6.944385145442661184e-10
-6.889035274676189983e-10
-6.858391288781883376e-10
-6.825835101114389679e-10
-6.755182624543434810e-10
-6.717182512194726653e-10
-6.636068781760058531e-10
-6.593046396544658531e-10
-6.548439795173334248e-10
-6.454647493545016750e-10
-6.405546572819020872e-10
-6.303141228848451378e-10
-6.249916887958276984e-10
-6.006154813416855748e-10
-5.791584182245746746e-10
-5.523100105191951848e-10
-4.846324537024481855e-10
-4.448331231266843943e-10
-3.556993655934234932e-10
-3.072484333983973949e-10
-2.046219890046476092e-10
-1.512017572154343616e-10
-4.189073361247080152e-11
1.335710066224899681e-11
1.235567920019558110e-10
2.315714308831922880e-10
2.841429571552037770e-10
3.853011725948108779e-10
4.334807182722348069e-10
5.241116308671336275e-10
6.059948282044049254e-10
6.432781868534011010e-10
7.098562103048613840e-10
7.389085999649502415e-10
7.879962895686241571e-10
8.244254764417771731e-10
8.376814296024876107e-10
8.539104820059796450e-10
8.560125163689479929e-10
8.516308252577084705e-10
8.262689573395280366e-10
7.777052618046725303e-10
7.096824626025141818e-10
6.694595957615799553e-10
5.786054172233034713e-10
4.763636752258192009e-10
3.655032846551000974e-10
3.076417584207694363e-10
1.885365353621999003e-10
6.674511511038834467e-11
-5.571345146673038815e-11
-1.770006671512010550e-10
-2.366766235913149458e-10
-3.531226651819156265e-10
-4.645075365327872972e-10
-5.695276557836345101e-10
-6.670080146455152675e-10
-7.558927584206094144e-10
-8.352364234172306369e-10
-9.041957850051429755e-10
-9.620222730293512279e-10
-1.008054914500052579e-09
-1.041713766428520688e-09
-1.062493804400703316e-09
-1.069959234992802183e-09
-1.063738202452760848e-09
-1.018147231253715169e-09
-9.133909739897660623e-10
-7.575336349251280877e-10
-5.580802092615960348e-10
-3.220107784016604277e-10
-5.581270545644740292e-11
2.344891353719380475e-10
5.433039708764861393e-10
8.654484660772285554e-10
1.196121678018715737e-09
1.530881524751260029e-09
1.865622674803336610e-09
2.359491687934654054e-09
2.678251067108547921e-09
2.984986075188752729e-09
3.276866977484825274e-09
3.551300897246781244e-09
3.925109811015193477e-09
4.146005699735000811e-09
4.342039014747859516e-09
4.511511916981855901e-09
4.712611532046623833e-09
4.809316642253912919e-09
4.874755671045825306e-09
4.912067624504430350e-09
4.895094921524530570e-09
4.835808573288600570e-09
4.585076734666216166e-09
4.316811803909284796e-09
3.786916966888167147e-09
3.361711336721927630e-09
2.888693087364584569e-09
2.106408070960806939e-09
1.546867534807466614e-09
6.671301688059739710e-10
6.261580663607554573e-11
-8.570903826606173637e-10
-1.471285599655483035e-09
-2.382249535696800214e-09
-3.267816523560848134e-09
-3.837471668790632352e-09
-4.651887850834898092e-09
-5.163344524257946067e-09
-5.875849750978500954e-09
-6.514709914299143794e-09
-6.895669333324540775e-09
-7.394293386317633571e-09
-7.799794812124673922e-09
-8.015544904863561567e-09
-8.253544217111676171e-09
-8.384874602299909556e-09
-8.405732453776027426e-09
-8.356662586523960550e-09
-8.206885450705443796e-09
-7.988650949388430639e-09
-7.712235479728134644e-09
-7.387145009961692413e-09
-7.147743533535767169e-09
-6.760720027083152427e-09
-6.346981358606754254e-09
-5.913619881699756875e-09
-5.467168338627506669e-09
-5.013636987928210040e-09
-4.558548310485379098e-09
-4.106969457121781227e-09
-3.663542589222379195e-09
-3.232513253218378445e-09
-2.817756919883008463e-09
-2.422803810242391799e-09
-2.050862121432902664e-09
-1.704839757984491765e-09
-1.288299757168602694e-09
-1.012527214271745142e-09
-7.704497182841546008e-10
-5.638927591912001623e-10
-3.944759595694974805e-10
-2.636273630370843241e-10
-1.512936759052699104e-10
-1.150133858257866400e-10
-1.114777043288294370e-10
-1.104766852913290780e-10
-1.101590124908829762e-10
-1.101923551610547200e-10
-1.107529847293838331e-10
-1.115392426238369985e-10
-1.126215895677131191e-10
-1.144995281244157232e-10
-1.162156571082601391e-10
-1.188883775475112895e-10
-1.211646906676979718e-10
-1.245389502367921005e-10
-1.273090038838837375e-10
-1.313006162719164672e-10
-1.345044158314792085e-10
-1.390373613361948039e-10
-1.438483751806437591e-10
-1.476263579782547815e-10
-1.528738564098579001e-10
-1.583441386308934355e-10
-1.625821820425416163e-10
-1.683996273437039934e-10
-1.743927642326410294e-10
-1.805462597697913952e-10
-1.868456531950145221e-10
-1.916577106834746249e-10
-1.990523749970223901e-10
-2.256314991583097998e-10
-2.759093538721753233e-10
-3.464456285866468944e-10
-4.340483837754871687e-10
-5.357582435947808787e-10
-6.488335917293935262e-10
-7.707367042943064446e-10
-8.991207582541385034e-10
-1.031817658082688996e-09
-1.166826627332235894e-09
-1.302303515440173393e-09
-1.469734718792202760e-09
-1.600265934597187323e-09
-1.726236311608617237e-09
-1.846362821337965231e-09
-1.986526704310290052e-09
-2.089374314219747084e-09
-2.182935092082879409e-09
-2.285523490667897286e-09
-2.355168562378707200e-09
-2.413025355371957043e-09
-2.467845928563477387e-09
-2.497049030058966600e-09
-2.514470083606450238e-09
-2.512649256352500783e-09
-2.490111120699569621e-09
-2.462865360447273726e-09
-2.428634754027470833e-09
-2.394243565226217204e-09
-2.366636801280276053e-09
-2.332036715192675688e-09
-2.297361596407666795e-09
-2.269585658763046436e-09
-2.234842284356825562e-09
-2.200095131068633704e-09
-2.165366607422644523e-09
-2.130677667214475997e-09
-2.096047892430700344e-09
-2.061495571345476143e-09
-2.033920990131070085e-09
-1.999550321820519027e-09
-1.965302041946742497e-09
-1.924385312604329566e-09
-1.890454223359626734e-09
-1.856686986129070761e-09
-1.823094672506376362e-09
-1.789687543383395613e-09
-1.756475094924301689e-09
-1.716889441858577684e-09
-1.684135222996744813e-09
-1.651601423544303780e-09
-1.619294774134337261e-09
-1.576709242895547340e-09
-1.520922442341886524e-09
-1.429393123363527927e-09
-1.335626120056400020e-09
-1.205658922449564378e-09
-1.085391884289870131e-09
-9.297642170653689311e-10
-7.928636569908964901e-10
-6.225386919504775731e-10
-4.482402332760213494e-10
-3.018036069646345155e-10
-1.266900573386297821e-10
4.572085823015542105e-11
2.134546021555063403e-10
3.747138234729655190e-10
5.278660386324013006e-10
6.714321363180844144e-10
8.040756498967869235e-10
9.245927451337501785e-10
1.031902874550486491e-09
1.125040053251818101e-09
1.203144714243849032e-09
1.265456104221809377e-09
1.311305183543521108e-09
1.340107996639573613e-09
1.351497001553248126e-09
1.341846987996267985e-09
1.319610066140310181e-09
1.282824075703329318e-09
1.243305329739023070e-09
1.189370010302621382e-09
1.137553098729808564e-09
1.071862986389613404e-09
1.012034199529281048e-09
9.392216205606778760e-10
8.642547304875728924e-10
7.881870277940498743e-10
7.228442116261154844e-10
6.472318618796207668e-10
5.730647770777328969e-10
5.010892986174428358e-10
4.319849363970342316e-10
3.663689690314178867e-10
3.048007399648264297e-10
2.477856700379695800e-10
1.957790056132718441e-10
1.491893200162059665e-10
1.083817848055394357e-10
6.923973364587313568e-11
4.186835571883264464e-11
2.117718628852317197e-11
5.985389207333734993e-12
2.975404574468050609e-13
0.000000000000000000e+00
0.000000000000000000e+00
0.000000000000000000e+00
0.000000000000000000e+00
0.000000000000000000e+00
0.000000000000000000e+00
0.000000000000000000e+00
0.000000000000000000e+00
0.000000000000000000e+00
0.000000000000000000e+00
0.000000000000000000e+00
0.000000000000000000e+00
0.000000000000000000e+00
0.000000000000000000e+00
0.000000000000000000e+00
0.000000000000000000e+00
0.000000000000000000e+00
0.000000000000000000e+00
0.000000000000000000e+00
0.000000000000000000e+00
0.000000000000000000e+00
0.000000000000000000e+00
0.000000000000000000e+00
0.000000000000000000e+00
0.000000000000000000e+00
0.000000000000000000e+00
0.000000000000000000e+00
0.000000000000000000e+00
0.000000000000000000e+00
0.000000000000000000e+00
0.000000000000000000e+00
0.000000000000000000e+00
0.000000000000000000e+00
0.000000000000000000e+00
0.000000000000000000e+00
0.000000000000000000e+00
0.000000000000000000e+00
0.000000000000000000e+00
0.000000000000000000e+00
0.000000000000000000e+00
0.000000000000000000e+00
0.000000000000000000e+00
0.000000000000000000e+00
0.000000000000000000e+00
0.000000000000000000e+00
0.000000000000000000e+00
0.000000000000000000e+00
0.000000000000000000e+00
0.000000000000000000e+00
0.000000000000000000e+00
0.000000000000000000e+00
0.000000000000000000e+00
0.000000000000000000e+00
0.000000000000000000e+00
0.000000000000000000e+00
0.000000000000000000e+00
0.000000000000000000e+00
0.000000000000000000e+00
0.000000000000000000e+00
0.000000000000000000e+00
0.000000000000000000e+00
0.000000000000000000e+00
0.000000000000000000e+00
0.000000000000000000e+00
0.000000000000000000e+00
0.000000000000000000e+00
0.000000000000000000e+00
0.000000000000000000e+00
0.000000000000000000e+00
0.000000000000000000e+00
0.000000000000000000e+00
0.000000000000000000e+00
0.000000000000000000e+00
0.000000000000000000e+00
0.000000000000000000e+00
0.000000000000000000e+00
0.000000000000000000e+00
0.000000000000000000e+00
0.000000000000000000e+00
0.000000000000000000e+00
0.000000000000000000e+00
0.000000000000000000e+00
0.000000000000000000e+00
0.000000000000000000e+00
0.000000000000000000e+00
0.000000000000000000e+00
0.000000000000000000e+00
0.000000000000000000e+00
0.000000000000000000e+00
0.000000000000000000e+00
0.000000000000000000e+00
0.000000000000000000e+00
0.000000000000000000e+00
0.000000000000000000e+00
0.000000000000000000e+00
0.000000000000000000e+00
0.000000000000000000e+00
0.000000000000000000e+00
0.000000000000000000e+00
0.000000000000000000e+00
0.000000000000000000e+00
0.000000000000000000e+00
0.000000000000000000e+00
0.000000000000000000e+00
0.000000000000000000e+00
0.000000000000000000e+00
0.000000000000000000e+00
0.000000000000000000e+00
0.000000000000000000e+00
0.000000000000000000e+00
0.000000000000000000e+00
0.000000000000000000e+00
0.000000000000000000e+00
0.000000000000000000e+00
0.000000000000000000e+00
0.000000000000000000e+00
0.000000000000000000e+00
0.000000000000000000e+00
0.000000000000000000e+00
0.000000000000000000e+00
0.000000000000000000e+00
0.000000000000000000e+00
0.000000000000000000e+00
0.000000000000000000e+00
0.000000000000000000e+00
0.000000000000000000e+00
0.000000000000000000e+00
0.000000000000000000e+00
0.000000000000000000e+00
0.000000000000000000e+00
0.000000000000000000e+00
0.000000000000000000e+00
0.000000000000000000e+00
0.000000000000000000e+00
0.000000000000000000e+00
0.000000000000000000e+00
0.000000000000000000e+00
0.000000000000000000e+00
0.000000000000000000e+00
0.000000000000000000e+00
0.000000000000000000e+00
0.000000000000000000e+00
0.000000000000000000e+00
0.000000000000000000e+00
0.000000000000000000e+00
0.000000000000000000e+00
0.000000000000000000e+00
0.000000000000000000e+00
0.000000000000000000e+00
0.000000000000000000e+00
0.000000000000000000e+00
0.000000000000000000e+00
0.000000000000000000e+00
0.000000000000000000e+00
0.000000000000000000e+00
0.000000000000000000e+00
0.000000000000000000e+00
0.000000000000000000e+00
0.000000000000000000e+00
0.000000000000000000e+00
0.000000000000000000e+00
0.000000000000000000e+00
0.000000000000000000e+00
0.000000000000000000e+00
0.000000000000000000e+00
0.000000000000000000e+00
0.000000000000000000e+00
0.000000000000000000e+00
0.000000000000000000e+00
0.000000000000000000e+00
0.000000000000000000e+00
0.000000000000000000e+00
0.000000000000000000e+00
0.000000000000000000e+00
0.000000000000000000e+00
0.000000000000000000e+00
0.000000000000000000e+00
0.000000000000000000e+00
0.000000000000000000e+00
0.000000000000000000e+00
0.000000000000000000e+00
0.000000000000000000e+00
0.000000000000000000e+00
0.000000000000000000e+00
0.000000000000000000e+00
0.000000000000000000e+00
0.000000000000000000e+00
0.000000000000000000e+00
0.000000000000000000e+00
0.000000000000000000e+00
0.000000000000000000e+00
0.000000000000000000e+00
0.000000000000000000e+00
0.000000000000000000e+00
0.000000000000000000e+00
0.000000000000000000e+00
0.000000000000000000e+00
0.000000000000000000e+00
0.000000000000000000e+00
0.000000000000000000e+00
0.000000000000000000e+00
0.000000000000000000e+00
0.000000000000000000e+00
0.000000000000000000e+00
0.000000000000000000e+00
0.000000000000000000e+00
0.000000000000000000e+00
0.000000000000000000e+00
0.000000000000000000e+00
0.000000000000000000e+00
0.000000000000000000e+00
0.000000000000000000e+00
0.000000000000000000e+00
0.000000000000000000e+00
0.000000000000000000e+00
0.000000000000000000e+00
0.000000000000000000e+00
0.000000000000000000e+00
0.000000000000000000e+00
0.000000000000000000e+00
0.000000000000000000e+00
0.000000000000000000e+00
0.000000000000000000e+00
0.000000000000000000e+00
0.000000000000000000e+00
0.000000000000000000e+00
0.000000000000000000e+00
0.000000000000000000e+00
0.000000000000000000e+00
0.000000000000000000e+00
0.000000000000000000e+00
0.000000000000000000e+00
0.000000000000000000e+00
0.000000000000000000e+00
0.000000000000000000e+00
0.000000000000000000e+00
0.000000000000000000e+00
0.000000000000000000e+00
0.000000000000000000e+00
0.000000000000000000e+00
0.000000000000000000e+00
0.000000000000000000e+00
0.000000000000000000e+00
0.000000000000000000e+00
0.000000000000000000e+00
0.000000000000000000e+00
0.000000000000000000e+00
0.000000000000000000e+00
0.000000000000000000e+00
0.000000000000000000e+00
0.000000000000000000e+00
0.000000000000000000e+00
0.000000000000000000e+00
0.000000000000000000e+00
0.000000000000000000e+00
0.000000000000000000e+00
0.000000000000000000e+00
0.000000000000000000e+00
0.000000000000000000e+00
0.000000000000000000e+00
0.000000000000000000e+00
0.000000000000000000e+00
0.000000000000000000e+00
0.000000000000000000e+00
0.000000000000000000e+00
0.000000000000000000e+00
0.000000000000000000e+00
0.000000000000000000e+00
0.000000000000000000e+00
0.000000000000000000e+00
0.000000000000000000e+00
0.000000000000000000e+00
0.000000000000000000e+00
0.000000000000000000e+00
0.000000000000000000e+00
0.000000000000000000e+00
0.000000000000000000e+00
0.000000000000000000e+00
0.000000000000000000e+00
0.000000000000000000e+00
0.000000000000000000e+00
0.000000000000000000e+00
0.000000000000000000e+00
0.000000000000000000e+00
0.000000000000000000e+00
0.000000000000000000e+00
0.000000000000000000e+00
0.000000000000000000e+00
0.000000000000000000e+00
0.000000000000000000e+00
0.000000000000000000e+00
0.000000000000000000e+00
0.000000000000000000e+00
0.000000000000000000e+00
0.000000000000000000e+00
0.000000000000000000e+00
0.000000000000000000e+00
0.000000000000000000e+00
0.000000000000000000e+00
0.000000000000000000e+00
0.000000000000000000e+00
0.000000000000000000e+00
0.000000000000000000e+00
0.000000000000000000e+00
0.000000000000000000e+00
0.000000000000000000e+00
0.000000000000000000e+00
0.000000000000000000e+00
0.000000000000000000e+00
0.000000000000000000e+00
0.000000000000000000e+00
0.000000000000000000e+00
0.000000000000000000e+00
0.000000000000000000e+00
0.000000000000000000e+00
0.000000000000000000e+00
0.000000000000000000e+00
0.000000000000000000e+00
0.000000000000000000e+00
0.000000000000000000e+00
0.000000000000000000e+00
0.000000000000000000e+00
0.000000000000000000e+00
0.000000000000000000e+00
0.000000000000000000e+00
0.000000000000000000e+00
0.000000000000000000e+00
0.000000000000000000e+00
0.000000000000000000e+00
0.000000000000000000e+00
0.000000000000000000e+00
0.000000000000000000e+00
0.000000000000000000e+00
0.000000000000000000e+00
0.000000000000000000e+00
0.000000000000000000e+00
0.000000000000000000e+00
0.000000000000000000e+00
0.000000000000000000e+00
0.000000000000000000e+00
0.000000000000000000e+00
0.000000000000000000e+00
0.000000000000000000e+00
0.000000000000000000e+00
0.000000000000000000e+00
0.000000000000000000e+00
0.000000000000000000e+00
0.000000000000000000e+00
0.000000000000000000e+00
0.000000000000000000e+00
0.000000000000000000e+00
0.000000000000000000e+00
0.000000000000000000e+00
0.000000000000000000e+00
0.000000000000000000e+00
0.000000000000000000e+00
0.000000000000000000e+00
0.000000000000000000e+00
0.000000000000000000e+00
0.000000000000000000e+00
0.000000000000000000e+00
0.000000000000000000e+00
0.000000000000000000e+00
0.000000000000000000e+00
0.000000000000000000e+00
0.000000000000000000e+00
0.000000000000000000e+00
0.000000000000000000e+00
0.000000000000000000e+00
0.000000000000000000e+00
0.000000000000000000e+00
0.000000000000000000e+00
0.000000000000000000e+00
0.000000000000000000e+00
0.000000000000000000e+00
0.000000000000000000e+00
0.000000000000000000e+00
0.000000000000000000e+00
0.000000000000000000e+00
0.000000000000000000e+00
0.000000000000000000e+00
0.000000000000000000e+00
0.000000000000000000e+00
0.000000000000000000e+00
0.000000000000000000e+00
0.000000000000000000e+00
0.000000000000000000e+00
0.000000000000000000e+00
0.000000000000000000e+00
0.000000000000000000e+00
0.000000000000000000e+00
0.000000000000000000e+00
0.000000000000000000e+00
0.000000000000000000e+00
0.000000000000000000e+00
0.000000000000000000e+00
0.000000000000000000e+00
0.000000000000000000e+00
0.000000000000000000e+00
0.000000000000000000e+00
0.000000000000000000e+00
0.000000000000000000e+00
0.000000000000000000e+00
0.000000000000000000e+00
0.000000000000000000e+00
0.000000000000000000e+00
0.000000000000000000e+00
0.000000000000000000e+00
0.000000000000000000e+00
0.000000000000000000e+00
0.000000000000000000e+00
0.000000000000000000e+00
0.000000000000000000e+00
0.000000000000000000e+00
0.000000000000000000e+00
0.000000000000000000e+00
0.000000000000000000e+00
0.000000000000000000e+00
0.000000000000000000e+00
0.000000000000000000e+00
0.000000000000000000e+00
0.000000000000000000e+00
0.000000000000000000e+00
0.000000000000000000e+00
0.000000000000000000e+00
0.000000000000000000e+00
0.000000000000000000e+00
0.000000000000000000e+00
0.000000000000000000e+00
0.000000000000000000e+00
0.000000000000000000e+00
0.000000000000000000e+00
0.000000000000000000e+00
0.000000000000000000e+00
0.000000000000000000e+00
0.000000000000000000e+00
0.000000000000000000e+00
0.000000000000000000e+00
0.000000000000000000e+00
0.000000000000000000e+00
0.000000000000000000e+00
0.000000000000000000e+00
0.000000000000000000e+00
0.000000000000000000e+00
0.000000000000000000e+00
0.000000000000000000e+00
0.000000000000000000e+00
0.000000000000000000e+00
0.000000000000000000e+00
0.000000000000000000e+00
0.000000000000000000e+00
0.000000000000000000e+00
0.000000000000000000e+00
0.000000000000000000e+00
0.000000000000000000e+00
0.000000000000000000e+00
0.000000000000000000e+00
0.000000000000000000e+00
0.000000000000000000e+00
0.000000000000000000e+00
0.000000000000000000e+00
0.000000000000000000e+00
0.000000000000000000e+00
0.000000000000000000e+00
0.000000000000000000e+00
0.000000000000000000e+00
0.000000000000000000e+00
0.000000000000000000e+00
0.000000000000000000e+00
0.000000000000000000e+00
0.000000000000000000e+00
0.000000000000000000e+00
0.000000000000000000e+00
0.000000000000000000e+00
0.000000000000000000e+00
0.000000000000000000e+00
0.000000000000000000e+00
0.000000000000000000e+00
0.000000000000000000e+00
0.000000000000000000e+00
0.000000000000000000e+00
0.000000000000000000e+00
0.000000000000000000e+00
0.000000000000000000e+00
0.000000000000000000e+00
0.000000000000000000e+00
0.000000000000000000e+00
0.000000000000000000e+00
0.000000000000000000e+00
0.000000000000000000e+00
0.000000000000000000e+00
0.000000000000000000e+00
0.000000000000000000e+00
0.000000000000000000e+00
0.000000000000000000e+00
0.000000000000000000e+00
0.000000000000000000e+00
0.000000000000000000e+00
0.000000000000000000e+00
0.000000000000000000e+00
0.000000000000000000e+00
0.000000000000000000e+00
0.000000000000000000e+00
0.000000000000000000e+00
0.000000000000000000e+00
0.000000000000000000e+00
0.000000000000000000e+00
0.000000000000000000e+00
0.000000000000000000e+00
0.000000000000000000e+00
0.000000000000000000e+00
0.000000000000000000e+00
0.000000000000000000e+00
0.000000000000000000e+00
0.000000000000000000e+00
0.000000000000000000e+00
nan
