# bin_9_8
-5.737656864160713008e-06
-4.509295520065118219e-06
-3.305195021156520010e-06
-2.172892282587398016e-06
-1.149033867696829506e-06
-1.863715036336660029e-07
6.666359336330948808e-07
1.422445542061185382e-06
2.072461766160839769e-06
2.655212850462282451e-06
3.134538940199502545e-06
3.565418041137272172e-06
3.904444053317551672e-06
4.198828478529789995e-06
4.446844943576113282e-06
4.656441096377263396e-06
4.820468196181526029e-06
4.933164958472071568e-06
5.004686356905223025e-06
5.044626687095830642e-06
5.054776039695139910e-06
5.038325677350004575e-06
5.006103658608817373e-06
4.961107280113471041e-06
4.898737674381902880e-06
4.817554291968767402e-06
4.726640500176489206e-06
4.631335768215929205e-06
4.528097272526285451e-06
4.415277747243761426e-06
4.292448153635998344e-06
4.163152826852031276e-06
4.032216855219811784e-06
3.901346985693188788e-06
3.771808508223240177e-06
3.644528242603008433e-06
3.520173132372329989e-06
3.398600780710556699e-06
3.279982137186229765e-06
3.165068162129545545e-06
3.054363214846620972e-06
2.948183961111470960e-06
2.846704819723542748e-06
2.749993078388350225e-06
2.655623347666324527e-06
2.562741048000396703e-06
2.473237913339818273e-06
2.388487482840127293e-06
2.309455223119734848e-06
2.236786240023132866e-06
2.170875208982109823e-06
2.111922162079633149e-06
2.058029566345383111e-06
2.007351284977140951e-06
1.959989578141871210e-06
1.915984300546417741e-06
1.875326555643729736e-06
1.837969750920996056e-06
1.803838541305303853e-06
1.772836054323630660e-06
1.744849715851583455e-06
1.719905999956320201e-06
1.697653023357769371e-06
1.677484564741037940e-06
1.658891678013864446e-06
1.641448386263408869e-06
1.624799485111147268e-06
1.608650133169953774e-06
1.592756958977193489e-06
1.576920456719917841e-06
1.560978478836935074e-06
1.544800663439982568e-06
1.529858991857903935e-06
1.517067924374918122e-06
1.505592218205781119e-06
1.494728158710281946e-06
1.483885979023511259e-06
1.472574582675976346e-06
1.460388259348059285e-06
1.446995127480459407e-06
1.432127074592244564e-06
1.415570997846229304e-06
1.397161174487192303e-06
1.376772614965872800e-06
1.354315271440718990e-06
1.330852048823861038e-06
1.307511071405475949e-06
1.284320462975468378e-06
1.261304951786762912e-06
1.238486209096701021e-06
1.215883153769172470e-06
1.193512226514425952e-06
1.171387636942290230e-06
1.149521586251259534e-06
1.127924468064581245e-06
1.106605049649743430e-06
1.085570635515044233e-06
1.064827215162267474e-06
1.044379596584422455e-06
1.024231526929043190e-06
1.004385801598066589e-06
9.846088181532296108e-07
9.647523489248073012e-07
9.449350518771139827e-07
9.252614012029749433e-07
9.058230791510215735e-07
8.867002342511134199e-07
8.679626191419143574e-07
8.496706198361143019e-07
8.318761870399938722e-07
8.146236790576041990e-07
7.979506248406505098e-07
7.818884148797969091e-07
7.664629268598583714e-07
7.516950923098402300e-07
7.376014098599015646e-07
7.241944101630354570e-07
7.114830770424380518e-07
6.994732289799334880e-07
6.885487674738423361e-07
6.789675449993909694e-07
6.705561402015731066e-07
6.631561088120241033e-07
6.566227953830347445e-07
6.508242401466091497e-07
6.456401730548478668e-07
6.409610877585448604e-07
6.366873889159678437e-07
6.327286067998499307e-07
6.290026736934919096e-07
6.254352570417393163e-07
6.219591447541370015e-07
6.185136784499842933e-07
6.150442307920255412e-07
6.115017233805443677e-07
6.078421819756982503e-07
6.040263260857448837e-07
6.000191902048762219e-07
5.957897742088715923e-07
5.913107206217049086e-07
5.865580166534279853e-07
5.817930904613293042e-07
5.772625550801155254e-07
5.729252201671395660e-07
5.687432949040161165e-07
5.646821461084603460e-07
5.607100733459981322e-07
5.567980998067120572e-07
5.529197778064981746e-07
5.490510078589932739e-07
5.451698703440362576e-07
5.412564688718872926e-07
5.372927845099272839e-07
5.332625401007264062e-07
5.291510739576555806e-07
5.249452222769781636e-07
5.206332096540500605e-07
5.162045471361310129e-07
5.116499372857490947e-07
5.069611857667939316e-07
5.021311190008327854e-07
4.971535074737791881e-07
4.920229943031830451e-07
4.867350287043087885e-07
4.812858040189415786e-07
4.756721999947218832e-07
4.700006674620101878e-07
4.643820979677093772e-07
4.588202458507098283e-07
4.533185256472961545e-07
4.478800339180832603e-07
4.425075697368131349e-07
4.372036539249701300e-07
4.268102666849996278e-07
4.217246027247005959e-07
4.167151329446430242e-07
4.117832367406325177e-07
4.069301083782367124e-07
4.021567693802108835e-07
3.974640801616078417e-07
3.928527509585383203e-07
3.838763236185376268e-07
3.795119843711898871e-07
3.752305404833371754e-07
3.710320933714271005e-07
3.669166472420176609e-07
3.628841161408742642e-07
3.589343305731226447e-07
3.512819372772306460e-07
3.475786269348388558e-07
3.439566675242908393e-07
3.404155578482326140e-07
3.336991207151649665e-07
3.307543086883508840e-07
3.280920395985377333e-07
3.256856045870806417e-07
3.235097775169525736e-07
3.197560157375952279e-07
3.181343943719880796e-07
3.166558773465972567e-07
3.140538397842893912e-07
3.128958325805940461e-07
3.118118501264119630e-07
3.107870861893278083e-07
3.088603852231749650e-07
3.079331007265002655e-07
3.070142572760542096e-07
3.051594237618644054e-07
3.042038804103602291e-07
3.032176039942011349e-07
3.011204332312828440e-07
2.999946957346810803e-07
2.975556191839316316e-07
2.962303775546850749e-07
2.948274627545692478e-07
2.917694442294993083e-07
2.901057007748044502e-07
2.864897774477365385e-07
2.845309866112697941e-07
2.804890910736121696e-07
2.784564789883995191e-07
2.764193825106663878e-07
2.723408433294331918e-07
2.703036534656127884e-07
2.662432183253366801e-07
2.642235690358544769e-07
2.602136572310918728e-07
2.582264170513958710e-07
2.542942781622943613e-07
2.523519010493364600e-07
2.485202720222358179e-07
2.447663157407383202e-07
2.429207861701621956e-07
2.392967390789071093e-07
2.375196995304302878e-07
2.340388934323357057e-07
2.306596282805340855e-07
2.290093470329284563e-07
2.257896708583799921e-07
2.242210339817316144e-07
2.211677904946152990e-07
2.182283728245977840e-07
2.168019037410779435e-07
2.140363082313394719e-07
2.113880192580413904e-07
2.101080939970068119e-07
2.076396304226113458e-07
2.052874997569712037e-07
2.030412712035277783e-07
2.019548191104116871e-07
1.998495281519260674e-07
1.978272623757920030e-07
1.958800213633840441e-07
1.949321975454656480e-07
1.930837730097393775e-07
1.912928669829243568e-07
1.895533741455565340e-07
1.878596496978356242e-07
1.870283047463648449e-07
1.853935792824559282e-07
1.837923235286591128e-07
1.822202702179047313e-07
1.806734868598255356e-07
1.791483528130555344e-07
1.776415379090140916e-07
1.761499825187334456e-07
1.746708789622584095e-07
1.732016541674852345e-07
1.717399534920918006e-07
1.702836256284625878e-07
1.688307085172926139e-07
1.673794162008921869e-07
1.659379436161359134e-07
1.645154486849315653e-07
1.631117124589040006e-07
1.617265135805375453e-07
1.603596287378679913e-07
1.590108330836410591e-07
1.576799006214421869e-07
1.563666045611265904e-07
1.550707176457131526e-07
1.537920124517530271e-07
1.525302616650444482e-07
1.512852383334300835e-07
1.494485723696247299e-07
1.482443791716344835e-07
1.470561251147251271e-07
1.458835874673437536e-07
1.447265449076320763e-07
1.430195540572893543e-07
1.419002913999936443e-07
1.407957621898623781e-07
1.397057529817518641e-07
1.380975022566110305e-07
1.370428726856094354e-07
1.360020324624812459e-07
1.344661819744231052e-07
1.334589285513203328e-07
1.324642310749321659e-07
1.309896342262653497e-07
1.300180698527757831e-07
1.285786107033651654e-07
1.276312236945573832e-07
1.266938710347822347e-07
1.253070349214834004e-07
1.243954931294736031e-07
1.230480250958742985e-07
1.221630996014786205e-07
1.208560114616482762e-07
1.199982550882958117e-07
1.187322081537046707e-07
1.174909769794282686e-07
1.166773141843965653e-07
1.154775787975116305e-07
1.146915899405964815e-07
1.135333240749670470e-07
1.123998448492685622e-07
1.116579060644818351e-07
1.105654617699877593e-07
1.094974209284852295e-07
1.087988547674110893e-07
1.077710356186781989e-07
1.067670405789364500e-07
1.057866128371475847e-07
1.051459523423413675e-07
1.042020315976059531e-07
1.032764151048270119e-07
1.023685337466271655e-07
1.014778414283966236e-07
1.008933362955068891e-07
1.000301379039815369e-07
9.918277667691085670e-08
9.835078196616121411e-08
9.753370149553268954e-08
9.673110050966013451e-08
9.594256096766070221e-08
9.516768077891525857e-08
9.440607307854003672e-08
9.365736554025941497e-08
9.292119972453593838e-08
9.219723045994761431e-08
9.148512525592824399e-08
9.078456374510454103e-08
8.986790651012083876e-08
8.919309859475978271e-08
8.852884743102237571e-08
8.787487939207206509e-08
8.723093043581841577e-08
8.659674570010925183e-08
8.576593075888605268e-08
8.515358679146749634e-08
8.454998358864369772e-08
8.375735985323115598e-08
8.317192142368618779e-08
8.259417893132855654e-08
8.183575001189088551e-08
8.127578544339835550e-08
8.072335352339842437e-08
7.999839612725183083e-08
7.946331341608899930e-08
7.876126229491631559e-08
7.824318192642702891e-08
7.756355390787107416e-08
7.706209973114223747e-08
7.640437727653520538e-08
7.591915061796491180e-08
7.528279014336661861e-08
7.465838489698881558e-08
7.419781451365528533e-08
7.359388106690215177e-08
7.300138555502707370e-08
7.256440530324301019e-08
7.199146655846663187e-08
7.142943950308559879e-08
7.087813229160225922e-08
7.033735337923474239e-08
6.993856349797850950e-08
6.941568284126638885e-08
6.890128858528491884e-08
6.839468766568363080e-08
6.789580027289747570e-08
6.740454333689807411e-08
6.692083092258679018e-08
6.644457459444823881e-08
6.597568375270563391e-08
6.551406594305383076e-08
6.505962714189115938e-08
6.461227201883305346e-08
6.417190417815778612e-08
6.363112204175611868e-08
6.320611909938225513e-08
6.278778535684315574e-08
6.237602215621771991e-08
6.187040755121050688e-08
6.147306712655882113e-08
6.108197671096497532e-08
6.060175332553816717e-08
6.022436734041983332e-08
5.985291418633671910e-08
5.939679400584481811e-08
5.903833836808281684e-08
5.859816407325222225e-08
5.825222658045770636e-08
5.782740501578728362e-08
5.749356635952162484e-08
5.708359298023248386e-08
5.668138861428127121e-08
5.636496656400169671e-08
5.597581794914949468e-08
5.559344436402814156e-08
5.529221013892832288e-08
5.492124608865333187e-08
5.455621588303148488e-08
5.419685134823816182e-08
5.384289966946833734e-08
5.349412247315239419e-08
5.315029496641822162e-08
5.287865385098532718e-08
5.254320959636825032e-08
5.221215118028525505e-08
5.182041748004196076e-08
5.149838806688326362e-08
5.118020290653598335e-08
5.086571225533029439e-08
5.055477472513615704e-08
5.024725679625946513e-08
4.988257208991979340e-08
4.958214317990508254e-08
4.928475432565832902e-08
4.899030036561057525e-08
4.864466021070074990e-08
4.837915487472586436e-08
4.808685089987152844e-08
4.786158584258391870e-08
4.760900885220235848e-08
4.741023391413325341e-08
4.718212518293601052e-08
4.699809478912209731e-08
4.678144660130457689e-08
4.656628208878695184e-08
4.638594525239108385e-08
4.616592481222851585e-08
4.593959363805857593e-08
4.570467057288375115e-08
4.545909192407911990e-08
4.520099598687973190e-08
4.492870861638531099e-08
4.464072977573043388e-08
4.433572099327986012e-08
4.401249366652453416e-08
4.366999815480661272e-08
4.330731360711810687e-08
4.292363847502868123e-08
4.251828166432174415e-08
4.209065428218320805e-08
4.156295349288988276e-08
4.108156451557127667e-08
4.040076592376060634e-08
3.927453763325882558e-08
3.806464416073150571e-08
3.641337741801357283e-08
3.482696718285336737e-08
3.281581940499186245e-08
3.098412012088694072e-08
2.875491314930030745e-08
2.645975046784667059e-08
2.413088565411579953e-08
2.213037058641749845e-08
1.981544671501317017e-08
1.754477061969291940e-08
1.534119205346541101e-08
1.322551467723611984e-08
1.121663689855031024e-08
9.331683400025418047e-09
7.586127986842577655e-09
5.993908338167681292e-09
4.567533206175823957e-09
3.318182568230292868e-09
2.119821865130445309e-09
1.281828384317167833e-09
6.483540616425745542e-10
1.832467897394622849e-10
9.109404878461299636e-12
0.000000000000000000e+00
0.000000000000000000e+00
0.000000000000000000e+00
0.000000000000000000e+00
0.000000000000000000e+00
0.000000000000000000e+00
0.000000000000000000e+00
0.000000000000000000e+00
0.000000000000000000e+00
0.000000000000000000e+00
0.000000000000000000e+00
0.000000000000000000e+00
0.000000000000000000e+00
0.000000000000000000e+00
0.000000000000000000e+00
0.000000000000000000e+00
0.000000000000000000e+00
0.000000000000000000e+00
0.000000000000000000e+00
0.000000000000000000e+00
0.000000000000000000e+00
0.000000000000000000e+00
0.000000000000000000e+00
0.000000000000000000e+00
0.000000000000000000e+00
0.000000000000000000e+00
0.000000000000000000e+00
0.000000000000000000e+00
0.000000000000000000e+00
0.000000000000000000e+00
0.000000000000000000e+00
0.000000000000000000e+00
0.000000000000000000e+00
0.000000000000000000e+00
0.000000000000000000e+00
0.000000000000000000e+00
0.000000000000000000e+00
0.000000000000000000e+00
0.000000000000000000e+00
0.000000000000000000e+00
0.000000000000000000e+00
0.000000000000000000e+00
0.000000000000000000e+00
0.000000000000000000e+00
0.000000000000000000e+00
0.000000000000000000e+00
0.000000000000000000e+00
0.000000000000000000e+00
0.000000000000000000e+00
0.000000000000000000e+00
0.000000000000000000e+00
0.000000000000000000e+00
0.000000000000000000e+00
0.000000000000000000e+00
0.000000000000000000e+00
0.000000000000000000e+00
0.000000000000000000e+00
0.000000000000000000e+00
0.000000000000000000e+00
0.000000000000000000e+00
0.000000000000000000e+00
0.000000000000000000e+00
0.000000000000000000e+00
0.000000000000000000e+00
0.000000000000000000e+00
0.000000000000000000e+00
0.000000000000000000e+00
0.000000000000000000e+00
0.000000000000000000e+00
0.000000000000000000e+00
0.000000000000000000e+00
0.000000000000000000e+00
0.000000000000000000e+00
0.000000000000000000e+00
0.000000000000000000e+00
0.000000000000000000e+00
0.000000000000000000e+00
0.000000000000000000e+00
0.000000000000000000e+00
0.000000000000000000e+00
0.000000000000000000e+00
0.000000000000000000e+00
0.000000000000000000e+00
0.000000000000000000e+00
0.000000000000000000e+00
0.000000000000000000e+00
0.000000000000000000e+00
0.000000000000000000e+00
0.000000000000000000e+00
0.000000000000000000e+00
0.000000000000000000e+00
0.000000000000000000e+00
0.000000000000000000e+00
0.000000000000000000e+00
0.000000000000000000e+00
0.000000000000000000e+00
0.000000000000000000e+00
0.000000000000000000e+00
0.000000000000000000e+00
0.000000000000000000e+00
0.000000000000000000e+00
0.000000000000000000e+00
0.000000000000000000e+00
0.000000000000000000e+00
0.000000000000000000e+00
0.000000000000000000e+00
0.000000000000000000e+00
0.000000000000000000e+00
0.000000000000000000e+00
0.000000000000000000e+00
0.000000000000000000e+00
0.000000000000000000e+00
0.000000000000000000e+00
0.000000000000000000e+00
0.000000000000000000e+00
0.000000000000000000e+00
0.000000000000000000e+00
0.000000000000000000e+00
0.000000000000000000e+00
0.000000000000000000e+00
0.000000000000000000e+00
0.000000000000000000e+00
0.000000000000000000e+00
0.000000000000000000e+00
0.000000000000000000e+00
0.000000000000000000e+00
0.000000000000000000e+00
0.000000000000000000e+00
0.000000000000000000e+00
0.000000000000000000e+00
0.000000000000000000e+00
0.000000000000000000e+00
0.000000000000000000e+00
0.000000000000000000e+00
0.000000000000000000e+00
0.000000000000000000e+00
0.000000000000000000e+00
0.000000000000000000e+00
0.000000000000000000e+00
0.000000000000000000e+00
0.000000000000000000e+00
0.000000000000000000e+00
0.000000000000000000e+00
0.000000000000000000e+00
0.000000000000000000e+00
0.000000000000000000e+00
0.000000000000000000e+00
0.000000000000000000e+00
0.000000000000000000e+00
0.000000000000000000e+00
0.000000000000000000e+00
0.000000000000000000e+00
0.000000000000000000e+00
0.000000000000000000e+00
0.000000000000000000e+00
0.000000000000000000e+00
0.000000000000000000e+00
0.000000000000000000e+00
0.000000000000000000e+00
0.000000000000000000e+00
0.000000000000000000e+00
0.000000000000000000e+00
0.000000000000000000e+00
0.000000000000000000e+00
0.000000000000000000e+00
0.000000000000000000e+00
0.000000000000000000e+00
0.000000000000000000e+00
0.000000000000000000e+00
0.000000000000000000e+00
0.000000000000000000e+00
0.000000000000000000e+00
0.000000000000000000e+00
0.000000000000000000e+00
0.000000000000000000e+00
0.000000000000000000e+00
0.000000000000000000e+00
0.000000000000000000e+00
0.000000000000000000e+00
0.000000000000000000e+00
0.000000000000000000e+00
0.000000000000000000e+00
0.000000000000000000e+00
0.000000000000000000e+00
0.000000000000000000e+00
0.000000000000000000e+00
0.000000000000000000e+00
0.000000000000000000e+00
0.000000000000000000e+00
0.000000000000000000e+00
0.000000000000000000e+00
0.000000000000000000e+00
0.000000000000000000e+00
0.000000000000000000e+00
0.000000000000000000e+00
0.000000000000000000e+00
0.000000000000000000e+00
0.000000000000000000e+00
0.000000000000000000e+00
0.000000000000000000e+00
0.000000000000000000e+00
0.000000000000000000e+00
0.000000000000000000e+00
0.000000000000000000e+00
0.000000000000000000e+00
0.000000000000000000e+00
0.000000000000000000e+00
0.000000000000000000e+00
0.000000000000000000e+00
0.000000000000000000e+00
0.000000000000000000e+00
0.000000000000000000e+00
0.000000000000000000e+00
0.000000000000000000e+00
0.000000000000000000e+00
0.000000000000000000e+00
0.000000000000000000e+00
0.000000000000000000e+00
0.000000000000000000e+00
0.000000000000000000e+00
0.000000000000000000e+00
0.000000000000000000e+00
0.000000000000000000e+00
0.000000000000000000e+00
0.000000000000000000e+00
0.000000000000000000e+00
0.000000000000000000e+00
0.000000000000000000e+00
0.000000000000000000e+00
0.000000000000000000e+00
0.000000000000000000e+00
0.000000000000000000e+00
0.000000000000000000e+00
0.000000000000000000e+00
0.000000000000000000e+00
0.000000000000000000e+00
0.000000000000000000e+00
0.000000000000000000e+00
0.000000000000000000e+00
0.000000000000000000e+00
0.000000000000000000e+00
0.000000000000000000e+00
0.000000000000000000e+00
0.000000000000000000e+00
0.000000000000000000e+00
0.000000000000000000e+00
0.000000000000000000e+00
0.000000000000000000e+00
0.000000000000000000e+00
0.000000000000000000e+00
0.000000000000000000e+00
0.000000000000000000e+00
0.000000000000000000e+00
0.000000000000000000e+00
0.000000000000000000e+00
0.000000000000000000e+00
0.000000000000000000e+00
0.000000000000000000e+00
0.000000000000000000e+00
0.000000000000000000e+00
0.000000000000000000e+00
0.000000000000000000e+00
0.000000000000000000e+00
0.000000000000000000e+00
0.000000000000000000e+00
0.000000000000000000e+00
0.000000000000000000e+00
0.000000000000000000e+00
0.000000000000000000e+00
0.000000000000000000e+00
0.000000000000000000e+00
0.000000000000000000e+00
0.000000000000000000e+00
0.000000000000000000e+00
0.000000000000000000e+00
0.000000000000000000e+00
0.000000000000000000e+00
0.000000000000000000e+00
0.000000000000000000e+00
0.000000000000000000e+00
0.000000000000000000e+00
0.000000000000000000e+00
0.000000000000000000e+00
0.000000000000000000e+00
0.000000000000000000e+00
0.000000000000000000e+00
0.000000000000000000e+00
0.000000000000000000e+00
0.000000000000000000e+00
0.000000000000000000e+00
0.000000000000000000e+00
0.000000000000000000e+00
0.000000000000000000e+00
0.000000000000000000e+00
0.000000000000000000e+00
0.000000000000000000e+00
0.000000000000000000e+00
0.000000000000000000e+00
0.000000000000000000e+00
0.000000000000000000e+00
0.000000000000000000e+00
0.000000000000000000e+00
0.000000000000000000e+00
0.000000000000000000e+00
0.000000000000000000e+00
0.000000000000000000e+00
0.000000000000000000e+00
0.000000000000000000e+00
0.000000000000000000e+00
0.000000000000000000e+00
0.000000000000000000e+00
0.000000000000000000e+00
0.000000000000000000e+00
0.000000000000000000e+00
0.000000000000000000e+00
0.000000000000000000e+00
0.000000000000000000e+00
0.000000000000000000e+00
0.000000000000000000e+00
0.000000000000000000e+00
0.000000000000000000e+00
0.000000000000000000e+00
0.000000000000000000e+00
0.000000000000000000e+00
0.000000000000000000e+00
0.000000000000000000e+00
0.000000000000000000e+00
0.000000000000000000e+00
0.000000000000000000e+00
0.000000000000000000e+00
0.000000000000000000e+00
0.000000000000000000e+00
0.000000000000000000e+00
0.000000000000000000e+00
0.000000000000000000e+00
0.000000000000000000e+00
0.000000000000000000e+00
0.000000000000000000e+00
0.000000000000000000e+00
0.000000000000000000e+00
0.000000000000000000e+00
0.000000000000000000e+00
0.000000000000000000e+00
0.000000000000000000e+00
0.000000000000000000e+00
0.000000000000000000e+00
0.000000000000000000e+00
0.000000000000000000e+00
0.000000000000000000e+00
0.000000000000000000e+00
0.000000000000000000e+00
0.000000000000000000e+00
0.000000000000000000e+00
0.000000000000000000e+00
0.000000000000000000e+00
0.000000000000000000e+00
0.000000000000000000e+00
0.000000000000000000e+00
0.000000000000000000e+00
0.000000000000000000e+00
0.000000000000000000e+00
0.000000000000000000e+00
0.000000000000000000e+00
0.000000000000000000e+00
0.000000000000000000e+00
0.000000000000000000e+00
0.000000000000000000e+00
0.000000000000000000e+00
0.000000000000000000e+00
0.000000000000000000e+00
0.000000000000000000e+00
0.000000000000000000e+00
0.000000000000000000e+00
0.000000000000000000e+00
0.000000000000000000e+00
0.000000000000000000e+00
0.000000000000000000e+00
0.000000000000000000e+00
0.000000000000000000e+00
0.000000000000000000e+00
0.000000000000000000e+00
0.000000000000000000e+00
0.000000000000000000e+00
0.000000000000000000e+00
0.000000000000000000e+00
0.000000000000000000e+00
0.000000000000000000e+00
0.000000000000000000e+00
0.000000000000000000e+00
0.000000000000000000e+00
0.000000000000000000e+00
0.000000000000000000e+00
0.000000000000000000e+00
0.000000000000000000e+00
0.000000000000000000e+00
0.000000000000000000e+00
0.000000000000000000e+00
0.000000000000000000e+00
0.000000000000000000e+00
0.000000000000000000e+00
0.000000000000000000e+00
0.000000000000000000e+00
0.000000000000000000e+00
0.000000000000000000e+00
0.000000000000000000e+00
0.000000000000000000e+00
0.000000000000000000e+00
0.000000000000000000e+00
0.000000000000000000e+00
0.000000000000000000e+00
0.000000000000000000e+00
0.000000000000000000e+00
0.000000000000000000e+00
0.000000000000000000e+00
0.000000000000000000e+00
0.000000000000000000e+00
0.000000000000000000e+00
0.000000000000000000e+00
0.000000000000000000e+00
0.000000000000000000e+00
0.000000000000000000e+00
0.000000000000000000e+00
0.000000000000000000e+00
0.000000000000000000e+00
0.000000000000000000e+00
0.000000000000000000e+00
0.000000000000000000e+00
0.000000000000000000e+00
0.000000000000000000e+00
0.000000000000000000e+00
0.000000000000000000e+00
0.000000000000000000e+00
0.000000000000000000e+00
0.000000000000000000e+00
0.000000000000000000e+00
0.000000000000000000e+00
0.000000000000000000e+00
0.000000000000000000e+00
0.000000000000000000e+00
0.000000000000000000e+00
0.000000000000000000e+00
0.000000000000000000e+00
0.000000000000000000e+00
0.000000000000000000e+00
0.000000000000000000e+00
0.000000000000000000e+00
0.000000000000000000e+00
0.000000000000000000e+00
0.000000000000000000e+00
0.000000000000000000e+00
0.000000000000000000e+00
0.000000000000000000e+00
0.000000000000000000e+00
0.000000000000000000e+00
0.000000000000000000e+00
0.000000000000000000e+00
0.000000000000000000e+00
0.000000000000000000e+00
0.000000000000000000e+00
0.000000000000000000e+00
0.000000000000000000e+00
0.000000000000000000e+00
0.000000000000000000e+00
0.000000000000000000e+00
0.000000000000000000e+00
0.000000000000000000e+00
0.000000000000000000e+00
0.000000000000000000e+00
0.000000000000000000e+00
0.000000000000000000e+00
0.000000000000000000e+00
0.000000000000000000e+00
0.000000000000000000e+00
0.000000000000000000e+00
0.000000000000000000e+00
0.000000000000000000e+00
0.000000000000000000e+00
0.000000000000000000e+00
0.000000000000000000e+00
0.000000000000000000e+00
0.000000000000000000e+00
0.000000000000000000e+00
0.000000000000000000e+00
0.000000000000000000e+00
0.000000000000000000e+00
0.000000000000000000e+00
0.000000000000000000e+00
0.000000000000000000e+00
0.000000000000000000e+00
0.000000000000000000e+00
0.000000000000000000e+00
0.000000000000000000e+00
0.000000000000000000e+00
0.000000000000000000e+00
0.000000000000000000e+00
0.000000000000000000e+00
0.000000000000000000e+00
0.000000000000000000e+00
0.000000000000000000e+00
0.000000000000000000e+00
0.000000000000000000e+00
0.000000000000000000e+00
0.000000000000000000e+00
0.000000000000000000e+00
0.000000000000000000e+00
0.000000000000000000e+00
0.000000000000000000e+00
0.000000000000000000e+00
0.000000000000000000e+00
0.000000000000000000e+00
0.000000000000000000e+00
0.000000000000000000e+00
0.000000000000000000e+00
0.000000000000000000e+00
0.000000000000000000e+00
0.000000000000000000e+00
nan
