# bin_12_12
1.365111006134880014e-05
1.392675589733618294e-05
1.424542896054707236e-05
1.455962070017175925e-05
1.489488288500694309e-05
1.520357193684851468e-05
1.552989687916710813e-05
1.581550899633408467e-05
1.611707486116541494e-05
1.636659491996621474e-05
1.663456249398739324e-05
1.684007461566374672e-05
1.707275790907894679e-05
1.726021055998575176e-05
1.743477447218549944e-05
1.758042916137779582e-05
1.768963146898921274e-05
1.780758445333391544e-05
1.790419219799211021e-05
1.796108500069762193e-05
1.800332942112250464e-05
1.804377315470080770e-05
1.806836188988660867e-05
1.806600179130779372e-05
1.804514494845756490e-05
1.801132941190267359e-05
1.796098288728832740e-05
1.789128993925191030e-05
1.780644450481997106e-05
1.770966014987038586e-05
1.760342677411796863e-05
1.748963490983838952e-05
1.736742954620582664e-05
1.723556009540323382e-05
1.709357664578739844e-05
1.694157120160373603e-05
1.677999283310077321e-05
1.661076622403663729e-05
1.643618940760886303e-05
1.625734748146220719e-05
1.607519318404334829e-05
1.589056138602875704e-05
1.570418227300585966e-05
1.551669324170932611e-05
1.533059499802547968e-05
1.514671218836430625e-05
1.496350461836912467e-05
1.477987089008167410e-05
1.459505153106205943e-05
1.440855232435941202e-05
1.422008359861154299e-05
1.402951215570339674e-05
1.383690264965611871e-05
1.364351791227466110e-05
1.345085275881018043e-05
1.326009989951620226e-05
1.307220186044510008e-05
1.288789408264032834e-05
1.270774074566096543e-05
1.253216457783281697e-05
1.236147168676095845e-05
1.219326319600306595e-05
1.202597648694858645e-05
1.186088317812323481e-05
1.169900523114605490e-05
1.154115412365131609e-05
1.138796406232112833e-05
1.123992016376039856e-05
1.109738238034498707e-05
1.096060582324213642e-05
1.082975803093819959e-05
1.070493364507709414e-05
1.058404820246407490e-05
1.046532098502209971e-05
1.034918344850463771e-05
1.023598214617720962e-05
1.012599075703650833e-05
1.001942049715301764e-05
9.916429134885532771e-06
9.817128799373189547e-06
9.721592745036011248e-06
9.629861212078244902e-06
9.541946503577548451e-06
9.457837383147571855e-06
9.377502882951608139e-06
9.300601572379489957e-06
9.226576057745547986e-06
9.155089056793009954e-06
9.085840375504023494e-06
9.018562984097807652e-06
8.953019516122271476e-06
8.888999142951471686e-06
8.826314781676234504e-06
8.764800599334671694e-06
8.704309780769287330e-06
8.644712531199841581e-06
8.585894287935823556e-06
8.527754118581208295e-06
8.470203285658406097e-06
8.413163959843810409e-06
8.356568066003497138e-06
8.301850808098602623e-06
8.249999943574645047e-06
8.200344535968959476e-06
8.152289404581721012e-06
8.105307755002974355e-06
8.058934516440246530e-06
8.012760315927776260e-06
7.966426026754960297e-06
7.919617834912428606e-06
7.872062773113335486e-06
7.823524677083241506e-06
7.773800523397794094e-06
7.722717112244009872e-06
7.670128062143811786e-06
7.615911086956526339e-06
7.559965528412090776e-06
7.502210120057363832e-06
7.442580960856821338e-06
7.382087734274927190e-06
7.321737279931937781e-06
7.261478795569771224e-06
7.201268205656893270e-06
7.141067520941181542e-06
7.080844254698391213e-06
7.020570890629255937e-06
6.960224397823591483e-06
6.899785788630198547e-06
6.839239715651145416e-06
6.778574104422797204e-06
6.717779818656875461e-06
6.656850355196461847e-06
6.595781566096982587e-06
6.534571405473510485e-06
6.473219698965372987e-06
6.411727933859555013e-06
6.350099068087015687e-06
6.288337356463088143e-06
6.226448192685805009e-06
6.164437965735561908e-06
6.102313929437611975e-06
6.039548434511978567e-06
5.975806840617106553e-06
5.911368228932063412e-06
5.846488702665222136e-06
5.781403002256319706e-06
5.716326008186042442e-06
5.651454139495041409e-06
5.586966655499219933e-06
5.523026867622539194e-06
5.459783267748133575e-06
5.397370579009655632e-06
5.335910734503649386e-06
5.275513788997398420e-06
5.216278768332286358e-06
5.158294460877321192e-06
5.101640155069016742e-06
5.046386326779875337e-06
4.992595279986394205e-06
4.940321743956871673e-06
4.889613429947796052e-06
4.840511550183598033e-06
4.793051301696605993e-06
4.747262317421152247e-06
4.703169086766279381e-06
4.660791347734815875e-06
4.619629165137106275e-06
4.579177338243953838e-06
4.539443188457395747e-06
4.500432560733534438e-06
4.462149932756980098e-06
4.424598516990373869e-06
4.387780356062529713e-06
4.316346649198531601e-06
4.281730113031211774e-06
4.247845001910562418e-06
4.214688735666536122e-06
4.182258019026245353e-06
4.150548900988275948e-06
4.119556830286380793e-06
4.089276707192303015e-06
4.030829449646936669e-06
4.002649792964172315e-06
3.975157120933095687e-06
3.948344255940287973e-06
3.922203717909652551e-06
3.896727756230723933e-06
3.871908379520437527e-06
3.824206376101890440e-06
3.801306802966565637e-06
3.779029968375355048e-06
3.757367056790810867e-06
3.716244450549137156e-06
3.697471592868464190e-06
3.679853423989341089e-06
3.663260666606907129e-06
3.647571520613434018e-06
3.618451986364403166e-06
3.604812057273704080e-06
3.591655989757132017e-06
3.566441916682461930e-06
3.554220534234980436e-06
3.542155715931910012e-06
3.530177958310426538e-06
3.506227539114647223e-06
3.494137128325238348e-06
3.481897858812185723e-06
3.456778107044080842e-06
3.443808636961730896e-06
3.430511988956337775e-06
3.402792221257809197e-06
3.388303360329789881e-06
3.357922053208804974e-06
3.341978296867457008e-06
3.325501838217848685e-06
3.290870827882886014e-06
3.272680878674138179e-06
3.234476357939900166e-06
3.214436212351408294e-06
3.173100393471321955e-06
3.152032119559578128e-06
3.130750857318753835e-06
3.087699033954853763e-06
3.065998569430576654e-06
3.022410421394777137e-06
3.000582473021657749e-06
2.956996479074698414e-06
2.935289102240380903e-06
2.892162037550801236e-06
2.870785087921981293e-06
2.828502260456544242e-06
2.786965125918901336e-06
2.766516421112921205e-06
2.726330786951458690e-06
2.706619998144873940e-06
2.668021599178977864e-06
2.630590591657655994e-06
2.612336351305169668e-06
2.576791547496772523e-06
2.559515587367240999e-06
2.525988750610981482e-06
2.493865406211591836e-06
2.478341958197678860e-06
2.448391331606460906e-06
2.419923923682970682e-06
2.406253040965560021e-06
2.379856676525498648e-06
2.354528858748482293e-06
2.330173971014543415e-06
2.318333424171575008e-06
2.295273836485051118e-06
2.272977725545496492e-06
2.251371939211376346e-06
2.240806558522802784e-06
2.220110917965370051e-06
2.199945751800616331e-06
2.180255396049820457e-06
2.160988431558026791e-06
2.151498740860788495e-06
2.132779023251002934e-06
2.114370850278154992e-06
2.096235485405492263e-06
2.078337270321709847e-06
2.060643412440018525e-06
2.043123786849340758e-06
2.025750751704016849e-06
2.008498976113120837e-06
1.991345279659191878e-06
1.974268482739777091e-06
1.957249266983736300e-06
1.940270045048343506e-06
1.923314839153261730e-06
1.906440714727873794e-06
1.889719081741715370e-06
1.873156123559287693e-06
1.856757399868147255e-06
1.840527888214760061e-06
1.824472022918134171e-06
1.808593731530510875e-06
1.792896469002931816e-06
1.777383249702892958e-06
1.762056677421375498e-06
1.746918973497421642e-06
1.731972003179833648e-06
1.709912443672953341e-06
1.695448349801143718e-06
1.681179056758278016e-06
1.667105111708848525e-06
1.653226823842730765e-06
1.632776386615188548e-06
1.619387186073521831e-06
1.606193091290793188e-06
1.593193539855588418e-06
1.574057372285407590e-06
1.561540729881770023e-06
1.549215517989987745e-06
1.531084043373303167e-06
1.519232058364340879e-06
1.507567720752803477e-06
1.490421983038271670e-06
1.479214893493289420e-06
1.462720847210876806e-06
1.451925721186064387e-06
1.441283634333957774e-06
1.425593903792986070e-06
1.415307803432869898e-06
1.400125453763363934e-06
1.390160862580266438e-06
1.375437251094686339e-06
1.365763674133725176e-06
1.351455773153320030e-06
1.337378734014161162e-06
1.328115977121994637e-06
1.314395882127795204e-06
1.305360315897823334e-06
1.291965869525046545e-06
1.278753307552408065e-06
1.270041381411224744e-06
1.257111716515038532e-06
1.244340685996700262e-06
1.235911015099335719e-06
1.223387731269371168e-06
1.211003966616595429e-06
1.198753465048344545e-06
1.190657611369231361e-06
1.178601649420656022e-06
1.166645308580657610e-06
1.154798765368002157e-06
1.143071224394996581e-06
1.135323110662577477e-06
1.123811936642586760e-06
1.112440064971248841e-06
1.101213688001934236e-06
1.090138308336046130e-06
1.079218788223211971e-06
1.068459395641166886e-06
1.057863847282281462e-06
1.047435348657509564e-06
1.037176631513518418e-06
1.027089988744932208e-06
1.017177306970758654e-06
1.007440096932220590e-06
9.978795218581993252e-07
9.854082664216657502e-07
9.762626059148210551e-07
9.672952748199821511e-07
9.585062144874360173e-07
9.498951409260153302e-07
9.414615630950223989e-07
9.304916946786081418e-07
9.224693264145665824e-07
9.146152617347571237e-07
9.043672640308880283e-07
8.968411998621961977e-07
8.894468032581993167e-07
8.797844303121536473e-07
8.726795589396354475e-07
8.656916633320179254e-07
8.565495519339892862e-07
8.498193640030848325e-07
8.410074602749656708e-07
8.345153584994526930e-07
8.260088119480909636e-07
8.197370904796768085e-07
8.115134647373273686e-07
8.054461291361361837e-07
7.974851455659859268e-07
7.896658900240030838e-07
7.838910420855418919e-07
7.763063837725022564e-07
7.688486288248463538e-07
7.633356652456871500e-07
7.560884778586555863e-07
7.489554742631124656e-07
7.419324850124227325e-07
7.350155610693905978e-07
7.298952151748357508e-07
7.231551279915456388e-07
7.165143630812794282e-07
7.099726570068898725e-07
7.035289624520010739e-07
6.971821990828880861e-07
6.909312577722021530e-07
6.847750044949258546e-07
6.787122839202947762e-07
6.727419227216873819e-07
6.668627326248579401e-07
6.610735132134266413e-07
6.553730545091473610e-07
6.483704460860519349e-07
6.428652412548288369e-07
6.374448260298895748e-07
6.321079740001236367e-07
6.255525529036674025e-07
6.203992410053722233e-07
6.153255201393419950e-07
6.090934466735420344e-07
6.041943805936703768e-07
5.993709883435435769e-07
5.934463544163895576e-07
5.887888966037609942e-07
5.830679720044305593e-07
5.785705435366274896e-07
5.730460242711821932e-07
5.686975487280075098e-07
5.633414281805587369e-07
5.580726949911021861e-07
5.539199448180409500e-07
5.488059235747375134e-07
5.437763635292079790e-07
5.398127917819995846e-07
5.349324862214488807e-07
5.301335240762876730e-07
5.254147608557034409e-07
5.207750407425026651e-07
5.162131993275731034e-07
5.117280661076397451e-07
5.081944003643976762e-07
5.038443813809213051e-07
4.995677793995218924e-07
4.945311139249320091e-07
4.904118995039086504e-07
4.863623566264597895e-07
4.823813256687460092e-07
4.784676542863523345e-07
4.746201984530334819e-07
4.700890589152711591e-07
4.663832971338438252e-07
4.627401561629186445e-07
4.591585360042680137e-07
4.549372149320522660e-07
4.514691725899566142e-07
4.473648170038753947e-07
4.439927877319166093e-07
4.400048106821287621e-07
4.367305412426407115e-07
4.328605839060475029e-07
4.296850910210170167e-07
4.259339858581764129e-07
4.222478097648316345e-07
4.192255568923263951e-07
4.156582059054707077e-07
4.121553976859218655e-07
4.087168430666673751e-07
4.053421847393655140e-07
4.020310036771839348e-07
3.987828250797026292e-07
3.955971238743889498e-07
3.924733298065971021e-07
3.894108321476940031e-07
3.864089840487392263e-07
3.834671065651326690e-07
3.805844923758034516e-07
3.777604092187873567e-07
3.749941030634599259e-07
3.718387375800627711e-07
3.691950074028691890e-07
3.666090064797220522e-07
3.636628428667333467e-07
3.611945669028670960e-07
3.583771419206770246e-07
3.560122767287524398e-07
3.533079140292518944e-07
3.510338489061365470e-07
3.484287408941358002e-07
3.458719457780231356e-07
3.433601770534171590e-07
3.412407392780513608e-07
3.388046101998498371e-07
3.364052799589437939e-07
3.340402346665994651e-07
3.317071307558072494e-07
3.294037841567301459e-07
3.271281601636411943e-07
3.248783639474564579e-07
3.226526316711692757e-07
3.204493221684711637e-07
3.182669091485941043e-07
3.157964951057961091e-07
3.136542118632198876e-07
3.115286972529881173e-07
3.091186336390950099e-07
3.070253743313282844e-07
3.046509478527355559e-07
3.025934512258105498e-07
3.002701675349540324e-07
2.982657797289219563e-07
2.960118004254357772e-07
2.937990685308214705e-07
2.916220057505689514e-07
2.897453311291557570e-07
2.876322863991296237e-07
2.855524876270624428e-07
2.835052600329547036e-07
2.814893726566556878e-07
2.795041145739788297e-07
2.775489566580306395e-07
2.756233758317837498e-07
2.734917833773045846e-07
2.716267632416083808e-07
2.697889797670661396e-07
2.677534561819496008e-07
2.659720276178470469e-07
2.642164144103886090e-07
2.622713356667969926e-07
2.603569504589351403e-07
2.586805543796830832e-07
2.568225136783230985e-07
2.549934629496945522e-07
2.533913905455466914e-07
2.516148785274594610e-07
2.498651427743175576e-07
2.481416299256355173e-07
2.464437995658556407e-07
2.447710908904727912e-07
2.431227280318766211e-07
2.413190620999711480e-07
2.397202609637726381e-07
2.381441484309488162e-07
2.364189209064140020e-07
2.348889798057242453e-07
2.333800697382987470e-07
2.317276082423190297e-07
2.300999283637745576e-07
2.286557139907871942e-07
2.270734491493169784e-07
2.255141890608531110e-07
2.239773860064496977e-07
2.226130258299365874e-07
2.211174459667994159e-07
2.196428202331909355e-07
2.180443193609239244e-07
2.166120619393081778e-07
2.151992573649583590e-07
2.138054605066796264e-07
2.122937260196376585e-07
2.109384648302092003e-07
2.096009114823676545e-07
2.081495760928269411e-07
2.067186646732132220e-07
2.054351444452473744e-07
2.040419082441594759e-07
2.026677381146873888e-07
2.013121665483347355e-07
1.999747430050236827e-07
1.986550350902882551e-07
1.973526950623101382e-07
1.960673380007506961e-07
1.947985525101963319e-07
1.935459422839061800e-07
1.921974578222787011e-07
1.909775145897275669e-07
1.896639644792631251e-07
1.884753403636343556e-07
1.871951047627728987e-07
1.859316043579892833e-07
1.847877883816862796e-07
1.835554547543991848e-07
1.823388617013324288e-07
1.811376083539810752e-07
1.799513099698402610e-07
1.787796196918790481e-07
1.775265689765091264e-07
1.763845829056190067e-07
1.752563197552946570e-07
1.740491248761592592e-07
1.729483791523573709e-07
1.717704671833918269e-07
1.706073867968831813e-07
1.694587385467752636e-07
1.684109268650634543e-07
1.672889736024301787e-07
1.661805507283692493e-07
1.650854695144224115e-07
1.639206676286762830e-07
1.628521866616075563e-07
1.617960103087152246e-07
1.606721190727480129e-07
1.596409700134121748e-07
1.585435699107730153e-07
1.574593613777681910e-07
1.564640995908197801e-07
1.554044136170633390e-07
1.543572717191533796e-07
1.533223706936197628e-07
1.522993859338805586e-07
1.512162023680643108e-07
1.502169555945784533e-07
1.492290120784391780e-07
1.481827916140565686e-07
1.472174840177535949e-07
1.461948679963926099e-07
1.451839836656457148e-07
1.441847862449800419e-07
1.431971129472326214e-07
1.422206456889260911e-07
1.412550815272287818e-07
1.403001318035679589e-07
1.393557077987993871e-07
1.383598678423071620e-07
1.374367920468194301e-07
1.364630916965574201e-07
1.355602069140079056e-07
1.346075830039278567e-07
1.336657909545816005e-07
1.327345481445736004e-07
1.318135631262347442e-07
1.309025586634302997e-07
1.299453129142084934e-07
1.290545093814678578e-07
1.281185673942803389e-07
1.272473326019026061e-07
1.263316270286429149e-07
1.254259495071341910e-07
1.245303383896984972e-07
1.236446537471675560e-07
1.227686347175519719e-07
1.219020328209563354e-07
1.209944563911739940e-07
1.201467275082451391e-07
1.192590482590736145e-07
1.184298129557047353e-07
1.175612209201860547e-07
1.167020810357144140e-07
1.158522989809693502e-07
1.150118918787866105e-07
1.141806281768162838e-07
1.133128527925326465e-07
1.124996847816440287e-07
1.116506103720120792e-07
1.108550702178998989e-07
1.100244668902626528e-07
1.092030071968722159e-07
1.083904614364421943e-07
1.075866372823392846e-07
1.067500026008277403e-07
1.059640655698814832e-07
1.051458558764551238e-07
1.043769807956621352e-07
1.035762923901905588e-07
1.027845103724922143e-07
1.020015506586392520e-07
1.012271932718819944e-07
1.004612283511706438e-07
9.966577851252615261e-08
9.891655566202186557e-08
9.813862975292039402e-08
9.736946189181394594e-08
9.660884415154800317e-08
9.585657781108800249e-08
9.511255318100610269e-08
9.437680415875695244e-08
9.361470682838558352e-08
9.289535736497936038e-08
9.215005727444669155e-08
9.141310517264512374e-08
9.068453256783008668e-08
8.996419070425307520e-08
8.925190163272091499e-08
8.851566054418427853e-08
8.781932743435899375e-08
8.709961099811736089e-08
8.638823200968109711e-08
8.568500816207805232e-08
8.498976438076460278e-08
8.430233267333734961e-08
8.362268337456458206e-08
8.292172070028615316e-08
8.222898600320769077e-08
8.157267031640605317e-08
8.089553641409490917e-08
8.019847624888953483e-08
7.953724124230166934e-08
7.888362321003434187e-08
7.821069834364489408e-08
7.754569098347481315e-08
7.688847410785722380e-08
7.623904832167598254e-08
7.559726800911857897e-08
7.496297541506310760e-08
7.431109067525068688e-08
7.369161910354015937e-08
7.305498983043529811e-08
7.242601422000056949e-08
7.180453870875841029e-08
7.116693966586019171e-08
7.056030058426201309e-08
6.993791085528139884e-08
6.932315380411875477e-08
6.871588108616483334e-08
6.811594905215776060e-08
6.752321853505257953e-08
6.691605871974136575e-08
6.631649163090984781e-08
6.574539185455350099e-08
6.516031795727017685e-08
6.456190782277451870e-08
6.399132393716655776e-08
6.340775640819770680e-08
6.285132062213243266e-08
6.228213328248888348e-08
6.172005586796822725e-08
6.114595083870472180e-08
6.059804001833267544e-08
6.003841019894043432e-08
5.948593703604285054e-08
5.894048365442929727e-08
5.840192165883544182e-08
5.787019198617161444e-08
5.732780475654728876e-08
5.679246332667459651e-08
5.626403331772176142e-08
5.574238432604942514e-08
5.522743716793327405e-08
5.470281538669268319e-08
5.420118278006317587e-08
5.369004898222200142e-08
5.316991739209787326e-08
5.267220890269729586e-08
5.218098165495483914e-08
5.168106845066874988e-08
5.118779848396523465e-08
5.070104945483084915e-08
5.020625552829289239e-08
4.973244233318633921e-08
4.925077727575900123e-08
4.877559585554272935e-08
4.830678018516837017e-08
4.783070728343277765e-08
4.737449665029728033e-08
4.691120265771397031e-08
4.645421858463521323e-08
4.599063979605305048e-08
4.554610634921544201e-08
4.509512261036681359e-08
4.465037366653992993e-08
4.421174502171965247e-08
4.376719233118050455e-08
4.334063372886043230e-08
4.290827149290719922e-08
4.248194087440941299e-08
4.205024955341810085e-08
4.163580719236591818e-08
4.121609922929793838e-08
4.080230133640001877e-08
4.039432043492948195e-08
3.998154008188992034e-08
3.957466133125587466e-08
3.917357346062040460e-08
3.877817106917385534e-08
3.838836267173923625e-08
3.799426410685270409e-08
3.760583474741304439e-08
3.722296825697626178e-08
3.683619524880989883e-08
3.646428913984908123e-08
3.608855392592173754e-08
3.570928677139275040e-08
3.534444423557772771e-08
3.497612443915275624e-08
3.461319351275255164e-08
3.425555414196478256e-08
3.389477793979660600e-08
3.353934011641550280e-08
3.318913895204940024e-08
3.284407742517143130e-08
3.249621455765415700e-08
3.215353461479059664e-08
3.181593860492786771e-08
3.148332978989348146e-08
3.114822243121166209e-08
3.081813749494490165e-08
3.049297910999880582e-08
3.016558919184265086e-08
2.984315105942075400e-08
2.952556907484502641e-08
2.921275083821526940e-08
2.889795791125638949e-08
2.858794835837399622e-08
2.828262945667529564e-08
2.797556166858006332e-08
2.767319767508679319e-08
2.737544559694993533e-08
2.707615413656314154e-08
2.678148189207338940e-08
2.649133776031132886e-08
2.620563268819861114e-08
2.591858256444414890e-08
2.563597394494511536e-08
2.535771888185032317e-08
2.507829470752379094e-08
2.480322156328250642e-08
2.453241240282673755e-08
2.426059573541381207e-08
2.399303629884670691e-08
2.372964861562553960e-08
2.346540211087846348e-08
2.320531573587901008e-08
2.294930562092737241e-08
2.269729002501069370e-08
2.244454513776997904e-08
2.219121195114247925e-08
2.194641964369925183e-08
2.170102021526468189e-08
2.145950300862952401e-08
2.121750226852048404e-08
2.097936412489970217e-08
2.074500801336897979e-08
2.051027063970169148e-08
2.027929244487648023e-08
2.004804149617070657e-08
1.982441603777037996e-08
1.960049231537116305e-08
1.937638042268304908e-08
1.915589626390722596e-08
1.893896507118371299e-08
1.872551390863336077e-08
1.851193968354263910e-08
1.829834100509328089e-08
1.809164896590749108e-08
1.788154091285080848e-08
1.767819594077450092e-08
1.747487501649389125e-08
1.727486586260967221e-08
1.707495160403853083e-08
1.687831471650156175e-08
1.668488654742548596e-08
1.649160462848213407e-08
1.630149427076675085e-08
1.611159028198827687e-08
1.592482023388241730e-08
1.574111796829279039e-08
1.555766214439613929e-08
1.537723522269807243e-08
1.519710531535235885e-08
1.501996426791258046e-08
1.484317033526820264e-08
1.467186083542667417e-08
1.449836527002526176e-08
1.432777467538095791e-08
1.416002695494209667e-08
1.399506168847716105e-08
1.383048840079133948e-08
1.366636536468624890e-08
1.350499995898346598e-08
1.334633283035769167e-08
1.318812757399107549e-08
1.303257970337096613e-08
1.287752584608162870e-08
1.272508410663935705e-08
1.257316193781298822e-08
1.242380890582037159e-08
1.227500244660303130e-08
1.212872226654919299e-08
1.198491097266834704e-08
1.184164479762161621e-08
1.169896710906317694e-08
1.156053119317270554e-08
1.142086650412524298e-08
1.128359235212584615e-08
1.114865411023150290e-08
1.101431546281510626e-08
1.088227057715188645e-08
1.075084102487887675e-08
1.062006076017758276e-08
1.049310607202533812e-08
1.036520805664042876e-08
1.023951905010451833e-08
1.011599085899780331e-08
9.993108116326652964e-09
9.872339249017627503e-09
9.752219986458101345e-09
9.632778850050639116e-09
9.515411796224378843e-09
9.400073176222686647e-09
9.285393204858684913e-09
9.171396012200510740e-09
9.059382226631410358e-09
8.948054219690257786e-09
8.838667090368291109e-09
8.729966826379587559e-09
8.623162135251368118e-09
8.517039690797416019e-09
8.412765664816797814e-09
8.309168260843153329e-09
8.206268179430670395e-09
8.105178610977184167e-09
8.004788169466707083e-09
7.906163794807200715e-09
7.808232253482081231e-09
7.711006973267859496e-09
7.615493360531971235e-09
7.521653676087560016e-09
7.427528102438619133e-09
7.336017389165141725e-09
7.244250401893719795e-09
7.154109934502297461e-09
7.064662713049084269e-09
6.976799967168526652e-09
6.889621744370548904e-09
6.803987582197971675e-09
6.718193551406246575e-09
6.634749872300503958e-09
6.551165268633792573e-09
6.469072157062031048e-09
6.387660687817999512e-09
6.307699992874095081e-09
6.228407288945234421e-09
6.149790394035901061e-09
6.072578392414014738e-09
5.996030197707789139e-09
5.920151883949063820e-09
5.845631732366518506e-09
5.771767050056381980e-09
5.698563638491635634e-09
5.626674411585834242e-09
5.554796919688192013e-09
5.484842136892274450e-09
5.414906403705176840e-09
5.346232015749469098e-09
5.278198628809454795e-09
5.210809873440336564e-09
5.144637385118874502e-09
5.079092740717164235e-09
5.014179109649665967e-09
4.950439080664480964e-09
4.887315627186384237e-09
4.824809679285538701e-09
4.762922271121324290e-09
4.701655328029335823e-09
4.641502990078536695e-09
4.581955949967922057e-09
4.523014542264290333e-09
4.465144298853087068e-09
4.407862849635384365e-09
4.351171140013146889e-09
4.295069825488491596e-09
4.239558745932209681e-09
4.185061222436985834e-09
4.130718872351840861e-09
4.077374174278904102e-09
4.025003998135569735e-09
3.972795835018482449e-09
3.921156877333024835e-09
3.870466323306907120e-09
3.820328664511366967e-09
3.770743003646789795e-09
3.721708190858890546e-09
3.673574639546724621e-09
3.625627113211799391e-09
3.578564143491244332e-09
3.532030962053897308e-09
3.486025865978904864e-09
3.440546179999309321e-09
3.395588876039387088e-09
3.351151629289400957e-09
3.307536261208698875e-09
3.264125953530783148e-09
3.221520884004239120e-09
3.179413546226025863e-09
3.137801047859988613e-09
3.096680415830391717e-09
3.056048580380310649e-09
3.015902377698998346e-09
2.976238468931498605e-09
2.937053336855068302e-09
2.898595692494841589e-09
2.860352576216188710e-09
2.822577388237277021e-09
2.785505117427029895e-09
2.748650590655047591e-09
2.712482557068725806e-09
2.676533418814768463e-09
2.641254401511419773e-09
2.606195228391231735e-09
2.571790420945391833e-09
2.537605877129848026e-09
2.504059667953017201e-09
2.470733552834727799e-09
2.438030070628349356e-09
2.405546494297107442e-09
2.373670188064874600e-09
2.342012980631039442e-09
2.310764540124198636e-09
2.280100348791054982e-09
2.249653325188634617e-09
2.219602744840370885e-09
2.189944719272656286e-09
2.160675345424050287e-09
2.131790533957729414e-09
2.103285261992554495e-09
2.075155899065385204e-09
2.047244627692479388e-09
2.019859869958803233e-09
1.992691671982499914e-09
1.965881602376774379e-09
1.939572247137642455e-09
1.913479513980086619e-09
1.887616206647534598e-09
nan
