# bin_22_17
-5.288137896266919889e-09
-6.205707439352137915e-09
-2.821743250238977463e-09
-4.004960508376001049e-09
-8.986748745017559912e-10
-2.486019634846690129e-09
-4.674012655719565254e-10
-2.020818135395398663e-09
-2.175185708834603050e-10
-1.372716701017234637e-09
1.919898911460078949e-10
-1.191503986015889606e-09
-7.216629895573172084e-11
2.659994247801356807e-11
9.942725662140738157e-11
3.300036197094946796e-10
6.156833186340104711e-10
8.331598627300352092e-10
1.001743068353452243e-09
1.143619413324721245e-09
1.225298080374957276e-09
1.234440168859790940e-09
1.181665418250236501e-09
1.107983439115726921e-09
1.042635534060357249e-09
1.001932120549329824e-09
9.898376616877330874e-10
9.915741252151229916e-10
9.937680275049580419e-10
9.881270424698234039e-10
9.698241439140649099e-10
9.437113711783902754e-10
9.158218394431070370e-10
8.853816364981503803e-10
8.520081522763725774e-10
8.155854967988892867e-10
7.761757661227030419e-10
7.346191781569253347e-10
6.921100330414953745e-10
6.492225672350797641e-10
6.064052004585471568e-10
5.640057095767560997e-10
5.222912685552259048e-10
4.814644526866733051e-10
4.320588986369506583e-10
3.707504303108394705e-10
3.052427777933795485e-10
2.413778478453643710e-10
1.835171354721115870e-10
1.348468003966667266e-10
9.762202898611618340e-11
7.336297808115896084e-11
5.752111424289668411e-11
4.456749080844580488e-11
3.413640901595805822e-11
2.590786806434100116e-11
1.960151384552779506e-11
1.497145139769522156e-11
1.180178795179783543e-11
9.902795533754375553e-12
9.107600246685294051e-12
1.110106136010996899e-11
1.664868585334393361e-11
2.441931252147694843e-11
3.331509271777060737e-11
4.243599441386284158e-11
5.104963442952709383e-11
5.856561562968578037e-11
6.451367887567498945e-11
6.852508991696165585e-11
7.031677325790999149e-11
6.967778161137719493e-11
6.625413205845891990e-11
6.038882067405040589e-11
5.286477570863411727e-11
4.434728722847775907e-11
3.539939504792285251e-11
2.649528587166389893e-11
1.803196531921293870e-11
1.033943335595423751e-11
3.689559979524810699e-12
-1.696169043455133825e-12
-5.639889737884949140e-12
-8.001453952872727846e-12
-8.673270053787049219e-12
-8.209016988434962863e-12
-7.303437813803460726e-12
-6.070254920522724108e-12
-4.608705116442707987e-12
-3.005159280861594960e-12
-1.334562223394735248e-12
3.382866104942639505e-13
1.957593433749267357e-12
3.475555430022826845e-12
4.851457000012794535e-12
6.050864518003155580e-12
7.044908628792903142e-12
7.809644390072139461e-12
8.325480684316673946e-12
8.576671307513365907e-12
8.550861006866595851e-12
7.204963376299860167e-12
3.826913520162810864e-12
-1.136242090360981062e-12
-7.286001908340706615e-12
-1.426777959341103688e-11
-2.176671314274655383e-11
-2.950386979245469055e-11
-3.723280805751926649e-11
-4.473646223964316587e-11
-5.182431826453865413e-11
-5.832985286236528178e-11
-6.410821092053118830e-11
-6.903409835481839362e-11
-7.299987009631578206e-11
-7.591379480748829093e-11
-7.769847974686750922e-11
-7.828944082138835309e-11
-7.763380431862262400e-11
-7.556033206479659203e-11
-7.210931410428569886e-11
-6.753434700012161533e-11
-6.206558593770609759e-11
-5.591165587407257314e-11
-4.926140745101268511e-11
-4.228553075356000793e-11
-3.513803883440706842e-11
-2.795763187296834118e-11
-2.086895188415827689e-11
-1.398373702677394158e-11
-7.401883776012360138e-12
-1.212424511283522642e-12
4.505572577863237251e-12
9.682174954474558561e-12
1.425582278883008919e-11
1.817262631664665215e-11
2.138571865739946208e-11
2.385465965480253658e-11
2.554488667125241049e-11
2.642720860537951139e-11
2.647733970981288983e-11
2.608281222121925719e-11
2.564703849801893119e-11
2.517284789677860460e-11
2.466291325483916030e-11
2.411975965483031958e-11
2.354577266705163005e-11
2.294320610324236999e-11
2.231418931293941816e-11
2.166073405147195321e-11
2.098474094665246776e-11
2.028800558937877232e-11
1.957222427165428265e-11
1.883899939395016302e-11
1.808984456236272295e-11
1.732618939465861101e-11
1.654938405303263661e-11
1.576070352023025414e-11
1.496135163459239350e-11
1.415246489856804904e-11
1.333511607429499007e-11
1.251031757896990044e-11
1.167902469191609911e-11
1.084213858449130710e-11
1.000050918327320532e-11
9.154937876300523560e-12
8.075881615129388900e-12
6.574780251311584247e-12
4.710719977155188724e-12
2.538781713733763301e-12
1.102798566270909021e-13
-2.527013162755737711e-12
-5.328655624816759637e-12
-1.126269471174259765e-11
-1.432113050958128501e-11
-1.739565238013028831e-11
-2.045571477122753802e-11
-2.347307250079222950e-11
-2.642164248109711912e-11
-2.927737350341009780e-11
-3.201812360048437781e-11
-3.707497298763060205e-11
-3.935532805436853122e-11
-4.144901466829151715e-11
-4.334183260794555486e-11
-4.502089075691087638e-11
-4.647452630886348035e-11
-4.769222862854931109e-11
-4.938312548632993530e-11
-4.984043422313050752e-11
-5.002991431747285888e-11
-4.994581874365862442e-11
-4.899197502203059829e-11
-4.823809539418075085e-11
-4.734016054732318418e-11
-4.631572476348090211e-11
-4.518133058315794200e-11
-4.264408313426606911e-11
-4.126970430186992315e-11
-3.984240597158968152e-11
-3.687711904479185331e-11
-3.536135048876630775e-11
-3.383717582511164053e-11
-3.231405276249503934e-11
-2.930581709975366736e-11
-2.783673517867511583e-11
-2.640082304193495260e-11
-2.365502016871640084e-11
-2.235725340004950989e-11
-2.111695076477061163e-11
-1.882849340340043027e-11
-1.778930097280660651e-11
-1.594084556960147979e-11
-1.513857979329456678e-11
-1.442179984816889568e-11
-1.325560644839894171e-11
-1.281102054363239271e-11
-1.220919747469368011e-11
-1.205544654288341937e-11
-1.190825440314452991e-11
-1.187617995658156469e-11
-1.186842391304097558e-11
-1.191650262565530866e-11
-1.196793868477201453e-11
-1.211540741708800300e-11
-1.220766227119556474e-11
-1.242046958051915225e-11
-1.253778841247962293e-11
-1.278678686710662022e-11
-1.291570976306551241e-11
-1.317604945933667744e-11
-1.343202361549360583e-11
-1.355572328780762697e-11
-1.378975516632829571e-11
-1.389833249051409028e-11
-1.409460023832417873e-11
-1.425821939184140035e-11
-1.432614954680089437e-11
-1.443133378295043901e-11
-1.446753421852075592e-11
-1.450478087144433952e-11
-1.449237483317748485e-11
-1.446662310363874346e-11
-1.437441074369949893e-11
-1.422607338465849982e-11
-1.413025550906690708e-11
-1.384671806897871391e-11
-1.342477983242288251e-11
-1.288713559013414195e-11
-1.258150605996314846e-11
-1.190884361004000852e-11
-1.116940343653828663e-11
-1.037996413292152592e-11
-9.971345554013026526e-12
-9.135278056945533399e-12
-8.285145233567756811e-12
-7.433170874756201057e-12
-6.590482211737467177e-12
-6.175817096634705923e-12
-5.365715875331934012e-12
-4.588428516370230278e-12
-3.851834025822643698e-12
-3.163030794255774453e-12
-2.528393848268742981e-12
-1.953628104935715771e-12
-1.443817913491942437e-12
-1.003473147479207034e-12
-6.365720911060522550e-13
-3.466013456233715050e-13
-1.365929649601685491e-13
-9.159014583039523338e-15
3.347626656505893005e-14
5.366474904684864776e-15
-7.611231435791539723e-14
-2.080363981518957301e-13
-3.876210255406582581e-13
-6.122136070893279448e-13
-8.792872794714724503e-13
-1.186434805221997436e-12
-1.531362788772148492e-12
-1.911886191051655526e-12
-2.325923126014787473e-12
-2.771489923451814247e-12
-3.246696443381843696e-12
-4.011164204227227403e-12
-4.552774930861006620e-12
-5.118084219881584845e-12
-5.705570911612839921e-12
-6.313785524470918378e-12
-7.261968910669579947e-12
-7.916102421623960831e-12
-8.586408193795086120e-12
-9.271720116431023655e-12
-1.032540879196671496e-11
-1.104349014106206137e-11
-1.177291427899313344e-11
-1.288628054939802760e-11
-1.364005890391743945e-11
-1.442761279382928650e-11
-1.594129953721099698e-11
-1.716115001416829551e-11
-1.924756366031204924e-11
-2.077755109974768395e-11
-2.239491270548455187e-11
-2.494350658268472665e-11
-2.669870132403816149e-11
-2.937533527188439435e-11
-3.116734367256277660e-11
-3.383266655381725505e-11
-3.557620524209007248e-11
-3.811291395918970041e-11
-4.052425222844904022e-11
-4.204643797733223812e-11
-4.418041895851593495e-11
-4.549230986985628639e-11
-4.727659368313732738e-11
-4.882199075765480016e-11
-4.971025785329208901e-11
-5.081736897814975130e-11
-5.164118872080730831e-11
-5.202667430844470278e-11
-5.235109407420726811e-11
-5.236251907541330757e-11
-5.205296096833857047e-11
-5.166500128960690295e-11
-5.063803350935634781e-11
-4.899930929494393358e-11
-4.683147680040269566e-11
-4.421112723929214503e-11
-4.224807840519485433e-11
-3.902853164592809726e-11
-3.553403489811794944e-11
-3.182217262909890228e-11
-2.794611425516671428e-11
-2.395490366394358379e-11
-1.989372997470989293e-11
-1.580418079481405847e-11
-1.172447914146592436e-11
-7.689705116071599846e-12
-3.732003342213617392e-12
1.192228920340781401e-13
3.837129911991794629e-12
7.397263539466541883e-12
1.186057380586355700e-11
1.496971970152693096e-11
1.785486542437048811e-11
2.050019615750658210e-11
2.289154617171229265e-11
2.501628656902870985e-11
2.741538830050287512e-11
2.887678569530577964e-11
3.008738167415690700e-11
3.155387900989419192e-11
3.255900791837035765e-11
3.348634025390686230e-11
3.460684733792116760e-11
3.536393476990012323e-11
3.605264028542314205e-11
3.686902851660533011e-11
3.740813727675235771e-11
3.803391225846346478e-11
3.843643071564806931e-11
3.888820382988004292e-11
3.916606598328648882e-11
3.945908246573232631e-11
3.962324333158639190e-11
3.977150086421858931e-11
3.984288078460400757e-11
3.984837728285884058e-11
3.979472901561332672e-11
3.967475131419060965e-11
3.954335261485804092e-11
3.931562757297058989e-11
3.903081551381701383e-11
3.869198711984337561e-11
3.830207010197372629e-11
3.797778970151363198e-11
3.749263896588385602e-11
3.669082048653594567e-11
3.550903695178575711e-11
3.399756768402695535e-11
3.220313958006787369e-11
3.016915097963557458e-11
2.793588140773641661e-11
2.554068811861334376e-11
2.301819030470855505e-11
2.040044177445529114e-11
1.771709284747109078e-11
1.499554216452792836e-11
1.157821937122411675e-11
8.860180969673712217e-12
6.179097399431972396e-12
3.554283095533340055e-12
3.792429149182339175e-13
-2.056450260835032382e-12
-4.383608005824714861e-12
-7.119929604679128188e-12
-9.156437665818873560e-12
-1.104578689829368731e-11
-1.318605123414160698e-11
-1.471078628871676374e-11
-1.637008978878150921e-11
-1.749226104475476436e-11
-1.862905668804817022e-11
-1.938998184326748773e-11
-2.026487714004139080e-11
-2.105898061220405710e-11
-2.163880796859340538e-11
-2.229751027179660548e-11
-2.288622057731675652e-11
-2.330915876571783608e-11
-2.378061448005598089e-11
-2.419148731089597685e-11
-2.454483739070788998e-11
-2.484357944527943366e-11
-2.509049006611491386e-11
-2.528821458956782508e-11
-2.541267808726782359e-11
-2.552813963459068351e-11
-2.560117783086210756e-11
-2.563591941173835017e-11
-2.562323623253218470e-11
-2.557482382273508624e-11
-2.549257281686385019e-11
-2.537828595794404690e-11
-2.523368232003561588e-11
-2.502244271330403622e-11
-2.481680632264340954e-11
-2.458583728329088401e-11
-2.433094467004879896e-11
-2.392133518210957453e-11
-2.318800857650224183e-11
-2.183614123267872751e-11
-2.037203691920513325e-11
-1.827597225029967870e-11
-1.629460172286844507e-11
-1.369207798416398504e-11
-1.137710155941257800e-11
-8.472290401546338091e-12
-5.477961020139331626e-12
-2.948767444117904031e-12
8.896321060441090920e-14
3.091589815589547103e-12
6.022197804229624352e-12
8.847155141715548336e-12
1.153588475331637289e-11
1.406065215354761235e-11
1.639636723669182834e-11
1.852039926354462421e-11
2.041240414804923722e-11
2.205416321110443124e-11
2.342943262767947525e-11
2.452380284785425088e-11
2.532456732282584489e-11
2.582059991363834230e-11
2.600134610576689224e-11
2.580770643473901699e-11
2.538002432462916217e-11
2.467252037626441239e-11
2.391245741555470630e-11
2.287512089139774864e-11
2.187852764776503991e-11
2.061511151305929916e-11
1.946442609106219298e-11
1.806402375041678730e-11
1.662218760319623165e-11
1.515917955694281989e-11
1.390244296002327541e-11
1.244819270455094420e-11
1.102173919024545182e-11
9.637436780790543315e-12
8.308354471482460482e-12
7.046364365045710102e-12
5.862224298651061579e-12
4.765655017509945052e-12
3.765412262464677107e-12
2.869354113113886394e-12
2.084503904063758699e-12
1.331685904233057212e-12
8.052529408814116597e-13
4.073002449139907265e-13
1.151168269872449297e-13
5.722587483471911175e-15
0.000000000000000000e+00
0.000000000000000000e+00
0.000000000000000000e+00
0.000000000000000000e+00
0.000000000000000000e+00
0.000000000000000000e+00
0.000000000000000000e+00
0.000000000000000000e+00
0.000000000000000000e+00
0.000000000000000000e+00
0.000000000000000000e+00
0.000000000000000000e+00
0.000000000000000000e+00
0.000000000000000000e+00
0.000000000000000000e+00
0.000000000000000000e+00
0.000000000000000000e+00
0.000000000000000000e+00
0.000000000000000000e+00
0.000000000000000000e+00
0.000000000000000000e+00
0.000000000000000000e+00
0.000000000000000000e+00
0.000000000000000000e+00
0.000000000000000000e+00
0.000000000000000000e+00
0.000000000000000000e+00
0.000000000000000000e+00
0.000000000000000000e+00
0.000000000000000000e+00
0.000000000000000000e+00
0.000000000000000000e+00
0.000000000000000000e+00
0.000000000000000000e+00
0.000000000000000000e+00
0.000000000000000000e+00
0.000000000000000000e+00
0.000000000000000000e+00
0.000000000000000000e+00
0.000000000000000000e+00
0.000000000000000000e+00
0.000000000000000000e+00
0.000000000000000000e+00
0.000000000000000000e+00
0.000000000000000000e+00
0.000000000000000000e+00
0.000000000000000000e+00
0.000000000000000000e+00
0.000000000000000000e+00
0.000000000000000000e+00
0.000000000000000000e+00
0.000000000000000000e+00
0.000000000000000000e+00
0.000000000000000000e+00
0.000000000000000000e+00
0.000000000000000000e+00
0.000000000000000000e+00
0.000000000000000000e+00
0.000000000000000000e+00
0.000000000000000000e+00
0.000000000000000000e+00
0.000000000000000000e+00
0.000000000000000000e+00
0.000000000000000000e+00
0.000000000000000000e+00
0.000000000000000000e+00
0.000000000000000000e+00
0.000000000000000000e+00
0.000000000000000000e+00
0.000000000000000000e+00
0.000000000000000000e+00
0.000000000000000000e+00
0.000000000000000000e+00
0.000000000000000000e+00
0.000000000000000000e+00
0.000000000000000000e+00
0.000000000000000000e+00
0.000000000000000000e+00
0.000000000000000000e+00
0.000000000000000000e+00
0.000000000000000000e+00
0.000000000000000000e+00
0.000000000000000000e+00
0.000000000000000000e+00
0.000000000000000000e+00
0.000000000000000000e+00
0.000000000000000000e+00
0.000000000000000000e+00
0.000000000000000000e+00
0.000000000000000000e+00
0.000000000000000000e+00
0.000000000000000000e+00
0.000000000000000000e+00
0.000000000000000000e+00
0.000000000000000000e+00
0.000000000000000000e+00
0.000000000000000000e+00
0.000000000000000000e+00
0.000000000000000000e+00
0.000000000000000000e+00
0.000000000000000000e+00
0.000000000000000000e+00
0.000000000000000000e+00
0.000000000000000000e+00
0.000000000000000000e+00
0.000000000000000000e+00
0.000000000000000000e+00
0.000000000000000000e+00
0.000000000000000000e+00
0.000000000000000000e+00
0.000000000000000000e+00
0.000000000000000000e+00
0.000000000000000000e+00
0.000000000000000000e+00
0.000000000000000000e+00
0.000000000000000000e+00
0.000000000000000000e+00
0.000000000000000000e+00
0.000000000000000000e+00
0.000000000000000000e+00
0.000000000000000000e+00
0.000000000000000000e+00
0.000000000000000000e+00
0.000000000000000000e+00
0.000000000000000000e+00
0.000000000000000000e+00
0.000000000000000000e+00
0.000000000000000000e+00
0.000000000000000000e+00
0.000000000000000000e+00
0.000000000000000000e+00
0.000000000000000000e+00
0.000000000000000000e+00
0.000000000000000000e+00
0.000000000000000000e+00
0.000000000000000000e+00
0.000000000000000000e+00
0.000000000000000000e+00
0.000000000000000000e+00
0.000000000000000000e+00
0.000000000000000000e+00
0.000000000000000000e+00
0.000000000000000000e+00
0.000000000000000000e+00
0.000000000000000000e+00
0.000000000000000000e+00
0.000000000000000000e+00
0.000000000000000000e+00
0.000000000000000000e+00
0.000000000000000000e+00
0.000000000000000000e+00
0.000000000000000000e+00
0.000000000000000000e+00
0.000000000000000000e+00
0.000000000000000000e+00
0.000000000000000000e+00
0.000000000000000000e+00
0.000000000000000000e+00
0.000000000000000000e+00
0.000000000000000000e+00
0.000000000000000000e+00
0.000000000000000000e+00
0.000000000000000000e+00
0.000000000000000000e+00
0.000000000000000000e+00
0.000000000000000000e+00
0.000000000000000000e+00
0.000000000000000000e+00
0.000000000000000000e+00
0.000000000000000000e+00
0.000000000000000000e+00
0.000000000000000000e+00
0.000000000000000000e+00
0.000000000000000000e+00
0.000000000000000000e+00
0.000000000000000000e+00
0.000000000000000000e+00
0.000000000000000000e+00
0.000000000000000000e+00
0.000000000000000000e+00
0.000000000000000000e+00
0.000000000000000000e+00
0.000000000000000000e+00
0.000000000000000000e+00
0.000000000000000000e+00
0.000000000000000000e+00
0.000000000000000000e+00
0.000000000000000000e+00
0.000000000000000000e+00
0.000000000000000000e+00
0.000000000000000000e+00
0.000000000000000000e+00
0.000000000000000000e+00
0.000000000000000000e+00
0.000000000000000000e+00
0.000000000000000000e+00
0.000000000000000000e+00
0.000000000000000000e+00
0.000000000000000000e+00
0.000000000000000000e+00
0.000000000000000000e+00
0.000000000000000000e+00
0.000000000000000000e+00
0.000000000000000000e+00
0.000000000000000000e+00
0.000000000000000000e+00
0.000000000000000000e+00
0.000000000000000000e+00
0.000000000000000000e+00
0.000000000000000000e+00
0.000000000000000000e+00
0.000000000000000000e+00
0.000000000000000000e+00
0.000000000000000000e+00
0.000000000000000000e+00
0.000000000000000000e+00
0.000000000000000000e+00
0.000000000000000000e+00
0.000000000000000000e+00
0.000000000000000000e+00
0.000000000000000000e+00
0.000000000000000000e+00
0.000000000000000000e+00
0.000000000000000000e+00
0.000000000000000000e+00
0.000000000000000000e+00
0.000000000000000000e+00
0.000000000000000000e+00
0.000000000000000000e+00
0.000000000000000000e+00
0.000000000000000000e+00
0.000000000000000000e+00
0.000000000000000000e+00
0.000000000000000000e+00
0.000000000000000000e+00
0.000000000000000000e+00
0.000000000000000000e+00
0.000000000000000000e+00
0.000000000000000000e+00
0.000000000000000000e+00
0.000000000000000000e+00
0.000000000000000000e+00
0.000000000000000000e+00
0.000000000000000000e+00
0.000000000000000000e+00
0.000000000000000000e+00
0.000000000000000000e+00
0.000000000000000000e+00
0.000000000000000000e+00
0.000000000000000000e+00
0.000000000000000000e+00
0.000000000000000000e+00
0.000000000000000000e+00
0.000000000000000000e+00
0.000000000000000000e+00
0.000000000000000000e+00
0.000000000000000000e+00
0.000000000000000000e+00
0.000000000000000000e+00
0.000000000000000000e+00
0.000000000000000000e+00
0.000000000000000000e+00
0.000000000000000000e+00
0.000000000000000000e+00
0.000000000000000000e+00
0.000000000000000000e+00
0.000000000000000000e+00
0.000000000000000000e+00
0.000000000000000000e+00
0.000000000000000000e+00
0.000000000000000000e+00
0.000000000000000000e+00
0.000000000000000000e+00
0.000000000000000000e+00
0.000000000000000000e+00
0.000000000000000000e+00
0.000000000000000000e+00
0.000000000000000000e+00
0.000000000000000000e+00
0.000000000000000000e+00
0.000000000000000000e+00
0.000000000000000000e+00
0.000000000000000000e+00
0.000000000000000000e+00
0.000000000000000000e+00
0.000000000000000000e+00
0.000000000000000000e+00
0.000000000000000000e+00
0.000000000000000000e+00
0.000000000000000000e+00
0.000000000000000000e+00
0.000000000000000000e+00
0.000000000000000000e+00
0.000000000000000000e+00
0.000000000000000000e+00
0.000000000000000000e+00
0.000000000000000000e+00
0.000000000000000000e+00
0.000000000000000000e+00
0.000000000000000000e+00
0.000000000000000000e+00
0.000000000000000000e+00
0.000000000000000000e+00
0.000000000000000000e+00
0.000000000000000000e+00
0.000000000000000000e+00
0.000000000000000000e+00
0.000000000000000000e+00
0.000000000000000000e+00
0.000000000000000000e+00
0.000000000000000000e+00
0.000000000000000000e+00
0.000000000000000000e+00
0.000000000000000000e+00
0.000000000000000000e+00
0.000000000000000000e+00
0.000000000000000000e+00
0.000000000000000000e+00
0.000000000000000000e+00
0.000000000000000000e+00
0.000000000000000000e+00
0.000000000000000000e+00
0.000000000000000000e+00
0.000000000000000000e+00
0.000000000000000000e+00
0.000000000000000000e+00
0.000000000000000000e+00
0.000000000000000000e+00
0.000000000000000000e+00
0.000000000000000000e+00
0.000000000000000000e+00
0.000000000000000000e+00
0.000000000000000000e+00
0.000000000000000000e+00
0.000000000000000000e+00
0.000000000000000000e+00
0.000000000000000000e+00
0.000000000000000000e+00
0.000000000000000000e+00
0.000000000000000000e+00
0.000000000000000000e+00
0.000000000000000000e+00
0.000000000000000000e+00
0.000000000000000000e+00
0.000000000000000000e+00
0.000000000000000000e+00
0.000000000000000000e+00
0.000000000000000000e+00
0.000000000000000000e+00
0.000000000000000000e+00
0.000000000000000000e+00
0.000000000000000000e+00
0.000000000000000000e+00
0.000000000000000000e+00
0.000000000000000000e+00
0.000000000000000000e+00
0.000000000000000000e+00
0.000000000000000000e+00
0.000000000000000000e+00
0.000000000000000000e+00
0.000000000000000000e+00
0.000000000000000000e+00
0.000000000000000000e+00
0.000000000000000000e+00
0.000000000000000000e+00
0.000000000000000000e+00
0.000000000000000000e+00
0.000000000000000000e+00
0.000000000000000000e+00
0.000000000000000000e+00
0.000000000000000000e+00
0.000000000000000000e+00
0.000000000000000000e+00
0.000000000000000000e+00
0.000000000000000000e+00
0.000000000000000000e+00
0.000000000000000000e+00
0.000000000000000000e+00
0.000000000000000000e+00
0.000000000000000000e+00
0.000000000000000000e+00
0.000000000000000000e+00
0.000000000000000000e+00
0.000000000000000000e+00
0.000000000000000000e+00
0.000000000000000000e+00
0.000000000000000000e+00
0.000000000000000000e+00
0.000000000000000000e+00
0.000000000000000000e+00
0.000000000000000000e+00
0.000000000000000000e+00
0.000000000000000000e+00
0.000000000000000000e+00
0.000000000000000000e+00
0.000000000000000000e+00
0.000000000000000000e+00
0.000000000000000000e+00
0.000000000000000000e+00
0.000000000000000000e+00
0.000000000000000000e+00
0.000000000000000000e+00
0.000000000000000000e+00
0.000000000000000000e+00
0.000000000000000000e+00
0.000000000000000000e+00
0.000000000000000000e+00
0.000000000000000000e+00
0.000000000000000000e+00
0.000000000000000000e+00
0.000000000000000000e+00
0.000000000000000000e+00
0.000000000000000000e+00
0.000000000000000000e+00
0.000000000000000000e+00
0.000000000000000000e+00
0.000000000000000000e+00
0.000000000000000000e+00
0.000000000000000000e+00
0.000000000000000000e+00
0.000000000000000000e+00
0.000000000000000000e+00
0.000000000000000000e+00
0.000000000000000000e+00
0.000000000000000000e+00
0.000000000000000000e+00
0.000000000000000000e+00
0.000000000000000000e+00
0.000000000000000000e+00
0.000000000000000000e+00
0.000000000000000000e+00
0.000000000000000000e+00
0.000000000000000000e+00
0.000000000000000000e+00
0.000000000000000000e+00
0.000000000000000000e+00
0.000000000000000000e+00
0.000000000000000000e+00
0.000000000000000000e+00
0.000000000000000000e+00
0.000000000000000000e+00
0.000000000000000000e+00
0.000000000000000000e+00
0.000000000000000000e+00
0.000000000000000000e+00
0.000000000000000000e+00
0.000000000000000000e+00
0.000000000000000000e+00
0.000000000000000000e+00
0.000000000000000000e+00
0.000000000000000000e+00
0.000000000000000000e+00
0.000000000000000000e+00
0.000000000000000000e+00
0.000000000000000000e+00
0.000000000000000000e+00
0.000000000000000000e+00
0.000000000000000000e+00
0.000000000000000000e+00
0.000000000000000000e+00
0.000000000000000000e+00
0.000000000000000000e+00
0.000000000000000000e+00
0.000000000000000000e+00
0.000000000000000000e+00
0.000000000000000000e+00
0.000000000000000000e+00
0.000000000000000000e+00
0.000000000000000000e+00
0.000000000000000000e+00
0.000000000000000000e+00
0.000000000000000000e+00
0.000000000000000000e+00
0.000000000000000000e+00
0.000000000000000000e+00
0.000000000000000000e+00
0.000000000000000000e+00
0.000000000000000000e+00
0.000000000000000000e+00
0.000000000000000000e+00
0.000000000000000000e+00
0.000000000000000000e+00
0.000000000000000000e+00
0.000000000000000000e+00
0.000000000000000000e+00
0.000000000000000000e+00
0.000000000000000000e+00
0.000000000000000000e+00
0.000000000000000000e+00
0.000000000000000000e+00
0.000000000000000000e+00
0.000000000000000000e+00
0.000000000000000000e+00
0.000000000000000000e+00
0.000000000000000000e+00
0.000000000000000000e+00
0.000000000000000000e+00
0.000000000000000000e+00
0.000000000000000000e+00
0.000000000000000000e+00
0.000000000000000000e+00
0.000000000000000000e+00
0.000000000000000000e+00
0.000000000000000000e+00
0.000000000000000000e+00
0.000000000000000000e+00
0.000000000000000000e+00
0.000000000000000000e+00
0.000000000000000000e+00
0.000000000000000000e+00
0.000000000000000000e+00
0.000000000000000000e+00
0.000000000000000000e+00
0.000000000000000000e+00
0.000000000000000000e+00
0.000000000000000000e+00
nan
