# bin_18_17
-3.377219029055110962e-07
-3.266074323775415234e-07
-3.059272981510659764e-07
-2.909155819932759100e-07
-2.697692176368497995e-07
-2.539565813464353812e-07
-2.340420272028765050e-07
-2.168268638318913525e-07
-1.978063587641721274e-07
-1.802061522684586368e-07
-1.651621522646748491e-07
-1.455098093326741812e-07
-1.338912615546051303e-07
-1.192415915602665568e-07
-1.055006855668115073e-07
-8.978062283130805223e-08
-7.265434315477647436e-08
-5.736883436495791201e-08
-4.465926612120440131e-08
-3.346391799927578823e-08
-2.312125985483567800e-08
-1.326783595784763278e-08
-4.651425303702445207e-09
2.953372563646666197e-09
1.067369617443536205e-08
1.912047508733316099e-08
2.832437738558247411e-08
3.752111981778927090e-08
4.610996576976262411e-08
5.373252597681424314e-08
6.019503114793062227e-08
6.532852289854385506e-08
6.947640773910721221e-08
7.314904783718947200e-08
7.669694192257089505e-08
8.035440764752810093e-08
8.427160334494462971e-08
8.854898834393546886e-08
9.295337109031337368e-08
9.717294842677239149e-08
1.009892298726818878e-07
1.042544638732820487e-07
1.068743267433552801e-07
1.087946283542013882e-07
1.099827146300726785e-07
1.106110316847856691e-07
1.109095415579028509e-07
1.110554727335854727e-07
1.111839522399704123e-07
1.113965240020222468e-07
1.117679845685627464e-07
1.123518757531655723e-07
1.131299208231912550e-07
1.139989074246608887e-07
1.148855343473074148e-07
1.157322176841273754e-07
1.164942860204120540e-07
1.171376634291783279e-07
1.176369534627807634e-07
1.179738534237456664e-07
1.181358411631587541e-07
1.181846204311381493e-07
1.181804628929382669e-07
1.181144529041075160e-07
1.179800793910775175e-07
1.177728197720653404e-07
1.174897902811553098e-07
1.171294520647306032e-07
1.166913641770603719e-07
1.161759760560381643e-07
1.155844532657338100e-07
1.149185312940378701e-07
1.142140921304668792e-07
1.134992191408263641e-07
1.127656742738561552e-07
1.120068384512646506e-07
1.112174778024401755e-07
1.103935417430826469e-07
1.095319885110503015e-07
1.086306343994647589e-07
1.076880234600798372e-07
1.067033149038588394e-07
1.056761858128988253e-07
1.046067471086152205e-07
1.034954710040514405e-07
1.023577287698222166e-07
1.012095423720664589e-07
1.000525138216520116e-07
9.888814417820207176e-08
9.771783854568847912e-08
9.654291094671290689e-08
9.536458905556667024e-08
9.418401877552420631e-08
9.300226865021304370e-08
9.182033410248843716e-08
9.063914149715016324e-08
8.945955202618669638e-08
8.828236541711385403e-08
8.710832346646747151e-08
8.593811340167911517e-08
8.477237107546909587e-08
8.361122958119140887e-08
8.245558214979346189e-08
8.130702025980561942e-08
8.016695294691573782e-08
7.903662380072681130e-08
7.791712639427947970e-08
7.680941829653040988e-08
7.571433380278445149e-08
7.463259550451168701e-08
7.356482480786353066e-08
7.251155149936191490e-08
7.147322244753608350e-08
7.045020952059314887e-08
6.944281679241784051e-08
6.845128710220966991e-08
6.747580802679013657e-08
6.651651731897493361e-08
6.557350786033579864e-08
6.463848138074957892e-08
6.370516866870518278e-08
6.277643440097388799e-08
6.185484381090376927e-08
6.094268798603885718e-08
6.004200707873993279e-08
5.915461160714597815e-08
5.828210200799631341e-08
5.742588658850781540e-08
5.658719801151623943e-08
5.576710843631514182e-08
5.496654342694054645e-08
5.418629472994714028e-08
5.342703201490723345e-08
5.268931366285140993e-08
5.197359668058132123e-08
5.128024581215376031e-08
5.060954191279530529e-08
4.996168964500609109e-08
4.933682455159621026e-08
4.873501955582498743e-08
4.815629093464103991e-08
4.759469457491632591e-08
4.704455233498719546e-08
4.650619920440086917e-08
4.597991896059246986e-08
4.546594837152093422e-08
4.496448108410911034e-08
4.447567122210346548e-08
4.399963671512622033e-08
4.353646237900093691e-08
4.308620276587848667e-08
4.264888480126342569e-08
4.222451022372802853e-08
4.181305784189459417e-08
4.141448562215719613e-08
4.102873261959137621e-08
4.065572076356064317e-08
4.029535650866168016e-08
3.994753236085237183e-08
3.961212828787059786e-08
3.928901302237351782e-08
3.897804526560152506e-08
3.867907479879302022e-08
3.839194350904374840e-08
3.811648633581218556e-08
3.785253214381707353e-08
3.759935682317154511e-08
3.735593033160094943e-08
3.712164507958379696e-08
3.689592727435252392e-08
3.667823507242472307e-08
3.646805683667805950e-08
3.626490949171596823e-08
3.587790875496064044e-08
3.569321848086226917e-08
3.551388264308731057e-08
3.533953935584669988e-08
3.516984718817235042e-08
3.500448406252581065e-08
3.484314621396931369e-08
3.468554720640387841e-08
3.438050108488477653e-08
3.423255962375697605e-08
3.408736669143258156e-08
3.394470951804400101e-08
3.380438778792253177e-08
3.366621297376152350e-08
3.353000770652776590e-08
3.326284858190949335e-08
3.313159056834717320e-08
3.300169274904659541e-08
3.287302521269830837e-08
3.262497943356284611e-08
3.251653443232850442e-08
3.241859356276636738e-08
3.232971018567447844e-08
3.224852385852829271e-08
3.210420520266784281e-08
3.203874420325510898e-08
3.197631513040236906e-08
3.185664914348194430e-08
3.179761408327954546e-08
3.173800833366430908e-08
3.167707253506034604e-08
3.154842439361095153e-08
3.147943658809832390e-08
3.140656292021677647e-08
3.124707367290803547e-08
3.115951088218456152e-08
3.106616382369911265e-08
3.086059834896698480e-08
3.074769703577109916e-08
3.050016224589531283e-08
3.036500933587379638e-08
3.022196016329343163e-08
2.991138965996919887e-08
2.974352837731496551e-08
2.938194722405396656e-08
2.918799765611285790e-08
2.879271211024106610e-08
2.859621519833879224e-08
2.840050939841380817e-08
2.801154602523328405e-08
2.781832325285010307e-08
2.743447504792491759e-08
2.724387859148232269e-08
2.686540679118286678e-08
2.667755527643838353e-08
2.630467474312524669e-08
2.611966500770615757e-08
2.575254964495987794e-08
2.538935630755233369e-08
2.520924684560330448e-08
2.485203030284138313e-08
2.467493283046814835e-08
2.432377981724991787e-08
2.397670446514035939e-08
2.380470246098676413e-08
2.346377939203608376e-08
2.329486104545445793e-08
2.296011491292031006e-08
2.262949132258370472e-08
2.246572502079018793e-08
2.214128002347633154e-08
2.182094430375346216e-08
2.166231369601458236e-08
2.133580702530488890e-08
2.099142315659249140e-08
2.063290267981558929e-08
2.044942395631174408e-08
2.007603394078586043e-08
1.969653899168999094e-08
1.931368021243477526e-08
1.912177975861375849e-08
1.873849372950825452e-08
1.835768274727449808e-08
1.798132027004601178e-08
1.761119527874166246e-08
1.742898379737425566e-08
1.707119883001705595e-08
1.672340301001535034e-08
1.638683990610008315e-08
1.606262230577944478e-08
1.575174193520401590e-08
1.545507849684486378e-08
1.517340807364330492e-08
1.490741094467040935e-08
1.465767885399914430e-08
1.442472177141505749e-08
1.420897418075470677e-08
1.401080092904253622e-08
1.383050266718014198e-08
1.366343581317553755e-08
1.350440643302438379e-08
1.335286962274621315e-08
1.320831234690474080e-08
1.307025162215012138e-08
1.293823280757251711e-08
1.281182799524148862e-08
1.269063449474271158e-08
1.257427340592991729e-08
1.246238827448775216e-08
1.235464382525307904e-08
1.225072476856915664e-08
1.210137525064124527e-08
1.200576145996228305e-08
1.191301126259112158e-08
1.182288627794535271e-08
1.173516266741854792e-08
1.160762377242407276e-08
1.152501250544236335e-08
1.144412233772705828e-08
1.136478542490963816e-08
1.124835116737439885e-08
1.117223112780408473e-08
1.109715648423253327e-08
1.098623423020668063e-08
1.091324551727965611e-08
1.084156675797051926e-08
1.074346837591430819e-08
1.068411260175473735e-08
1.060267238014710994e-08
1.055264759443814552e-08
1.050544649047822685e-08
1.043891570560326816e-08
1.039677457544786627e-08
1.033587957741168970e-08
1.029628928643723525e-08
1.023756544413337705e-08
1.019840331426403408e-08
1.013892748949413030e-08
1.007779640873693038e-08
1.003572913355792436e-08
9.970125578196286289e-09
9.924439079676954272e-09
9.852544436336073276e-09
9.776141157872412375e-09
9.722465452336712053e-09
9.637528624598920685e-09
9.546952731175551411e-09
9.483272863111040750e-09
9.382596388382799958e-09
9.275511923334890544e-09
9.161808630153347004e-09
9.082241957309404707e-09
8.956914684657943367e-09
8.825082300613406743e-09
8.687982096071245158e-09
8.546756262685219606e-09
8.450837376677171288e-09
8.305035321950976542e-09
8.157735463451234128e-09
8.009782449383976655e-09
7.861952042922149638e-09
7.714955735258443615e-09
7.569445056574100873e-09
7.426015605307623227e-09
7.285210814662416346e-09
7.147525473956243064e-09
7.013409021178495652e-09
6.883268621976579100e-09
6.757472049232441392e-09
6.636350376407768197e-09
6.482635401601135920e-09
6.373521731434862835e-09
6.269952639452656262e-09
6.172127272494604161e-09
6.080219767753478299e-09
5.994381019307839385e-09
5.889590215406751956e-09
5.818380314544740242e-09
5.753807460358301827e-09
5.678497089370614245e-09
5.629213721205551501e-09
5.585333925390757842e-09
5.534126506858959220e-09
5.500422042136304262e-09
5.470130189773266308e-09
5.434161785396290413e-09
5.409882067225210491e-09
5.380266087757688542e-09
5.359594437776084832e-09
5.333373094531979134e-09
5.314265337013367635e-09
5.288929416547291623e-09
5.269655781490600141e-09
5.243087873635738958e-09
5.214998796401466047e-09
5.192617877963309971e-09
5.160643498078425890e-09
5.125838341181162424e-09
5.097643223189536126e-09
5.056982295674021125e-09
5.012530981803418841e-09
4.964013266930424970e-09
4.911187350143127328e-09
4.868613064478260903e-09
4.807883347492093414e-09
4.745285205569145240e-09
4.682129321789992905e-09
4.618631935198947112e-09
4.554992529907817860e-09
4.491394924161562344e-09
4.428008289646124201e-09
4.364988105660057015e-09
4.302477052449142936e-09
4.240605847704898697e-09
4.179494029951135516e-09
4.119250692286539168e-09
4.045318274415372022e-09
3.987378383682324114e-09
3.930597403585651405e-09
3.875047196353017868e-09
3.807437931513196151e-09
3.754882745449179225e-09
3.703744029145434162e-09
3.641879213865228305e-09
3.594080599378604393e-09
3.547822562747466432e-09
3.492208440576488183e-09
3.449511954355269514e-09
3.398415393124104293e-09
3.359375089572165107e-09
3.312888583781719219e-09
3.277739158419931874e-09
3.236466781204845451e-09
3.197876435518297377e-09
3.168747594060474178e-09
3.134297210825027464e-09
3.101798995019050332e-09
3.077053624196289971e-09
3.047511126075096053e-09
3.019328919487921333e-09
2.992324392084835710e-09
2.966328506057972576e-09
2.941184910006792109e-09
2.916749108565127686e-09
2.897620070606282309e-09
2.874129072141180253e-09
2.850997936163592260e-09
2.823566798826121745e-09
2.800865867525853647e-09
2.778214586793627129e-09
2.755532302795979043e-09
2.732745240039040847e-09
2.709786044819553514e-09
2.681921799826416080e-09
2.658375777935623848e-09
2.634480438529923532e-09
2.610191037099314724e-09
2.580601835105460945e-09
2.556142392548251805e-09
2.527147033895675037e-09
2.503270015562287959e-09
2.474947500064380758e-09
2.451610710163116743e-09
2.423913391122878825e-09
2.401079463774739690e-09
2.373965130113989460e-09
2.347152731286296528e-09
2.325032169818108084e-09
2.298746718325733518e-09
2.272735335642450247e-09
2.246989340914833498e-09
2.221500591148013959e-09
2.196261445206464848e-09
2.171264730255889961e-09
2.146503710475602553e-09
2.121972057883230688e-09
2.097663825125091579e-09
2.073573420096229064e-09
2.049695582263888928e-09
2.026025360577307436e-09
2.002558092855061996e-09
1.979289386548986425e-09
1.952388010946871727e-09
1.929333185090298362e-09
1.897360514841939092e-09
1.844468916372532691e-09
1.787648109898954906e-09
1.710098879198304298e-09
1.635595535716792823e-09
1.541145039643837565e-09
1.455122069107010092e-09
1.350430754707663010e-09
1.242641930724805097e-09
1.133270337366498281e-09
1.039319190352110516e-09
9.306023121435111966e-10
8.239634634299446553e-10
7.204757481029154118e-10
6.211161784507714289e-10
5.267722894360294968e-10
4.382483157281222723e-10
3.562709610489651439e-10
2.814947872988896486e-10
2.145072489957571057e-10
1.558333967696951422e-10
9.955420926887963464e-11
6.019912017996308667e-11
3.044896224292913333e-11
8.605906729078022794e-12
4.278093430877988001e-13
0.000000000000000000e+00
0.000000000000000000e+00
0.000000000000000000e+00
0.000000000000000000e+00
0.000000000000000000e+00
0.000000000000000000e+00
0.000000000000000000e+00
0.000000000000000000e+00
0.000000000000000000e+00
0.000000000000000000e+00
0.000000000000000000e+00
0.000000000000000000e+00
0.000000000000000000e+00
0.000000000000000000e+00
0.000000000000000000e+00
0.000000000000000000e+00
0.000000000000000000e+00
0.000000000000000000e+00
0.000000000000000000e+00
0.000000000000000000e+00
0.000000000000000000e+00
0.000000000000000000e+00
0.000000000000000000e+00
0.000000000000000000e+00
0.000000000000000000e+00
0.000000000000000000e+00
0.000000000000000000e+00
0.000000000000000000e+00
0.000000000000000000e+00
0.000000000000000000e+00
0.000000000000000000e+00
0.000000000000000000e+00
0.000000000000000000e+00
0.000000000000000000e+00
0.000000000000000000e+00
0.000000000000000000e+00
0.000000000000000000e+00
0.000000000000000000e+00
0.000000000000000000e+00
0.000000000000000000e+00
0.000000000000000000e+00
0.000000000000000000e+00
0.000000000000000000e+00
0.000000000000000000e+00
0.000000000000000000e+00
0.000000000000000000e+00
0.000000000000000000e+00
0.000000000000000000e+00
0.000000000000000000e+00
0.000000000000000000e+00
0.000000000000000000e+00
0.000000000000000000e+00
0.000000000000000000e+00
0.000000000000000000e+00
0.000000000000000000e+00
0.000000000000000000e+00
0.000000000000000000e+00
0.000000000000000000e+00
0.000000000000000000e+00
0.000000000000000000e+00
0.000000000000000000e+00
0.000000000000000000e+00
0.000000000000000000e+00
0.000000000000000000e+00
0.000000000000000000e+00
0.000000000000000000e+00
0.000000000000000000e+00
0.000000000000000000e+00
0.000000000000000000e+00
0.000000000000000000e+00
0.000000000000000000e+00
0.000000000000000000e+00
0.000000000000000000e+00
0.000000000000000000e+00
0.000000000000000000e+00
0.000000000000000000e+00
0.000000000000000000e+00
0.000000000000000000e+00
0.000000000000000000e+00
0.000000000000000000e+00
0.000000000000000000e+00
0.000000000000000000e+00
0.000000000000000000e+00
0.000000000000000000e+00
0.000000000000000000e+00
0.000000000000000000e+00
0.000000000000000000e+00
0.000000000000000000e+00
0.000000000000000000e+00
0.000000000000000000e+00
0.000000000000000000e+00
0.000000000000000000e+00
0.000000000000000000e+00
0.000000000000000000e+00
0.000000000000000000e+00
0.000000000000000000e+00
0.000000000000000000e+00
0.000000000000000000e+00
0.000000000000000000e+00
0.000000000000000000e+00
0.000000000000000000e+00
0.000000000000000000e+00
0.000000000000000000e+00
0.000000000000000000e+00
0.000000000000000000e+00
0.000000000000000000e+00
0.000000000000000000e+00
0.000000000000000000e+00
0.000000000000000000e+00
0.000000000000000000e+00
0.000000000000000000e+00
0.000000000000000000e+00
0.000000000000000000e+00
0.000000000000000000e+00
0.000000000000000000e+00
0.000000000000000000e+00
0.000000000000000000e+00
0.000000000000000000e+00
0.000000000000000000e+00
0.000000000000000000e+00
0.000000000000000000e+00
0.000000000000000000e+00
0.000000000000000000e+00
0.000000000000000000e+00
0.000000000000000000e+00
0.000000000000000000e+00
0.000000000000000000e+00
0.000000000000000000e+00
0.000000000000000000e+00
0.000000000000000000e+00
0.000000000000000000e+00
0.000000000000000000e+00
0.000000000000000000e+00
0.000000000000000000e+00
0.000000000000000000e+00
0.000000000000000000e+00
0.000000000000000000e+00
0.000000000000000000e+00
0.000000000000000000e+00
0.000000000000000000e+00
0.000000000000000000e+00
0.000000000000000000e+00
0.000000000000000000e+00
0.000000000000000000e+00
0.000000000000000000e+00
0.000000000000000000e+00
0.000000000000000000e+00
0.000000000000000000e+00
0.000000000000000000e+00
0.000000000000000000e+00
0.000000000000000000e+00
0.000000000000000000e+00
0.000000000000000000e+00
0.000000000000000000e+00
0.000000000000000000e+00
0.000000000000000000e+00
0.000000000000000000e+00
0.000000000000000000e+00
0.000000000000000000e+00
0.000000000000000000e+00
0.000000000000000000e+00
0.000000000000000000e+00
0.000000000000000000e+00
0.000000000000000000e+00
0.000000000000000000e+00
0.000000000000000000e+00
0.000000000000000000e+00
0.000000000000000000e+00
0.000000000000000000e+00
0.000000000000000000e+00
0.000000000000000000e+00
0.000000000000000000e+00
0.000000000000000000e+00
0.000000000000000000e+00
0.000000000000000000e+00
0.000000000000000000e+00
0.000000000000000000e+00
0.000000000000000000e+00
0.000000000000000000e+00
0.000000000000000000e+00
0.000000000000000000e+00
0.000000000000000000e+00
0.000000000000000000e+00
0.000000000000000000e+00
0.000000000000000000e+00
0.000000000000000000e+00
0.000000000000000000e+00
0.000000000000000000e+00
0.000000000000000000e+00
0.000000000000000000e+00
0.000000000000000000e+00
0.000000000000000000e+00
0.000000000000000000e+00
0.000000000000000000e+00
0.000000000000000000e+00
0.000000000000000000e+00
0.000000000000000000e+00
0.000000000000000000e+00
0.000000000000000000e+00
0.000000000000000000e+00
0.000000000000000000e+00
0.000000000000000000e+00
0.000000000000000000e+00
0.000000000000000000e+00
0.000000000000000000e+00
0.000000000000000000e+00
0.000000000000000000e+00
0.000000000000000000e+00
0.000000000000000000e+00
0.000000000000000000e+00
0.000000000000000000e+00
0.000000000000000000e+00
0.000000000000000000e+00
0.000000000000000000e+00
0.000000000000000000e+00
0.000000000000000000e+00
0.000000000000000000e+00
0.000000000000000000e+00
0.000000000000000000e+00
0.000000000000000000e+00
0.000000000000000000e+00
0.000000000000000000e+00
0.000000000000000000e+00
0.000000000000000000e+00
0.000000000000000000e+00
0.000000000000000000e+00
0.000000000000000000e+00
0.000000000000000000e+00
0.000000000000000000e+00
0.000000000000000000e+00
0.000000000000000000e+00
0.000000000000000000e+00
0.000000000000000000e+00
0.000000000000000000e+00
0.000000000000000000e+00
0.000000000000000000e+00
0.000000000000000000e+00
0.000000000000000000e+00
0.000000000000000000e+00
0.000000000000000000e+00
0.000000000000000000e+00
0.000000000000000000e+00
0.000000000000000000e+00
0.000000000000000000e+00
0.000000000000000000e+00
0.000000000000000000e+00
0.000000000000000000e+00
0.000000000000000000e+00
0.000000000000000000e+00
0.000000000000000000e+00
0.000000000000000000e+00
0.000000000000000000e+00
0.000000000000000000e+00
0.000000000000000000e+00
0.000000000000000000e+00
0.000000000000000000e+00
0.000000000000000000e+00
0.000000000000000000e+00
0.000000000000000000e+00
0.000000000000000000e+00
0.000000000000000000e+00
0.000000000000000000e+00
0.000000000000000000e+00
0.000000000000000000e+00
0.000000000000000000e+00
0.000000000000000000e+00
0.000000000000000000e+00
0.000000000000000000e+00
0.000000000000000000e+00
0.000000000000000000e+00
0.000000000000000000e+00
0.000000000000000000e+00
0.000000000000000000e+00
0.000000000000000000e+00
0.000000000000000000e+00
0.000000000000000000e+00
0.000000000000000000e+00
0.000000000000000000e+00
0.000000000000000000e+00
0.000000000000000000e+00
0.000000000000000000e+00
0.000000000000000000e+00
0.000000000000000000e+00
0.000000000000000000e+00
0.000000000000000000e+00
0.000000000000000000e+00
0.000000000000000000e+00
0.000000000000000000e+00
0.000000000000000000e+00
0.000000000000000000e+00
0.000000000000000000e+00
0.000000000000000000e+00
0.000000000000000000e+00
0.000000000000000000e+00
0.000000000000000000e+00
0.000000000000000000e+00
0.000000000000000000e+00
0.000000000000000000e+00
0.000000000000000000e+00
0.000000000000000000e+00
0.000000000000000000e+00
0.000000000000000000e+00
0.000000000000000000e+00
0.000000000000000000e+00
0.000000000000000000e+00
0.000000000000000000e+00
0.000000000000000000e+00
0.000000000000000000e+00
0.000000000000000000e+00
0.000000000000000000e+00
0.000000000000000000e+00
0.000000000000000000e+00
0.000000000000000000e+00
0.000000000000000000e+00
0.000000000000000000e+00
0.000000000000000000e+00
0.000000000000000000e+00
0.000000000000000000e+00
0.000000000000000000e+00
0.000000000000000000e+00
0.000000000000000000e+00
0.000000000000000000e+00
0.000000000000000000e+00
0.000000000000000000e+00
0.000000000000000000e+00
0.000000000000000000e+00
0.000000000000000000e+00
0.000000000000000000e+00
0.000000000000000000e+00
0.000000000000000000e+00
0.000000000000000000e+00
0.000000000000000000e+00
0.000000000000000000e+00
0.000000000000000000e+00
0.000000000000000000e+00
0.000000000000000000e+00
0.000000000000000000e+00
0.000000000000000000e+00
0.000000000000000000e+00
0.000000000000000000e+00
0.000000000000000000e+00
0.000000000000000000e+00
0.000000000000000000e+00
0.000000000000000000e+00
0.000000000000000000e+00
0.000000000000000000e+00
0.000000000000000000e+00
0.000000000000000000e+00
0.000000000000000000e+00
0.000000000000000000e+00
0.000000000000000000e+00
0.000000000000000000e+00
0.000000000000000000e+00
0.000000000000000000e+00
0.000000000000000000e+00
0.000000000000000000e+00
0.000000000000000000e+00
0.000000000000000000e+00
0.000000000000000000e+00
0.000000000000000000e+00
0.000000000000000000e+00
0.000000000000000000e+00
0.000000000000000000e+00
0.000000000000000000e+00
0.000000000000000000e+00
0.000000000000000000e+00
0.000000000000000000e+00
0.000000000000000000e+00
0.000000000000000000e+00
0.000000000000000000e+00
0.000000000000000000e+00
0.000000000000000000e+00
0.000000000000000000e+00
0.000000000000000000e+00
0.000000000000000000e+00
0.000000000000000000e+00
0.000000000000000000e+00
0.000000000000000000e+00
0.000000000000000000e+00
0.000000000000000000e+00
0.000000000000000000e+00
0.000000000000000000e+00
0.000000000000000000e+00
0.000000000000000000e+00
0.000000000000000000e+00
0.000000000000000000e+00
0.000000000000000000e+00
0.000000000000000000e+00
0.000000000000000000e+00
0.000000000000000000e+00
0.000000000000000000e+00
0.000000000000000000e+00
0.000000000000000000e+00
0.000000000000000000e+00
0.000000000000000000e+00
0.000000000000000000e+00
0.000000000000000000e+00
0.000000000000000000e+00
0.000000000000000000e+00
0.000000000000000000e+00
0.000000000000000000e+00
0.000000000000000000e+00
0.000000000000000000e+00
0.000000000000000000e+00
0.000000000000000000e+00
0.000000000000000000e+00
0.000000000000000000e+00
0.000000000000000000e+00
0.000000000000000000e+00
0.000000000000000000e+00
0.000000000000000000e+00
0.000000000000000000e+00
0.000000000000000000e+00
0.000000000000000000e+00
0.000000000000000000e+00
0.000000000000000000e+00
0.000000000000000000e+00
0.000000000000000000e+00
0.000000000000000000e+00
0.000000000000000000e+00
0.000000000000000000e+00
0.000000000000000000e+00
0.000000000000000000e+00
0.000000000000000000e+00
0.000000000000000000e+00
0.000000000000000000e+00
0.000000000000000000e+00
0.000000000000000000e+00
0.000000000000000000e+00
0.000000000000000000e+00
0.000000000000000000e+00
0.000000000000000000e+00
0.000000000000000000e+00
0.000000000000000000e+00
0.000000000000000000e+00
0.000000000000000000e+00
0.000000000000000000e+00
0.000000000000000000e+00
0.000000000000000000e+00
0.000000000000000000e+00
0.000000000000000000e+00
0.000000000000000000e+00
0.000000000000000000e+00
0.000000000000000000e+00
0.000000000000000000e+00
0.000000000000000000e+00
0.000000000000000000e+00
0.000000000000000000e+00
0.000000000000000000e+00
0.000000000000000000e+00
0.000000000000000000e+00
0.000000000000000000e+00
0.000000000000000000e+00
0.000000000000000000e+00
0.000000000000000000e+00
0.000000000000000000e+00
0.000000000000000000e+00
0.000000000000000000e+00
0.000000000000000000e+00
0.000000000000000000e+00
0.000000000000000000e+00
0.000000000000000000e+00
0.000000000000000000e+00
0.000000000000000000e+00
0.000000000000000000e+00
0.000000000000000000e+00
0.000000000000000000e+00
0.000000000000000000e+00
0.000000000000000000e+00
0.000000000000000000e+00
0.000000000000000000e+00
0.000000000000000000e+00
0.000000000000000000e+00
0.000000000000000000e+00
0.000000000000000000e+00
0.000000000000000000e+00
0.000000000000000000e+00
0.000000000000000000e+00
0.000000000000000000e+00
0.000000000000000000e+00
0.000000000000000000e+00
0.000000000000000000e+00
0.000000000000000000e+00
0.000000000000000000e+00
0.000000000000000000e+00
0.000000000000000000e+00
0.000000000000000000e+00
0.000000000000000000e+00
0.000000000000000000e+00
0.000000000000000000e+00
0.000000000000000000e+00
0.000000000000000000e+00
0.000000000000000000e+00
0.000000000000000000e+00
0.000000000000000000e+00
0.000000000000000000e+00
0.000000000000000000e+00
0.000000000000000000e+00
0.000000000000000000e+00
0.000000000000000000e+00
0.000000000000000000e+00
0.000000000000000000e+00
0.000000000000000000e+00
0.000000000000000000e+00
0.000000000000000000e+00
0.000000000000000000e+00
0.000000000000000000e+00
0.000000000000000000e+00
0.000000000000000000e+00
0.000000000000000000e+00
0.000000000000000000e+00
0.000000000000000000e+00
0.000000000000000000e+00
0.000000000000000000e+00
0.000000000000000000e+00
0.000000000000000000e+00
nan
