# bin_22_16
-3.994929227615327277e-09
-4.323165651999963832e-09
-1.621477273590965685e-09
-3.196225955751373756e-09
-4.214538376722837930e-10
-2.706294291374115795e-09
1.119606571337027493e-09
-2.475153819528623824e-09
2.549505904971677001e-09
-2.649939193583600732e-09
2.586852787080785150e-09
-2.117253926424742416e-09
2.672364312864747351e-09
2.542754562135751161e-09
2.292393411632327897e-09
6.198136174270448292e-10
-1.561577948859868079e-09
-2.329727542058864725e-09
-1.656100773007392771e-09
-5.640896708095227274e-10
5.174426906458457821e-10
1.364156753278286515e-09
2.185412422829764434e-09
2.976407343096240640e-09
3.446406578812764581e-09
3.449009191519318794e-09
2.741336565697357374e-09
1.582721777102101101e-09
4.639368270399710343e-10
-3.120739997239778139e-10
-5.703612171634324908e-10
-1.531014750651829422e-10
7.146884229388825878e-10
1.675525499047818248e-09
2.487817474539593979e-09
2.994054948600151849e-09
3.097486568765338683e-09
2.979089874224922108e-09
2.861740529059680278e-09
2.746163862485543930e-09
2.632904113689065663e-09
2.522361984293430609e-09
2.414824421750222342e-09
2.310488306794436557e-09
2.098567797044895032e-09
1.736606840617100983e-09
1.309144430379877501e-09
8.805499729331078972e-10
4.991392022444393539e-10
2.004677299972588285e-10
9.970364701544562112e-12
-5.492142862474565749e-11
-5.066992314157919841e-11
-4.325192500407176325e-11
-3.418260675564904181e-11
-2.466578677911553920e-11
-1.564884327081294186e-11
-7.868119224482412894e-12
-1.886507626701897502e-12
1.875406864767003366e-12
3.113525608434660385e-12
2.565647086065635308e-12
1.303095858612877167e-12
-4.381650034252684135e-13
-2.462440995133797358e-12
-4.608252160761497699e-12
-6.743181649589372371e-12
-8.759488017455891417e-12
-1.057036480395286769e-11
-1.210674948338759282e-11
-1.331459934329330629e-11
-1.415256473674365999e-11
-1.476484691339534897e-11
-1.531228805156772139e-11
-1.578824003730182583e-11
-1.618774557356268910e-11
-1.650728013671224334e-11
-1.674452991379977286e-11
-1.689820069999752778e-11
-1.696785345873338322e-11
-1.695376286145828626e-11
-1.685679564672302115e-11
-1.667830608365309075e-11
-1.642004620499179662e-11
-1.608408879965674841e-11
-1.519798610649123576e-11
-1.345107257070303969e-11
-1.106502938212037011e-11
-8.233302761995116142e-12
-5.124260883601668546e-12
-1.884000351505604676e-12
1.361157527109387518e-12
4.502445295931756291e-12
7.446671577768763660e-12
1.011445952634837329e-11
1.243867728632429091e-11
1.436303908014813952e-11
1.584085802532986461e-11
1.683393396667240948e-11
1.731156152450079193e-11
1.724964524556213300e-11
1.671325693170347336e-11
1.583610007724802365e-11
1.469473288884384253e-11
1.335737963565716233e-11
1.188472607126093254e-11
1.033063943154843324e-11
8.742820413845263395e-12
7.163393777969442278e-12
5.629443528981066310e-12
4.173498034116707315e-12
2.823969884499862435e-12
1.605554828192423722e-12
5.395936684936027104e-13
-3.555993656673143543e-13
-1.064438616938466246e-12
-1.573796514537130597e-12
-1.872758035616022108e-12
-1.952397791407354813e-12
4.218229761146540823e-12
2.125843801429948993e-11
4.720372510391768656e-11
8.027077178854887097e-11
1.188426803895616104e-10
1.614554123343179613e-10
2.067853233159110153e-10
2.536377040440628080e-10
3.009362426811335378e-10
3.477133324184389464e-10
3.931011543265115545e-10
4.363234716752884278e-10
4.766880774268878861e-10
5.135798416084109382e-10
5.464543098234986605e-10
5.748318083025897804e-10
5.982920146622403287e-10
6.164689569781863462e-10
6.290464069070957414e-10
6.357536354464191014e-10
6.363615025259472971e-10
6.306788540021111307e-10
6.190679958482896159e-10
6.025419909313423418e-10
5.818647079639642883e-10
5.577400990357005629e-10
5.308163540282690889e-10
5.016897675931517037e-10
4.709083393514948753e-10
4.389751264105349692e-10
4.063513658507061242e-10
3.734593835126765994e-10
3.406853041937720396e-10
3.083815772400687500e-10
2.768693304855377623e-10
2.464405645356188014e-10
2.173601985131080285e-10
1.898679775726092662e-10
1.641802517409875056e-10
1.404916349496748401e-10
1.189765524861059080e-10
9.979068450133540840e-11
8.307231266533776970e-11
6.894357655712730620e-11
5.751164591001981371e-11
4.886981440059050787e-11
4.309852027004092759e-11
3.897981678382313408e-11
3.522682527286361962e-11
3.180898132199458504e-11
2.869757685023031526e-11
2.586565440482755113e-11
2.328790758145286432e-11
2.094058719822042162e-11
1.684948969433176884e-11
1.506522963204460069e-11
1.343027748314829788e-11
1.192744100407355158e-11
1.054062502727169610e-11
9.254769310896252052e-12
8.055789903561786697e-12
6.930523817570982699e-12
4.852774137529871091e-12
3.878113971231942494e-12
2.932723549715541228e-12
2.007317681636038131e-12
1.093259599462705903e-12
1.825239840813314870e-13
-7.323379576468548307e-13
-2.601549457335557672e-12
-3.568201827542739396e-12
-4.563643402307379599e-12
-5.592900150999637889e-12
-7.769141954378742033e-12
-8.912221701774712306e-12
-1.008146794371804942e-11
-1.126903926711556058e-11
-1.246759072355566450e-11
-1.487058165448524872e-11
-1.606258580510913651e-11
-1.724065377296524253e-11
-1.953443005786906532e-11
-2.064074117186012077e-11
-2.171428467048549794e-11
-2.275115863385154480e-11
-2.470071764107221869e-11
-2.560698073770467392e-11
-2.646370187261364562e-11
-2.801831433830933208e-11
-2.871163903925493806e-11
-2.934626533399835752e-11
-3.043240098042152835e-11
-3.088082680090282237e-11
-3.158186946751471653e-11
-3.183231322741339793e-11
-3.201481360419193913e-11
-3.217305131674650825e-11
-3.214760680402755689e-11
-3.188542187400184537e-11
-3.164810245737006639e-11
-3.074455065713174795e-11
-3.004904837401262398e-11
-2.921195235458413750e-11
-2.717112340083696843e-11
-2.599468914786181535e-11
-2.339302448301035705e-11
-2.199120974715272015e-11
-1.903977062754138856e-11
-1.751015964881963546e-11
-1.438934767661796583e-11
-1.281517966496921787e-11
-9.678538375131589114e-12
-6.604906523536184745e-12
-5.108040871175950301e-12
-2.223681937897312438e-12
-8.469650966190300820e-13
1.750958095453638201e-12
4.112165002610090246e-12
5.194006622264978669e-12
7.142394078275196344e-12
8.002536888275329321e-12
9.480353345888188173e-12
1.061809247549032369e-11
1.105384649991524529e-11
1.164948396228254240e-11
1.186632095112606505e-11
1.182913460374818389e-11
1.162899075774449478e-11
1.137983968137754709e-11
1.108999592211955907e-11
1.093222507169165130e-11
1.059545639587800402e-11
1.023590931155198817e-11
9.859722500947037938e-12
9.667163192453987919e-12
9.276390904042068078e-12
8.882114900667604635e-12
8.488799329766723955e-12
8.100505312045760212e-12
7.909407521809281352e-12
7.535450260967585630e-12
7.175090965982777755e-12
6.831197272959789973e-12
6.506350099706762146e-12
6.202864718196152279e-12
5.922810354590243407e-12
5.668028421619976774e-12
5.440149480319102633e-12
5.240609020942139151e-12
5.070662146276108970e-12
4.931397234453438259e-12
4.823748652740664189e-12
4.748508588577279480e-12
4.716855929462213927e-12
4.734850089025155264e-12
4.795865534350186387e-12
4.893734978388553088e-12
5.022721299970760874e-12
5.177491182391553734e-12
5.353090361219294565e-12
5.544920379322465793e-12
5.748716753925335824e-12
5.960528466839551627e-12
6.176698694908372722e-12
6.393846703173357228e-12
6.714640299036741234e-12
6.921103077836633977e-12
7.118648640943109599e-12
7.304942276149403683e-12
7.477843547341648712e-12
7.707848029385908093e-12
7.839071519643191389e-12
7.950772488367383973e-12
8.041544816575701474e-12
8.135718650199747175e-12
8.168888620058511832e-12
8.177223620175441854e-12
8.141308834353167768e-12
8.084016262791594882e-12
7.992114098077002485e-12
7.713250832063983640e-12
7.437273080309829904e-12
6.906538981504194653e-12
6.484805201160946139e-12
6.016174852033573628e-12
5.238226936066150904e-12
4.677645548317012006e-12
3.786639273556477838e-12
3.166118107777497811e-12
2.206511174590450204e-12
1.553457822603214371e-12
5.632432071335165036e-13
-4.294855988957068697e-13
-1.087460593104545710e-12
-2.061491280165353026e-12
-2.698388343585747526e-12
-3.629024377777968070e-12
-4.523457734634861736e-12
-5.096313880423832502e-12
-5.915960123037294114e-12
-6.683200896868190149e-12
-7.163149056833631142e-12
-7.832500972866063604e-12
-8.437705947971443839e-12
-8.975326495644202083e-12
-9.294706175702022185e-12
-9.759767402075721129e-12
-1.024037836825842904e-11
-1.073051431760611701e-11
-1.122465203286794872e-11
-1.155378524686823510e-11
-1.204357247248208762e-11
-1.252482942301792432e-11
-1.299359347952420878e-11
-1.344626106997859233e-11
-1.387956269381497934e-11
-1.429053961504588178e-11
-1.467652210996899026e-11
-1.503510916359968256e-11
-1.536414951650508073e-11
-1.566172397068571502e-11
-1.592612886959893941e-11
-1.615586067338673747e-11
-1.634960155589997377e-11
-1.654998010372448914e-11
-1.665556153531456403e-11
-1.672193442079341757e-11
-1.674844126908776494e-11
-1.673454812684447801e-11
-1.667983524212396852e-11
-1.654285834050825021e-11
-1.639184437465769612e-11
-1.620750970578179387e-11
-1.595196192760234708e-11
-1.575542039320972136e-11
-1.555502627282497188e-11
-1.528232760839792916e-11
-1.507401987428853496e-11
-1.486275042195850020e-11
-1.457686441343666276e-11
-1.435959919122364022e-11
-1.406651908789707295e-11
-1.384442676864536383e-11
-1.354562444071980612e-11
-1.331974743282309557e-11
-1.301653530463681656e-11
-1.278780276002400738e-11
-1.248135019858583704e-11
-1.217352100625550995e-11
-1.194193758319589223e-11
-1.163245117604740458e-11
-1.132241267502076872e-11
-1.108968077410202406e-11
-1.077930002320988860e-11
-1.046905083014956381e-11
-1.015915122157920335e-11
-9.849804426518963335e-12
-9.618271491471895948e-12
-9.294698414103236232e-12
-8.630181054382022907e-12
-7.543846135336234259e-12
-6.097458642730102840e-12
-4.348319324764737200e-12
-2.349548928954589359e-12
-1.503543967621874876e-13
2.203721794441787393e-12
4.670568035241829681e-12
7.211284703616350670e-12
9.789979040719292132e-12
1.237357288956989004e-11
1.556381298119427477e-11
1.805086128469822297e-11
2.045264046355696864e-11
2.274615490880283262e-11
2.542897170907586830e-11
2.740488967934314067e-11
2.921086629404791951e-11
3.120603171675767900e-11
3.257557769272872245e-11
3.373041909735112439e-11
3.485553943984531594e-11
3.548922361403189384e-11
3.593463642986693282e-11
3.600484797248074031e-11
3.572489800811772822e-11
3.526184259033773579e-11
3.449551484340921014e-11
3.355067423897853211e-11
3.268626935445059263e-11
3.149326156248663701e-11
3.019908553549840605e-11
2.910684593286829485e-11
2.768884392775470938e-11
2.623118559367092661e-11
2.475255441776245935e-11
2.327008994894210973e-11
2.179949239175814627e-11
2.035512028324403374e-11
1.922735337202920909e-11
1.786243374068877802e-11
1.655755957894252994e-11
1.508504260153063067e-11
1.394627821897144510e-11
1.289642573552105497e-11
1.194269684980651465e-11
1.109154403263792174e-11
1.034871358800898052e-11
9.607425487835659440e-12
9.119964098854266187e-12
8.755025254905080654e-12
8.515894776451825877e-12
8.410609861601052751e-12
8.517997012394166266e-12
8.860660754445956003e-12
9.299629821243076447e-12
9.981186444048003095e-12
1.065681670878759477e-11
1.157155550511484047e-11
1.240216596490672879e-11
1.345926457486601690e-11
1.456047545312992620e-11
1.549650631220353538e-11
1.662484607322733574e-11
1.774180431043626258e-11
1.883093183229255217e-11
1.987723608083980948e-11
2.086708025192607160e-11
2.178808915088272795e-11
2.262906132314772336e-11
2.337988703228079483e-11
2.403147168828812072e-11
2.457566435735460217e-11
2.500519101014921104e-11
2.531359219000218806e-11
2.549516480458880679e-11
2.554490776544651950e-11
2.543055400750080877e-11
2.517992892705385787e-11
2.476265026793820024e-11
2.407235649152363210e-11
2.333078221102131988e-11
2.231867910074455005e-11
2.134632818272282006e-11
2.011364489265092628e-11
1.899095011864796582e-11
1.762461283889396128e-11
1.621784963801528485e-11
1.479042954868949283e-11
1.356426331534045875e-11
1.214538798182175271e-11
1.075363322830322898e-11
9.403004245763950174e-12
8.106252123632931094e-12
6.874960173413418431e-12
5.719624545782486784e-12
4.649729526922661324e-12
3.673817872567430421e-12
2.799556512991925122e-12
2.033797938814102922e-12
1.299292384100108933e-12
7.856650055660007655e-13
3.973925867779059748e-13
1.123165876509234362e-13
5.583384423442707726e-15
0.000000000000000000e+00
0.000000000000000000e+00
0.000000000000000000e+00
0.000000000000000000e+00
0.000000000000000000e+00
0.000000000000000000e+00
0.000000000000000000e+00
0.000000000000000000e+00
0.000000000000000000e+00
0.000000000000000000e+00
0.000000000000000000e+00
0.000000000000000000e+00
0.000000000000000000e+00
0.000000000000000000e+00
0.000000000000000000e+00
0.000000000000000000e+00
0.000000000000000000e+00
0.000000000000000000e+00
0.000000000000000000e+00
0.000000000000000000e+00
0.000000000000000000e+00
0.000000000000000000e+00
0.000000000000000000e+00
0.000000000000000000e+00
0.000000000000000000e+00
0.000000000000000000e+00
0.000000000000000000e+00
0.000000000000000000e+00
0.000000000000000000e+00
0.000000000000000000e+00
0.000000000000000000e+00
0.000000000000000000e+00
0.000000000000000000e+00
0.000000000000000000e+00
0.000000000000000000e+00
0.000000000000000000e+00
0.000000000000000000e+00
0.000000000000000000e+00
0.000000000000000000e+00
0.000000000000000000e+00
0.000000000000000000e+00
0.000000000000000000e+00
0.000000000000000000e+00
0.000000000000000000e+00
0.000000000000000000e+00
0.000000000000000000e+00
0.000000000000000000e+00
0.000000000000000000e+00
0.000000000000000000e+00
0.000000000000000000e+00
0.000000000000000000e+00
0.000000000000000000e+00
0.000000000000000000e+00
0.000000000000000000e+00
0.000000000000000000e+00
0.000000000000000000e+00
0.000000000000000000e+00
0.000000000000000000e+00
0.000000000000000000e+00
0.000000000000000000e+00
0.000000000000000000e+00
0.000000000000000000e+00
0.000000000000000000e+00
0.000000000000000000e+00
0.000000000000000000e+00
0.000000000000000000e+00
0.000000000000000000e+00
0.000000000000000000e+00
0.000000000000000000e+00
0.000000000000000000e+00
0.000000000000000000e+00
0.000000000000000000e+00
0.000000000000000000e+00
0.000000000000000000e+00
0.000000000000000000e+00
0.000000000000000000e+00
0.000000000000000000e+00
0.000000000000000000e+00
0.000000000000000000e+00
0.000000000000000000e+00
0.000000000000000000e+00
0.000000000000000000e+00
0.000000000000000000e+00
0.000000000000000000e+00
0.000000000000000000e+00
0.000000000000000000e+00
0.000000000000000000e+00
0.000000000000000000e+00
0.000000000000000000e+00
0.000000000000000000e+00
0.000000000000000000e+00
0.000000000000000000e+00
0.000000000000000000e+00
0.000000000000000000e+00
0.000000000000000000e+00
0.000000000000000000e+00
0.000000000000000000e+00
0.000000000000000000e+00
0.000000000000000000e+00
0.000000000000000000e+00
0.000000000000000000e+00
0.000000000000000000e+00
0.000000000000000000e+00
0.000000000000000000e+00
0.000000000000000000e+00
0.000000000000000000e+00
0.000000000000000000e+00
0.000000000000000000e+00
0.000000000000000000e+00
0.000000000000000000e+00
0.000000000000000000e+00
0.000000000000000000e+00
0.000000000000000000e+00
0.000000000000000000e+00
0.000000000000000000e+00
0.000000000000000000e+00
0.000000000000000000e+00
0.000000000000000000e+00
0.000000000000000000e+00
0.000000000000000000e+00
0.000000000000000000e+00
0.000000000000000000e+00
0.000000000000000000e+00
0.000000000000000000e+00
0.000000000000000000e+00
0.000000000000000000e+00
0.000000000000000000e+00
0.000000000000000000e+00
0.000000000000000000e+00
0.000000000000000000e+00
0.000000000000000000e+00
0.000000000000000000e+00
0.000000000000000000e+00
0.000000000000000000e+00
0.000000000000000000e+00
0.000000000000000000e+00
0.000000000000000000e+00
0.000000000000000000e+00
0.000000000000000000e+00
0.000000000000000000e+00
0.000000000000000000e+00
0.000000000000000000e+00
0.000000000000000000e+00
0.000000000000000000e+00
0.000000000000000000e+00
0.000000000000000000e+00
0.000000000000000000e+00
0.000000000000000000e+00
0.000000000000000000e+00
0.000000000000000000e+00
0.000000000000000000e+00
0.000000000000000000e+00
0.000000000000000000e+00
0.000000000000000000e+00
0.000000000000000000e+00
0.000000000000000000e+00
0.000000000000000000e+00
0.000000000000000000e+00
0.000000000000000000e+00
0.000000000000000000e+00
0.000000000000000000e+00
0.000000000000000000e+00
0.000000000000000000e+00
0.000000000000000000e+00
0.000000000000000000e+00
0.000000000000000000e+00
0.000000000000000000e+00
0.000000000000000000e+00
0.000000000000000000e+00
0.000000000000000000e+00
0.000000000000000000e+00
0.000000000000000000e+00
0.000000000000000000e+00
0.000000000000000000e+00
0.000000000000000000e+00
0.000000000000000000e+00
0.000000000000000000e+00
0.000000000000000000e+00
0.000000000000000000e+00
0.000000000000000000e+00
0.000000000000000000e+00
0.000000000000000000e+00
0.000000000000000000e+00
0.000000000000000000e+00
0.000000000000000000e+00
0.000000000000000000e+00
0.000000000000000000e+00
0.000000000000000000e+00
0.000000000000000000e+00
0.000000000000000000e+00
0.000000000000000000e+00
0.000000000000000000e+00
0.000000000000000000e+00
0.000000000000000000e+00
0.000000000000000000e+00
0.000000000000000000e+00
0.000000000000000000e+00
0.000000000000000000e+00
0.000000000000000000e+00
0.000000000000000000e+00
0.000000000000000000e+00
0.000000000000000000e+00
0.000000000000000000e+00
0.000000000000000000e+00
0.000000000000000000e+00
0.000000000000000000e+00
0.000000000000000000e+00
0.000000000000000000e+00
0.000000000000000000e+00
0.000000000000000000e+00
0.000000000000000000e+00
0.000000000000000000e+00
0.000000000000000000e+00
0.000000000000000000e+00
0.000000000000000000e+00
0.000000000000000000e+00
0.000000000000000000e+00
0.000000000000000000e+00
0.000000000000000000e+00
0.000000000000000000e+00
0.000000000000000000e+00
0.000000000000000000e+00
0.000000000000000000e+00
0.000000000000000000e+00
0.000000000000000000e+00
0.000000000000000000e+00
0.000000000000000000e+00
0.000000000000000000e+00
0.000000000000000000e+00
0.000000000000000000e+00
0.000000000000000000e+00
0.000000000000000000e+00
0.000000000000000000e+00
0.000000000000000000e+00
0.000000000000000000e+00
0.000000000000000000e+00
0.000000000000000000e+00
0.000000000000000000e+00
0.000000000000000000e+00
0.000000000000000000e+00
0.000000000000000000e+00
0.000000000000000000e+00
0.000000000000000000e+00
0.000000000000000000e+00
0.000000000000000000e+00
0.000000000000000000e+00
0.000000000000000000e+00
0.000000000000000000e+00
0.000000000000000000e+00
0.000000000000000000e+00
0.000000000000000000e+00
0.000000000000000000e+00
0.000000000000000000e+00
0.000000000000000000e+00
0.000000000000000000e+00
0.000000000000000000e+00
0.000000000000000000e+00
0.000000000000000000e+00
0.000000000000000000e+00
0.000000000000000000e+00
0.000000000000000000e+00
0.000000000000000000e+00
0.000000000000000000e+00
0.000000000000000000e+00
0.000000000000000000e+00
0.000000000000000000e+00
0.000000000000000000e+00
0.000000000000000000e+00
0.000000000000000000e+00
0.000000000000000000e+00
0.000000000000000000e+00
0.000000000000000000e+00
0.000000000000000000e+00
0.000000000000000000e+00
0.000000000000000000e+00
0.000000000000000000e+00
0.000000000000000000e+00
0.000000000000000000e+00
0.000000000000000000e+00
0.000000000000000000e+00
0.000000000000000000e+00
0.000000000000000000e+00
0.000000000000000000e+00
0.000000000000000000e+00
0.000000000000000000e+00
0.000000000000000000e+00
0.000000000000000000e+00
0.000000000000000000e+00
0.000000000000000000e+00
0.000000000000000000e+00
0.000000000000000000e+00
0.000000000000000000e+00
0.000000000000000000e+00
0.000000000000000000e+00
0.000000000000000000e+00
0.000000000000000000e+00
0.000000000000000000e+00
0.000000000000000000e+00
0.000000000000000000e+00
0.000000000000000000e+00
0.000000000000000000e+00
0.000000000000000000e+00
0.000000000000000000e+00
0.000000000000000000e+00
0.000000000000000000e+00
0.000000000000000000e+00
0.000000000000000000e+00
0.000000000000000000e+00
0.000000000000000000e+00
0.000000000000000000e+00
0.000000000000000000e+00
0.000000000000000000e+00
0.000000000000000000e+00
0.000000000000000000e+00
0.000000000000000000e+00
0.000000000000000000e+00
0.000000000000000000e+00
0.000000000000000000e+00
0.000000000000000000e+00
0.000000000000000000e+00
0.000000000000000000e+00
0.000000000000000000e+00
0.000000000000000000e+00
0.000000000000000000e+00
0.000000000000000000e+00
0.000000000000000000e+00
0.000000000000000000e+00
0.000000000000000000e+00
0.000000000000000000e+00
0.000000000000000000e+00
0.000000000000000000e+00
0.000000000000000000e+00
0.000000000000000000e+00
0.000000000000000000e+00
0.000000000000000000e+00
0.000000000000000000e+00
0.000000000000000000e+00
0.000000000000000000e+00
0.000000000000000000e+00
0.000000000000000000e+00
0.000000000000000000e+00
0.000000000000000000e+00
0.000000000000000000e+00
0.000000000000000000e+00
0.000000000000000000e+00
0.000000000000000000e+00
0.000000000000000000e+00
0.000000000000000000e+00
0.000000000000000000e+00
0.000000000000000000e+00
0.000000000000000000e+00
0.000000000000000000e+00
0.000000000000000000e+00
0.000000000000000000e+00
0.000000000000000000e+00
0.000000000000000000e+00
0.000000000000000000e+00
0.000000000000000000e+00
0.000000000000000000e+00
0.000000000000000000e+00
0.000000000000000000e+00
0.000000000000000000e+00
0.000000000000000000e+00
0.000000000000000000e+00
0.000000000000000000e+00
0.000000000000000000e+00
0.000000000000000000e+00
0.000000000000000000e+00
0.000000000000000000e+00
0.000000000000000000e+00
0.000000000000000000e+00
0.000000000000000000e+00
0.000000000000000000e+00
0.000000000000000000e+00
0.000000000000000000e+00
0.000000000000000000e+00
0.000000000000000000e+00
0.000000000000000000e+00
0.000000000000000000e+00
0.000000000000000000e+00
0.000000000000000000e+00
0.000000000000000000e+00
0.000000000000000000e+00
0.000000000000000000e+00
0.000000000000000000e+00
0.000000000000000000e+00
0.000000000000000000e+00
0.000000000000000000e+00
0.000000000000000000e+00
0.000000000000000000e+00
0.000000000000000000e+00
0.000000000000000000e+00
0.000000000000000000e+00
0.000000000000000000e+00
0.000000000000000000e+00
0.000000000000000000e+00
0.000000000000000000e+00
0.000000000000000000e+00
0.000000000000000000e+00
0.000000000000000000e+00
0.000000000000000000e+00
0.000000000000000000e+00
0.000000000000000000e+00
0.000000000000000000e+00
0.000000000000000000e+00
0.000000000000000000e+00
0.000000000000000000e+00
0.000000000000000000e+00
0.000000000000000000e+00
0.000000000000000000e+00
0.000000000000000000e+00
0.000000000000000000e+00
0.000000000000000000e+00
0.000000000000000000e+00
0.000000000000000000e+00
0.000000000000000000e+00
0.000000000000000000e+00
0.000000000000000000e+00
0.000000000000000000e+00
0.000000000000000000e+00
0.000000000000000000e+00
0.000000000000000000e+00
0.000000000000000000e+00
0.000000000000000000e+00
0.000000000000000000e+00
0.000000000000000000e+00
0.000000000000000000e+00
0.000000000000000000e+00
0.000000000000000000e+00
0.000000000000000000e+00
0.000000000000000000e+00
0.000000000000000000e+00
0.000000000000000000e+00
0.000000000000000000e+00
0.000000000000000000e+00
0.000000000000000000e+00
0.000000000000000000e+00
0.000000000000000000e+00
0.000000000000000000e+00
0.000000000000000000e+00
0.000000000000000000e+00
0.000000000000000000e+00
0.000000000000000000e+00
0.000000000000000000e+00
0.000000000000000000e+00
0.000000000000000000e+00
0.000000000000000000e+00
0.000000000000000000e+00
0.000000000000000000e+00
0.000000000000000000e+00
0.000000000000000000e+00
0.000000000000000000e+00
0.000000000000000000e+00
0.000000000000000000e+00
0.000000000000000000e+00
0.000000000000000000e+00
0.000000000000000000e+00
0.000000000000000000e+00
0.000000000000000000e+00
0.000000000000000000e+00
0.000000000000000000e+00
0.000000000000000000e+00
0.000000000000000000e+00
0.000000000000000000e+00
0.000000000000000000e+00
0.000000000000000000e+00
0.000000000000000000e+00
0.000000000000000000e+00
0.000000000000000000e+00
0.000000000000000000e+00
0.000000000000000000e+00
0.000000000000000000e+00
0.000000000000000000e+00
0.000000000000000000e+00
0.000000000000000000e+00
0.000000000000000000e+00
0.000000000000000000e+00
0.000000000000000000e+00
0.000000000000000000e+00
0.000000000000000000e+00
0.000000000000000000e+00
0.000000000000000000e+00
0.000000000000000000e+00
0.000000000000000000e+00
0.000000000000000000e+00
0.000000000000000000e+00
0.000000000000000000e+00
0.000000000000000000e+00
0.000000000000000000e+00
0.000000000000000000e+00
0.000000000000000000e+00
0.000000000000000000e+00
0.000000000000000000e+00
0.000000000000000000e+00
0.000000000000000000e+00
0.000000000000000000e+00
0.000000000000000000e+00
0.000000000000000000e+00
0.000000000000000000e+00
0.000000000000000000e+00
0.000000000000000000e+00
0.000000000000000000e+00
0.000000000000000000e+00
0.000000000000000000e+00
0.000000000000000000e+00
0.000000000000000000e+00
0.000000000000000000e+00
0.000000000000000000e+00
0.000000000000000000e+00
0.000000000000000000e+00
0.000000000000000000e+00
0.000000000000000000e+00
0.000000000000000000e+00
0.000000000000000000e+00
0.000000000000000000e+00
0.000000000000000000e+00
nan
