# bin_17_17
1.724608152932178501e-06
1.754813108312987171e-06
1.777733864068622333e-06
1.812304660008728210e-06
1.841725201640182549e-06
1.879214668802199490e-06
1.912397262758309336e-06
1.949674426506825475e-06
1.982063117347314405e-06
2.018699222261891762e-06
2.052598094027694713e-06
2.084302090244439581e-06
2.120013983693100841e-06
2.151723070275461592e-06
2.183785868695082584e-06
2.211687037798168701e-06
2.235862229299337788e-06
2.265736237421942918e-06
2.293954032296019895e-06
2.316858332415059107e-06
2.340441095462205723e-06
2.367454252579613481e-06
2.392836158328430108e-06
2.413937714964466119e-06
2.434031842276477486e-06
2.454912814745854115e-06
2.473187641288345102e-06
2.487303758675186656e-06
2.499998768211661646e-06
2.512961580280791725e-06
2.527173536190486546e-06
2.540509025808698869e-06
2.551265799184329783e-06
2.560392200452703700e-06
2.568541268237036496e-06
2.576153452075814662e-06
2.583516710019216814e-06
2.589143893012957694e-06
2.592277161182894948e-06
2.593952223797961021e-06
2.594925284646885999e-06
2.595739622614970411e-06
2.596776626556179177e-06
2.598294985606090705e-06
2.600147757345964906e-06
2.601707351213361347e-06
2.602544878545274094e-06
2.602349504482152813e-06
2.600903478184514765e-06
2.598062211294346899e-06
2.593738368649102199e-06
2.587889155716174800e-06
2.580715851945041569e-06
2.572510876013488152e-06
2.563385891390230676e-06
2.553441238782837449e-06
2.542767203406014830e-06
2.531445122489074296e-06
2.519548355590157442e-06
2.507143136751800487e-06
2.494289324605191289e-06
2.481141099134779840e-06
2.467770965171099737e-06
2.454124830938965251e-06
2.440163457198020899e-06
2.425859860755633447e-06
2.411197134139986883e-06
2.396166614699676155e-06
2.380766347433525160e-06
2.364999794986697360e-06
2.348874755821106624e-06
2.332402457858669717e-06
2.315719603108650374e-06
2.298952465405317306e-06
2.282100614218040294e-06
2.265165749454778857e-06
2.248151291373114144e-06
2.231062033263165445e-06
2.213903847699675231e-06
2.196683438526571933e-06
2.179408131893583974e-06
2.162085700644781622e-06
2.144724217190871729e-06
2.127331930704358656e-06
2.109917165078413886e-06
2.092489811898636174e-06
2.075073711506599262e-06
2.057695537396262784e-06
2.040378812376907416e-06
2.023144234420796124e-06
2.006009968348364843e-06
1.988991907112730669e-06
1.972103906005854392e-06
1.955357992723713026e-06
1.938764555890320391e-06
1.922332514344100567e-06
1.906069469229621474e-06
1.889981840708488312e-06
1.874074990901270050e-06
1.858353334494167477e-06
1.842820438286974108e-06
1.827366574592380271e-06
1.811915027888000067e-06
1.796513689819890702e-06
1.781204782765094339e-06
1.766025412129272023e-06
1.751008065853414046e-06
1.736181066333718833e-06
1.721568979420252411e-06
1.707192984680264972e-06
1.693071210684522160e-06
1.679219038693369923e-06
1.665649377778646319e-06
1.652372914113020931e-06
1.639398336886013855e-06
1.626732543062202098e-06
1.614380822978748104e-06
1.602347028583647011e-06
1.590633725940484937e-06
1.579118829120678751e-06
1.567693860355922613e-06
1.556379062377385898e-06
1.545192376060773262e-06
1.534149640419825025e-06
1.523264775848195824e-06
1.512549952047406806e-06
1.502015741949418486e-06
1.491671262825455194e-06
1.481524305666777871e-06
1.471581453827129343e-06
1.461848191829511998e-06
1.452329005160963920e-06
1.443027471807285724e-06
1.433946346214501067e-06
1.425087636304602536e-06
1.416452674119290581e-06
1.408042180616370438e-06
1.399856325098858273e-06
1.391894779716213767e-06
1.384156769440026212e-06
1.376641117882747720e-06
1.369309840949244703e-06
1.362121719849895666e-06
1.355070697498846142e-06
1.348151030878463894e-06
1.341357273247026885e-06
1.334684257435055254e-06
1.328127080158400049e-06
1.321681087281322604e-06
1.315341859967537616e-06
1.309105201661513895e-06
1.302967125846412840e-06
1.296923844528734605e-06
1.290971757403206681e-06
1.285107441654666874e-06
1.279327642356605825e-06
1.273629263428830471e-06
1.268009359119206481e-06
1.262465125976832911e-06
1.256993895286163069e-06
1.251593125933618091e-06
1.246260397680162641e-06
1.240993404814989754e-06
1.235789950167177047e-06
1.230647939453624538e-06
1.225565375943000761e-06
1.220609096509683837e-06
1.215831230430010957e-06
1.211209018647333749e-06
1.206721261764461810e-06
1.202348226282993642e-06
1.198071556444490664e-06
1.193874191326396303e-06
1.185655142525398282e-06
1.181605132264838007e-06
1.177577639640637328e-06
1.173560996697747673e-06
1.169544426473444186e-06
1.165517988878181238e-06
1.161472529752101094e-06
1.157399632906254807e-06
1.149141282874016211e-06
1.144942293820374531e-06
1.140688717577767510e-06
1.136375200978118357e-06
1.131996894476123448e-06
1.127549420652908158e-06
1.123028844549117385e-06
1.113754691912908923e-06
1.108995214269162183e-06
1.104150783967124463e-06
1.099219290217259171e-06
1.089159042589377978e-06
1.084165297291973037e-06
1.079210828512436166e-06
1.074289223093600959e-06
1.069394486144705616e-06
1.059663595806319639e-06
1.054817347582973367e-06
1.049977738850629909e-06
1.040301867759988997e-06
1.035458052727134120e-06
1.030605740079906329e-06
1.025741816838324226e-06
1.015967871279512737e-06
1.011052768773279803e-06
1.006115870942937154e-06
9.961687081018073029e-07
9.911548926889168725e-07
9.861121614424736379e-07
9.759345803369523753e-07
9.707973934687048910e-07
9.604213472009297503e-07
9.551808899407637103e-07
9.499045920559083407e-07
9.392424180359217886e-07
9.338557418808813712e-07
9.229698384255050491e-07
9.174702915019218858e-07
9.063030277381511810e-07
9.006350704891758805e-07
8.949222508394196348e-07
8.833935686954283933e-07
8.775924916747155775e-07
8.659510461275268761e-07
8.601233031644523658e-07
8.484829028549584527e-07
8.426809792820031327e-07
8.311383848920685020e-07
8.254067913690914670e-07
8.140438361731613218e-07
8.028395817852269349e-07
7.973055539896710713e-07
7.863891101332185794e-07
7.810122976550611333e-07
7.704341941545713543e-07
7.601051651846520499e-07
7.550391307274380730e-07
7.451129499877128743e-07
7.402559843886703087e-07
7.307613474069791375e-07
7.215671852183682450e-07
7.170854222372574630e-07
7.083569665208043789e-07
6.999468138259088430e-07
6.958626211505261362e-07
6.877998364296461785e-07
6.797996052924809886e-07
6.718807627555083537e-07
6.679572329443115824e-07
6.601917386370028057e-07
6.525468512034271537e-07
6.450354654803758610e-07
6.413334759620801307e-07
6.340434597218896320e-07
6.269132374825502591e-07
6.199512200529359273e-07
6.131647545902852497e-07
6.098393797648436304e-07
6.033278963759781070e-07
5.970062149494204382e-07
5.908785813875199510e-07
5.849485100523878248e-07
5.792188434048182805e-07
5.736918072919638272e-07
5.683690622008229740e-07
5.632517507707056038e-07
5.583405418357997147e-07
5.536356712486970189e-07
5.491369797170306008e-07
5.448439478681391269e-07
5.407557287407799640e-07
5.369230745534998734e-07
5.333737795825326302e-07
5.300741543629293337e-07
5.269928192983227719e-07
5.241005632723289462e-07
5.213702109147275392e-07
5.187764979715226391e-07
5.162959542649748535e-07
5.139067937640825218e-07
5.115888113178969363e-07
5.093232856337590663e-07
5.070928881101042418e-07
5.037784473710512594e-07
5.015684379151349839e-07
4.993426825959371880e-07
4.970891311869439142e-07
4.947967142315225347e-07
4.912632507342296026e-07
4.888311365785066238e-07
4.863282886527556951e-07
4.837473464271594912e-07
4.797150852393813793e-07
4.769111074232299572e-07
4.740084047113628081e-07
4.694593300163617396e-07
4.662908185214375896e-07
4.630155422768179388e-07
4.579763937200264122e-07
4.545511131139932884e-07
4.493349924362071619e-07
4.458165585371373796e-07
4.422735996264383915e-07
4.369275513365437054e-07
4.333513697085279616e-07
4.279829934589630581e-07
4.244089326556533342e-07
4.190671120297230866e-07
4.155251733069055295e-07
4.102512960911534510e-07
4.050352886448181638e-07
4.015957071932209084e-07
3.965005772835847899e-07
3.931506925292001579e-07
3.882024601650415362e-07
3.833529117769928249e-07
3.801780982558174922e-07
3.755077337553477063e-07
3.709524031459735335e-07
3.679818000441171899e-07
3.636284340895614172e-07
3.594013488258656155e-07
3.553036619358441442e-07
3.526450593799537225e-07
3.487235284201025617e-07
3.448481666270549293e-07
3.410218813679647308e-07
3.372472694610637752e-07
3.347607203249182709e-07
3.310772288422103921e-07
3.274509842536224762e-07
3.238836265042448911e-07
3.203765779210576297e-07
3.169310594226486319e-07
3.135481056191246575e-07
3.102285788789151840e-07
3.069731824336576852e-07
3.037824725872492707e-07
3.006568700904370412e-07
2.975966707379559174e-07
2.946020552411860086e-07
2.916730984255696604e-07
2.878699065086384932e-07
2.850939124825796279e-07
2.823831675154692769e-07
2.797373793568992486e-07
2.771561892727043429e-07
2.746391779066098122e-07
2.713821688455410195e-07
2.690129765766373662e-07
2.667097827823810274e-07
2.637538898228067345e-07
2.616166023795143212e-07
2.595414410886372262e-07
2.568623286254062599e-07
2.549126013673835038e-07
2.530089844789807014e-07
2.505353565827904918e-07
2.487234910299241164e-07
2.463586161017842958e-07
2.446188308727710165e-07
2.423383810733579120e-07
2.406537682060126909e-07
2.384368637014838999e-07
2.367929349378936358e-07
2.346217151570782035e-07
2.324696131894772358e-07
2.308653482936704138e-07
2.287360758137261543e-07
2.266144628429264275e-07
2.250261847415891759e-07
2.229098482197447054e-07
2.207924380696630436e-07
2.186713492403865031e-07
2.165442454272231679e-07
2.149437055058806182e-07
2.128015402842096508e-07
2.106574860424098753e-07
2.085174663738978493e-07
2.063844848950238347e-07
2.042613039413892072e-07
2.021504603070835047e-07
2.000542799768417577e-07
1.979748919177194871e-07
1.959142409922485804e-07
1.938741000507393629e-07
1.918560812564209046e-07
1.898616466934188861e-07
1.874037701275720172e-07
1.854670349620112840e-07
1.835577152249588285e-07
1.816767387189053392e-07
1.793666207381781941e-07
1.775522792435349494e-07
1.757686109682308470e-07
1.735829605786631712e-07
1.718701293937188153e-07
1.701894209641745906e-07
1.681341566116604629e-07
1.665267224001768152e-07
1.645636753973730426e-07
1.630303674786055171e-07
1.611602367107922812e-07
1.596959595299760607e-07
1.578965626115442887e-07
1.561308530807656302e-07
1.547420454899166053e-07
1.530351302676313510e-07
1.513598829900345772e-07
1.500420210601965516e-07
1.484220445386567637e-07
1.468318391671674305e-07
1.452707562155172823e-07
1.437381616425368415e-07
1.422334358303270655e-07
1.407559733153205096e-07
1.395932348757707103e-07
1.381633646687809661e-07
1.367591354495372470e-07
1.351071271429477460e-07
1.337573755292541193e-07
1.324315364368957448e-07
1.311290958662235735e-07
1.298495518035820899e-07
1.285924139570428934e-07
1.271127513431255607e-07
1.259032374396178274e-07
1.247146365644935588e-07
1.235465048416403271e-07
1.221712038160023562e-07
1.210468062710978674e-07
1.197227433461809761e-07
1.186397158371573710e-07
1.173637149819361784e-07
1.163194751693567469e-07
1.150885685033310784e-07
1.140807470346342074e-07
1.128922096965045316e-07
1.117257139122292008e-07
1.107699568412798642e-07
1.096420442608364482e-07
1.085342363358715196e-07
1.074459057270191064e-07
1.063764520449205768e-07
1.053253004791499035e-07
1.042919005051015221e-07
1.032757246639926966e-07
1.022762674114578061e-07
1.012930440305154008e-07
1.003255896049701737e-07
9.937345804957140508e-08
9.843622119349368169e-08
9.751346791392955244e-08
9.660480331679305913e-08
9.556199576087198896e-08
9.468265584835861412e-08
9.381989771085732573e-08
9.283553507267688829e-08
9.200964208011671692e-08
9.106557136589081900e-08
9.027202726707550481e-08
8.936330937709623597e-08
8.859814666358494428e-08
8.772044390190685137e-08
8.685783355318387608e-08
8.600928809132875856e-08
8.529243051815460964e-08
8.446751596836689644e-08
8.365410261768445856e-08
8.285141003251501094e-08
8.205871208831432321e-08
8.127533345500805527e-08
8.050064630966639169e-08
7.973406726121728073e-08
7.897505447305346321e-08
7.822310497038114590e-08
7.747775212007450488e-08
7.663344429340616918e-08
7.590081090651196956e-08
7.517351876136416126e-08
7.434843360791101411e-08
7.363147638331301984e-08
7.281708531180638053e-08
7.210983490782566178e-08
7.131147471507828484e-08
7.062458915165362934e-08
6.985619092080381404e-08
6.910687629324917053e-08
6.837207827915317106e-08
6.774133528885473410e-08
6.703524671120366703e-08
6.634567496871269696e-08
6.567341112869219440e-08
6.501882909546295225e-08
6.437971234622967924e-08
6.375360473255326391e-08
6.313823479455796688e-08
6.245635004226249644e-08
6.186133892884090708e-08
6.127686535626605458e-08
6.063002143812759777e-08
6.006298350577940466e-08
5.950205158843176890e-08
5.887747104444534703e-08
5.826071877469259882e-08
5.771984819168407995e-08
5.712043293454059272e-08
5.653137051546135470e-08
5.601622379148608009e-08
5.544459003602127335e-08
5.488216789845458867e-08
5.432985117410071991e-08
5.378844484825041902e-08
5.325850609677128614e-08
5.273905900332030521e-08
5.217341675420809581e-08
5.167424085009231157e-08
5.118402747185584547e-08
5.064946211893262485e-08
5.017782640864930354e-08
4.971471061869881070e-08
4.920923875748632199e-08
4.871244352202930248e-08
4.827202826466320603e-08
4.778998936154242751e-08
4.731589976791690275e-08
4.684962762994709441e-08
4.643655840955623136e-08
4.598477964002722390e-08
4.554018259669224846e-08
4.505895643250875991e-08
4.462891448967588897e-08
4.420623939255191932e-08
4.379117377005600623e-08
4.334349752048690581e-08
4.294402482392233321e-08
4.255143692994426603e-08
4.212733008294405687e-08
4.171111033837261331e-08
4.133940868433718956e-08
4.093785505596090833e-08
4.054364832178034151e-08
4.015641423627971358e-08
3.977580072732865707e-08
3.940147768117895933e-08
3.903324507108293697e-08
3.867108125955508048e-08
3.831496914954351730e-08
3.796488538924532459e-08
3.758981684553092161e-08
3.725206515395360411e-08
3.688990513623002376e-08
3.656367368132027580e-08
3.621402562172886087e-08
3.587085183657940218e-08
3.556187966611207205e-08
3.523067923960033539e-08
3.490540227273670413e-08
3.458586550727605730e-08
3.427189330963971620e-08
3.396332470664633705e-08
3.363502406307020308e-08
3.333734591702073541e-08
3.304466700536325926e-08
3.273307237776528846e-08
3.245035109664952196e-08
3.214923125963079503e-08
3.185336821753408724e-08
3.156265811781083442e-08
3.129879564509947079e-08
3.101770969388224695e-08
3.074142925180736893e-08
3.046981103024562435e-08
3.018241652511919281e-08
2.992021359493396328e-08
2.966241725520315731e-08
2.938958701370053408e-08
2.914054437122866946e-08
2.887688866128009609e-08
2.861785974281123736e-08
2.838140004049938776e-08
2.813103140903251350e-08
2.788493550519532175e-08
2.764302573989261611e-08
2.740522736314763389e-08
2.715492180129629014e-08
2.692539910906683693e-08
2.669968281246428404e-08
2.646196732119133843e-08
2.624387747842903440e-08
2.601418128528528120e-08
2.578851491841512764e-08
2.556674398323879726e-08
2.534875683655382871e-08
2.513447730747909600e-08
2.492383067594430335e-08
2.471674366259190982e-08
2.451311698965833663e-08
2.429961008220353569e-08
2.410283723772619091e-08
2.389648340006663397e-08
2.370627230815313856e-08
2.350675510041445687e-08
2.331060976398209852e-08
2.311776040317629944e-08
2.292813548466401892e-08
2.274166520611568234e-08
2.254691524709366480e-08
2.236669378579892623e-08
2.217839508435180780e-08
2.200410826372475142e-08
2.182198007953460244e-08
2.164292686969613784e-08
2.146685012131556736e-08
2.129367314331670441e-08
2.112333471162099005e-08
2.095577501109336908e-08
2.078132258583203015e-08
2.061927812908753014e-08
2.045049560594541720e-08
2.029367391562421743e-08
2.013030574574693470e-08
1.996963444952536005e-08
1.981158855082042356e-08
1.965608694641299534e-08
1.950307511292789507e-08
1.934420553096945555e-08
1.919614752974591213e-08
1.904238810415646910e-08
1.889903817012136769e-08
1.875011364660780160e-08
1.860358969638886256e-08
1.845941346434924800e-08
1.831753173609176974e-08
1.817058600810956104e-08
1.803321505461553544e-08
1.789090597529091504e-08
1.775784170512909561e-08
1.761996524521656138e-08
1.748427244037987087e-08
1.735070671949096775e-08
1.721922105603503235e-08
1.708976969475996687e-08
1.695598648292413715e-08
1.683055911118763139e-08
1.670088730149030875e-08
1.657324604426699854e-08
1.644759008036945175e-08
1.632387539497718175e-08
1.620205475751444139e-08
1.608207466950778699e-08
1.595831120359758679e-08
1.584197530661555322e-08
1.572194568880609001e-08
1.560376174661728587e-08
1.548737132338172500e-08
1.537273274790189418e-08
1.525980734061213495e-08
1.514353991505308611e-08
1.503400242602472824e-08
1.492119059599766306e-08
1.481007890372823233e-08
1.470062812113907964e-08
1.459280021976308477e-08
1.448655832298096250e-08
1.438186475491590964e-08
1.427422968627950694e-08
1.416820002339757698e-08
1.406805909349190635e-08
1.396506302464682396e-08
1.385936550563505304e-08
1.375938682772428192e-08
1.366083331610853560e-08
1.355965253902510783e-08
1.345994476304943344e-08
1.336167540117418278e-08
1.326481361498086307e-08
1.316932562945162002e-08
1.307517840051134841e-08
1.297865327255856800e-08
1.288714390609270409e-08
1.279330255902466999e-08
1.270078423738241582e-08
1.260955659576518535e-08
1.251615286736617319e-08
1.242746091847448909e-08
1.233663310181288582e-08
1.224707625868878860e-08
1.215875885265628865e-08
1.207165050480239219e-08
1.198572194032729780e-08
1.189783217371726199e-08
1.181116201258591636e-08
1.172871360147169827e-08
1.164435100911768032e-08
1.155816858879052891e-08
1.147608526657875539e-08
1.139221892749954899e-08
1.131232636292785321e-08
1.123067306862591102e-08
1.115010421933485122e-08
1.106787217110773681e-08
1.098944418004944520e-08
1.090938533567449228e-08
1.083039061258847509e-08
1.075243316514130043e-08
1.067548801976344887e-08
1.059954277342601761e-08
1.052209409594427066e-08
1.044566351878545697e-08
1.037022501639331698e-08
1.029575365489956785e-08
1.022223638786789224e-08
1.014733146055804607e-08
1.007569585248329896e-08
1.000268332638226250e-08
9.928357486381736241e-09
9.857206690271340120e-09
9.786954381488194774e-09
9.715423393028002935e-09
9.644799023463661451e-09
9.575057865060663484e-09
9.504107984135321005e-09
9.436116819654132399e-09
9.366941623582161579e-09
9.298632628054273611e-09
9.231167416330607122e-09
9.162578600766136732e-09
9.096780964069304093e-09
9.029885990035311361e-09
8.963819199820258949e-09
8.896706564307443736e-09
8.832256185975321344e-09
8.766779108137237817e-09
8.702114837516694926e-09
8.638242643780984591e-09
8.573400735052883987e-09
8.511074626486946778e-09
8.447792359305464014e-09
8.385288107479786806e-09
8.321883683568317850e-09
8.260896827665712879e-09
8.199011770010116859e-09
8.137874272157430904e-09
8.077480951284770724e-09
8.016253006615130478e-09
7.955770023237233580e-09
7.896013171171585294e-09
7.836967755780509950e-09
7.778632976482666414e-09
7.719524099852705084e-09
7.661127332899796088e-09
7.603424648736725659e-09
7.544982729472655503e-09
7.488651589098831426e-09
7.431602412149094272e-09
7.373867591916209085e-09
7.318178781490613375e-09
7.261802119337304481e-09
7.206100321069515934e-09
7.151066191357038168e-09
7.095395781301336196e-09
7.040390153214921792e-09
6.986032726573080553e-09
6.932315625509843270e-09
6.878009533872108225e-09
6.824355018625247268e-09
6.771336183601133950e-09
6.718937805698405554e-09
6.665979323719447032e-09
6.613658117868935819e-09
6.561960225274646734e-09
6.509742503252985234e-09
6.458145832331640488e-09
6.407157603364809938e-09
6.356777509442459087e-09
6.305918460034256693e-09
6.255667670438747692e-09
6.206011006308891296e-09
6.155897350958656208e-09
6.106387900632566310e-09
6.057474047454408553e-09
6.008140936379903137e-09
5.959399589093740043e-09
5.911236292020728789e-09
5.863646772735934613e-09
5.815672706833749808e-09
5.768277205012561273e-09
5.721446721824831771e-09
5.674248237564349255e-09
5.627616032021353498e-09
5.581548865905449925e-09
5.535146929318472278e-09
5.489305591992757857e-09
5.444011888050834545e-09
5.398400322372371026e-09
5.353346920383147843e-09
5.308840570229836990e-09
5.264868911725415772e-09
5.220605225805723915e-09
5.176068053086741598e-09
5.132875505813697047e-09
5.089419210112879946e-09
5.046492199612526982e-09
5.003316741357465838e-09
4.960666690834197930e-09
4.918538409672400087e-09
4.876187360511685777e-09
4.834359164787860996e-09
4.792322461249233027e-09
4.751516008869143556e-09
4.710501824006530008e-09
4.669302456859603628e-09
4.628618368019118394e-09
4.588438661996274010e-09
4.548752823908694935e-09
4.508892831969334357e-09
4.468881121776439026e-09
4.430019434798194025e-09
4.390366218365323733e-09
4.351841908363652046e-09
4.313174117967860484e-09
4.274995955472911249e-09
4.236694475557210323e-09
4.198878884010593322e-09
4.161538977811989912e-09
4.124083575684946071e-09
4.087105831150981081e-09
4.050031836288758487e-09
4.013432908748117360e-09
3.977299148444810332e-09
3.941075601193790829e-09
3.905316591489716944e-09
3.869485449162381858e-09
3.834117808783137037e-09
3.798686528531504905e-09
3.764224456868655751e-09
3.729191570043449509e-09
3.694619021410633269e-09
3.660497748157844820e-09
3.626818787711698597e-09
3.593094776209682493e-09
3.559336869161357300e-09
3.526025847605950290e-09
3.493153441006218582e-09
3.460257113219409227e-09
3.427794231512300641e-09
3.395314662229598350e-09
3.363267840903195618e-09
3.331216116191720104e-09
3.299592775509329258e-09
3.267970539437389553e-09
3.236771169873387829e-09
3.205989545351412328e-09
3.175217155127026368e-09
3.144462099738127402e-09
3.114514956601648809e-09
3.084193362213278017e-09
3.054284561271276481e-09
3.024783073413334947e-09
2.995310295269411320e-09
2.966238932574039113e-09
2.937200548767436284e-09
2.908203166845961363e-09
2.879957872611078604e-09
2.851405057589640877e-09
2.823247814200002644e-09
2.795478337874183045e-09
2.767757745952712456e-09
2.740422031808539915e-09
2.713141671000358107e-09
2.685922806190712585e-09
2.659084909959160063e-09
2.632620665498226929e-09
2.606219893733503939e-09
2.579889102097168371e-09
2.553930128516786217e-09
2.528043710565561244e-09
2.502523149416299928e-09
2.477078727447528893e-09
2.451996422668122338e-09
2.426993414500575358e-09
2.402346535939273153e-09
2.377780892733898168e-09
2.353301869793558453e-09
2.329175643970186972e-09
2.305138797326302652e-09
2.281448603230097055e-09
2.257849085938814811e-09
2.234344751639812177e-09
2.211182905358506927e-09
2.188356995638117764e-09
2.165390388349715933e-09
2.142992054895404266e-09
2.120460689515605007e-09
2.098260785858306832e-09
2.076164563901628597e-09
2.054393724009142600e-09
2.032726821663498851e-09
2.011379029736259828e-09
1.989927266278386637e-09
1.969001306097602133e-09
1.947977942181059022e-09
1.927268379840270105e-09
1.906669866255384007e-09
1.886379159476161650e-09
1.866199919859159351e-09
1.846134830293115092e-09
1.826371487680133085e-09
1.806721715112054674e-09
1.787188082727637000e-09
1.767950068005555648e-09
1.748827796271809681e-09
1.729823508259944777e-09
1.711108171893261754e-09
1.692343604647569568e-09
1.674030851351728844e-09
1.655673122988998711e-09
1.637597246016693938e-09
1.619641343772930395e-09
1.601807163637394847e-09
1.584247992151468778e-09
1.566809254937867135e-09
1.549492523649117042e-09
1.532443856449275691e-09
1.515515571816812124e-09
1.498709105765759693e-09
1.482025819236270438e-09
1.465466963077041578e-09
1.449167348957051242e-09
1.432990217443624145e-09
1.416936647848101669e-09
1.401135103599747825e-09
1.385455082835492105e-09
1.369897556733087272e-09
1.354463423974452740e-09
1.339153483212257335e-09
1.324086095639320452e-09
1.309024719476153373e-09
1.294203584361263004e-09
1.279617830707232830e-09
1.265041923091432318e-09
1.250590199181960542e-09
1.236369995512034953e-09
1.222271482576871648e-09
1.208295135601010402e-09
1.194441363767921967e-09
1.180810442056403547e-09
1.167200665750815533e-09
1.153811052034918997e-09
1.140541746699745617e-09
1.127392992871127418e-09
1.114364788391867524e-09
1.101457079576770826e-09
1.088669992156921095e-09
1.076091455987707337e-09
1.063544355058554350e-09
1.051202856311026521e-09
1.038978823327485368e-09
1.026872233217576038e-09
1.014883033406734635e-09
1.003011130216122754e-09
9.912563230544956160e-10
9.796181009070868683e-10
9.680962302050685734e-10
9.567649075415382244e-10
9.454738084461878082e-10
9.342982931565346617e-10
9.233084839965717685e-10
9.123612230048746063e-10
9.015965250750452347e-10
8.908759913287878499e-10
8.803349295593924641e-10
8.698392287188252886e-10
8.595194842587309104e-10
8.492462089579660582e-10
8.391457430595112217e-10
8.290928520348339666e-10
8.192094586108555032e-10
8.093742465805720167e-10
7.997051462486713264e-10
7.900850563019537503e-10
7.805720875927493505e-10
7.712203717120205160e-10
7.619183383290540513e-10
7.527211136005915208e-10
7.436280163899988441e-10
7.346383509448937385e-10
7.257513729423053273e-10
7.169661049555614542e-10
7.082817780305614685e-10
6.996498575993997035e-10
6.911660418896369737e-10
6.827345216517765466e-10
6.743974002722683247e-10
6.662007499408707168e-10
6.580590147267652416e-10
6.499788241895450838e-10
nan
