# bin_21_21
4.374388698426235634e-07
4.405916777243324412e-07
4.470120512552755661e-07
4.520367170772994514e-07
4.588273141657659200e-07
4.650916082303676043e-07
4.712824675739640547e-07
4.786971058040273362e-07
4.862850262630245931e-07
4.929285683363318497e-07
5.003718116984411649e-07
5.085238348361765670e-07
5.154072448747148202e-07
5.226944463434567839e-07
5.305801116463397229e-07
5.375408301054657939e-07
5.436888993810649258e-07
5.512563998599860277e-07
5.582557225675069034e-07
5.639132914732526058e-07
5.699490589988853239e-07
5.771465617594310748e-07
5.840062019826317880e-07
5.898247366258995358e-07
5.956301067192714817e-07
6.019728121296800753e-07
6.078134566434731731e-07
6.126287643021970202e-07
6.171914942354611332e-07
6.219703837410564894e-07
6.272299520923581666e-07
6.321744363344356863e-07
6.363036887782584093e-07
6.400700463076316676e-07
6.437756001710145610e-07
6.476147357491919969e-07
6.517050453788528788e-07
6.552867355253334883e-07
6.579935954786392030e-07
6.603500256995494152e-07
6.627299888920270880e-07
6.653934988941494076e-07
6.685145325739529371e-07
6.722024122123519658e-07
6.762493846715902680e-07
6.802823902394006691e-07
6.841572652237199681e-07
6.877663366986560356e-07
6.910309904629183345e-07
6.938957075958464164e-07
6.963232729298030365e-07
6.982909211609074017e-07
6.997331527296251068e-07
7.006823755619616110e-07
7.012532778998036145e-07
7.015394922658402094e-07
7.016171995123430280e-07
7.015481141544789239e-07
7.013819607319688821e-07
7.011585305885508654e-07
7.009093920684762733e-07
7.005796055538246977e-07
7.000994028210381714e-07
6.994732119706137346e-07
6.987058747313019914e-07
6.978025314358863155e-07
6.967685260282777829e-07
6.956093278579137343e-07
6.943304675468949197e-07
6.929374846553103104e-07
6.914358852366362344e-07
6.898311076806971922e-07
6.881374409911002261e-07
6.863625856194689895e-07
6.845031239824292261e-07
6.825569138390477732e-07
6.805228852099843296e-07
6.784008657832400383e-07
6.761914308447809194e-07
6.738957743395173169e-07
6.715155981504894719e-07
6.690530170950991529e-07
6.665104774877352167e-07
6.638906874176736420e-07
6.611965571472800994e-07
6.584574087983895414e-07
6.556957363002469407e-07
6.529053190371095206e-07
6.500811232159282386e-07
6.472191502641940579e-07
6.443163031774290217e-07
6.413702686774698135e-07
6.383794133067821691e-07
6.353426918139219439e-07
6.322595663856558336e-07
6.291299354561338052e-07
6.259540709762408987e-07
6.227325631598473443e-07
6.194662718406066142e-07
6.161562836753846283e-07
6.128038745203024342e-07
6.094276387267770657e-07
6.060450585028563261e-07
6.026559929163309270e-07
5.992604551232139025e-07
5.958585909016098316e-07
5.924506595953924780e-07
5.890370172073642711e-07
5.856181014101686827e-07
5.821944182684959839e-07
5.787665304886325544e-07
5.753350470312716043e-07
5.719006139412432134e-07
5.684639062635273856e-07
5.650256209289021405e-07
5.615864705050310015e-07
5.581471777198735374e-07
5.547084706741820876e-07
5.512710786686485814e-07
5.478328123943882670e-07
5.443937771028651726e-07
5.409578598524127815e-07
5.375285944656002517e-07
5.341091892816403401e-07
5.307025527181333795e-07
5.273113168228903750e-07
5.239378589808004970e-07
5.205843219263918061e-07
5.172526321997105908e-07
5.139445171713549593e-07
5.106615207517440728e-07
5.074050178899530515e-07
5.041762279585482532e-07
5.009762271127740742e-07
4.978059597050604193e-07
4.946662488291100115e-07
4.915578060616855163e-07
4.884812404646220186e-07
4.854370669044897685e-07
4.824257137426503501e-07
4.794475299441922370e-07
4.764837559583132291e-07
4.735192640382070602e-07
4.705594255986135148e-07
4.676091472791541263e-07
4.646729040840351880e-07
4.617547701999930623e-07
4.588584476605407490e-07
4.559872930117854803e-07
4.531443421233246297e-07
4.503323332768918700e-07
4.475537286554860064e-07
4.448107343465312767e-07
4.421053189641739405e-07
4.394392309880525863e-07
4.368140149086829243e-07
4.342310262630029963e-07
4.316914456375062952e-07
4.291962917107673663e-07
4.267464334019521903e-07
4.243426011871056724e-07
4.219853976405745035e-07
4.196753072547992957e-07
4.174127055879396991e-07
4.151978677852648204e-07
4.130309765169932629e-07
4.108955107824149459e-07
4.087759936691308901e-07
4.066739999914840160e-07
4.045909665573688108e-07
4.025282010451262403e-07
4.004868903334809504e-07
3.984681083190087145e-07
3.945019046303593951e-07
3.925561296510039563e-07
3.906361892928313093e-07
3.887426940080516345e-07
3.868761790735426202e-07
3.850371096141720562e-07
3.832258853195742281e-07
3.814428448732135177e-07
3.779623899284797326e-07
3.762653839445336932e-07
3.745973859486025965e-07
3.729584871324848368e-07
3.713487391269358066e-07
3.697681568524955053e-07
3.682167211960804127e-07
3.652010580400131888e-07
3.637366440013213207e-07
3.623010077950440320e-07
3.608939948894221621e-07
3.581630634159246953e-07
3.568339519353121886e-07
3.555269068853037563e-07
3.542407980494863222e-07
3.529745505616539465e-07
3.504976012392611863e-07
3.492850033517664351e-07
3.480884700551957348e-07
3.457402979728988566e-07
3.445871109716177187e-07
3.434468883153037883e-07
3.423189488879815966e-07
3.400973640287733931e-07
3.390025203964954749e-07
3.379175606066549370e-07
3.357752151326570192e-07
3.347168564158201727e-07
3.336664330169329568e-07
3.315877091748102569e-07
3.305586214007318602e-07
3.285191777568495201e-07
3.275081521402118708e-07
3.265025069892304596e-07
3.245062063181053810e-07
3.235150135584012721e-07
3.215453084513294793e-07
3.205663427086008007e-07
3.186661034611458917e-07
3.177526231905755133e-07
3.168603204921641952e-07
3.151302303336980833e-07
3.142882191809877949e-07
3.126405087134722781e-07
3.118312087010827598e-07
3.102334192943992253e-07
3.094418735904154369e-07
3.078664525909907797e-07
3.070799965054832229e-07
3.055036765958744665e-07
3.039156989873764560e-07
3.031149022859333487e-07
3.014953227696866276e-07
3.006749518114345530e-07
2.990094487324188394e-07
2.973066694141369539e-07
2.964398633992557615e-07
2.946728901880187412e-07
2.937718219737401336e-07
2.919325256523685186e-07
2.900413895604681267e-07
2.890756314897191646e-07
2.871024724187030406e-07
2.850723955464346690e-07
2.840355763732866657e-07
2.819518090513321598e-07
2.798756570186010130e-07
2.778050983183026234e-07
2.767713438594099092e-07
2.747058493181256496e-07
2.726417957105039264e-07
2.705778399041690527e-07
2.695455229333459059e-07
2.674795407646799928e-07
2.654109678788796452e-07
2.633389639341138879e-07
2.612628061890822244e-07
2.602229734685204672e-07
2.581394627558638940e-07
2.560504422434477330e-07
2.539555270454129361e-07
2.518544105966203932e-07
2.497468576774739484e-07
2.476326979743647540e-07
2.455118201353826166e-07
2.433841662840651224e-07
2.412497269568090839e-07
2.391085364322104313e-07
2.369606684230210522e-07
2.348062321036410319e-07
2.326453684481233246e-07
2.304625868983666618e-07
2.282477101670816167e-07
2.260084317967583089e-07
2.237518889008172843e-07
2.214846966510536472e-07
2.192129806455535074e-07
2.169424072921858204e-07
2.146782123336939630e-07
2.124252276319829030e-07
2.101879063213587207e-07
2.079703464332015144e-07
2.057763130877785534e-07
2.025368484161087075e-07
2.004161038305905447e-07
1.983297318737560758e-07
1.962802400658164767e-07
1.942699031734696451e-07
1.913322564661165245e-07
1.894283628143370885e-07
1.875699588531552596e-07
1.857584429514782276e-07
1.831317482830560580e-07
1.814425362875865088e-07
1.798039024465433043e-07
1.774423950183940204e-07
1.759332329775657924e-07
1.744727644261707780e-07
1.723275620236287044e-07
1.709242081963447941e-07
1.688600020640491625e-07
1.675113913294387071e-07
1.661850032115005665e-07
1.642373754949325749e-07
1.629670680400514909e-07
1.611039279949847061e-07
1.598900917668281356e-07
1.581117231031612620e-07
1.569543615431994263e-07
1.552605159262634999e-07
1.536170766988704498e-07
1.525492925047427234e-07
1.509890859480260556e-07
1.499763993502349522e-07
1.484981735446777369e-07
1.470684209140166754e-07
1.461418886485190268e-07
1.447915746511541499e-07
1.434880467043431027e-07
1.426446756112083902e-07
1.414175528718920860e-07
1.402352848642785473e-07
1.390971021512802341e-07
1.383624169954386571e-07
1.373334704031963258e-07
1.364108116573979593e-07
1.355785310134743275e-07
1.348219290374286869e-07
1.343528260606960942e-07
1.336927233243446179e-07
1.330744202698464652e-07
1.324870036870326568e-07
1.319204368122357744e-07
1.313655006027498092e-07
1.308137388651969056e-07
1.302574069772055166e-07
1.296894239603095121e-07
1.291033276790898816e-07
1.284932329574152691e-07
1.278537924172954015e-07
1.271801598594302264e-07
1.264679560171170441e-07
1.254515925731878369e-07
1.246347457080345019e-07
1.237677062908856915e-07
1.228477739003717631e-07
1.218725664767907261e-07
1.208399978811196221e-07
1.193709178985154847e-07
1.181979015139586107e-07
1.169782334091804825e-07
1.153600393184738974e-07
1.141574897496076889e-07
1.129653627271543022e-07
1.113933556250307082e-07
1.102283461458013666e-07
1.090760118765845407e-07
1.075602290071764620e-07
1.064395269780109952e-07
1.049676018824760607e-07
1.038809160984032605e-07
1.024556550074281417e-07
1.014048298753390038e-07
1.000283710817259043e-07
9.901478624896163926e-08
9.768869327170244767e-08
9.639188977273954337e-08
9.543867164211288304e-08
9.419372134167364556e-08
9.297861856659299656e-08
9.208692753657615094e-08
9.092420844885620629e-08
8.979141276619883166e-08
8.868847063949387823e-08
8.761526767020449279e-08
8.682979006947035663e-08
8.580884630262647043e-08
8.483015790525812408e-08
8.389559183750858879e-08
8.300140712993843805e-08
8.214410753837692251e-08
8.132042652689595784e-08
8.052731318653277597e-08
7.976191902873836590e-08
7.902158559674131011e-08
7.830383284191928723e-08
7.760634821589088937e-08
7.692697643239486472e-08
7.610018770351105260e-08
7.545443977414715133e-08
7.482077386646898101e-08
7.419760267974049837e-08
7.343116095714376512e-08
7.282637305023315284e-08
7.222766583679399220e-08
7.148608450747614885e-08
7.089697398971199190e-08
7.031050418100006254e-08
6.957977889023122429e-08
6.899609727024366387e-08
6.826640442814609801e-08
6.768175860740123093e-08
6.694883828519705954e-08
6.636370070608886996e-08
6.563922396082668655e-08
6.492276924018369726e-08
6.435557855003114287e-08
6.365427547196133231e-08
6.296172635030554021e-08
6.241412641231677838e-08
6.173782407335406255e-08
6.107077208524735276e-08
6.041309970388058226e-08
5.976491392655873476e-08
5.912630119142546520e-08
5.849732895970167296e-08
5.800112646081397283e-08
5.738962214371765345e-08
5.678785841950140486e-08
5.607860981097014881e-08
5.549828545328232965e-08
5.492768362244213691e-08
5.436677496919508340e-08
5.381552046970274780e-08
5.327387225712174476e-08
5.263649541795563410e-08
5.211577384287561562e-08
5.160445463236061520e-08
5.110246062775566943e-08
5.051217560988553524e-08
5.002978013239804048e-08
4.946177386506124306e-08
4.899713895948719490e-08
4.844959418307319807e-08
4.800133650907598174e-08
4.747267812259307783e-08
4.703955203538124034e-08
4.652836101355727590e-08
4.602614999556045499e-08
4.561424038360466936e-08
4.512757236627946106e-08
4.464891472227389197e-08
4.417795990641103924e-08
4.371441676804711547e-08
4.325800959242868256e-08
4.280847720150266473e-08
4.236557211026583541e-08
4.192905973501471939e-08
4.149871765011005478e-08
4.107433489010537498e-08
4.065571129430578049e-08
4.024265689102568253e-08
3.983499131899992630e-08
3.943254328357676714e-08
3.896939830397000635e-08
3.857767852407103672e-08
3.818944383924932755e-08
3.774038013992097666e-08
3.735915132677428213e-08
3.691908282009860408e-08
3.654620486654625768e-08
3.611655368798175731e-08
3.575312788567458374e-08
3.533505115071081022e-08
3.492360416803705802e-08
3.451902306573694688e-08
3.417786114139820304e-08
3.378655757385451622e-08
3.340263808416121529e-08
3.302623578474816572e-08
3.265746180132002558e-08
3.229640695951561776e-08
3.194314335529139705e-08
3.159772581705990337e-08
3.126019326703859338e-08
3.093056998873268443e-08
3.060886680698333357e-08
3.025090160880669992e-08
2.994615039342491725e-08
2.964927749075619093e-08
2.931959701458551799e-08
2.903948061835767277e-08
2.872812716898573154e-08
2.846182392981148221e-08
2.816404711251876983e-08
2.790895411969080508e-08
2.762333779741092508e-08
2.734486284134486958e-08
2.707581694957302337e-08
2.684537015643709757e-08
2.658433369882072220e-08
2.632250705412173120e-08
2.605727981765857514e-08
2.579187551967354652e-08
2.552688400379824492e-08
2.526163745044774879e-08
2.499552701278449895e-08
2.469437026846799736e-08
2.442386155193263693e-08
2.415200555843211481e-08
2.384705690300310734e-08
2.357882248319941275e-08
2.331501340216054775e-08
2.302207705783501988e-08
2.273091394969242949e-08
2.247588001150343239e-08
2.219561602807424104e-08
2.192470806970122852e-08
2.169231170336933333e-08
2.143767674827007267e-08
2.119025335940598028e-08
2.095016837415195556e-08
2.071752600854684541e-08
2.049258209261028710e-08
2.027603588630699333e-08
2.004352707356830758e-08
1.983974153258393436e-08
1.963955601573639639e-08
1.941990342445550564e-08
1.922665369670146296e-08
1.903737449430758350e-08
1.883014844175182051e-08
1.862459344220105659e-08
1.843978679837712115e-08
1.823475495930223954e-08
1.803109764957335346e-08
1.782904317179681139e-08
1.764873709445672058e-08
1.745028632801356103e-08
1.725330907239752225e-08
1.703762874693697340e-08
1.684370111714683288e-08
1.665294112772429136e-08
1.646634155114740757e-08
1.626647065705931504e-08
1.608825637886439437e-08
1.591344576638777864e-08
1.572546486074370665e-08
1.554236947375601900e-08
1.538045974471132436e-08
1.520741630160319230e-08
1.503892988589057749e-08
1.487419882364814102e-08
1.471248366658034152e-08
1.455313580478226526e-08
1.439680182265593054e-08
1.424352816901025259e-08
1.409274104864261006e-08
1.394391077094035960e-08
1.378320934850020555e-08
1.363719741800207231e-08
1.347969846449838793e-08
1.333716714185776023e-08
1.318389565923272013e-08
1.303313286594204363e-08
1.289704791901033597e-08
1.275042110443017778e-08
1.260604390314854516e-08
1.246427471975329622e-08
1.232543849728514063e-08
1.218977612178496782e-08
1.204602137165472667e-08
1.191606039411025238e-08
1.178859031507393959e-08
1.165316480756750132e-08
1.153050906557533017e-08
1.140038277084994257e-08
1.127293674867336272e-08
1.114782820486363320e-08
1.103414364523491362e-08
1.091266064718656025e-08
1.079287354560045097e-08
1.067492052072519134e-08
1.054995495179371787e-08
1.043583485704145379e-08
1.032356581848100744e-08
1.020462773628898075e-08
1.009587508742094508e-08
9.980684777778480014e-09
9.867602150557543708e-09
9.764570620157993349e-09
9.655783286500426613e-09
9.549083646829262234e-09
9.444374569361141135e-09
9.341579569783287637e-09
9.233483613438716364e-09
9.134436132659700486e-09
9.037196994886409213e-09
8.934933216229108737e-09
8.841170815766432463e-09
8.742403076060636283e-09
8.645277604432038490e-09
8.549742648472963693e-09
8.455809576330630704e-09
8.363483463009456217e-09
8.272766880160058952e-09
8.183660098541597735e-09
8.096103680519173755e-09
8.004338290517339147e-09
7.919836284363530134e-09
7.831330523923737775e-09
7.749882051829661842e-09
7.664614420554790355e-09
7.580942103748456555e-09
7.498806816104635247e-09
7.418154607616484991e-09
7.338934050391791675e-09
7.256280869361530344e-09
7.179900829013104632e-09
7.100206139133516314e-09
7.026531855139945129e-09
6.949626265600305575e-09
6.874093765478649623e-09
6.799898270652399837e-09
6.727013032378303876e-09
6.655412538174399172e-09
6.585071714940054404e-09
6.511938785973596977e-09
6.444102198592349515e-09
6.373545013663537521e-09
6.308084460221167842e-09
6.239995427359182541e-09
6.173139290302098753e-09
6.107483620387388205e-09
6.042990338418120786e-09
5.979637142632537785e-09
5.913977277559344629e-09
5.852900022282701276e-09
5.789591410945322204e-09
5.730678186128807458e-09
5.669591075220933731e-09
5.609611320299659531e-09
5.550717449717064993e-09
5.492886880641386541e-09
5.433121743590305326e-09
5.377373776684748093e-09
5.319753231315050987e-09
5.266002384708910167e-09
5.210442235572838063e-09
5.155895448644534438e-09
5.102334349463132320e-09
5.049738285650273241e-09
4.998087039697641603e-09
4.944848444597697753e-09
4.895066983547067432e-09
4.843735730097400381e-09
4.793345357669450270e-09
4.743874759498142683e-09
4.695303351064344814e-09
4.647608427527663935e-09
4.600763406811446041e-09
4.552578537739358523e-09
4.507415409006255153e-09
4.460953207105953134e-09
4.415341580802592858e-09
4.370553894547536392e-09
4.326570714699177429e-09
4.283374340075681818e-09
4.239037014352559856e-09
4.197396316171849223e-09
4.154641709273164258e-09
4.112663211504549895e-09
4.071443667991580002e-09
4.030966335683649162e-09
3.991214864922839324e-09
3.952168220790414857e-09
3.912154429248194220e-09
3.872870396405683734e-09
3.835893025961899185e-09
3.797991658192165322e-09
3.759233994135873537e-09
3.722699199473761478e-09
3.686808638705940194e-09
3.650092735992131221e-09
3.614045501974866578e-09
3.578650474653929128e-09
3.543886943631741306e-09
3.509740291424257539e-09
3.476196925422803343e-09
3.441937540054051712e-09
3.409583650373853431e-09
3.376527815635962106e-09
3.344060965884313757e-09
3.312169982010607301e-09
3.279648226004109784e-09
3.248891764446557689e-09
3.217517028677332074e-09
3.186702370278630597e-09
3.156435347076226393e-09
3.126703822455412883e-09
3.097495957981115064e-09
3.067743973078361852e-09
3.038523302843013340e-09
3.010838418222227883e-09
2.982627470146212205e-09
2.953933142929193251e-09
2.926721394252519596e-09
2.899032243958029574e-09
2.872764800817598339e-09
2.846032371887586820e-09
2.819770998494939067e-09
2.793087954747787263e-09
2.767746910622003186e-09
2.741989192108256186e-09
2.716686337010152249e-09
2.691828429093197499e-09
2.667405517829942011e-09
2.643403951982220268e-09
2.619033734148258320e-09
2.595092258960089748e-09
2.571569936360834802e-09
2.548457407597076663e-09
2.525742909105974450e-09
2.502701602056811213e-09
2.480764693775650633e-09
2.458507886740639069e-09
2.435958677890901864e-09
2.414473315366439997e-09
2.393351650500666700e-09
2.371942203487227880e-09
2.350902163036900897e-09
2.330223083483487426e-09
2.309285486496763510e-09
2.289310217235258378e-09
2.269078314017265826e-09
2.249192335773187561e-09
2.229644459253615268e-09
2.209866478185096227e-09
2.190978406125723791e-09
2.171861050847263222e-09
2.153067320849872187e-09
2.134066641227667321e-09
2.115907347371871386e-09
2.097542214436732003e-09
2.079486269462551342e-09
2.061732664840578158e-09
2.043793943275543208e-09
2.026633115122474410e-09
2.009288619670841519e-09
1.992232812789554700e-09
1.975009793946982334e-09
1.958519650946434277e-09
1.941864581524107456e-09
1.925486958571841900e-09
1.909378727106162606e-09
1.893120177390172529e-09
1.877132364506509629e-09
1.861409017819481455e-09
1.845943799788787815e-09
1.830729493366176087e-09
1.815379434760444211e-09
1.800280907537516437e-09
1.785427995568471985e-09
1.770452603945994620e-09
1.756078712680292289e-09
1.741581639201243550e-09
1.726973055162276029e-09
1.712943049213234834e-09
1.698801661204698522e-09
1.684887817779313671e-09
1.671195754338996447e-09
1.657402075962150354e-09
1.643830105961198607e-09
1.630474645994173869e-09
1.617330331516051518e-09
1.604093256264694960e-09
1.591066520759065985e-09
1.578245219272073007e-09
1.565624593689140945e-09
1.552919743554552597e-09
1.540414495008910104e-09
1.528104158182665220e-09
1.515717027135501268e-09
1.503524197921159762e-09
1.491521108122441682e-09
1.479703023967932024e-09
1.467814540524486772e-09
1.456110141299566558e-09
1.444585497632472070e-09
1.432996824402617539e-09
1.421586920126140266e-09
1.410351471119100021e-09
1.399057537527634208e-09
1.387936715300806519e-09
1.376984831443278530e-09
1.366198062313877848e-09
1.355357441167509943e-09
1.344680679149929731e-09
1.334163782446505732e-09
1.323597240023701794e-09
1.313189257074122693e-09
1.302936437362572164e-09
1.292638431587823469e-09
1.282493934678705511e-09
1.272499201619016680e-09
1.262462762804000097e-09
1.252575205605610227e-09
1.242832946004489596e-09
1.233232433496388389e-09
1.223593016995391248e-09
1.213919134615867927e-09
1.204559850374849074e-09
1.195165264695593212e-09
1.185906545760055844e-09
1.176615652743742867e-09
1.167458803090379079e-09
1.158433427708445499e-09
1.149379037969026833e-09
1.140454673272487437e-09
1.131503906952687837e-09
1.122832259299012899e-09
1.114132876271816294e-09
1.105409873009568499e-09
1.096811154187660803e-09
1.088333644248180823e-09
1.079974379923966814e-09
1.071592076225296291e-09
1.063190739350076039e-09
1.055042932570055056e-09
1.046741170284485080e-09
1.038687118341125523e-09
1.030614024200143295e-09
1.022653211154277201e-09
1.014676349540383431e-09
1.006809897600288172e-09
9.990511078168763489e-10
9.912767282827253047e-10
9.836092453040398762e-10
9.759291060991406446e-10
9.683542158777398876e-10
9.608819368193125489e-10
9.533970828163581374e-10
9.460137809117573579e-10
9.386207388885366422e-10
9.313279732953940711e-10
9.240262945232079258e-10
9.169279978634118546e-10
9.097155371474230134e-10
9.026010243984195421e-10
8.955819871863622034e-10
8.886560063063795747e-10
8.817223527012104603e-10
8.747829621709980783e-10
8.679366433700474778e-10
8.611812165113978963e-10
8.544211270220521883e-10
8.477498840937386443e-10
8.410745632942640754e-10
8.344875872608469229e-10
8.278986919631985792e-10
8.213965154187817562e-10
8.148927844087621769e-10
8.084738508924678978e-10
8.021387469216771265e-10
7.958032553129393888e-10
7.894685962238319258e-10
7.832972859029992399e-10
7.770453074858220759e-10
7.708749009195135701e-10
7.647850724484257269e-10
7.586972839680346752e-10
7.526881546722353323e-10
7.466811785677181930e-10
7.406778185992150017e-10
7.348256822400733650e-10
7.289048773116983300e-10
7.230607304252977328e-10
7.172913682023152724e-10
7.115261821845929571e-10
7.058355343509743198e-10
7.001505728426339501e-10
6.944720810715986726e-10
6.888663425766299217e-10
6.833316522560500923e-10
6.778036842702747595e-10
6.722836445095172406e-10
6.668344297628639113e-10
6.613928614107073690e-10
6.560202628401733285e-10
6.506560381767714494e-10
6.453607430895347054e-10
6.400743552435928058e-10
6.348551151786693287e-10
6.296445411988026374e-10
6.244437811682782078e-10
6.193099130559932514e-10
6.141866590943421117e-10
6.091286306417198353e-10
6.040809693441729797e-10
5.990445090157018706e-10
5.940728776567884084e-10
5.891646848043998521e-10
5.842171062666547468e-10
5.793826968604760531e-10
5.745100117612901984e-10
5.697000274089450705e-10
5.649034175468016278e-10
5.601681262471415145e-10
5.554458242296361415e-10
5.507832782487310152e-10
5.460885507584229572e-10
5.414996986898398454e-10
5.368798834297995586e-10
5.323191677043605967e-10
5.277727629651527959e-10
5.232845219526368153e-10
5.188115221249595153e-10
5.143540553969298106e-10
5.099536488834987068e-10
5.055682751582113313e-10
5.011985700324260231e-10
4.968854113828481354e-10
4.925883824990084516e-10
4.883077303718256080e-10
4.840818638236627102e-10
4.798343437192637527e-10
4.756793497524594343e-10
4.715042279920247493e-10
4.673831137268344275e-10
4.632790547060841741e-10
4.591923250872038206e-10
4.551587305313820521e-10
4.511429825439962942e-10
4.471452954758023855e-10
4.431993819428701995e-10
4.392710699260175697e-10
4.353610941907639868e-10
4.314700404372491528e-10
4.275980726514735182e-10
4.237767219105497909e-10
4.199739458946904357e-10
4.161902315542944236e-10
4.124564283447948024e-10
4.087417118181770498e-10
4.050462082991141914e-10
4.013700386375136446e-10
3.977134886981244229e-10
3.941055047319314233e-10
3.904894045445126849e-10
3.869213317021104574e-10
3.834002605757005524e-10
3.798717491421660818e-10
3.763639455229201402e-10
3.729030734327527041e-10
3.694624285552659910e-10
3.660420561617792680e-10
3.626420129804021200e-10
3.592875116083613797e-10
3.559291237297093424e-10
3.526159051808049065e-10
3.493232044238818839e-10
3.460510462701968470e-10
3.427997597211798643e-10
3.395697044987571134e-10
3.363608916135649865e-10
3.331954683111530781e-10
3.300288581787780254e-10
3.269052144381634659e-10
3.238027815697496809e-10
3.207215714156915655e-10
3.176615767309632708e-10
3.146227870262202631e-10
3.116052617088330340e-10
3.086093578863524008e-10
3.056350940821034296e-10
3.027017227646648847e-10
2.997703522733017011e-10
2.968605248198287493e-10
2.939910335319365416e-10
2.911246599231193527e-10
2.882980935890413435e-10
2.854750302990306184e-10
2.826911445106640060e-10
2.799113858518627878e-10
2.771705989559168320e-10
2.744344360291524339e-10
2.717365926997697055e-10
2.690436716660051828e-10
2.663885816358973436e-10
2.637390861284462220e-10
2.611270097461649725e-10
2.585207760285671848e-10
2.559361238683327591e-10
2.533879914790766189e-10
2.508463661027275612e-10
2.483263404867744816e-10
2.458278007619065907e-10
2.433506320870291148e-10
2.408947468654828693e-10
2.384602413010004266e-10
2.360470425225064831e-10
2.336416918251617304e-10
2.312709436141061001e-10
2.289081022536886335e-10
2.265647850647656638e-10
2.242544026789730039e-10
2.219534240984975451e-10
2.196641861342653400e-10
nan
