# bin_21_1
-5.091232509466833882e-07
-2.046143447368550693e-07
2.401246508009655339e-08
6.430101782957723602e-08
-6.492627574913765980e-07
-3.938800857720204716e-07
1.486891761305650546e-06
6.850165363407266890e-07
-8.875922110550497258e-07
-5.156230436246670336e-07
1.199535281785794518e-07
2.158343949448230057e-07
8.789045816522777419e-08
-1.070001572482288739e-07
-1.981929785684359821e-07
-1.274511744108052521e-07
-4.130529123513235094e-08
-4.649114699650470009e-09
-3.356844713872352828e-09
-2.539900106401502699e-09
-2.056821899567147265e-09
-1.807982921140165879e-09
-1.263581334178445772e-08
-3.234844797975453291e-08
-4.764101818028598851e-08
-5.116255950925720635e-08
-3.654008935745712205e-08
-1.101647266182863657e-08
1.375282508376516729e-08
3.056670637767393608e-08
3.526010061667809368e-08
2.939837824578940442e-08
1.913557402199602284e-08
7.812424946551118123e-09
-2.303125641798858204e-09
-9.722768896773518721e-09
-1.352265598555769873e-08
-1.500235812378340561e-08
-1.593745224085846154e-08
-1.642697127028831221e-08
-1.655290393590979325e-08
-1.638325385711263249e-08
-1.597451259239689587e-08
-1.537366696038629626e-08
-1.398748413772314856e-08
-1.163615403946142724e-08
-8.864121572872833377e-09
-6.085921097837489678e-09
-3.612687614353129961e-09
-1.673370906406105899e-09
-4.317356313205792925e-10
1.989437408385153670e-22
1.840280733595616203e-22
1.583522662704972823e-22
1.270746919415440189e-22
9.429352607231563972e-23
6.323374680669124764e-23
3.640175195877729522e-23
1.571334683291610389e-23
2.599789444147487881e-24
-1.904278641360632699e-24
-1.795283857879430321e-24
-1.612923741055988523e-24
-1.385583567190667283e-24
-1.136656624613876942e-24
-8.853044582389844513e-25
-6.471029469306769598e-25
-4.345918565146218881e-25
-2.577426606554269462e-25
-1.243570554863613244e-25
-4.040662519249648823e-26
-1.032247442190603985e-26
-8.446711471291007189e-27
-6.819638455055440700e-27
-5.418060120258848577e-27
-4.220930420471945551e-27
-3.209140394627566644e-27
-2.365328717564432568e-27
-1.673712294173476594e-27
-1.119934598384800791e-27
-6.909297431631601340e-28
-3.748005146133175497e-28
-1.607088176649715193e-28
-3.877716720011531934e-29
-2.081753361977221536e-35
-1.767877215183083177e-35
-1.488568129877602640e-35
-1.241086790548743066e-35
-1.022910741245588604e-35
-8.317160419274752700e-36
-6.653606090803095094e-36
-5.218690725338470812e-36
-3.994189985766838756e-36
-2.963283455139587290e-36
-2.110440320089665634e-36
-1.421315111237594102e-36
-8.826525412429984564e-37
-4.822005801515960211e-37
-2.086309956796000289e-37
-5.146666437752723557e-38
-1.015029365537899628e-39
-8.794938780942002284e-40
-7.569926629090325035e-40
-6.466425117700453169e-40
-5.476198584160744546e-40
-4.591564742421916932e-40
-3.805355015071845162e-40
-3.110877952483436227e-40
-2.501885477725487534e-40
-1.972541719912119191e-40
-1.517394220269447490e-40
-1.131347314686643331e-40
-8.096375141010749840e-41
-5.478107199541666903e-41
-3.417011263166354826e-41
-1.874116732760026345e-41
-8.129592794797140061e-42
-1.994128013791865531e-42
-1.533493525040556504e-44
-1.363206147364567631e-44
-1.206570218364869857e-44
-1.062799803384252683e-44
-9.311542663368752131e-45
-8.109354725883951992e-45
-7.014851798367718276e-45
-6.021826032231071889e-45
-5.124421419970734531e-45
-4.317112560627782877e-45
-3.594684816469463454e-45
-2.952215761692938565e-45
-2.385057831627622611e-45
-1.888822087946592263e-45
-1.459363021848423653e-45
-1.092764323089418634e-45
-7.853255481805741416e-46
-5.335496260543393951e-46
-3.341311440958262735e-46
-1.839453616522509129e-46
-8.003790201778467288e-47
-1.961507746705821283e-47
-3.480520387271989759e-50
-3.141406674705850728e-50
-2.825885127490922586e-50
-2.532795845335051491e-50
-2.261035909971872068e-50
-2.009556385827187884e-50
-1.777359492641981959e-50
-1.563495939299078618e-50
-1.367062408830931016e-50
-1.187199185263298257e-50
-1.023087913577847815e-50
-8.739494846581162945e-51
-7.390420376239617603e-51
-6.176590724608119405e-51
-5.091276663152272961e-51
-4.128067872614330521e-51
-3.280856997448288475e-51
-2.543824562827983683e-51
-1.911424703504415110e-51
-1.378371657028691198e-51
-9.396269768675618718e-52
-5.903874237447978762e-52
-3.260734961594150232e-52
-1.423185634660443062e-52
-3.495856717889636779e-53
-2.225828074367285423e-56
-2.043321678010417785e-56
-1.871507807251833795e-56
-1.709939091959203214e-56
-1.558186915770338639e-56
-1.415840572440154948e-56
-1.282506463576803310e-56
-1.157807335549984712e-56
-9.328824103612647203e-57
-8.319774694062218932e-57
-7.383479379632296999e-57
-6.516880712606806684e-57
-5.717046044840346718e-57
-4.981162116999425517e-57
-4.306529902470540376e-57
-3.690559692876405158e-57
-2.624765152569785710e-57
-2.170266906596544424e-57
-1.765074509375234846e-57
-1.407078756805990281e-57
-1.094254705048385860e-57
-8.246581376120415187e-58
-5.964221924368585654e-58
-2.569323126313272842e-58
-1.423031550787130961e-58
-6.227842781167657289e-59
-1.533251856144522623e-59
1.194420440037179701e-64
1.172772873395982615e-64
1.145730007678101775e-64
1.113939979050099393e-64
1.078013628110802545e-64
9.960200683606457664e-65
9.510045715539404812e-65
9.039594934949900363e-65
8.055566128219050324e-65
7.550199356973816792e-65
7.040986295477436051e-65
6.531423335150596765e-65
5.524136207752144392e-65
5.032341072977076241e-65
4.552075044013416930e-65
3.635941853033354623e-65
3.204562942481121659e-65
2.793706745066438342e-65
2.040881958738873945e-65
1.702235403714008526e-65
1.107838776594280566e-65
8.546857618189444888e-66
6.324479935240217780e-66
2.847738424743981701e-66
1.611339176079553872e-66
1.809669868013678134e-67
8.009544958287010274e-72
7.081843051221405862e-72
6.647334704608314404e-72
6.231600821448352202e-72
5.454201236711094853e-72
5.091450339612855253e-72
4.415254850917454499e-72
4.100820084832559397e-72
3.516911213212282953e-72
3.246533085152879039e-72
2.746769316865665462e-72
2.516557834079172636e-72
2.093501807037810614e-72
1.717770686064552076e-72
1.546756312165512159e-72
1.236729528123246858e-72
1.097066583765205912e-72
8.468857037241357172e-73
6.335945785097944432e-73
5.400757114953800644e-73
3.779482480835104199e-73
3.088255083678365612e-73
1.932316481230748132e-73
1.062809304217390707e-73
7.298705900562217870e-74
2.569834880073961535e-74
2.793100257487242742e-75
-1.389509413258569602e-82
-1.361653194630868204e-82
-1.320233303898144079e-82
-1.267474087039330986e-82
-1.237487374815246754e-82
-1.171496598807072012e-82
-1.098962013522177460e-82
-1.021528104965522898e-82
-9.814493302909512587e-83
-8.994470529738347419e-83
-8.160673513973210566e-83
-7.325082854250039594e-83
-6.498604387948956177e-83
-6.091915691978337537e-83
-5.297393127424375704e-83
-4.535042719089198058e-83
-3.812586652805466296e-83
-3.136982017962714764e-83
-2.514476921158357421e-83
-1.950662682186980160e-83
-1.450522391057502593e-83
-1.018476084023424048e-83
-6.584227775376296156e-84
-3.737795814451451660e-84
-1.675180965004901664e-84
-4.219828631874103045e-85
-4.159951840316369678e-94
-3.802705211009790348e-94
-3.467319675650074746e-94
-3.152847674539299861e-94
-2.858382731775157660e-94
-2.583057545011901765e-94
-2.326042172042340375e-94
-2.086542308843764230e-94
-1.863797654053459247e-94
-1.657080355140265788e-94
-1.465693531821373217e-94
-1.288969872536280048e-94
-1.126270300038056721e-94
-9.071841842119354894e-95
-7.769228695064714471e-95
-6.586534450412987087e-95
-5.518490487871233408e-95
-4.560047938813606961e-95
-3.317357099719721426e-95
-2.612185427875075300e-95
-2.000539214238704003e-95
-1.478245291992537338e-95
-8.536324850258289581e-96
-5.375719685389690614e-96
-2.975639888413700937e-96
-7.263033212224242522e-97
-7.942989047357908495e-98
2.901285863630745141e-109
2.825069837572467588e-109
2.756772111590115980e-109
2.632356247384512458e-109
2.537067736606214957e-109
2.433620513953770078e-109
2.266128641680405555e-109
2.148101191074000021e-109
1.964434583539372982e-109
1.839145496199954564e-109
1.649427105070339725e-109
1.523089844596211789e-109
1.335892927925227199e-109
1.153753580969600773e-109
1.036299812041622814e-109
8.676562762007392725e-110
7.610909454434606537e-110
6.113461050208233893e-110
4.751337014878622274e-110
3.925506014250306210e-110
2.819586112120590442e-110
1.883111530076811316e-110
1.357913068248458402e-110
7.253390804876485630e-111
2.858637057444978208e-111
4.610521927260892390e-112
-5.397492080242069988e-128
-5.300273866202706504e-128
-5.157972203693807707e-128
-4.977351409873589345e-128
-4.764668706035840620e-128
-4.607942729966128853e-128
-4.354456532301678162e-128
-4.083363435443043123e-128
-3.799332016010728794e-128
-3.506662512328169765e-128
-3.209311261401734414e-128
-2.910913542092866235e-128
-2.614804931798304497e-128
-2.324041276357512206e-128
-2.041417365880103563e-128
-1.769484402682342072e-128
-1.510566341501210522e-128
-1.266775176578525418e-128
-1.040025245039608107e-128
-7.671658563695535149e-129
-5.866116864572853775e-129
-4.282178768620638192e-129
-2.931862985835025718e-129
-1.825833156773628967e-129
-9.734918986917615843e-130
-2.457290275260693759e-130
-1.545818930818305320e-131
9.851791790856271453e-152
9.587724495797899193e-152
9.325989969800617599e-152
9.017829289949351846e-152
8.546476009420704646e-152
8.155798529873815576e-152
7.739791255756022606e-152
7.155080468091104003e-152
6.700538224149862168e-152
6.081941538607976327e-152
5.614111959051009054e-152
4.992606987871970106e-152
4.532835379975799010e-152
3.934538964333996331e-152
3.500766057634749126e-152
2.947555365817216992e-152
2.428487743716138520e-152
2.064809825832837530e-152
1.617925739071477915e-152
1.218441516353856921e-152
9.522646091541212561e-153
6.447033814832350096e-153
3.940329046403572445e-153
2.029217254146202944e-153
7.367202185699578326e-154
1.852517324622633262e-154
2.421106538839092733e-179
2.205848028967554827e-179
2.004237363983380977e-179
1.815661691761524776e-179
1.639535682915722701e-179
1.475300205567548387e-179
1.322421069660871537e-179
1.180387836838215517e-179
1.048712692143873759e-179
9.269293740506559809e-180
8.145921595219983119e-180
7.112749010235543524e-180
5.941935678528586171e-180
5.097083687864672409e-180
4.329826044117149890e-180
3.636636697648444807e-180
2.869183349271391893e-180
2.330534934257009882e-180
1.855513776291709073e-180
1.346771052183759378e-180
1.004411669355028356e-180
7.166269602178181225e-181
4.297875323565022176e-181
2.556849949148755368e-181
1.034935053996878606e-181
3.141908084865048778e-182
-2.037366726217441607e-215
-2.008834494235604900e-215
-1.957012085286475219e-215
-1.889775614248688825e-215
-1.826590080015116012e-215
-1.737834244053843152e-215
-1.640247310009338415e-215
-1.557176630558585383e-215
-1.448655384334009283e-215
-1.336540662685104143e-215
-1.222423882413178742e-215
-1.107765247757574275e-215
-9.939026338415452084e-216
-8.820598827924747378e-216
-7.947943659507801939e-216
-6.893368243704830575e-216
-5.887832723895270453e-216
-4.757931129368486352e-216
-3.889309402034130312e-216
-3.094370689338533702e-216
-2.379277846220390385e-216
-1.749548131529266098e-216
-1.210098283938648062e-216
-6.880275021685456516e-217
-3.618066850463320942e-217
-1.380373739672007375e-217
-1.954350283700875435e-218
-5.186454730189681715e-263
-4.766458879616629059e-263
-4.294249000107219725e-263
-3.926085465408093908e-263
-3.513310361459167833e-263
-3.192471620166707549e-263
-2.833961656075674787e-263
-2.556329991054275601e-263
-2.247361181041008742e-263
-1.963570004200466416e-263
-1.745425837562362936e-263
-1.504657877202502408e-263
-1.285749271422259281e-263
-1.087633098363453026e-263
-9.092924780922787824e-264
-7.497580893751145753e-264
-6.081058199360620047e-264
-4.834545423913287349e-264
-3.749640085510169581e-264
-2.818328552403053889e-264
-2.032967152217044024e-264
-1.386264272012143645e-264
-8.712633927434562004e-265
-4.813270051708127175e-265
-2.101213575199084596e-265
-3.572872611878706259e-266
0.000000000000000000e+00
0.000000000000000000e+00
0.000000000000000000e+00
0.000000000000000000e+00
0.000000000000000000e+00
0.000000000000000000e+00
0.000000000000000000e+00
0.000000000000000000e+00
0.000000000000000000e+00
0.000000000000000000e+00
0.000000000000000000e+00
0.000000000000000000e+00
0.000000000000000000e+00
0.000000000000000000e+00
0.000000000000000000e+00
0.000000000000000000e+00
0.000000000000000000e+00
0.000000000000000000e+00
0.000000000000000000e+00
0.000000000000000000e+00
0.000000000000000000e+00
0.000000000000000000e+00
0.000000000000000000e+00
0.000000000000000000e+00
0.000000000000000000e+00
0.000000000000000000e+00
0.000000000000000000e+00
0.000000000000000000e+00
0.000000000000000000e+00
0.000000000000000000e+00
0.000000000000000000e+00
0.000000000000000000e+00
0.000000000000000000e+00
0.000000000000000000e+00
0.000000000000000000e+00
0.000000000000000000e+00
0.000000000000000000e+00
0.000000000000000000e+00
0.000000000000000000e+00
0.000000000000000000e+00
0.000000000000000000e+00
0.000000000000000000e+00
0.000000000000000000e+00
0.000000000000000000e+00
0.000000000000000000e+00
0.000000000000000000e+00
0.000000000000000000e+00
0.000000000000000000e+00
0.000000000000000000e+00
0.000000000000000000e+00
0.000000000000000000e+00
0.000000000000000000e+00
0.000000000000000000e+00
0.000000000000000000e+00
0.000000000000000000e+00
0.000000000000000000e+00
0.000000000000000000e+00
0.000000000000000000e+00
0.000000000000000000e+00
0.000000000000000000e+00
0.000000000000000000e+00
0.000000000000000000e+00
0.000000000000000000e+00
0.000000000000000000e+00
0.000000000000000000e+00
0.000000000000000000e+00
0.000000000000000000e+00
0.000000000000000000e+00
0.000000000000000000e+00
0.000000000000000000e+00
0.000000000000000000e+00
0.000000000000000000e+00
0.000000000000000000e+00
0.000000000000000000e+00
0.000000000000000000e+00
0.000000000000000000e+00
0.000000000000000000e+00
0.000000000000000000e+00
0.000000000000000000e+00
0.000000000000000000e+00
0.000000000000000000e+00
0.000000000000000000e+00
0.000000000000000000e+00
0.000000000000000000e+00
0.000000000000000000e+00
0.000000000000000000e+00
0.000000000000000000e+00
0.000000000000000000e+00
0.000000000000000000e+00
0.000000000000000000e+00
0.000000000000000000e+00
0.000000000000000000e+00
0.000000000000000000e+00
0.000000000000000000e+00
0.000000000000000000e+00
0.000000000000000000e+00
0.000000000000000000e+00
0.000000000000000000e+00
0.000000000000000000e+00
0.000000000000000000e+00
0.000000000000000000e+00
0.000000000000000000e+00
0.000000000000000000e+00
0.000000000000000000e+00
0.000000000000000000e+00
0.000000000000000000e+00
0.000000000000000000e+00
0.000000000000000000e+00
0.000000000000000000e+00
0.000000000000000000e+00
0.000000000000000000e+00
0.000000000000000000e+00
0.000000000000000000e+00
0.000000000000000000e+00
0.000000000000000000e+00
0.000000000000000000e+00
0.000000000000000000e+00
0.000000000000000000e+00
0.000000000000000000e+00
0.000000000000000000e+00
0.000000000000000000e+00
0.000000000000000000e+00
0.000000000000000000e+00
0.000000000000000000e+00
0.000000000000000000e+00
0.000000000000000000e+00
0.000000000000000000e+00
0.000000000000000000e+00
0.000000000000000000e+00
0.000000000000000000e+00
0.000000000000000000e+00
0.000000000000000000e+00
0.000000000000000000e+00
0.000000000000000000e+00
0.000000000000000000e+00
0.000000000000000000e+00
0.000000000000000000e+00
0.000000000000000000e+00
0.000000000000000000e+00
0.000000000000000000e+00
0.000000000000000000e+00
0.000000000000000000e+00
0.000000000000000000e+00
0.000000000000000000e+00
0.000000000000000000e+00
0.000000000000000000e+00
0.000000000000000000e+00
0.000000000000000000e+00
0.000000000000000000e+00
0.000000000000000000e+00
0.000000000000000000e+00
0.000000000000000000e+00
0.000000000000000000e+00
0.000000000000000000e+00
0.000000000000000000e+00
0.000000000000000000e+00
0.000000000000000000e+00
0.000000000000000000e+00
0.000000000000000000e+00
0.000000000000000000e+00
0.000000000000000000e+00
0.000000000000000000e+00
0.000000000000000000e+00
0.000000000000000000e+00
0.000000000000000000e+00
0.000000000000000000e+00
0.000000000000000000e+00
0.000000000000000000e+00
0.000000000000000000e+00
0.000000000000000000e+00
0.000000000000000000e+00
0.000000000000000000e+00
0.000000000000000000e+00
0.000000000000000000e+00
0.000000000000000000e+00
0.000000000000000000e+00
0.000000000000000000e+00
0.000000000000000000e+00
0.000000000000000000e+00
0.000000000000000000e+00
0.000000000000000000e+00
0.000000000000000000e+00
0.000000000000000000e+00
0.000000000000000000e+00
0.000000000000000000e+00
0.000000000000000000e+00
0.000000000000000000e+00
0.000000000000000000e+00
0.000000000000000000e+00
0.000000000000000000e+00
0.000000000000000000e+00
0.000000000000000000e+00
0.000000000000000000e+00
0.000000000000000000e+00
0.000000000000000000e+00
0.000000000000000000e+00
0.000000000000000000e+00
0.000000000000000000e+00
0.000000000000000000e+00
0.000000000000000000e+00
0.000000000000000000e+00
0.000000000000000000e+00
0.000000000000000000e+00
0.000000000000000000e+00
0.000000000000000000e+00
0.000000000000000000e+00
0.000000000000000000e+00
0.000000000000000000e+00
0.000000000000000000e+00
0.000000000000000000e+00
0.000000000000000000e+00
0.000000000000000000e+00
0.000000000000000000e+00
0.000000000000000000e+00
0.000000000000000000e+00
0.000000000000000000e+00
0.000000000000000000e+00
0.000000000000000000e+00
0.000000000000000000e+00
0.000000000000000000e+00
0.000000000000000000e+00
0.000000000000000000e+00
0.000000000000000000e+00
0.000000000000000000e+00
0.000000000000000000e+00
0.000000000000000000e+00
0.000000000000000000e+00
0.000000000000000000e+00
0.000000000000000000e+00
0.000000000000000000e+00
0.000000000000000000e+00
0.000000000000000000e+00
0.000000000000000000e+00
0.000000000000000000e+00
0.000000000000000000e+00
0.000000000000000000e+00
0.000000000000000000e+00
0.000000000000000000e+00
0.000000000000000000e+00
0.000000000000000000e+00
0.000000000000000000e+00
0.000000000000000000e+00
0.000000000000000000e+00
0.000000000000000000e+00
0.000000000000000000e+00
0.000000000000000000e+00
0.000000000000000000e+00
0.000000000000000000e+00
0.000000000000000000e+00
0.000000000000000000e+00
0.000000000000000000e+00
0.000000000000000000e+00
0.000000000000000000e+00
0.000000000000000000e+00
0.000000000000000000e+00
0.000000000000000000e+00
0.000000000000000000e+00
0.000000000000000000e+00
0.000000000000000000e+00
0.000000000000000000e+00
0.000000000000000000e+00
0.000000000000000000e+00
0.000000000000000000e+00
0.000000000000000000e+00
0.000000000000000000e+00
0.000000000000000000e+00
0.000000000000000000e+00
0.000000000000000000e+00
0.000000000000000000e+00
0.000000000000000000e+00
0.000000000000000000e+00
0.000000000000000000e+00
0.000000000000000000e+00
0.000000000000000000e+00
0.000000000000000000e+00
0.000000000000000000e+00
0.000000000000000000e+00
0.000000000000000000e+00
0.000000000000000000e+00
0.000000000000000000e+00
0.000000000000000000e+00
0.000000000000000000e+00
0.000000000000000000e+00
0.000000000000000000e+00
0.000000000000000000e+00
0.000000000000000000e+00
0.000000000000000000e+00
0.000000000000000000e+00
0.000000000000000000e+00
0.000000000000000000e+00
0.000000000000000000e+00
0.000000000000000000e+00
0.000000000000000000e+00
0.000000000000000000e+00
0.000000000000000000e+00
0.000000000000000000e+00
0.000000000000000000e+00
0.000000000000000000e+00
0.000000000000000000e+00
0.000000000000000000e+00
0.000000000000000000e+00
0.000000000000000000e+00
0.000000000000000000e+00
0.000000000000000000e+00
0.000000000000000000e+00
0.000000000000000000e+00
0.000000000000000000e+00
0.000000000000000000e+00
0.000000000000000000e+00
0.000000000000000000e+00
0.000000000000000000e+00
0.000000000000000000e+00
0.000000000000000000e+00
0.000000000000000000e+00
0.000000000000000000e+00
0.000000000000000000e+00
0.000000000000000000e+00
0.000000000000000000e+00
0.000000000000000000e+00
0.000000000000000000e+00
0.000000000000000000e+00
0.000000000000000000e+00
0.000000000000000000e+00
0.000000000000000000e+00
0.000000000000000000e+00
0.000000000000000000e+00
0.000000000000000000e+00
0.000000000000000000e+00
0.000000000000000000e+00
0.000000000000000000e+00
0.000000000000000000e+00
0.000000000000000000e+00
0.000000000000000000e+00
0.000000000000000000e+00
0.000000000000000000e+00
0.000000000000000000e+00
0.000000000000000000e+00
0.000000000000000000e+00
0.000000000000000000e+00
0.000000000000000000e+00
0.000000000000000000e+00
0.000000000000000000e+00
0.000000000000000000e+00
0.000000000000000000e+00
0.000000000000000000e+00
0.000000000000000000e+00
0.000000000000000000e+00
0.000000000000000000e+00
0.000000000000000000e+00
0.000000000000000000e+00
0.000000000000000000e+00
0.000000000000000000e+00
0.000000000000000000e+00
0.000000000000000000e+00
0.000000000000000000e+00
0.000000000000000000e+00
0.000000000000000000e+00
0.000000000000000000e+00
0.000000000000000000e+00
0.000000000000000000e+00
0.000000000000000000e+00
0.000000000000000000e+00
0.000000000000000000e+00
0.000000000000000000e+00
0.000000000000000000e+00
0.000000000000000000e+00
0.000000000000000000e+00
0.000000000000000000e+00
0.000000000000000000e+00
0.000000000000000000e+00
0.000000000000000000e+00
0.000000000000000000e+00
0.000000000000000000e+00
0.000000000000000000e+00
0.000000000000000000e+00
0.000000000000000000e+00
0.000000000000000000e+00
0.000000000000000000e+00
0.000000000000000000e+00
0.000000000000000000e+00
0.000000000000000000e+00
0.000000000000000000e+00
0.000000000000000000e+00
0.000000000000000000e+00
0.000000000000000000e+00
0.000000000000000000e+00
0.000000000000000000e+00
0.000000000000000000e+00
0.000000000000000000e+00
0.000000000000000000e+00
0.000000000000000000e+00
0.000000000000000000e+00
0.000000000000000000e+00
0.000000000000000000e+00
0.000000000000000000e+00
0.000000000000000000e+00
0.000000000000000000e+00
0.000000000000000000e+00
0.000000000000000000e+00
0.000000000000000000e+00
0.000000000000000000e+00
0.000000000000000000e+00
0.000000000000000000e+00
0.000000000000000000e+00
0.000000000000000000e+00
0.000000000000000000e+00
0.000000000000000000e+00
0.000000000000000000e+00
0.000000000000000000e+00
0.000000000000000000e+00
0.000000000000000000e+00
0.000000000000000000e+00
0.000000000000000000e+00
0.000000000000000000e+00
0.000000000000000000e+00
0.000000000000000000e+00
0.000000000000000000e+00
0.000000000000000000e+00
0.000000000000000000e+00
0.000000000000000000e+00
0.000000000000000000e+00
0.000000000000000000e+00
0.000000000000000000e+00
0.000000000000000000e+00
0.000000000000000000e+00
0.000000000000000000e+00
0.000000000000000000e+00
0.000000000000000000e+00
0.000000000000000000e+00
0.000000000000000000e+00
0.000000000000000000e+00
0.000000000000000000e+00
0.000000000000000000e+00
0.000000000000000000e+00
0.000000000000000000e+00
0.000000000000000000e+00
0.000000000000000000e+00
0.000000000000000000e+00
0.000000000000000000e+00
0.000000000000000000e+00
0.000000000000000000e+00
0.000000000000000000e+00
0.000000000000000000e+00
0.000000000000000000e+00
0.000000000000000000e+00
0.000000000000000000e+00
0.000000000000000000e+00
0.000000000000000000e+00
0.000000000000000000e+00
0.000000000000000000e+00
0.000000000000000000e+00
0.000000000000000000e+00
0.000000000000000000e+00
0.000000000000000000e+00
0.000000000000000000e+00
0.000000000000000000e+00
0.000000000000000000e+00
0.000000000000000000e+00
0.000000000000000000e+00
0.000000000000000000e+00
0.000000000000000000e+00
0.000000000000000000e+00
0.000000000000000000e+00
0.000000000000000000e+00
0.000000000000000000e+00
0.000000000000000000e+00
0.000000000000000000e+00
0.000000000000000000e+00
0.000000000000000000e+00
0.000000000000000000e+00
0.000000000000000000e+00
0.000000000000000000e+00
0.000000000000000000e+00
0.000000000000000000e+00
0.000000000000000000e+00
0.000000000000000000e+00
0.000000000000000000e+00
0.000000000000000000e+00
0.000000000000000000e+00
0.000000000000000000e+00
0.000000000000000000e+00
0.000000000000000000e+00
0.000000000000000000e+00
0.000000000000000000e+00
0.000000000000000000e+00
0.000000000000000000e+00
0.000000000000000000e+00
0.000000000000000000e+00
0.000000000000000000e+00
0.000000000000000000e+00
0.000000000000000000e+00
0.000000000000000000e+00
0.000000000000000000e+00
0.000000000000000000e+00
0.000000000000000000e+00
0.000000000000000000e+00
0.000000000000000000e+00
0.000000000000000000e+00
0.000000000000000000e+00
0.000000000000000000e+00
0.000000000000000000e+00
0.000000000000000000e+00
0.000000000000000000e+00
0.000000000000000000e+00
0.000000000000000000e+00
0.000000000000000000e+00
0.000000000000000000e+00
0.000000000000000000e+00
0.000000000000000000e+00
0.000000000000000000e+00
0.000000000000000000e+00
0.000000000000000000e+00
0.000000000000000000e+00
0.000000000000000000e+00
0.000000000000000000e+00
0.000000000000000000e+00
0.000000000000000000e+00
0.000000000000000000e+00
0.000000000000000000e+00
0.000000000000000000e+00
0.000000000000000000e+00
0.000000000000000000e+00
0.000000000000000000e+00
0.000000000000000000e+00
0.000000000000000000e+00
0.000000000000000000e+00
0.000000000000000000e+00
0.000000000000000000e+00
0.000000000000000000e+00
0.000000000000000000e+00
0.000000000000000000e+00
0.000000000000000000e+00
0.000000000000000000e+00
0.000000000000000000e+00
0.000000000000000000e+00
0.000000000000000000e+00
0.000000000000000000e+00
0.000000000000000000e+00
0.000000000000000000e+00
0.000000000000000000e+00
0.000000000000000000e+00
0.000000000000000000e+00
0.000000000000000000e+00
nan
