# bin_15_1
-2.290579225698126628e-07
1.185375336758016759e-07
2.898379647757062941e-07
1.213559769838377519e-07
-3.930092276875296537e-07
1.354943596613824934e-08
1.093719411989506228e-06
2.925806387037896851e-08
-7.456487766163511641e-07
-3.197564569331216250e-07
1.200465939474642100e-06
3.526132949568522149e-07
-2.405222248967177042e-06
3.254012992734066605e-07
2.210802527627234282e-06
1.226480208640420245e-06
-2.897175280196185097e-09
-4.841145084992935825e-07
-3.636575169499029853e-07
-1.957806344539119271e-07
-6.685635593454617179e-08
-1.835855525906553935e-08
-1.819731248584551642e-08
-2.026738910040995606e-08
-2.381857897422026559e-08
-2.831367218862961767e-08
-6.397739287681827549e-08
-1.303750268903214555e-07
-1.940425778123785133e-07
-2.343464270532663418e-07
-2.393920844829795274e-07
-1.918247655030001197e-07
-1.063758794057992677e-07
-1.425216706075615242e-08
6.350230899665001549e-08
1.132122318646600858e-07
1.265228646849897844e-07
1.053350223216771832e-07
6.548444115531225657e-08
1.937074730574597941e-08
-2.405254667628261738e-08
-5.846236533306516522e-08
-7.953878476607187621e-08
-8.448175088623030490e-08
-7.686436511814724564e-08
-6.394327842326820845e-08
-4.871033777903497095e-08
-3.344350254384812972e-08
-1.985252938341753147e-08
-9.195548753289319449e-09
-2.372484205843423624e-09
2.951790586562413347e-19
2.815245086214348657e-19
2.640327130010354774e-19
2.442329782932880906e-19
2.233538609316277433e-19
2.023751185214017082e-19
1.820707753833405521e-19
1.630448679329671620e-19
1.457611471205911473e-19
1.305677826255476623e-19
1.161853141885621140e-19
1.015392658683576601e-19
8.712752774081657264e-20
7.335046215164130814e-20
6.052633270938433457e-20
4.890437117002463284e-20
3.867585151765703990e-20
2.998348040835303224e-20
2.292936328037719579e-20
1.758176399875288390e-20
1.398084139892170994e-20
1.144029311550845748e-20
9.236572460182716559e-21
7.338263597830249146e-21
5.716861595713947170e-21
4.346485124905591410e-21
3.203619868438256083e-21
2.266889076673008818e-21
1.516848156418527023e-21
9.358005662534703324e-22
5.076326249500595231e-22
2.176651302395417852e-22
5.251993761251152625e-23
-1.312892976276719199e-28
-1.266025275989772227e-28
-1.191777564215125438e-28
-1.097330490164715977e-28
-9.889481670364686984e-29
-8.720807178941088805e-29
-7.514554347562743655e-29
-6.311578584022080684e-29
-5.147039287612326758e-29
-4.051042181743000460e-29
-3.049211396003852067e-29
-2.163199166742232275e-29
-1.411140104163054902e-29
-8.080561663902101198e-30
-3.662177720973600602e-30
-9.546586049539846268e-31
-3.499159650005266098e-32
-3.031515479639331175e-32
-2.608847858337957257e-32
-2.228109275820120986e-32
-1.886458006996104336e-32
-1.581243261291332505e-32
-1.309991496377997961e-32
-1.070393796972457971e-32
-8.602942285472101249e-33
-6.776790840810030605e-33
-5.206669494234333088e-33
-3.874995195736803531e-33
-2.765331042388663358e-33
-1.862307665183245675e-33
-1.151550435148877702e-33
-6.196120215720540612e-34
-2.539098757721691530e-34
-4.266825066178121314e-35
2.513560029971544022e-35
2.454753082183224090e-35
2.366089509395900675e-35
2.253115363872244228e-35
2.120863490682067744e-35
1.973895383253655830e-35
1.816339638615114106e-35
1.651927298888451088e-35
1.484024340166773257e-35
1.315661546861796620e-35
1.149561988717447826e-35
9.881662987319767446e-36
8.336559330262919744e-36
6.879745780686873341e-36
5.528478564631092446e-36
4.298014695922087740e-36
3.201779036543748457e-36
2.251518149343370289e-36
1.457442004011876038e-36
8.283545084488160301e-37
3.717737566226115283e-37
9.404281013887946094e-38
4.317632680112682395e-40
3.896951890240297389e-40
3.505537914978735453e-40
3.141951865220202051e-40
2.804825539516191881e-40
2.492857703334611198e-40
2.204810581632734936e-40
1.939506551406702062e-40
1.695825021784440198e-40
1.472699490069047555e-40
1.269114762919076247e-40
1.084104332573393378e-40
9.167478986990150897e-41
7.661690270620664993e-41
6.315329367990909521e-41
5.120444086032500470e-41
4.069458066378717064e-41
3.155152074541030804e-41
2.370646296202908344e-41
1.709383581726531926e-41
1.165113583702591398e-41
7.318777358547956939e-42
4.039950248579859436e-42
1.760485096484099644e-42
4.287254562871640495e-43
-4.593262004925593639e-45
-4.521390920032919278e-45
-4.418679082053181564e-45
-4.289234089218755270e-45
-4.136887785556382218e-45
-3.965212629927830303e-45
-3.777537094803273341e-45
-3.576960154562369739e-45
-3.148431465919944868e-45
-2.925648916936932872e-45
-2.700326810246293861e-45
-2.474605805217908987e-45
-2.250467763721628420e-45
-2.029745244156279195e-45
-1.814130443605679770e-45
-1.605183621101183259e-45
-1.212922408780084020e-45
-1.032137996466978783e-45
-8.630951997892955084e-46
-7.068048343756619475e-46
-5.641870234025016165e-46
-4.360767544407499952e-46
-3.232291171867597074e-46
-1.459719472852016177e-46
-8.271614035284646856e-47
-3.703894010160440087e-47
-9.364583068814753417e-48
-5.865445018218212344e-50
-5.443323972642196518e-50
-5.042666218058070352e-50
-4.662706837275689259e-50
-4.302708155465664880e-50
-3.639772199605327530e-50
-3.335486635093348116e-50
-3.048463316057676892e-50
-2.523760076344389027e-50
-2.284911703286710473e-50
-2.060987087241058797e-50
-1.851451711447087904e-50
-1.473502770317505326e-50
-1.304110300069961792e-50
-1.147147971038833015e-50
-8.687361094118586140e-51
-7.464357171282138085e-51
-6.348626500299261152e-51
-4.423521643368092855e-51
-3.606743461269065459e-51
-2.247159739947412868e-51
-1.697679004578656572e-51
-1.230809764249082632e-51
-5.327600199220289926e-52
-2.957610390451068253e-52
-3.199474680558781344e-53
2.428187727790657903e-56
2.368456524969042004e-56
2.326434568137677245e-56
2.277359890076151803e-56
2.160978790592324392e-56
2.095046217147500240e-56
1.950879539496104762e-56
1.873823631346384742e-56
1.712491278478836142e-56
1.629221609559977077e-56
1.459798725109305979e-56
1.374502128077811427e-56
1.204710712910626010e-56
1.038372186533082844e-56
9.573181808547279730e-57
8.009217664834844176e-57
7.261208000963337186e-57
5.845482916327593195e-57
4.551564522656026272e-57
3.955299433145604108e-57
2.873075469749083544e-57
2.390328345965269619e-57
1.548767209965484525e-57
8.808606834292118152e-58
6.148253962777917014e-58
2.234136378173565000e-58
2.503115031746743430e-59
4.313398232425752589e-64
3.883579609266997884e-64
3.484453286298479390e-64
3.114460191269093714e-64
2.939923173477141111e-64
2.610878750285217030e-64
2.307407063944499764e-64
2.028207971050174363e-64
1.897322277285130828e-64
1.652235971777668153e-64
1.428449578654069460e-64
1.224876336922931736e-64
1.040483338451100580e-64
9.551706716956120950e-65
7.977222086189151581e-65
6.570891335511676009e-65
5.324057554731038189e-65
4.228486993380331244e-65
3.276347261550882471e-65
2.460186744966173692e-65
1.772915160807023993e-65
1.207785185616341525e-65
7.583750911027442167e-66
4.185723278219973233e-66
1.825580005936338636e-66
4.479218311340323893e-67
2.257593326491125203e-73
2.063716657434468547e-73
1.881703938177928721e-73
1.711040930929192689e-73
1.551235693948010962e-73
1.401817544865217489e-73
1.262336076546244319e-73
1.132360222591836788e-73
1.011477369743842056e-73
8.992925146271973973e-74
7.954274624126756715e-74
6.995200651275323137e-74
6.112234974759067311e-74
4.923261226977244127e-74
4.216336997879832997e-74
3.574492395705547632e-74
2.994868156099939529e-74
2.474724273276022673e-74
1.800319700115725649e-74
1.417625159048888054e-74
1.085686602285156370e-74
8.022392647694459413e-75
4.632637768843230839e-75
2.917386871290533203e-75
1.614870798825922006e-75
3.941626228596306278e-76
4.310636154249990647e-77
-6.252168406530998403e-85
-6.087925566428185664e-85
-5.940746382888395717e-85
-5.672634596591009961e-85
-5.467291226583407351e-85
-5.244366121091910902e-85
-4.883427061171912717e-85
-4.629082080198144345e-85
-4.233287037952470702e-85
-3.963293486690965631e-85
-3.554457064872859877e-85
-3.282204737583951671e-85
-2.878802004029979557e-85
-2.486298154306988023e-85
-2.233189437056903869e-85
-1.869768582887640253e-85
-1.640124064729643873e-85
-1.317429230667446199e-85
-1.023896319408365171e-85
-8.459326600535298371e-86
-6.076108332068599608e-86
-4.058038734457011989e-86
-2.926254627497993165e-86
-1.563080060437988689e-86
-6.160261737933556682e-87
-9.935511662189777424e-88
-7.200135406906053131e-98
-6.539194932387213036e-98
-5.921644939108238187e-98
-5.345458588645615767e-98
-4.808703786942053196e-98
-4.471860423865325074e-98
-3.996773720816672435e-98
-3.556394212291592007e-98
-3.149098496586525325e-98
-2.773337860496421264e-98
-2.427634616169281509e-98
-2.110578633243114832e-98
-1.820824054921217646e-98
-1.557086187356254429e-98
-1.318138552381821247e-98
-1.102810094251572721e-98
-9.099825316264716931e-99
-7.385878465919526360e-99
-5.876059029907680919e-99
-4.163717549141012880e-99
-3.093046163962352004e-99
-2.195674167173459428e-99
-1.463228294146089344e-99
-8.877061142513052761e-100
-4.614588918002897941e-100
-1.127445455679985224e-100
-6.926909856806758040e-102
1.144153470966801449e-115
1.113485596673084780e-115
1.083088642215563452e-115
1.047299912718198578e-115
9.925585516117871163e-116
9.471866026565724361e-116
8.988729378193723974e-116
8.309666227631136052e-116
7.781776380639953819e-116
7.063359304927687408e-116
6.520037999895802554e-116
5.798243340514541757e-116
5.264280288722650258e-116
4.569439253552877547e-116
4.065670205904168728e-116
3.423190191449903127e-116
2.820362772741518501e-116
2.397999652515658414e-116
1.879003727873406523e-116
1.415056387407826106e-116
1.105927612938145178e-116
7.487365012653808597e-117
4.576163657232617555e-117
2.356663654658171087e-117
8.556017150002271116e-118
2.151450387897736446e-118
1.829438340997250776e-136
1.666784544120656850e-136
1.514443342046644584e-136
1.371951650992266665e-136
1.238867183927124243e-136
1.114767449201364388e-136
9.992488017236238392e-137
8.919255436789169751e-137
7.924290719640884748e-137
7.004070696938264596e-137
6.155227392925291100e-137
5.374540748402789913e-137
4.489849899481089300e-137
3.851462203857613427e-137
3.271706406920248226e-137
2.747918152393973388e-137
2.168014476977475431e-137
1.761000557128576717e-137
1.402064713031715825e-137
1.017648153803082347e-137
7.589542998567162632e-138
5.414982018277524928e-138
3.247563779463350619e-138
1.932008878631372736e-138
7.820184026811664004e-139
2.374090946487670912e-139
4.882434492831571898e-163
4.515173127539730302e-163
4.083696867226027184e-163
3.681525463804585777e-163
3.379949118067809998e-163
3.027059241502462661e-163
2.699736626414437822e-163
2.455467357836884112e-163
2.171138107161621883e-163
1.909111349208788168e-163
1.668323296861582808e-163
1.447759696821298688e-163
1.246453377022694344e-163
1.063481925889667608e-163
9.297132362964881845e-164
7.775546049078634300e-164
6.413679615161957195e-164
4.979434020482234781e-164
3.942293340261364053e-164
3.041404397693119473e-164
2.270122208937465810e-164
1.622102886618774286e-164
1.091289348742530653e-164
6.008995680057628625e-165
3.079453979811985785e-165
1.145881110887449455e-165
1.583494756021017420e-166
-1.293224143525346888e-199
-1.268455332708557981e-199
-1.228688486345485326e-199
-1.188383926089634171e-199
-1.132845812467646051e-199
-1.081624324062396618e-199
-1.015457059156456535e-199
-9.572904323095035940e-200
-8.849085982932002982e-200
-8.107660107444012166e-200
-7.483801860755787835e-200
-6.736178032287952631e-200
-5.997868910064511794e-200
-5.276844578601032970e-200
-4.580363931808467356e-200
-3.915024021616534979e-200
-3.286806109117928112e-200
-2.701118643778768946e-200
-2.162837380114419671e-200
-1.676342826303021403e-200
-1.245555205403963660e-200
-8.739670970789665347e-201
-5.646739158912000527e-201
-3.204023713166558679e-201
-1.435370444656633613e-201
-2.512953547954598576e-202
0.000000000000000000e+00
0.000000000000000000e+00
0.000000000000000000e+00
0.000000000000000000e+00
0.000000000000000000e+00
0.000000000000000000e+00
0.000000000000000000e+00
0.000000000000000000e+00
0.000000000000000000e+00
0.000000000000000000e+00
0.000000000000000000e+00
0.000000000000000000e+00
0.000000000000000000e+00
0.000000000000000000e+00
0.000000000000000000e+00
0.000000000000000000e+00
0.000000000000000000e+00
0.000000000000000000e+00
0.000000000000000000e+00
0.000000000000000000e+00
0.000000000000000000e+00
0.000000000000000000e+00
0.000000000000000000e+00
0.000000000000000000e+00
0.000000000000000000e+00
0.000000000000000000e+00
0.000000000000000000e+00
0.000000000000000000e+00
0.000000000000000000e+00
0.000000000000000000e+00
0.000000000000000000e+00
0.000000000000000000e+00
0.000000000000000000e+00
0.000000000000000000e+00
0.000000000000000000e+00
0.000000000000000000e+00
0.000000000000000000e+00
0.000000000000000000e+00
0.000000000000000000e+00
0.000000000000000000e+00
0.000000000000000000e+00
0.000000000000000000e+00
0.000000000000000000e+00
0.000000000000000000e+00
0.000000000000000000e+00
0.000000000000000000e+00
0.000000000000000000e+00
0.000000000000000000e+00
0.000000000000000000e+00
0.000000000000000000e+00
0.000000000000000000e+00
0.000000000000000000e+00
0.000000000000000000e+00
0.000000000000000000e+00
0.000000000000000000e+00
0.000000000000000000e+00
0.000000000000000000e+00
0.000000000000000000e+00
0.000000000000000000e+00
0.000000000000000000e+00
0.000000000000000000e+00
0.000000000000000000e+00
0.000000000000000000e+00
0.000000000000000000e+00
0.000000000000000000e+00
0.000000000000000000e+00
0.000000000000000000e+00
0.000000000000000000e+00
0.000000000000000000e+00
0.000000000000000000e+00
0.000000000000000000e+00
0.000000000000000000e+00
0.000000000000000000e+00
0.000000000000000000e+00
0.000000000000000000e+00
0.000000000000000000e+00
0.000000000000000000e+00
0.000000000000000000e+00
0.000000000000000000e+00
0.000000000000000000e+00
0.000000000000000000e+00
0.000000000000000000e+00
0.000000000000000000e+00
0.000000000000000000e+00
0.000000000000000000e+00
0.000000000000000000e+00
0.000000000000000000e+00
0.000000000000000000e+00
0.000000000000000000e+00
0.000000000000000000e+00
0.000000000000000000e+00
0.000000000000000000e+00
0.000000000000000000e+00
0.000000000000000000e+00
0.000000000000000000e+00
0.000000000000000000e+00
0.000000000000000000e+00
0.000000000000000000e+00
0.000000000000000000e+00
0.000000000000000000e+00
0.000000000000000000e+00
0.000000000000000000e+00
0.000000000000000000e+00
0.000000000000000000e+00
0.000000000000000000e+00
0.000000000000000000e+00
0.000000000000000000e+00
0.000000000000000000e+00
0.000000000000000000e+00
0.000000000000000000e+00
0.000000000000000000e+00
0.000000000000000000e+00
0.000000000000000000e+00
0.000000000000000000e+00
0.000000000000000000e+00
0.000000000000000000e+00
0.000000000000000000e+00
0.000000000000000000e+00
0.000000000000000000e+00
0.000000000000000000e+00
0.000000000000000000e+00
0.000000000000000000e+00
0.000000000000000000e+00
0.000000000000000000e+00
0.000000000000000000e+00
0.000000000000000000e+00
0.000000000000000000e+00
0.000000000000000000e+00
0.000000000000000000e+00
0.000000000000000000e+00
0.000000000000000000e+00
0.000000000000000000e+00
0.000000000000000000e+00
0.000000000000000000e+00
0.000000000000000000e+00
0.000000000000000000e+00
0.000000000000000000e+00
0.000000000000000000e+00
0.000000000000000000e+00
0.000000000000000000e+00
0.000000000000000000e+00
0.000000000000000000e+00
0.000000000000000000e+00
0.000000000000000000e+00
0.000000000000000000e+00
0.000000000000000000e+00
0.000000000000000000e+00
0.000000000000000000e+00
0.000000000000000000e+00
0.000000000000000000e+00
0.000000000000000000e+00
0.000000000000000000e+00
0.000000000000000000e+00
0.000000000000000000e+00
0.000000000000000000e+00
0.000000000000000000e+00
0.000000000000000000e+00
0.000000000000000000e+00
0.000000000000000000e+00
0.000000000000000000e+00
0.000000000000000000e+00
0.000000000000000000e+00
0.000000000000000000e+00
0.000000000000000000e+00
0.000000000000000000e+00
0.000000000000000000e+00
0.000000000000000000e+00
0.000000000000000000e+00
0.000000000000000000e+00
0.000000000000000000e+00
0.000000000000000000e+00
0.000000000000000000e+00
0.000000000000000000e+00
0.000000000000000000e+00
0.000000000000000000e+00
0.000000000000000000e+00
0.000000000000000000e+00
0.000000000000000000e+00
0.000000000000000000e+00
0.000000000000000000e+00
0.000000000000000000e+00
0.000000000000000000e+00
0.000000000000000000e+00
0.000000000000000000e+00
0.000000000000000000e+00
0.000000000000000000e+00
0.000000000000000000e+00
0.000000000000000000e+00
0.000000000000000000e+00
0.000000000000000000e+00
0.000000000000000000e+00
0.000000000000000000e+00
0.000000000000000000e+00
0.000000000000000000e+00
0.000000000000000000e+00
0.000000000000000000e+00
0.000000000000000000e+00
0.000000000000000000e+00
0.000000000000000000e+00
0.000000000000000000e+00
0.000000000000000000e+00
0.000000000000000000e+00
0.000000000000000000e+00
0.000000000000000000e+00
0.000000000000000000e+00
0.000000000000000000e+00
0.000000000000000000e+00
0.000000000000000000e+00
0.000000000000000000e+00
0.000000000000000000e+00
0.000000000000000000e+00
0.000000000000000000e+00
0.000000000000000000e+00
0.000000000000000000e+00
0.000000000000000000e+00
0.000000000000000000e+00
0.000000000000000000e+00
0.000000000000000000e+00
0.000000000000000000e+00
0.000000000000000000e+00
0.000000000000000000e+00
0.000000000000000000e+00
0.000000000000000000e+00
0.000000000000000000e+00
0.000000000000000000e+00
0.000000000000000000e+00
0.000000000000000000e+00
0.000000000000000000e+00
0.000000000000000000e+00
0.000000000000000000e+00
0.000000000000000000e+00
0.000000000000000000e+00
0.000000000000000000e+00
0.000000000000000000e+00
0.000000000000000000e+00
0.000000000000000000e+00
0.000000000000000000e+00
0.000000000000000000e+00
0.000000000000000000e+00
0.000000000000000000e+00
0.000000000000000000e+00
0.000000000000000000e+00
0.000000000000000000e+00
0.000000000000000000e+00
0.000000000000000000e+00
0.000000000000000000e+00
0.000000000000000000e+00
0.000000000000000000e+00
0.000000000000000000e+00
0.000000000000000000e+00
0.000000000000000000e+00
0.000000000000000000e+00
0.000000000000000000e+00
0.000000000000000000e+00
0.000000000000000000e+00
0.000000000000000000e+00
0.000000000000000000e+00
0.000000000000000000e+00
0.000000000000000000e+00
0.000000000000000000e+00
0.000000000000000000e+00
0.000000000000000000e+00
0.000000000000000000e+00
0.000000000000000000e+00
0.000000000000000000e+00
0.000000000000000000e+00
0.000000000000000000e+00
0.000000000000000000e+00
0.000000000000000000e+00
0.000000000000000000e+00
0.000000000000000000e+00
0.000000000000000000e+00
0.000000000000000000e+00
0.000000000000000000e+00
0.000000000000000000e+00
0.000000000000000000e+00
0.000000000000000000e+00
0.000000000000000000e+00
0.000000000000000000e+00
0.000000000000000000e+00
0.000000000000000000e+00
0.000000000000000000e+00
0.000000000000000000e+00
0.000000000000000000e+00
0.000000000000000000e+00
0.000000000000000000e+00
0.000000000000000000e+00
0.000000000000000000e+00
0.000000000000000000e+00
0.000000000000000000e+00
0.000000000000000000e+00
0.000000000000000000e+00
0.000000000000000000e+00
0.000000000000000000e+00
0.000000000000000000e+00
0.000000000000000000e+00
0.000000000000000000e+00
0.000000000000000000e+00
0.000000000000000000e+00
0.000000000000000000e+00
0.000000000000000000e+00
0.000000000000000000e+00
0.000000000000000000e+00
0.000000000000000000e+00
0.000000000000000000e+00
0.000000000000000000e+00
0.000000000000000000e+00
0.000000000000000000e+00
0.000000000000000000e+00
0.000000000000000000e+00
0.000000000000000000e+00
0.000000000000000000e+00
0.000000000000000000e+00
0.000000000000000000e+00
0.000000000000000000e+00
0.000000000000000000e+00
0.000000000000000000e+00
0.000000000000000000e+00
0.000000000000000000e+00
0.000000000000000000e+00
0.000000000000000000e+00
0.000000000000000000e+00
0.000000000000000000e+00
0.000000000000000000e+00
0.000000000000000000e+00
0.000000000000000000e+00
0.000000000000000000e+00
0.000000000000000000e+00
0.000000000000000000e+00
0.000000000000000000e+00
0.000000000000000000e+00
0.000000000000000000e+00
0.000000000000000000e+00
0.000000000000000000e+00
0.000000000000000000e+00
0.000000000000000000e+00
0.000000000000000000e+00
0.000000000000000000e+00
0.000000000000000000e+00
0.000000000000000000e+00
0.000000000000000000e+00
0.000000000000000000e+00
0.000000000000000000e+00
0.000000000000000000e+00
0.000000000000000000e+00
0.000000000000000000e+00
0.000000000000000000e+00
0.000000000000000000e+00
0.000000000000000000e+00
0.000000000000000000e+00
0.000000000000000000e+00
0.000000000000000000e+00
0.000000000000000000e+00
0.000000000000000000e+00
0.000000000000000000e+00
0.000000000000000000e+00
0.000000000000000000e+00
0.000000000000000000e+00
0.000000000000000000e+00
0.000000000000000000e+00
0.000000000000000000e+00
0.000000000000000000e+00
0.000000000000000000e+00
0.000000000000000000e+00
0.000000000000000000e+00
0.000000000000000000e+00
0.000000000000000000e+00
0.000000000000000000e+00
0.000000000000000000e+00
0.000000000000000000e+00
0.000000000000000000e+00
0.000000000000000000e+00
0.000000000000000000e+00
0.000000000000000000e+00
0.000000000000000000e+00
0.000000000000000000e+00
0.000000000000000000e+00
0.000000000000000000e+00
0.000000000000000000e+00
0.000000000000000000e+00
0.000000000000000000e+00
0.000000000000000000e+00
0.000000000000000000e+00
0.000000000000000000e+00
0.000000000000000000e+00
0.000000000000000000e+00
0.000000000000000000e+00
0.000000000000000000e+00
0.000000000000000000e+00
0.000000000000000000e+00
0.000000000000000000e+00
0.000000000000000000e+00
0.000000000000000000e+00
0.000000000000000000e+00
0.000000000000000000e+00
0.000000000000000000e+00
0.000000000000000000e+00
0.000000000000000000e+00
0.000000000000000000e+00
0.000000000000000000e+00
0.000000000000000000e+00
0.000000000000000000e+00
0.000000000000000000e+00
0.000000000000000000e+00
0.000000000000000000e+00
0.000000000000000000e+00
0.000000000000000000e+00
0.000000000000000000e+00
0.000000000000000000e+00
0.000000000000000000e+00
0.000000000000000000e+00
0.000000000000000000e+00
0.000000000000000000e+00
0.000000000000000000e+00
0.000000000000000000e+00
0.000000000000000000e+00
0.000000000000000000e+00
0.000000000000000000e+00
0.000000000000000000e+00
0.000000000000000000e+00
0.000000000000000000e+00
0.000000000000000000e+00
0.000000000000000000e+00
0.000000000000000000e+00
0.000000000000000000e+00
0.000000000000000000e+00
0.000000000000000000e+00
0.000000000000000000e+00
0.000000000000000000e+00
0.000000000000000000e+00
0.000000000000000000e+00
0.000000000000000000e+00
0.000000000000000000e+00
0.000000000000000000e+00
0.000000000000000000e+00
0.000000000000000000e+00
0.000000000000000000e+00
0.000000000000000000e+00
0.000000000000000000e+00
0.000000000000000000e+00
0.000000000000000000e+00
0.000000000000000000e+00
0.000000000000000000e+00
0.000000000000000000e+00
0.000000000000000000e+00
0.000000000000000000e+00
0.000000000000000000e+00
0.000000000000000000e+00
0.000000000000000000e+00
0.000000000000000000e+00
0.000000000000000000e+00
0.000000000000000000e+00
0.000000000000000000e+00
0.000000000000000000e+00
0.000000000000000000e+00
0.000000000000000000e+00
0.000000000000000000e+00
0.000000000000000000e+00
0.000000000000000000e+00
0.000000000000000000e+00
0.000000000000000000e+00
0.000000000000000000e+00
0.000000000000000000e+00
0.000000000000000000e+00
0.000000000000000000e+00
0.000000000000000000e+00
0.000000000000000000e+00
0.000000000000000000e+00
0.000000000000000000e+00
0.000000000000000000e+00
0.000000000000000000e+00
0.000000000000000000e+00
0.000000000000000000e+00
0.000000000000000000e+00
0.000000000000000000e+00
0.000000000000000000e+00
0.000000000000000000e+00
0.000000000000000000e+00
0.000000000000000000e+00
0.000000000000000000e+00
0.000000000000000000e+00
0.000000000000000000e+00
0.000000000000000000e+00
0.000000000000000000e+00
0.000000000000000000e+00
0.000000000000000000e+00
0.000000000000000000e+00
0.000000000000000000e+00
0.000000000000000000e+00
0.000000000000000000e+00
0.000000000000000000e+00
0.000000000000000000e+00
0.000000000000000000e+00
0.000000000000000000e+00
0.000000000000000000e+00
0.000000000000000000e+00
0.000000000000000000e+00
0.000000000000000000e+00
0.000000000000000000e+00
0.000000000000000000e+00
0.000000000000000000e+00
0.000000000000000000e+00
0.000000000000000000e+00
0.000000000000000000e+00
0.000000000000000000e+00
0.000000000000000000e+00
0.000000000000000000e+00
0.000000000000000000e+00
0.000000000000000000e+00
0.000000000000000000e+00
0.000000000000000000e+00
0.000000000000000000e+00
0.000000000000000000e+00
0.000000000000000000e+00
0.000000000000000000e+00
0.000000000000000000e+00
0.000000000000000000e+00
0.000000000000000000e+00
0.000000000000000000e+00
0.000000000000000000e+00
0.000000000000000000e+00
0.000000000000000000e+00
0.000000000000000000e+00
0.000000000000000000e+00
0.000000000000000000e+00
0.000000000000000000e+00
0.000000000000000000e+00
0.000000000000000000e+00
0.000000000000000000e+00
0.000000000000000000e+00
0.000000000000000000e+00
0.000000000000000000e+00
0.000000000000000000e+00
0.000000000000000000e+00
0.000000000000000000e+00
0.000000000000000000e+00
0.000000000000000000e+00
0.000000000000000000e+00
0.000000000000000000e+00
0.000000000000000000e+00
0.000000000000000000e+00
0.000000000000000000e+00
0.000000000000000000e+00
nan
