# bin_21_18
-2.253747884856133755e-08
-2.261458169386661293e-08
-1.732611068170404829e-08
-1.745771352774207889e-08
-1.278137280037598517e-08
-1.327685561071355297e-08
-8.996574624202300012e-09
-9.616186052268311678e-09
-6.154327305528704146e-09
-7.911774437763151625e-09
-3.061678822729546545e-09
-5.648679983836368444e-09
-2.412224104203871081e-09
-8.890042736904148392e-10
-4.346172449078323051e-10
-1.143714155602123146e-09
-2.157288052145566613e-09
-2.435358150897095142e-09
-2.053319563125201888e-09
-1.508707151719494642e-09
-8.954490796544329749e-10
-2.707736210035823404e-10
5.267298091096434488e-10
1.361081999638191236e-09
1.912850265124367337e-09
2.016528113764955077e-09
1.386944336408368822e-09
2.733262077445853512e-10
-8.084505268521080530e-10
-1.539610701906627982e-09
-1.735724699379769149e-09
-1.320483588148793613e-09
-5.434326243545855683e-10
3.076170718768418375e-10
1.038099574606807380e-09
1.521112931302199581e-09
1.678658305097494680e-09
1.651205794761848407e-09
1.614222988028949903e-09
1.569865687049138330e-09
1.519892694707171572e-09
1.465739399870033343e-09
1.408576999849554649e-09
1.349360345217390890e-09
1.241308965967875730e-09
1.066750417592368685e-09
8.623526909050678504e-10
6.560751515062667142e-10
4.689419765317750691e-10
3.164616856931900925e-10
2.097650647653003266e-10
1.565184112608628702e-10
1.339608854769248203e-10
1.152729045910652307e-10
9.994554043407669941e-11
8.753603772124824011e-11
7.765874506392269455e-11
6.997737883907731689e-11
6.419840926702965806e-11
6.006539376865037436e-11
5.735411192067991572e-11
5.536726138086242134e-11
5.352522531382426390e-11
5.180482372840726348e-11
5.018631631993120085e-11
4.865290941672534701e-11
4.719033486329166647e-11
4.578648990273326714e-11
4.443112887028527900e-11
4.311559896388972884e-11
4.183261356926963507e-11
4.057605762854709114e-11
3.772934105367615974e-11
3.229765144098560605e-11
2.510464899387540075e-11
1.685029254254095491e-11
8.127019364999574894e-12
-5.661682193431236195e-13
-8.811430137964951665e-12
-1.626138944998102304e-11
-2.262979984836048873e-11
-2.768340124695672061e-11
-3.123480925356985368e-11
-3.313630517819009174e-11
-3.327441111340579510e-11
-3.201010444887563055e-11
-2.990914748134074955e-11
-2.716786991005071597e-11
-2.395813075870568401e-11
-2.043002737958221672e-11
-1.671430547161914916e-11
-1.292450430757346512e-11
-9.158867254260289698e-12
-5.502044080862375393e-12
-2.026608413238172543e-12
1.205589053060073263e-12
4.142213373409916834e-12
6.739368110160158796e-12
8.960633777995362075e-12
1.077620936046693648e-11
1.216214571191996118e-11
1.321622975286037801e-11
1.407146584271978233e-11
1.475821683614089165e-11
1.530377908163620784e-11
1.573266640185553554e-11
1.606686757545245607e-11
1.632607989640127863e-11
1.652792112251439775e-11
1.668812188947839273e-11
1.682070045667912667e-11
1.693812146351101440e-11
1.705144020723068584e-11
1.717043380346798273e-11
1.730372045627727814e-11
1.745886794435769879e-11
1.764249232225076508e-11
1.786034773858258336e-11
1.811740818654905229e-11
1.842875436365850108e-11
1.879569597739114012e-11
1.920319589637621429e-11
1.963769140067140056e-11
2.008697107067007037e-11
2.054006180660582020e-11
2.098712511792663688e-11
2.141936189863339949e-11
2.182892497425176131e-11
2.220883876915549985e-11
2.255292550013586879e-11
2.285573735398803705e-11
2.311249415398645012e-11
2.331902606290804520e-11
2.347172090915389306e-11
2.356747575789040562e-11
2.360365238131895271e-11
2.357803631148656104e-11
2.348879918574653682e-11
2.333446411930963339e-11
2.311387386151297133e-11
2.282616151267852784e-11
2.219029753301403542e-11
2.098859669308688101e-11
1.930985626039336459e-11
1.723588116467348827e-11
1.484196981538215081e-11
1.219736626361738047e-11
9.365681129646400705e-12
6.405283533555978978e-12
3.369666097693801762e-12
3.077849342165324583e-13
-2.735623611957959283e-12
-5.719747826182084408e-12
-8.607425575812707455e-12
-1.136488794520622590e-11
-1.396152025163644094e-11
-1.636963923493732305e-11
-1.856428530144804142e-11
-2.052302878389916945e-11
-2.222578925372507008e-11
-2.365466699146220977e-11
-2.479378578482921708e-11
-2.562914628319224368e-11
-2.614848919182163149e-11
-2.634116763994024620e-11
-2.619802810341673062e-11
-2.577555827190248921e-11
-2.515052419922107107e-11
-2.434418372920061773e-11
-2.337644843488529796e-11
-2.226596140544989176e-11
-2.103017049455219064e-11
-1.968539730691359269e-11
-1.672894541739697698e-11
-1.514484495771965574e-11
-1.350703076293240875e-11
-1.182709605337542045e-11
-1.011584561871149657e-11
-8.383341365042227006e-12
-6.638945263855264137e-12
-4.891359856204596336e-12
-1.418361187311630321e-12
2.926110175476540891e-13
1.977824340525226720e-12
3.631341809139376399e-12
5.247686731947338459e-12
6.821815739730820960e-12
8.349093339958060317e-12
1.124644896099720166e-11
1.260908585498017131e-11
1.390994747078584100e-11
1.514610318315675458e-11
1.749220509812112936e-11
1.874609370639127912e-11
2.006312022520029763e-11
2.143065289700887232e-11
2.283683617841610616e-11
2.572137382270716205e-11
2.717954580459169537e-11
2.863593293704675593e-11
3.150975946053430475e-11
3.291178111860131770e-11
3.428112506917519541e-11
3.561133470806006583e-11
3.813077167744397828e-11
3.930926226562449518e-11
4.042710075544751879e-11
4.246351478354137512e-11
4.337428351090360609e-11
4.420875046419592754e-11
4.563651072359079907e-11
4.622434834877910170e-11
4.713618196536867924e-11
4.745617122535040715e-11
4.768322795521221468e-11
4.785278771332524474e-11
4.779286857010724897e-11
4.737883766114675792e-11
4.702327250132927445e-11
4.608055547838834738e-11
4.551751505269167164e-11
4.489954470265777032e-11
4.351612998976724337e-11
4.275884963450031180e-11
4.113215686774769692e-11
4.026982391398233027e-11
3.846365479377827574e-11
3.752594353109866246e-11
3.559549836909974191e-11
3.460804919434351489e-11
3.260095758456900332e-11
3.056590473642734299e-11
2.954308867428273982e-11
2.749636363893607305e-11
2.647595937990604037e-11
2.444915250228480100e-11
2.245081159181081566e-11
2.146569480883089049e-11
1.952968387917110212e-11
1.858103026508219149e-11
1.672754847212151575e-11
1.493863342808409858e-11
1.407047956625619948e-11
1.239050733561149452e-11
1.079006054932257309e-11
1.002114594414540026e-11
8.432817077742023290e-12
6.722890341471154813e-12
4.922555809443047403e-12
3.997487690614965935e-12
2.114163437048858113e-12
2.070095804638872126e-13
-1.701406922167204841e-12
-2.649606149834195781e-12
-4.522084580240477430e-12
-6.348122798695909997e-12
-8.111745128870205276e-12
-9.798554334961242715e-12
-1.060905728676686603e-11
-1.215681668883872841e-11
-1.359792221053983473e-11
-1.492262625400561975e-11
-1.612229142787973436e-11
-1.718930600445910218e-11
-1.811700538422239692e-11
-1.889959913597418041e-11
-1.953210321313533911e-11
-2.001027697644617960e-11
-2.033056468077893219e-11
-2.049004110903404299e-11
-2.048636105941809404e-11
-2.031771241392535785e-11
-1.998882762486469579e-11
-1.951920178746125912e-11
-1.892846341572461726e-11
-1.823487611116080723e-11
-1.745542234409201040e-11
-1.660588210335694038e-11
-1.570090674104196004e-11
-1.475408831695740493e-11
-1.377802472719745800e-11
-1.278438088219440640e-11
-1.178394618207939407e-11
-1.078668852080905501e-11
-9.316678757114128413e-12
-8.366031804811277732e-12
-7.447685810434816525e-12
-6.568497505750748543e-12
-5.734746075665300126e-12
-4.581724787206655750e-12
-3.885567006796576211e-12
-3.252777553158830698e-12
-2.687453771167715825e-12
-1.973942089993432520e-12
-1.592622215919437221e-12
-1.290095114477037730e-12
-9.893703941939622125e-13
-8.939999313543639886e-13
-8.764772553702847840e-13
-8.989693342481967814e-13
-9.352910845927765676e-13
-1.016980306046770195e-12
-1.086990687852657013e-12
-1.167509931298191249e-12
-1.304639547764327427e-12
-1.404875500332017085e-12
-1.565150933957709075e-12
-1.676836764142537855e-12
-1.848805842831915448e-12
-1.964900506247859678e-12
-2.138830775220254739e-12
-2.309899829180385409e-12
-2.421027680543790017e-12
-2.581533508985713287e-12
-2.683449427420652290e-12
-2.827184233387670876e-12
-2.958322495755409615e-12
-3.037928700550602009e-12
-3.144506495393346246e-12
-3.234507014912051002e-12
-3.284709992542258389e-12
-3.344540328425264434e-12
-3.384982935700532455e-12
-3.405236178769786331e-12
-3.407180965138093219e-12
-3.401988421038679329e-12
-3.394753698694099881e-12
-3.385593265561200144e-12
-3.374617762377652732e-12
-3.366344515775221789e-12
-3.352574888201133025e-12
-3.337258989912202131e-12
-3.320488555750140062e-12
-3.302350766606298232e-12
-3.282928481086061687e-12
-3.262300454557877257e-12
-3.240541546329958686e-12
-3.217722915650459343e-12
-3.193912207182731292e-12
-3.169173726566226549e-12
-3.143568606635276644e-12
-3.117154964832249407e-12
-3.089988052318347674e-12
-3.052684158139195751e-12
-3.023959422321501574e-12
-2.994646644884263992e-12
-2.964790197231382108e-12
-2.934432257775558882e-12
-2.903612918316018816e-12
-2.861868320823322794e-12
-2.830117318563747369e-12
-2.787280806390693077e-12
-2.663210893527174819e-12
-2.524373716648314608e-12
-2.352062076518166384e-12
-2.078548098029394841e-12
-1.846382461269593741e-12
-1.595662873072812891e-12
-1.239135916048939832e-12
-9.596764882237497126e-13
-5.772104936592173352e-13
-2.868810914738614475e-13
9.959341279261096000e-14
3.856776175491636861e-13
7.576615561228789546e-13
1.026788981557829860e-12
1.368776609849235521e-12
1.687680359147295352e-12
1.909426862265405923e-12
2.179109202606055071e-12
2.416295133216666668e-12
2.571202299065430407e-12
2.745138703455197447e-12
2.879826243045990449e-12
2.973362455041889153e-12
3.024103766352829740e-12
3.033221915710858025e-12
3.004423864873945394e-12
2.900712425380918543e-12
2.720124937759391752e-12
2.473732461251096629e-12
2.171808295895178047e-12
1.823878711346056957e-12
1.438770457868232050e-12
1.024655271572615802e-12
5.890915712177444852e-13
1.390635302469529425e-13
-3.189823049237099840e-13
-7.791026910790373586e-13
-1.348876478728155718e-12
-1.794326222567388572e-12
-2.225635446829154982e-12
-2.638664367041706321e-12
-3.123510318562300146e-12
-3.482075573686859171e-12
-3.811243085962548304e-12
-4.177150361185851168e-12
-4.430408680898816742e-12
-4.646179417716760707e-12
-4.860186015394310854e-12
-4.984708968870179167e-12
-5.079523527796142459e-12
-5.105107034846967375e-12
-5.072412251263089324e-12
-4.959530239990722924e-12
-4.670585759386460035e-12
-4.240180385036593970e-12
-3.809298069071750469e-12
-3.180219100384521692e-12
-2.468851092106462352e-12
-1.852713379212981532e-12
-1.037844789907103747e-12
-1.877954613582134779e-13
6.831137655339415278e-13
1.561738894324706081e-12
2.436033170556663919e-12
3.294972740118438623e-12
3.964271345568944922e-12
4.770794257702106219e-12
5.535963755223609131e-12
6.388745331811622664e-12
7.036741822997262862e-12
7.621136053943002079e-12
8.136355694991681722e-12
8.577407928999306700e-12
8.939839046987268723e-12
9.265444757054029519e-12
9.441650855377399328e-12
9.528182260190211626e-12
9.522464607054361890e-12
9.400340370124894459e-12
9.245829614228703853e-12
9.013456485846433884e-12
8.785963755758035748e-12
8.478617146968576164e-12
8.198427429959379904e-12
7.838717183765606224e-12
7.523316266957672847e-12
7.130703278079919134e-12
6.727342218334267988e-12
6.386295670221405761e-12
5.974787587285696861e-12
5.564475326410422776e-12
5.158909270422256739e-12
4.761330694074741158e-12
4.374693018489606267e-12
4.001681652301794554e-12
3.644732515877377832e-12
3.306049338089774178e-12
2.987619808774695620e-12
2.691230664096870570e-12
2.418481776615412878e-12
2.170799316791156146e-12
1.949448048011788219e-12
1.755542812885368238e-12
1.565303130751006925e-12
1.433720785368231286e-12
1.317051286745688691e-12
1.189470306341730568e-12
1.087111649455798706e-12
9.754827674382044199e-13
8.861874105995364919e-13
7.891198430945012533e-13
7.117485522169277922e-13
6.279718721712477582e-13
5.508643206851099868e-13
4.801052288900112373e-13
4.242753690405319813e-13
3.645062640487543251e-13
3.102497529980227521e-13
2.612391740944504705e-13
2.172202270576305408e-13
1.779503673466440154e-13
1.431982325328712258e-13
1.127430989640802079e-13
8.637436698070560288e-14
6.389107305342373887e-14
4.510142731232759582e-14
2.791594287965752477e-14
1.643550244106280320e-14
8.100903889015509127e-15
2.225076370339295900e-15
1.079659162756926355e-16
0.000000000000000000e+00
0.000000000000000000e+00
0.000000000000000000e+00
0.000000000000000000e+00
0.000000000000000000e+00
0.000000000000000000e+00
0.000000000000000000e+00
0.000000000000000000e+00
0.000000000000000000e+00
0.000000000000000000e+00
0.000000000000000000e+00
0.000000000000000000e+00
0.000000000000000000e+00
0.000000000000000000e+00
0.000000000000000000e+00
0.000000000000000000e+00
0.000000000000000000e+00
0.000000000000000000e+00
0.000000000000000000e+00
0.000000000000000000e+00
0.000000000000000000e+00
0.000000000000000000e+00
0.000000000000000000e+00
0.000000000000000000e+00
0.000000000000000000e+00
0.000000000000000000e+00
0.000000000000000000e+00
0.000000000000000000e+00
0.000000000000000000e+00
0.000000000000000000e+00
0.000000000000000000e+00
0.000000000000000000e+00
0.000000000000000000e+00
0.000000000000000000e+00
0.000000000000000000e+00
0.000000000000000000e+00
0.000000000000000000e+00
0.000000000000000000e+00
0.000000000000000000e+00
0.000000000000000000e+00
0.000000000000000000e+00
0.000000000000000000e+00
0.000000000000000000e+00
0.000000000000000000e+00
0.000000000000000000e+00
0.000000000000000000e+00
0.000000000000000000e+00
0.000000000000000000e+00
0.000000000000000000e+00
0.000000000000000000e+00
0.000000000000000000e+00
0.000000000000000000e+00
0.000000000000000000e+00
0.000000000000000000e+00
0.000000000000000000e+00
0.000000000000000000e+00
0.000000000000000000e+00
0.000000000000000000e+00
0.000000000000000000e+00
0.000000000000000000e+00
0.000000000000000000e+00
0.000000000000000000e+00
0.000000000000000000e+00
0.000000000000000000e+00
0.000000000000000000e+00
0.000000000000000000e+00
0.000000000000000000e+00
0.000000000000000000e+00
0.000000000000000000e+00
0.000000000000000000e+00
0.000000000000000000e+00
0.000000000000000000e+00
0.000000000000000000e+00
0.000000000000000000e+00
0.000000000000000000e+00
0.000000000000000000e+00
0.000000000000000000e+00
0.000000000000000000e+00
0.000000000000000000e+00
0.000000000000000000e+00
0.000000000000000000e+00
0.000000000000000000e+00
0.000000000000000000e+00
0.000000000000000000e+00
0.000000000000000000e+00
0.000000000000000000e+00
0.000000000000000000e+00
0.000000000000000000e+00
0.000000000000000000e+00
0.000000000000000000e+00
0.000000000000000000e+00
0.000000000000000000e+00
0.000000000000000000e+00
0.000000000000000000e+00
0.000000000000000000e+00
0.000000000000000000e+00
0.000000000000000000e+00
0.000000000000000000e+00
0.000000000000000000e+00
0.000000000000000000e+00
0.000000000000000000e+00
0.000000000000000000e+00
0.000000000000000000e+00
0.000000000000000000e+00
0.000000000000000000e+00
0.000000000000000000e+00
0.000000000000000000e+00
0.000000000000000000e+00
0.000000000000000000e+00
0.000000000000000000e+00
0.000000000000000000e+00
0.000000000000000000e+00
0.000000000000000000e+00
0.000000000000000000e+00
0.000000000000000000e+00
0.000000000000000000e+00
0.000000000000000000e+00
0.000000000000000000e+00
0.000000000000000000e+00
0.000000000000000000e+00
0.000000000000000000e+00
0.000000000000000000e+00
0.000000000000000000e+00
0.000000000000000000e+00
0.000000000000000000e+00
0.000000000000000000e+00
0.000000000000000000e+00
0.000000000000000000e+00
0.000000000000000000e+00
0.000000000000000000e+00
0.000000000000000000e+00
0.000000000000000000e+00
0.000000000000000000e+00
0.000000000000000000e+00
0.000000000000000000e+00
0.000000000000000000e+00
0.000000000000000000e+00
0.000000000000000000e+00
0.000000000000000000e+00
0.000000000000000000e+00
0.000000000000000000e+00
0.000000000000000000e+00
0.000000000000000000e+00
0.000000000000000000e+00
0.000000000000000000e+00
0.000000000000000000e+00
0.000000000000000000e+00
0.000000000000000000e+00
0.000000000000000000e+00
0.000000000000000000e+00
0.000000000000000000e+00
0.000000000000000000e+00
0.000000000000000000e+00
0.000000000000000000e+00
0.000000000000000000e+00
0.000000000000000000e+00
0.000000000000000000e+00
0.000000000000000000e+00
0.000000000000000000e+00
0.000000000000000000e+00
0.000000000000000000e+00
0.000000000000000000e+00
0.000000000000000000e+00
0.000000000000000000e+00
0.000000000000000000e+00
0.000000000000000000e+00
0.000000000000000000e+00
0.000000000000000000e+00
0.000000000000000000e+00
0.000000000000000000e+00
0.000000000000000000e+00
0.000000000000000000e+00
0.000000000000000000e+00
0.000000000000000000e+00
0.000000000000000000e+00
0.000000000000000000e+00
0.000000000000000000e+00
0.000000000000000000e+00
0.000000000000000000e+00
0.000000000000000000e+00
0.000000000000000000e+00
0.000000000000000000e+00
0.000000000000000000e+00
0.000000000000000000e+00
0.000000000000000000e+00
0.000000000000000000e+00
0.000000000000000000e+00
0.000000000000000000e+00
0.000000000000000000e+00
0.000000000000000000e+00
0.000000000000000000e+00
0.000000000000000000e+00
0.000000000000000000e+00
0.000000000000000000e+00
0.000000000000000000e+00
0.000000000000000000e+00
0.000000000000000000e+00
0.000000000000000000e+00
0.000000000000000000e+00
0.000000000000000000e+00
0.000000000000000000e+00
0.000000000000000000e+00
0.000000000000000000e+00
0.000000000000000000e+00
0.000000000000000000e+00
0.000000000000000000e+00
0.000000000000000000e+00
0.000000000000000000e+00
0.000000000000000000e+00
0.000000000000000000e+00
0.000000000000000000e+00
0.000000000000000000e+00
0.000000000000000000e+00
0.000000000000000000e+00
0.000000000000000000e+00
0.000000000000000000e+00
0.000000000000000000e+00
0.000000000000000000e+00
0.000000000000000000e+00
0.000000000000000000e+00
0.000000000000000000e+00
0.000000000000000000e+00
0.000000000000000000e+00
0.000000000000000000e+00
0.000000000000000000e+00
0.000000000000000000e+00
0.000000000000000000e+00
0.000000000000000000e+00
0.000000000000000000e+00
0.000000000000000000e+00
0.000000000000000000e+00
0.000000000000000000e+00
0.000000000000000000e+00
0.000000000000000000e+00
0.000000000000000000e+00
0.000000000000000000e+00
0.000000000000000000e+00
0.000000000000000000e+00
0.000000000000000000e+00
0.000000000000000000e+00
0.000000000000000000e+00
0.000000000000000000e+00
0.000000000000000000e+00
0.000000000000000000e+00
0.000000000000000000e+00
0.000000000000000000e+00
0.000000000000000000e+00
0.000000000000000000e+00
0.000000000000000000e+00
0.000000000000000000e+00
0.000000000000000000e+00
0.000000000000000000e+00
0.000000000000000000e+00
0.000000000000000000e+00
0.000000000000000000e+00
0.000000000000000000e+00
0.000000000000000000e+00
0.000000000000000000e+00
0.000000000000000000e+00
0.000000000000000000e+00
0.000000000000000000e+00
0.000000000000000000e+00
0.000000000000000000e+00
0.000000000000000000e+00
0.000000000000000000e+00
0.000000000000000000e+00
0.000000000000000000e+00
0.000000000000000000e+00
0.000000000000000000e+00
0.000000000000000000e+00
0.000000000000000000e+00
0.000000000000000000e+00
0.000000000000000000e+00
0.000000000000000000e+00
0.000000000000000000e+00
0.000000000000000000e+00
0.000000000000000000e+00
0.000000000000000000e+00
0.000000000000000000e+00
0.000000000000000000e+00
0.000000000000000000e+00
0.000000000000000000e+00
0.000000000000000000e+00
0.000000000000000000e+00
0.000000000000000000e+00
0.000000000000000000e+00
0.000000000000000000e+00
0.000000000000000000e+00
0.000000000000000000e+00
0.000000000000000000e+00
0.000000000000000000e+00
0.000000000000000000e+00
0.000000000000000000e+00
0.000000000000000000e+00
0.000000000000000000e+00
0.000000000000000000e+00
0.000000000000000000e+00
0.000000000000000000e+00
0.000000000000000000e+00
0.000000000000000000e+00
0.000000000000000000e+00
0.000000000000000000e+00
0.000000000000000000e+00
0.000000000000000000e+00
0.000000000000000000e+00
0.000000000000000000e+00
0.000000000000000000e+00
0.000000000000000000e+00
0.000000000000000000e+00
0.000000000000000000e+00
0.000000000000000000e+00
0.000000000000000000e+00
0.000000000000000000e+00
0.000000000000000000e+00
0.000000000000000000e+00
0.000000000000000000e+00
0.000000000000000000e+00
0.000000000000000000e+00
0.000000000000000000e+00
0.000000000000000000e+00
0.000000000000000000e+00
0.000000000000000000e+00
0.000000000000000000e+00
0.000000000000000000e+00
0.000000000000000000e+00
0.000000000000000000e+00
0.000000000000000000e+00
0.000000000000000000e+00
0.000000000000000000e+00
0.000000000000000000e+00
0.000000000000000000e+00
0.000000000000000000e+00
0.000000000000000000e+00
0.000000000000000000e+00
0.000000000000000000e+00
0.000000000000000000e+00
0.000000000000000000e+00
0.000000000000000000e+00
0.000000000000000000e+00
0.000000000000000000e+00
0.000000000000000000e+00
0.000000000000000000e+00
0.000000000000000000e+00
0.000000000000000000e+00
0.000000000000000000e+00
0.000000000000000000e+00
0.000000000000000000e+00
0.000000000000000000e+00
0.000000000000000000e+00
0.000000000000000000e+00
0.000000000000000000e+00
0.000000000000000000e+00
0.000000000000000000e+00
0.000000000000000000e+00
0.000000000000000000e+00
0.000000000000000000e+00
0.000000000000000000e+00
0.000000000000000000e+00
0.000000000000000000e+00
0.000000000000000000e+00
0.000000000000000000e+00
0.000000000000000000e+00
0.000000000000000000e+00
0.000000000000000000e+00
0.000000000000000000e+00
0.000000000000000000e+00
0.000000000000000000e+00
0.000000000000000000e+00
0.000000000000000000e+00
0.000000000000000000e+00
0.000000000000000000e+00
0.000000000000000000e+00
0.000000000000000000e+00
0.000000000000000000e+00
0.000000000000000000e+00
0.000000000000000000e+00
0.000000000000000000e+00
0.000000000000000000e+00
0.000000000000000000e+00
0.000000000000000000e+00
0.000000000000000000e+00
0.000000000000000000e+00
0.000000000000000000e+00
0.000000000000000000e+00
0.000000000000000000e+00
0.000000000000000000e+00
0.000000000000000000e+00
0.000000000000000000e+00
0.000000000000000000e+00
0.000000000000000000e+00
0.000000000000000000e+00
0.000000000000000000e+00
0.000000000000000000e+00
0.000000000000000000e+00
0.000000000000000000e+00
0.000000000000000000e+00
0.000000000000000000e+00
0.000000000000000000e+00
0.000000000000000000e+00
0.000000000000000000e+00
0.000000000000000000e+00
0.000000000000000000e+00
0.000000000000000000e+00
0.000000000000000000e+00
0.000000000000000000e+00
0.000000000000000000e+00
0.000000000000000000e+00
0.000000000000000000e+00
0.000000000000000000e+00
0.000000000000000000e+00
0.000000000000000000e+00
0.000000000000000000e+00
0.000000000000000000e+00
0.000000000000000000e+00
0.000000000000000000e+00
0.000000000000000000e+00
0.000000000000000000e+00
0.000000000000000000e+00
0.000000000000000000e+00
0.000000000000000000e+00
0.000000000000000000e+00
0.000000000000000000e+00
0.000000000000000000e+00
0.000000000000000000e+00
0.000000000000000000e+00
0.000000000000000000e+00
0.000000000000000000e+00
0.000000000000000000e+00
0.000000000000000000e+00
0.000000000000000000e+00
0.000000000000000000e+00
0.000000000000000000e+00
0.000000000000000000e+00
0.000000000000000000e+00
0.000000000000000000e+00
0.000000000000000000e+00
0.000000000000000000e+00
0.000000000000000000e+00
0.000000000000000000e+00
0.000000000000000000e+00
0.000000000000000000e+00
0.000000000000000000e+00
0.000000000000000000e+00
0.000000000000000000e+00
0.000000000000000000e+00
0.000000000000000000e+00
0.000000000000000000e+00
0.000000000000000000e+00
0.000000000000000000e+00
0.000000000000000000e+00
0.000000000000000000e+00
0.000000000000000000e+00
0.000000000000000000e+00
0.000000000000000000e+00
0.000000000000000000e+00
0.000000000000000000e+00
0.000000000000000000e+00
0.000000000000000000e+00
0.000000000000000000e+00
0.000000000000000000e+00
0.000000000000000000e+00
0.000000000000000000e+00
0.000000000000000000e+00
0.000000000000000000e+00
0.000000000000000000e+00
0.000000000000000000e+00
0.000000000000000000e+00
0.000000000000000000e+00
0.000000000000000000e+00
0.000000000000000000e+00
0.000000000000000000e+00
0.000000000000000000e+00
0.000000000000000000e+00
0.000000000000000000e+00
0.000000000000000000e+00
0.000000000000000000e+00
0.000000000000000000e+00
0.000000000000000000e+00
0.000000000000000000e+00
0.000000000000000000e+00
0.000000000000000000e+00
0.000000000000000000e+00
0.000000000000000000e+00
0.000000000000000000e+00
0.000000000000000000e+00
0.000000000000000000e+00
0.000000000000000000e+00
0.000000000000000000e+00
0.000000000000000000e+00
0.000000000000000000e+00
0.000000000000000000e+00
0.000000000000000000e+00
0.000000000000000000e+00
0.000000000000000000e+00
0.000000000000000000e+00
0.000000000000000000e+00
0.000000000000000000e+00
0.000000000000000000e+00
0.000000000000000000e+00
0.000000000000000000e+00
0.000000000000000000e+00
0.000000000000000000e+00
0.000000000000000000e+00
0.000000000000000000e+00
0.000000000000000000e+00
0.000000000000000000e+00
0.000000000000000000e+00
0.000000000000000000e+00
0.000000000000000000e+00
0.000000000000000000e+00
0.000000000000000000e+00
0.000000000000000000e+00
0.000000000000000000e+00
0.000000000000000000e+00
0.000000000000000000e+00
0.000000000000000000e+00
nan
