# bin_22_22
3.167356322853078545e-07
3.205694103798021042e-07
3.232910507072094887e-07
3.281131369926762242e-07
3.310877198046676080e-07
3.363883109364763117e-07
3.395063344869821544e-07
3.454315234782397875e-07
3.496239180797825113e-07
3.551389499068918010e-07
3.595115143140746361e-07
3.654112227776210061e-07
3.694048894820117872e-07
3.743167874369216941e-07
3.798788372420320951e-07
3.848354292745998617e-07
3.892441456169041121e-07
3.946202757254560460e-07
3.995265729879515264e-07
4.034588556900474242e-07
4.076832450205951566e-07
4.127771368214849592e-07
4.176558489772128278e-07
4.218018280506719913e-07
4.259524781964329905e-07
4.305018647948927048e-07
4.346626877000009005e-07
4.380693509929777059e-07
4.413296013532285452e-07
4.448109090356416501e-07
4.487193585337001715e-07
4.524579043806585486e-07
4.556321690763443410e-07
4.585615837040952603e-07
4.614586151358925756e-07
4.644591647073324942e-07
4.676446408025967724e-07
4.704310618973319823e-07
4.725496568411779403e-07
4.744132242143837938e-07
4.763157779580959074e-07
4.784613743196942875e-07
4.809861626753166265e-07
4.839752776188491964e-07
4.872523142230362707e-07
4.905213276418233046e-07
4.936807305687142380e-07
4.966543472151209937e-07
4.993862744883946550e-07
5.018367536013907718e-07
5.039788487460481908e-07
5.057957721146065274e-07
5.072173913118528320e-07
5.082557650429338929e-07
5.090077430494215617e-07
5.095519049347767509e-07
5.099517217801838163e-07
5.102581721103860789e-07
5.105119092761277907e-07
5.107450592853096156e-07
5.109827135966737596e-07
5.111664309969051148e-07
5.112294840058485376e-07
5.111795453830120919e-07
5.110237031111621342e-07
5.107685211610113237e-07
5.104200921896869439e-07
5.099840834154751192e-07
5.094657767018418639e-07
5.088701037118619270e-07
5.082016768528849947e-07
5.074648166147329628e-07
5.066572657769253441e-07
5.057748555502802922e-07
5.048190963959488795e-07
5.037917915125638019e-07
5.026949757465279927e-07
5.015308636845693004e-07
5.003018056193765203e-07
4.990102502683060769e-07
4.976587132859492843e-07
4.962497507483101519e-07
4.947859369030357221e-07
4.932698455798417933e-07
4.917040347404077098e-07
4.901062495508232870e-07
4.884883363119253895e-07
4.868448161219601287e-07
4.851712074535601834e-07
4.834639010884761172e-07
4.817200497072974660e-07
4.799374703996399143e-07
4.781145585734162134e-07
4.762502119274375141e-07
4.743437633135067357e-07
4.723949214555324335e-07
4.704037186167375177e-07
4.683704644141512474e-07
4.662957050742637962e-07
4.641801875067203693e-07
4.620248276458170321e-07
4.598462413320899090e-07
4.576593302331757178e-07
4.554627736868804878e-07
4.532555231896849643e-07
4.510367706824667047e-07
4.488059201494327351e-07
4.465625621860201076e-07
4.443064512284049519e-07
4.420374851699726080e-07
4.397556871192395147e-07
4.374611890795573838e-07
4.351542173540000294e-07
4.328350794993468795e-07
4.305041526713625726e-07
4.281618732199107257e-07
4.258087274069934156e-07
4.234452431338386691e-07
4.210719825747776464e-07
4.186928030542939145e-07
4.163122607338060225e-07
4.139318960128687039e-07
4.115531337472106294e-07
4.091772911929608108e-07
4.068055853822324054e-07
4.044391399736103619e-07
4.020789916175071394e-07
3.997260958730836731e-07
3.973813327104401924e-07
3.950455116290678669e-07
3.927193764210598647e-07
3.904036096053094550e-07
3.880988365568475599e-07
3.858056293535684512e-07
3.835245103608487253e-07
3.812559555729802067e-07
3.790003977288640192e-07
3.767582292180779775e-07
3.745298047922043819e-07
3.723154440951630183e-07
3.701154340252695755e-07
3.679205661219767315e-07
3.657238698607022336e-07
3.635287386739457364e-07
3.613382802148188176e-07
3.591553364715958804e-07
3.569825024838279007e-07
3.548221437607278488e-07
3.526764124949044236e-07
3.505472626574947600e-07
3.484364640542723653e-07
3.463456154163687360e-07
3.442761565937590733e-07
3.422293799146122916e-07
3.402064407689626125e-07
3.382083674708556243e-07
3.362360704491732966e-07
3.342903508136862230e-07
3.323719083395111775e-07
3.304813489100320797e-07
3.286191914554700676e-07
3.267858744216299641e-07
3.249817618008787286e-07
3.232071487551544078e-07
3.214622668586839208e-07
3.197472889861413239e-07
3.180497447537667751e-07
3.163584020873051504e-07
3.146751332848306936e-07
3.130016627169032795e-07
3.113395760602906185e-07
3.096903289709977422e-07
3.080552552316509775e-07
3.048323990311050393e-07
3.032467413759263004e-07
3.016795197929113943e-07
3.001315646877709377e-07
2.986036241307657446e-07
2.970963691314510339e-07
2.956103985973928551e-07
2.941462439960677594e-07
2.912851972975350439e-07
2.898890690884352903e-07
2.885162921067735203e-07
2.871671213573383539e-07
2.858417670751610729e-07
2.845403977548411828e-07
2.832631429990547403e-07
2.807813170427921209e-07
2.795768339034989882e-07
2.783966460453297765e-07
2.772407257267027544e-07
2.749959389296288733e-07
2.738958844763115433e-07
2.728087712548688333e-07
2.717345081823389360e-07
2.706729991147265372e-07
2.685878357386607790e-07
2.675639676819526173e-07
2.665524268883853872e-07
2.645658629567235721e-07
2.635906010896491759e-07
2.626271896111443139e-07
2.616755037752697654e-07
2.598068018294914089e-07
2.588895286897243632e-07
2.579834675523513112e-07
2.562044565173638022e-07
2.553312427204647343e-07
2.544687134467892514e-07
2.527751773326132076e-07
2.519439048603161628e-07
2.503116880635732685e-07
2.495104794065164754e-07
2.487190284031074142e-07
2.471648761392310442e-07
2.464019149209568916e-07
2.449035781015777114e-07
2.441679473520883154e-07
2.427424969425493753e-07
2.420552059584512989e-07
2.413829679607389389e-07
2.400783557497969314e-07
2.394434961804582069e-07
2.382029142244468016e-07
2.375950614701877646e-07
2.363993070011820874e-07
2.358095856737388954e-07
2.346422563428028032e-07
2.340631006912544976e-07
2.329102449965104107e-07
2.317603578395464764e-07
2.311850457855144991e-07
2.300310100789185495e-07
2.294513086590695732e-07
2.282843084590811505e-07
2.271045147715956156e-07
2.265089141241137386e-07
2.253046936665883699e-07
2.246954932390795787e-07
2.234616090767683998e-07
2.222055580182474019e-07
2.215687130209404096e-07
2.202765089804412152e-07
2.189586225197410318e-07
2.182897250584008699e-07
2.169627589792754410e-07
2.156665475778488604e-07
2.143949225945511829e-07
2.137665526500158900e-07
2.125214232571425270e-07
2.112877566243422621e-07
2.100611208663851646e-07
2.094491689769673106e-07
2.082256691754586580e-07
2.069998688648208360e-07
2.057686571999645415e-07
2.045292386238923158e-07
2.039056583998386765e-07
2.026493188291362718e-07
2.013790095335744811e-07
2.000928604929303593e-07
1.987892218066725967e-07
1.974666465597097269e-07
1.961238749223159743e-07
1.947598193947134195e-07
1.933735511135399035e-07
1.919642871436227938e-07
1.905313786842084344e-07
1.890743001240596144e-07
1.875926388846935555e-07
1.860860859955169826e-07
1.845555337370925987e-07
1.830048011233303093e-07
1.814378265403354368e-07
1.798582754778516386e-07
1.782695570865130884e-07
1.766748397306758299e-07
1.750770656002888327e-07
1.734789644410271225e-07
1.718830664579752091e-07
1.702917144444873371e-07
1.687070751844526844e-07
1.671311501730244832e-07
1.647876005318903799e-07
1.632412223280736849e-07
1.617094021908100116e-07
1.601935142350379007e-07
1.586948158193746182e-07
1.564814811306472431e-07
1.550305551564548278e-07
1.536004002655403497e-07
1.521918316575633894e-07
1.501210356705382729e-07
1.487694735478694820e-07
1.474417380267404135e-07
1.454958532303418129e-07
1.442296725393317283e-07
1.429853393845565233e-07
1.411225981245701809e-07
1.398827952418611328e-07
1.380308725745855798e-07
1.368039790749544900e-07
1.355851325172359661e-07
1.337751497323854261e-07
1.325826467085843563e-07
1.308181758103765907e-07
1.296596665260776221e-07
1.279511135973834244e-07
1.268328683641663102e-07
1.251887115386121384e-07
1.235865571288386756e-07
1.225428507733158280e-07
1.210152768800961081e-07
1.200229300015692605e-07
1.185745260194756457e-07
1.171753441340187896e-07
1.162704130922086791e-07
1.149554312417277194e-07
1.136919507251027138e-07
1.128785069152275789e-07
1.117019453872621290e-07
1.105779378164969023e-07
1.095066199301446109e-07
1.088216917410328594e-07
1.078518503703394312e-07
1.069560163776069042e-07
1.061257134468466045e-07
1.053530763077775094e-07
1.048663970356657036e-07
1.041739254929961473e-07
1.035208378342600961e-07
1.029011872985701997e-07
1.023094730578993623e-07
1.017406110974098239e-07
1.011899069811725503e-07
1.006530303768486352e-07
1.001259912218325553e-07
9.960511742161366551e-08
9.908703397875638396e-08
9.856864345797712508e-08
9.804710769935048522e-08
9.751983069775616972e-08
9.680379846484463348e-08
9.625427186982389059e-08
9.569190125252470740e-08
9.511496729909605657e-08
9.452191831176647519e-08
9.391135890314506963e-08
9.306790107791121034e-08
9.241185755357129341e-08
9.174105767505980401e-08
9.085498545091097544e-08
9.019725666687015026e-08
8.954456873486560851e-08
8.868100504032602439e-08
8.803754959703838830e-08
8.739707970196514186e-08
8.654687028480330648e-08
8.591141101577895604e-08
8.506624165913712700e-08
8.443343895887125982e-08
8.359045971906686917e-08
8.295837809847775990e-08
8.211525759709763548e-08
8.148232274622536390e-08
8.063717678015327637e-08
7.979017793205211443e-08
7.915345502591225017e-08
7.830222663674033672e-08
7.744811450097990942e-08
7.680547018853769161e-08
7.594567518641352496e-08
7.508234527811173176e-08
7.421532098043717148e-08
7.334447839269846199e-08
7.268878452461119979e-08
7.181151883373374247e-08
7.094095590222305511e-08
7.008153349904405086e-08
6.923353631213973495e-08
6.839721248219873261e-08
6.757277624536444143e-08
6.676041039929401992e-08
6.596026860453028222e-08
6.517247753230389889e-08
6.439713886910125433e-08
6.363433118760925689e-08
6.288411169297773293e-08
6.196409478672067600e-08
6.124230808819814504e-08
6.053316689634930660e-08
5.983665452323449667e-08
5.898372544107016835e-08
5.831549652736488582e-08
5.765975168645081143e-08
5.685752111284038737e-08
5.622960049416552585e-08
5.561390751533037605e-08
5.486133836378400061e-08
5.427279319003347211e-08
5.355381617689640406e-08
5.299185434086881083e-08
5.230572407801961915e-08
5.178592346847550337e-08
5.119331047926109503e-08
5.065684052661396581e-08
5.026315495665133987e-08
4.980968433452642376e-08
4.939323658158357503e-08
4.908277444956072929e-08
4.871847817795569305e-08
4.837588329517570406e-08
4.805030724191440179e-08
4.773743892282087600e-08
4.743331381867128232e-08
4.713429073693050622e-08
4.689649191579116392e-08
4.659842639739882968e-08
4.629680815465337250e-08
4.592653387268983821e-08
4.560827598521236891e-08
4.527894085159733523e-08
4.493661572051022013e-08
4.457957232737221427e-08
4.420625422146635984e-08
4.373483421612366022e-08
4.332100497672238934e-08
4.288694174335207443e-08
4.243168886176981724e-08
4.186163552884865428e-08
4.139016925722768638e-08
4.083392660215462682e-08
4.037822338188574487e-08
3.984065098820734638e-08
3.940029915667483866e-08
3.888089707615188779e-08
3.845547600660132027e-08
3.795373580468305532e-08
3.746141330855647683e-08
3.705822829738645835e-08
3.658277432116920948e-08
3.611630480763335023e-08
3.565866736114727210e-08
3.520971019666921423e-08
3.476928232232656510e-08
3.433723370363112609e-08
3.391341541080409457e-08
3.349767975057040017e-08
3.308988038367580445e-08
3.268987242928339401e-08
3.229751255731611313e-08
3.191265906972954864e-08
3.153517197162311849e-08
3.116491303302781659e-08
3.074189797738863961e-08
3.038705647521751585e-08
3.004897748983764054e-08
2.968019576139643170e-08
2.938378163174303960e-08
2.905830462123967113e-08
2.879476808283979867e-08
2.850305285649535801e-08
2.826478491517171127e-08
2.799857755195457976e-08
2.774308934742464946e-08
2.749641809587037965e-08
2.729067059192737587e-08
2.705582888469309648e-08
2.682515813795386166e-08
2.659727897055315052e-08
2.637092614107229306e-08
2.614494084684210437e-08
2.591826352790915046e-08
2.568992714196386047e-08
2.545905087863535535e-08
2.522483428377762931e-08
2.498655176642645293e-08
2.470841187831887409e-08
2.445929122762365787e-08
2.420425624754054985e-08
2.390494955871486485e-08
2.363573617875222084e-08
2.332087706771100781e-08
2.304404806438723579e-08
2.273050400404001057e-08
2.246187090286631295e-08
2.216493936397194079e-08
2.188232882769649433e-08
2.161535999071397542e-08
2.139292894688035258e-08
2.114956090626828678e-08
2.091585274573054568e-08
2.069042537856141273e-08
2.047594723240244855e-08
2.027090740282179126e-08
2.007265106979656213e-08
1.987873166063304962e-08
1.966320783882637781e-08
1.947702519726443536e-08
1.929586461650437350e-08
1.909511572205472500e-08
1.891698357524103966e-08
1.873706753280607670e-08
1.853315466174552969e-08
1.833018521595158800e-08
1.814961844268283180e-08
1.794530910480872232e-08
1.773879141098437676e-08
1.755320130113857248e-08
1.734398416740543559e-08
1.713536322695052461e-08
1.692828409958803495e-08
1.672361250364762691e-08
1.652193517526778590e-08
1.632247345917293508e-08
1.610401747997177404e-08
1.591104014054035728e-08
1.572217857177955628e-08
1.551797721112793478e-08
1.534085317826296178e-08
1.516993115534562153e-08
1.498653103745298106e-08
1.480921514320358172e-08
1.465421909979438152e-08
1.448781688989943482e-08
1.432757977250142051e-08
1.417204515427176064e-08
1.403496982179138990e-08
1.388475155923016035e-08
1.373683297003958329e-08
1.357829583269511530e-08
1.343682488490383992e-08
1.329681690527232953e-08
1.315732717546509846e-08
1.300374505387017374e-08
1.286477675836726826e-08
1.272672864457417406e-08
1.257611074864699323e-08
1.242695680674825739e-08
1.229264406758956839e-08
1.214539838738463887e-08
1.199931070607291378e-08
1.185533186806529538e-08
1.171432977130283886e-08
1.157705935461613262e-08
1.144275145550942784e-08
1.131101364502886758e-08
1.118210416950965669e-08
1.105625608259092070e-08
1.092270444799567241e-08
1.080392407888825729e-08
1.067802094185600713e-08
1.056540915603085924e-08
1.044502140280836133e-08
1.032663246340075430e-08
1.021975344242636725e-08
1.010555297993233637e-08
9.993444432794329704e-09
9.882987849817582012e-09
9.773778149115818332e-09
9.665477871649010842e-09
9.549327867700893642e-09
9.443415779824537897e-09
9.338911551086841748e-09
9.227447498772555836e-09
9.126281729595338382e-09
9.018133472941980459e-09
8.911549282054802255e-09
8.806827090102777542e-09
8.712047133089647133e-09
8.611642419791766666e-09
8.513554452360469483e-09
8.417510642245889846e-09
8.316234922147767772e-09
8.224081816111887822e-09
8.133644745751974582e-09
8.038197688254734171e-09
7.951454816295660477e-09
7.859819104677750182e-09
7.769776248828522072e-09
7.687381853244092916e-09
7.599802448759741224e-09
7.513535705836121075e-09
7.428614895148313114e-09
7.345048825205910093e-09
7.257024344555295759e-09
7.176266992267493247e-09
7.096711745522609205e-09
7.012840855039875208e-09
6.935917217556806043e-09
6.855030351636217600e-09
6.775798546304206719e-09
6.698165032502049122e-09
6.622020389939275565e-09
6.547299496808828362e-09
6.473940743539781363e-09
6.401885832621054472e-09
6.331133473641845231e-09
6.257093904405340141e-09
6.188936623897991205e-09
6.117486557457913210e-09
6.051599916822767549e-09
5.982428051400106779e-09
5.914401934065621127e-09
5.847529333751098314e-09
5.781814738144512223e-09
5.717260764474268156e-09
5.649932411865948166e-09
5.587675600681472878e-09
5.522694871360815571e-09
5.462635810094138340e-09
5.399990268053973490e-09
5.338544225373619031e-09
5.278265521641177736e-09
5.219106032397200516e-09
5.161023431502259468e-09
5.103977482416262740e-09
5.044663370347351078e-09
4.989652456380498586e-09
4.932454980653490589e-09
4.879396799763155999e-09
4.824205316862962679e-09
4.769999775797202140e-09
4.716752335230742892e-09
4.664442834255921662e-09
4.613052995363981092e-09
4.559786034270573779e-09
4.510230536298745165e-09
4.458858210447630996e-09
4.411048679277172250e-09
4.361470953484249895e-09
4.312787564894188051e-09
4.264980946564707525e-09
4.218032810319397252e-09
4.169510829719908563e-09
4.124247664260088122e-09
4.077461426942000193e-09
4.033814820105642666e-09
3.988696540736488098e-09
3.944398785170462498e-09
3.900900086503186842e-09
3.858184837376815953e-09
3.816237692799919410e-09
3.773003364584393127e-09
3.732578035998092652e-09
3.690895489427759878e-09
3.649979977227939673e-09
3.609815903841419099e-09
3.570387964232754874e-09
3.531678200245694763e-09
3.493663772324428550e-09
3.454568721924614034e-09
3.417932478837939337e-09
3.380250610587901884e-09
3.343267552801291626e-09
3.306961356953187936e-09
3.271316001922973444e-09
3.236316946284349467e-09
3.200402659036522451e-09
3.166681496578748861e-09
3.132067943248045697e-09
3.098092579715145793e-09
3.064741098388383173e-09
3.031999545990789300e-09
2.999854308478954342e-09
2.968288561766882697e-09
2.935951359657498670e-09
2.904214253014264302e-09
2.874350129251151805e-09
2.843749377074667447e-09
2.812467752506349826e-09
2.782990659455688032e-09
2.754043448185769162e-09
2.724441156214736266e-09
2.695388640660122674e-09
2.666872330833297771e-09
2.638875453059326759e-09
2.611386121495524452e-09
2.584393258459883637e-09
2.556835710828497226e-09
2.530822000132288483e-09
2.504255324540822067e-09
2.478173627174022816e-09
2.452566158112322346e-09
2.426464482975723540e-09
2.401791437179728570e-09
2.376634774356425115e-09
2.351939625805610153e-09
2.327695511772666035e-09
2.303892219604365259e-09
2.280519796730525862e-09
2.256724332808419311e-09
2.233366515271162210e-09
2.211248006557808046e-09
2.188720932832183361e-09
2.165820072973499622e-09
2.144114130228419252e-09
2.122039801182650917e-09
2.101110535184630436e-09
2.079822461854221873e-09
2.058921022858828173e-09
2.037695825057322394e-09
2.017549887964380946e-09
1.997084639214476497e-09
1.976992610147845774e-09
1.957265399914653144e-09
1.937894617310387206e-09
1.918869205707473193e-09
1.899563326400939378e-09
1.880608989696250212e-09
1.861998336274264608e-09
1.843723690597154315e-09
1.825775174235166667e-09
1.807580256433837847e-09
1.790269078373738822e-09
1.772717619934021181e-09
1.754948659115244981e-09
1.738030517471135867e-09
1.721410592325145451e-09
1.704576642069699204e-09
1.688045792624958867e-09
1.671811205316933146e-09
1.655386826500370831e-09
1.639729740607546337e-09
1.623884080052566871e-09
1.608321948913312238e-09
1.593036838022583281e-09
1.577584607237007174e-09
1.562839884263104453e-09
1.547928552553158310e-09
1.533281990591856907e-09
1.518486803901030721e-09
1.504358873679766820e-09
1.490083029378722366e-09
1.476059727969307170e-09
1.462283249412026002e-09
1.448375434696019758e-09
1.435082506088526532e-09
1.421659137763244403e-09
1.408470949450547853e-09
1.395165607296539395e-09
1.382438162108363345e-09
1.369595363172514460e-09
1.356978300732455485e-09
1.344580080678621113e-09
1.332078007374177227e-09
1.319796215395828387e-09
1.307729765988905051e-09
1.295873479888999378e-09
1.284220817519447336e-09
1.272475920924382354e-09
1.260935525106305955e-09
1.249595045043021518e-09
1.238173761833146466e-09
1.227222907669796402e-09
1.216189911160636274e-09
1.205084341037148249e-09
1.194430605727780889e-09
1.183704559963729580e-09
1.173163044785276040e-09
1.162801090454159020e-09
1.152374091196104244e-09
1.142126582213050933e-09
1.132054339057959913e-09
1.122152788550195285e-09
1.112192731799461137e-09
1.102402353378532319e-09
1.092777692985583178e-09
1.083314903032936676e-09
1.073800327577288877e-09
1.064446144104181462e-09
1.055248573943713531e-09
1.046004743234643596e-09
1.036917076392134912e-09
1.027981837754830325e-09
1.019194657656433077e-09
1.010365688328306165e-09
1.001684108029436067e-09
9.931465370554793020e-10
9.845725146755294899e-10
9.761411063857171185e-10
9.678487054330952700e-10
9.595236501131061300e-10
9.513369023573683679e-10
9.432852905809953922e-10
9.353652723032054911e-10
9.274156768290573815e-10
9.195963850221566885e-10
9.119043800685402836e-10
9.041866282882887282e-10
8.965950681326012471e-10
8.891263327531655115e-10
8.816345784199901282e-10
8.742644769074348772e-10
8.670131289782065082e-10
8.597415836279098155e-10
8.525873455778911348e-10
8.455475561174760371e-10
8.386194721824384586e-10
8.316728073869558731e-10
8.247110471008676751e-10
8.179845868596230498e-10
8.112416046940359184e-10
8.046050482670507745e-10
7.979545475286871014e-10
7.914091482819180515e-10
7.849663148732994565e-10
7.785112176292174283e-10
7.721573293256232688e-10
7.657933570602043168e-10
7.596363699561904839e-10
7.534679920718613297e-10
7.472908997938997703e-10
7.412099109101362605e-10
7.352227208014582828e-10
7.293270993115553700e-10
7.234232634585811229e-10
7.175136600982051623e-10
7.117898635368158256e-10
7.059656938138657524e-10
7.003230121098154369e-10
6.946747103962353674e-10
6.891120902648590093e-10
6.835454155011765618e-10
6.780629926336140460e-10
6.726627831605044112e-10
6.672590214425259647e-10
6.619363577845627952e-10
6.566116073027780621e-10
6.513665454804148266e-10
6.461992130955977093e-10
6.410299710149261879e-10
6.359372897165374077e-10
6.308440847822197483e-10
6.258261742528205943e-10
6.208084459039831436e-10
6.159366628143768325e-10
6.109926764353918357e-10
6.061215814779236819e-10
6.013215669979591167e-10
5.965908721340844691e-10
5.918607073172567356e-10
5.871324243930556731e-10
5.824728886636286193e-10
5.778804420269563255e-10
5.732901167915896489e-10
5.687653963604597677e-10
5.642432064304300078e-10
5.597857818599048606e-10
5.553318965209443837e-10
5.509414197246215236e-10
5.465546953003222596e-10
5.422299107383614846e-10
5.379660369833229641e-10
5.337062014517489579e-10
5.294512593999286439e-10
5.253102360031806908e-10
5.211193375890228850e-10
5.169871906206863299e-10
5.129128056703812118e-10
5.088436033293745470e-10
5.048307628273917152e-10
5.008231561663843510e-10
4.968216995681861509e-10
4.929244150544261174e-10
4.889848189364743101e-10
4.850996436981835453e-10
4.812675502765446544e-10
4.774415649006864209e-10
4.736680882475973481e-10
4.699013909910600734e-10
4.661420182163976027e-10
4.624338214977865151e-10
4.587755771168935620e-10
4.551245195875576131e-10
4.514813734190005963e-10
4.478876136592517060e-10
4.443015359988653808e-10
4.407635144492588361e-10
4.372334865545241577e-10
4.337511434775739372e-10
4.302769419618553335e-10
4.268490882046845194e-10
4.234291037041728174e-10
4.200176845499505083e-10
4.166521381318121453e-10
4.132954701979514479e-10
4.099833648474065412e-10
4.066798051573166165e-10
4.033852702857396801e-10
4.001347468280559039e-10
3.969272212791000037e-10
3.936954441178715070e-10
3.905389905298863441e-10
3.873589021802082177e-10
3.842209965592491337e-10
3.810930329666520702e-10
3.780062282594539255e-10
3.749290299933554523e-10
3.718918651453361299e-10
3.688347623897495169e-10
3.658475507721495559e-10
3.628411112270447276e-10
3.598740274769069482e-10
3.569171214133978114e-10
3.539988439148748404e-10
3.510912081725935601e-10
3.481943736417358950e-10
3.453352884991227337e-10
3.424866073404770890e-10
3.396487074389169947e-10
3.368480738941929934e-10
3.340584093968109350e-10
3.312798296272334715e-10
3.285372164502520165e-10
3.257809263597169278e-10
3.230850430461332397e-10
3.203764013565435559e-10
3.177030234796642972e-10
3.150408639500556744e-10
3.123900381450554545e-10
3.097738070391218567e-10
3.071692360283495306e-10
3.045763822392116783e-10
3.020170330946652321e-10
2.994689505116034821e-10
2.969326219632130072e-10
2.944084310565099809e-10
2.918964293126316926e-10
2.894170231785962182e-10
2.869493755697721223e-10
2.844937852263910864e-10
2.820702894197855727e-10
2.796588514192092240e-10
2.772595204923945253e-10
2.748723436244146741e-10
2.724974878280137832e-10
2.701537699858296569e-10
2.678043420813376335e-10
2.654856510827891818e-10
2.631970129239165808e-10
2.609030196642562916e-10
2.586219872945675701e-10
2.563709536574802092e-10
2.541325245324739596e-10
2.519066998442215154e-10
2.496934904127609327e-10
2.475093484997714805e-10
2.453220821740977753e-10
2.431636009487162187e-10
2.410178142747339299e-10
2.388847026561904828e-10
2.367645121081158006e-10
2.346575042028363192e-10
2.325636350058477088e-10
2.304973160581331230e-10
2.284294031740168848e-10
2.263887342440970558e-10
2.243611719551769882e-10
2.223466853799446629e-10
2.203452289973895464e-10
2.183567575722160615e-10
2.163812931782850777e-10
2.144191385222913525e-10
2.124702948844064594e-10
2.105473627824343564e-10
2.086248259172411806e-10
2.067154773423871463e-10
2.048317098221716232e-10
2.029490959375757578e-10
2.010917179894254751e-10
1.992357061878168296e-10
1.974045026536012967e-10
1.955750926901417770e-10
1.937704295457199778e-10
1.919678831977304781e-10
1.901896394679689752e-10
1.884136740203138368e-10
1.866617162478581437e-10
1.849125379258169588e-10
1.831871352394822000e-10
1.814646370942729674e-10
1.797554250640966201e-10
1.780694001545771036e-10
1.763867673457008525e-10
1.747174961292714703e-10
1.730614924698978895e-10
1.714186634601447790e-10
1.697889487180072501e-10
1.681724908389985182e-10
1.665692389537551300e-10
1.649702224954759255e-10
1.633932082282557155e-10
1.618204346261000836e-10
1.602599004076473671e-10
1.587204649343226341e-10
1.571862025779199394e-10
1.556584171625628777e-10
nan
