# bin_6_5
-5.215416776297912442e-06
5.546205693952412049e-06
1.461158360964364355e-05
2.186017260581456700e-05
2.747314174095855566e-05
3.157492759385160301e-05
3.439610283417146315e-05
3.613707017488343123e-05
3.694277372554072894e-05
3.704353524744488792e-05
3.654639075318504308e-05
3.558425014678222493e-05
3.429078992308038211e-05
3.276382984821961223e-05
3.108193678957381996e-05
2.932821760335402786e-05
2.758438977014405623e-05
2.586125254527905348e-05
2.415981079934533047e-05
2.253751818285965617e-05
2.105284924822899216e-05
1.972985850422200057e-05
1.851375390510753895e-05
1.739366347364548057e-05
1.641483315073541616e-05
1.559637045801101277e-05
1.489712463934619187e-05
1.427695253045049640e-05
1.373867872002375944e-05
1.328076926584914774e-05
1.289908375170359545e-05
1.259634779278382114e-05
1.235175700939952454e-05
1.213399190228333406e-05
1.192145970925916453e-05
1.169966062816107336e-05
1.145925201067057471e-05
1.123475788643133491e-05
1.104032940998135061e-05
1.084706918991131409e-05
1.063469290827499953e-05
1.038942683414643054e-05
1.010239950427509252e-05
9.768409811430493116e-06
9.415123501894140140e-06
9.072443627840264012e-06
8.740572088733662861e-06
8.419582912339381207e-06
8.109449638685457690e-06
7.810067418123304444e-06
7.521270853062176804e-06
7.242848404306157692e-06
6.976014103121131446e-06
6.721984970261486356e-06
6.480469124819808731e-06
6.251114559337563955e-06
6.033526247342716248e-06
5.827279786859116968e-06
5.631932243525187099e-06
5.447030728547736588e-06
5.272119143965111436e-06
5.126032237055175380e-06
5.019685213709126690e-06
4.942269913232456876e-06
4.884769618270740446e-06
4.839692425772629954e-06
4.800844177374062778e-06
4.763134881280384826e-06
4.722413533172651312e-06
4.675327054016266458e-06
4.619199737343985972e-06
4.551930161535651803e-06
4.478802833538455255e-06
4.406169806545547880e-06
4.333926664105351707e-06
4.261991442611971245e-06
4.190301141685841880e-06
4.118808732601269064e-06
4.047480593952614767e-06
3.976294314100142870e-06
3.905236808710399766e-06
3.834302709155631560e-06
3.763492983870865179e-06
3.692813760160913362e-06
3.622275318548118055e-06
3.551567191014998524e-06
3.480723734997686963e-06
3.410219930345033005e-06
3.340464028764202008e-06
3.271805223291173666e-06
3.204540456438575648e-06
3.138920466504071896e-06
3.075155159487070075e-06
3.013418383561033653e-06
2.953852173876453199e-06
2.896570527448298813e-06
2.841662760859119951e-06
2.789196497353839345e-06
2.739220324501767916e-06
2.691766158857888583e-06
2.646851349885040200e-06
2.606001782763574388e-06
2.570143673571877359e-06
2.538454271846211065e-06
2.510196127336464513e-06
2.484709091646355758e-06
2.461403071581650829e-06
2.439751460793820241e-06
2.419285183858182868e-06
2.399587293655204796e-06
2.380288068926274383e-06
2.361060564233608539e-06
2.341616569341645255e-06
2.321702939318200961e-06
2.301098260484724682e-06
2.279609820776155981e-06
2.257070856146153532e-06
2.233338047411964978e-06
2.208289244409214793e-06
2.182245523386556729e-06
2.155709164722470992e-06
2.128832720705638113e-06
2.101754146634154762e-06
2.074597999551024210e-06
2.047476539426035556e-06
2.020490741007731873e-06
1.993731223839444315e-06
1.967279107272246462e-06
1.941206796708147312e-06
1.915578706763022495e-06
1.890451926545047109e-06
1.865876831795929671e-06
1.841897648234658448e-06
1.818552970072789474e-06
1.795876237333018540e-06
1.773896175295720871e-06
1.752637199118387790e-06
1.732119786417963636e-06
1.712360820373596453e-06
1.693373905695167410e-06
1.675169659609371402e-06
1.657597590755279545e-06
1.640485590625347310e-06
1.623810801944193053e-06
1.607551672409493733e-06
1.591687875627701285e-06
1.576200237141263872e-06
1.561070665197102838e-06
1.546282085931904212e-06
1.531818382673493970e-06
1.517664339079477752e-06
1.503805585854503926e-06
1.490228550806133067e-06
1.476920412016491022e-06
1.463869053922773519e-06
1.451063026114313121e-06
1.438491504667512535e-06
1.426144255852462972e-06
1.414011602056692003e-06
1.402084389782196709e-06
1.390353959581879044e-06
1.378812117810717733e-06
1.367451110075510164e-06
1.356263596274976876e-06
1.345242627129328373e-06
1.334381622105200350e-06
1.323693923645138415e-06
1.313192668577677594e-06
1.302871455454659708e-06
1.292724168879479527e-06
1.282744965200043740e-06
1.272928258978105933e-06
1.263268710189564532e-06
1.244400879867806442e-06
1.235183039560707686e-06
1.226103218011916510e-06
1.217157133021656095e-06
1.208340684149945927e-06
1.199649943979363982e-06
1.191081149833716353e-06
1.182630695927010198e-06
1.166071125852338249e-06
1.157955517457152858e-06
1.149945251791212552e-06
1.142037403208718530e-06
1.134229163632885330e-06
1.126517837118025300e-06
1.118900834685103596e-06
1.103939951792350517e-06
1.096591385266480796e-06
1.089327762050989910e-06
1.082146959116402833e-06
1.068021760964832290e-06
1.061067196476453178e-06
1.054183718590576803e-06
1.047371721845404669e-06
1.040631522734372520e-06
1.027367421763334216e-06
1.020843804661072273e-06
1.014392563074235449e-06
1.001707127156308491e-06
9.954727645103527302e-07
9.893104474349131857e-07
9.832199778256814784e-07
9.712535904177601614e-07
9.653770863223997949e-07
9.595712621456198208e-07
9.481701335030285736e-07
9.425740013672754022e-07
9.370468978333484517e-07
9.261978657996058848e-07
9.208749328768896514e-07
9.104295917017108718e-07
9.053060808263508041e-07
9.002479189518882635e-07
8.903252996380121615e-07
8.854596457205773589e-07
8.759165936642486373e-07
8.712379515373578508e-07
8.620328409676743436e-07
8.574982343596983595e-07
8.530087156177029958e-07
8.441642083127881723e-07
8.398088151850053266e-07
8.312306352044714637e-07
8.270073649109213721e-07
8.186911713814069124e-07
8.145977009884983781e-07
8.065385781502048798e-07
8.025723278271626561e-07
7.947649021895908008e-07
7.871221092343513557e-07
7.833616300554395024e-07
7.759608271029974629e-07
7.723198203102114227e-07
7.651548650443128048e-07
7.581436498274144331e-07
7.546948106122873693e-07
7.479088876130440305e-07
7.445710881674671807e-07
7.380040195606330404e-07
7.315792633956271366e-07
7.284193548945087135e-07
7.222026855626427409e-07
7.161211664541100635e-07
7.131301994817763140e-07
7.072341009350566217e-07
7.014426813699786948e-07
6.957539841334513304e-07
6.929475483854157343e-07
6.874092947905405273e-07
6.819689336707047805e-07
6.766245638289222862e-07
6.739877870605900482e-07
6.687838845714318696e-07
6.636713132677099623e-07
6.586482500371240145e-07
6.537128969024137267e-07
6.512775568581368289e-07
6.464704548954394478e-07
6.417466837908869158e-07
6.371045399143666221e-07
6.325423478628883074e-07
6.280584608179600758e-07
6.236512608075266629e-07
6.193191588819367191e-07
6.150605952126038314e-07
6.108740391212397470e-07
6.067579890468693232e-07
6.027109724571991165e-07
5.987315457103225257e-07
5.948182938722353310e-07
5.909653624175025011e-07
5.871672194128050602e-07
5.834229616461103397e-07
5.797316949299062483e-07
5.760925346063825219e-07
5.725046059912590472e-07
5.689670447612800359e-07
5.654789972899971546e-07
5.620396209361272808e-07
5.586480842884211517e-07
5.553035673706987001e-07
5.520052618104026824e-07
5.471427103650102649e-07
5.439564738550764506e-07
5.408137124609310327e-07
5.377136712823722942e-07
5.346556074254188538e-07
5.301456235728958395e-07
5.271893315775186635e-07
5.242725111268704198e-07
5.213944730750574542e-07
5.171486544825328421e-07
5.143646345779860966e-07
5.116170773341323782e-07
5.075627190299259817e-07
5.049035571473741114e-07
5.022783211673383129e-07
4.983986004919867722e-07
4.958496430382346025e-07
4.920810392191103307e-07
4.896043725627873455e-07
4.871556588176538758e-07
4.835338466606400296e-07
4.811527311260005954e-07
4.776299582175809821e-07
4.753133438286103936e-07
4.718851125465234213e-07
4.696300959149094869e-07
4.662921877888161287e-07
4.630065568114517026e-07
4.608444988557367406e-07
4.576429698309749865e-07
4.555357645548066874e-07
4.524147500446330624e-07
4.493404107098348689e-07
4.473162011708658631e-07
4.443170689445695879e-07
4.413615759260836986e-07
4.394149628723785442e-07
4.365298490538320541e-07
4.336856096185054905e-07
4.308812714569000099e-07
4.290334142521187420e-07
4.262934129265804351e-07
4.235905992199203511e-07
4.209239830360349345e-07
4.182926144895221793e-07
4.165574990762818278e-07
4.139828685736750661e-07
4.114411342104688090e-07
4.089314770527609484e-07
4.064531098547596265e-07
4.040052755144547665e-07
4.015872456153435984e-07
3.991983190489160647e-07
3.968378207129720684e-07
3.945051002811611684e-07
3.921995310394449189e-07
3.899205087854634756e-07
3.876674507870417768e-07
3.854397947963321851e-07
3.825081657529888008e-07
3.803377027667956917e-07
3.781909039485773418e-07
3.760672856399911520e-07
3.739663802219712344e-07
3.718877354129642094e-07
3.691500822859710018e-07
3.671217012604559054e-07
3.651144682792124201e-07
3.624717471526484399e-07
3.605143080412900507e-07
3.585774090081398775e-07
3.560260150953307948e-07
3.541352384758186446e-07
3.522634971370030649e-07
3.497967368471546957e-07
3.479678224150040032e-07
3.455567537307464468e-07
3.437685923182439781e-07
3.414105658134866005e-07
3.396612528058208247e-07
3.373538329107643056e-07
3.356416157016726059e-07
3.333825590282362700e-07
3.311501985316798026e-07
3.294930578206391287e-07
3.273058779940270548e-07
3.251436841419016643e-07
3.235380903114935645e-07
3.214182580166816880e-07
3.193218931211610366e-07
3.172484853188650984e-07
3.151975447212405621e-07
3.136737995958639009e-07
3.116612752346313481e-07
3.096747671965351229e-07
3.077149622713843741e-07
3.057805566697703731e-07
3.038703268563279678e-07
3.019831246015732396e-07
3.001178723458681957e-07
2.982735588549288024e-07
2.964492351477282787e-07
2.946440106789635956e-07
2.928570497595006474e-07
2.910875681993420708e-07
2.888991799549713475e-07
2.871664054307320086e-07
2.854488805593192729e-07
2.837460071618619652e-07
2.816371674589117765e-07
2.799652607638598666e-07
2.783063054879926203e-07
2.762501326088716921e-07
2.746186943401696829e-07
2.729988269172238667e-07
2.709897027167670597e-07
2.693945519689214619e-07
2.674152741367060395e-07
2.658432175915156913e-07
2.638918999734260612e-07
2.623443171352038705e-07
2.604304255688526795e-07
2.585386561569181269e-07
2.570406559633975108e-07
2.551868201139085171e-07
2.533530879982072619e-07
2.519001442158539773e-07
2.501010057428093967e-07
2.483202651738141762e-07
2.465573786060654379e-07
2.448118330209161668e-07
2.430831443082449773e-07
2.413708554216339707e-07
2.400125412710573153e-07
2.383287001715134382e-07
2.366601089102554576e-07
2.346774110619543584e-07
2.330410983661506513e-07
2.314189225867831570e-07
2.298105737173949833e-07
2.282157578091628740e-07
2.266341959664385025e-07
2.247534452495529268e-07
2.232001288933123671e-07
2.216592647301280982e-07
2.201306275059808728e-07
2.183248173021865370e-07
2.168954940084041315e-07
2.152687756546376168e-07
2.139755190428146686e-07
2.124849874133862961e-07
2.112842807637157536e-07
2.098816375265485618e-07
2.087362963551152401e-07
2.073803534825972912e-07
2.060347817670795797e-07
2.049145294736300043e-07
2.035639625616415838e-07
2.021990604122812190e-07
2.008125866888384734e-07
1.993979917050499927e-07
1.979493635259017808e-07
1.964613823842951001e-07
1.949292781845922364e-07
1.933487908805634866e-07
1.917161335305055232e-07
1.900279578464024260e-07
1.882813220670347900e-07
1.864736609970064736e-07
1.846027580648198557e-07
1.826667192634612505e-07
1.803235694537177168e-07
1.782237946574933794e-07
1.752702920375046676e-07
1.703843856230162569e-07
1.651355152757484970e-07
1.579718391025257199e-07
1.510895293529403356e-07
1.423645844095313684e-07
1.344181393085699016e-07
1.247471900582676343e-07
1.147901057244933074e-07
1.046868117228709591e-07
9.600799457364717390e-08
8.596518044108131013e-08
7.611432605133077284e-08
6.655456028948577327e-08
5.737613549702992421e-08
4.866103847133618219e-08
4.048356107432295502e-08
3.291083318066014914e-08
2.600332050286276215e-08
1.981528965188781436e-08
1.439524262646316259e-08
9.196404792672164207e-09
5.560944950528777642e-09
2.812748796451946758e-09
7.949779569322243952e-10
3.951925209400957179e-11
0.000000000000000000e+00
0.000000000000000000e+00
0.000000000000000000e+00
0.000000000000000000e+00
0.000000000000000000e+00
0.000000000000000000e+00
0.000000000000000000e+00
0.000000000000000000e+00
0.000000000000000000e+00
0.000000000000000000e+00
0.000000000000000000e+00
0.000000000000000000e+00
0.000000000000000000e+00
0.000000000000000000e+00
0.000000000000000000e+00
0.000000000000000000e+00
0.000000000000000000e+00
0.000000000000000000e+00
0.000000000000000000e+00
0.000000000000000000e+00
0.000000000000000000e+00
0.000000000000000000e+00
0.000000000000000000e+00
0.000000000000000000e+00
0.000000000000000000e+00
0.000000000000000000e+00
0.000000000000000000e+00
0.000000000000000000e+00
0.000000000000000000e+00
0.000000000000000000e+00
0.000000000000000000e+00
0.000000000000000000e+00
0.000000000000000000e+00
0.000000000000000000e+00
0.000000000000000000e+00
0.000000000000000000e+00
0.000000000000000000e+00
0.000000000000000000e+00
0.000000000000000000e+00
0.000000000000000000e+00
0.000000000000000000e+00
0.000000000000000000e+00
0.000000000000000000e+00
0.000000000000000000e+00
0.000000000000000000e+00
0.000000000000000000e+00
0.000000000000000000e+00
0.000000000000000000e+00
0.000000000000000000e+00
0.000000000000000000e+00
0.000000000000000000e+00
0.000000000000000000e+00
0.000000000000000000e+00
0.000000000000000000e+00
0.000000000000000000e+00
0.000000000000000000e+00
0.000000000000000000e+00
0.000000000000000000e+00
0.000000000000000000e+00
0.000000000000000000e+00
0.000000000000000000e+00
0.000000000000000000e+00
0.000000000000000000e+00
0.000000000000000000e+00
0.000000000000000000e+00
0.000000000000000000e+00
0.000000000000000000e+00
0.000000000000000000e+00
0.000000000000000000e+00
0.000000000000000000e+00
0.000000000000000000e+00
0.000000000000000000e+00
0.000000000000000000e+00
0.000000000000000000e+00
0.000000000000000000e+00
0.000000000000000000e+00
0.000000000000000000e+00
0.000000000000000000e+00
0.000000000000000000e+00
0.000000000000000000e+00
0.000000000000000000e+00
0.000000000000000000e+00
0.000000000000000000e+00
0.000000000000000000e+00
0.000000000000000000e+00
0.000000000000000000e+00
0.000000000000000000e+00
0.000000000000000000e+00
0.000000000000000000e+00
0.000000000000000000e+00
0.000000000000000000e+00
0.000000000000000000e+00
0.000000000000000000e+00
0.000000000000000000e+00
0.000000000000000000e+00
0.000000000000000000e+00
0.000000000000000000e+00
0.000000000000000000e+00
0.000000000000000000e+00
0.000000000000000000e+00
0.000000000000000000e+00
0.000000000000000000e+00
0.000000000000000000e+00
0.000000000000000000e+00
0.000000000000000000e+00
0.000000000000000000e+00
0.000000000000000000e+00
0.000000000000000000e+00
0.000000000000000000e+00
0.000000000000000000e+00
0.000000000000000000e+00
0.000000000000000000e+00
0.000000000000000000e+00
0.000000000000000000e+00
0.000000000000000000e+00
0.000000000000000000e+00
0.000000000000000000e+00
0.000000000000000000e+00
0.000000000000000000e+00
0.000000000000000000e+00
0.000000000000000000e+00
0.000000000000000000e+00
0.000000000000000000e+00
0.000000000000000000e+00
0.000000000000000000e+00
0.000000000000000000e+00
0.000000000000000000e+00
0.000000000000000000e+00
0.000000000000000000e+00
0.000000000000000000e+00
0.000000000000000000e+00
0.000000000000000000e+00
0.000000000000000000e+00
0.000000000000000000e+00
0.000000000000000000e+00
0.000000000000000000e+00
0.000000000000000000e+00
0.000000000000000000e+00
0.000000000000000000e+00
0.000000000000000000e+00
0.000000000000000000e+00
0.000000000000000000e+00
0.000000000000000000e+00
0.000000000000000000e+00
0.000000000000000000e+00
0.000000000000000000e+00
0.000000000000000000e+00
0.000000000000000000e+00
0.000000000000000000e+00
0.000000000000000000e+00
0.000000000000000000e+00
0.000000000000000000e+00
0.000000000000000000e+00
0.000000000000000000e+00
0.000000000000000000e+00
0.000000000000000000e+00
0.000000000000000000e+00
0.000000000000000000e+00
0.000000000000000000e+00
0.000000000000000000e+00
0.000000000000000000e+00
0.000000000000000000e+00
0.000000000000000000e+00
0.000000000000000000e+00
0.000000000000000000e+00
0.000000000000000000e+00
0.000000000000000000e+00
0.000000000000000000e+00
0.000000000000000000e+00
0.000000000000000000e+00
0.000000000000000000e+00
0.000000000000000000e+00
0.000000000000000000e+00
0.000000000000000000e+00
0.000000000000000000e+00
0.000000000000000000e+00
0.000000000000000000e+00
0.000000000000000000e+00
0.000000000000000000e+00
0.000000000000000000e+00
0.000000000000000000e+00
0.000000000000000000e+00
0.000000000000000000e+00
0.000000000000000000e+00
0.000000000000000000e+00
0.000000000000000000e+00
0.000000000000000000e+00
0.000000000000000000e+00
0.000000000000000000e+00
0.000000000000000000e+00
0.000000000000000000e+00
0.000000000000000000e+00
0.000000000000000000e+00
0.000000000000000000e+00
0.000000000000000000e+00
0.000000000000000000e+00
0.000000000000000000e+00
0.000000000000000000e+00
0.000000000000000000e+00
0.000000000000000000e+00
0.000000000000000000e+00
0.000000000000000000e+00
0.000000000000000000e+00
0.000000000000000000e+00
0.000000000000000000e+00
0.000000000000000000e+00
0.000000000000000000e+00
0.000000000000000000e+00
0.000000000000000000e+00
0.000000000000000000e+00
0.000000000000000000e+00
0.000000000000000000e+00
0.000000000000000000e+00
0.000000000000000000e+00
0.000000000000000000e+00
0.000000000000000000e+00
0.000000000000000000e+00
0.000000000000000000e+00
0.000000000000000000e+00
0.000000000000000000e+00
0.000000000000000000e+00
0.000000000000000000e+00
0.000000000000000000e+00
0.000000000000000000e+00
0.000000000000000000e+00
0.000000000000000000e+00
0.000000000000000000e+00
0.000000000000000000e+00
0.000000000000000000e+00
0.000000000000000000e+00
0.000000000000000000e+00
0.000000000000000000e+00
0.000000000000000000e+00
0.000000000000000000e+00
0.000000000000000000e+00
0.000000000000000000e+00
0.000000000000000000e+00
0.000000000000000000e+00
0.000000000000000000e+00
0.000000000000000000e+00
0.000000000000000000e+00
0.000000000000000000e+00
0.000000000000000000e+00
0.000000000000000000e+00
0.000000000000000000e+00
0.000000000000000000e+00
0.000000000000000000e+00
0.000000000000000000e+00
0.000000000000000000e+00
0.000000000000000000e+00
0.000000000000000000e+00
0.000000000000000000e+00
0.000000000000000000e+00
0.000000000000000000e+00
0.000000000000000000e+00
0.000000000000000000e+00
0.000000000000000000e+00
0.000000000000000000e+00
0.000000000000000000e+00
0.000000000000000000e+00
0.000000000000000000e+00
0.000000000000000000e+00
0.000000000000000000e+00
0.000000000000000000e+00
0.000000000000000000e+00
0.000000000000000000e+00
0.000000000000000000e+00
0.000000000000000000e+00
0.000000000000000000e+00
0.000000000000000000e+00
0.000000000000000000e+00
0.000000000000000000e+00
0.000000000000000000e+00
0.000000000000000000e+00
0.000000000000000000e+00
0.000000000000000000e+00
0.000000000000000000e+00
0.000000000000000000e+00
0.000000000000000000e+00
0.000000000000000000e+00
0.000000000000000000e+00
0.000000000000000000e+00
0.000000000000000000e+00
0.000000000000000000e+00
0.000000000000000000e+00
0.000000000000000000e+00
0.000000000000000000e+00
0.000000000000000000e+00
0.000000000000000000e+00
0.000000000000000000e+00
0.000000000000000000e+00
0.000000000000000000e+00
0.000000000000000000e+00
0.000000000000000000e+00
0.000000000000000000e+00
0.000000000000000000e+00
0.000000000000000000e+00
0.000000000000000000e+00
0.000000000000000000e+00
0.000000000000000000e+00
0.000000000000000000e+00
0.000000000000000000e+00
0.000000000000000000e+00
0.000000000000000000e+00
0.000000000000000000e+00
0.000000000000000000e+00
0.000000000000000000e+00
0.000000000000000000e+00
0.000000000000000000e+00
0.000000000000000000e+00
0.000000000000000000e+00
0.000000000000000000e+00
0.000000000000000000e+00
0.000000000000000000e+00
0.000000000000000000e+00
0.000000000000000000e+00
0.000000000000000000e+00
0.000000000000000000e+00
0.000000000000000000e+00
0.000000000000000000e+00
0.000000000000000000e+00
0.000000000000000000e+00
0.000000000000000000e+00
0.000000000000000000e+00
0.000000000000000000e+00
0.000000000000000000e+00
0.000000000000000000e+00
0.000000000000000000e+00
0.000000000000000000e+00
0.000000000000000000e+00
0.000000000000000000e+00
0.000000000000000000e+00
0.000000000000000000e+00
0.000000000000000000e+00
0.000000000000000000e+00
0.000000000000000000e+00
0.000000000000000000e+00
0.000000000000000000e+00
0.000000000000000000e+00
0.000000000000000000e+00
0.000000000000000000e+00
0.000000000000000000e+00
0.000000000000000000e+00
0.000000000000000000e+00
0.000000000000000000e+00
0.000000000000000000e+00
0.000000000000000000e+00
0.000000000000000000e+00
0.000000000000000000e+00
0.000000000000000000e+00
0.000000000000000000e+00
0.000000000000000000e+00
0.000000000000000000e+00
0.000000000000000000e+00
0.000000000000000000e+00
0.000000000000000000e+00
0.000000000000000000e+00
0.000000000000000000e+00
0.000000000000000000e+00
0.000000000000000000e+00
0.000000000000000000e+00
0.000000000000000000e+00
0.000000000000000000e+00
0.000000000000000000e+00
0.000000000000000000e+00
0.000000000000000000e+00
0.000000000000000000e+00
0.000000000000000000e+00
0.000000000000000000e+00
0.000000000000000000e+00
0.000000000000000000e+00
0.000000000000000000e+00
0.000000000000000000e+00
0.000000000000000000e+00
0.000000000000000000e+00
0.000000000000000000e+00
0.000000000000000000e+00
0.000000000000000000e+00
0.000000000000000000e+00
0.000000000000000000e+00
0.000000000000000000e+00
0.000000000000000000e+00
0.000000000000000000e+00
0.000000000000000000e+00
0.000000000000000000e+00
0.000000000000000000e+00
0.000000000000000000e+00
0.000000000000000000e+00
0.000000000000000000e+00
0.000000000000000000e+00
0.000000000000000000e+00
0.000000000000000000e+00
0.000000000000000000e+00
0.000000000000000000e+00
0.000000000000000000e+00
0.000000000000000000e+00
0.000000000000000000e+00
0.000000000000000000e+00
0.000000000000000000e+00
0.000000000000000000e+00
0.000000000000000000e+00
0.000000000000000000e+00
0.000000000000000000e+00
0.000000000000000000e+00
0.000000000000000000e+00
0.000000000000000000e+00
0.000000000000000000e+00
0.000000000000000000e+00
0.000000000000000000e+00
0.000000000000000000e+00
0.000000000000000000e+00
0.000000000000000000e+00
0.000000000000000000e+00
0.000000000000000000e+00
0.000000000000000000e+00
0.000000000000000000e+00
0.000000000000000000e+00
0.000000000000000000e+00
0.000000000000000000e+00
0.000000000000000000e+00
0.000000000000000000e+00
0.000000000000000000e+00
0.000000000000000000e+00
0.000000000000000000e+00
0.000000000000000000e+00
0.000000000000000000e+00
0.000000000000000000e+00
0.000000000000000000e+00
0.000000000000000000e+00
0.000000000000000000e+00
0.000000000000000000e+00
0.000000000000000000e+00
0.000000000000000000e+00
0.000000000000000000e+00
0.000000000000000000e+00
0.000000000000000000e+00
0.000000000000000000e+00
0.000000000000000000e+00
0.000000000000000000e+00
0.000000000000000000e+00
0.000000000000000000e+00
0.000000000000000000e+00
0.000000000000000000e+00
0.000000000000000000e+00
0.000000000000000000e+00
0.000000000000000000e+00
0.000000000000000000e+00
0.000000000000000000e+00
0.000000000000000000e+00
0.000000000000000000e+00
0.000000000000000000e+00
0.000000000000000000e+00
0.000000000000000000e+00
0.000000000000000000e+00
0.000000000000000000e+00
0.000000000000000000e+00
0.000000000000000000e+00
0.000000000000000000e+00
0.000000000000000000e+00
0.000000000000000000e+00
0.000000000000000000e+00
0.000000000000000000e+00
0.000000000000000000e+00
0.000000000000000000e+00
0.000000000000000000e+00
0.000000000000000000e+00
0.000000000000000000e+00
0.000000000000000000e+00
0.000000000000000000e+00
0.000000000000000000e+00
0.000000000000000000e+00
0.000000000000000000e+00
0.000000000000000000e+00
0.000000000000000000e+00
0.000000000000000000e+00
0.000000000000000000e+00
0.000000000000000000e+00
0.000000000000000000e+00
0.000000000000000000e+00
0.000000000000000000e+00
0.000000000000000000e+00
0.000000000000000000e+00
0.000000000000000000e+00
0.000000000000000000e+00
0.000000000000000000e+00
0.000000000000000000e+00
0.000000000000000000e+00
0.000000000000000000e+00
0.000000000000000000e+00
0.000000000000000000e+00
0.000000000000000000e+00
0.000000000000000000e+00
0.000000000000000000e+00
0.000000000000000000e+00
0.000000000000000000e+00
0.000000000000000000e+00
0.000000000000000000e+00
0.000000000000000000e+00
0.000000000000000000e+00
0.000000000000000000e+00
0.000000000000000000e+00
0.000000000000000000e+00
0.000000000000000000e+00
0.000000000000000000e+00
0.000000000000000000e+00
0.000000000000000000e+00
0.000000000000000000e+00
0.000000000000000000e+00
0.000000000000000000e+00
0.000000000000000000e+00
0.000000000000000000e+00
0.000000000000000000e+00
0.000000000000000000e+00
0.000000000000000000e+00
0.000000000000000000e+00
0.000000000000000000e+00
nan
