# bin_12_7
-1.927771879234969371e-07
-1.122209264734112859e-07
-5.485709889744342252e-08
-3.459774080155566859e-08
-1.829955620717527820e-08
-7.762218959699385630e-09
-8.412018936572649826e-09
6.331359740149017024e-09
-5.631831707696640670e-09
7.005617678812511976e-09
-5.545321657394411663e-09
9.226755369368307752e-09
-9.107911380685098880e-09
-1.385906785172737432e-08
-1.376809191485503134e-08
-2.870079386390962236e-09
1.141693382848221838e-08
1.638242370525816062e-08
1.389024724973313420e-08
1.042511235977320110e-08
6.577821962032202835e-09
2.703854853444316192e-09
-2.169628677296066101e-09
-7.244788387192886723e-09
-1.061601625164765440e-08
-1.129693259622923782e-08
-7.736912450169449054e-09
-1.431568925006319576e-09
4.694086390227484715e-09
8.832572248113568835e-09
9.938128949159324726e-09
7.215605949143910269e-09
1.877232826844342496e-09
-4.251635406359717129e-09
-9.923722818273411724e-09
-1.431277365761417470e-08
-1.689813972406834528e-08
-1.818442391085011523e-08
-1.896903649798186728e-08
-1.933505524144154866e-08
-1.935254775750337709e-08
-1.908070856910458940e-08
-1.856961932653057036e-08
-1.786170376002254921e-08
-1.626465714682086643e-08
-1.356235946378211333e-08
-1.037409984213595952e-08
-7.171574113278125232e-09
-4.308989073715503632e-09
-2.047153545188809228e-09
-5.727854070452027694e-10
-1.400237605851834805e-11
4.918300345572286717e-11
9.926884879259706103e-11
1.379509400009313527e-10
1.667113599249911799e-10
1.868469141076037078e-10
1.994934836611779246e-10
2.056469390528791031e-10
2.061811384264221815e-10
2.018634483264515993e-10
1.906726326536266363e-10
1.722723683525873002e-10
1.494644009667070605e-10
1.245574343233289130e-10
9.944223548743840533e-11
7.565545964201885236e-11
5.443393819886754285e-11
3.676089175816940081e-11
2.340529570382211563e-11
1.495543168692991825e-11
1.184749606412702055e-11
1.336644820408570317e-11
1.787373995094541342e-11
2.443812919096086525e-11
3.226784606572166394e-11
4.069236742436042413e-11
4.914654810675724545e-11
5.715679461490758216e-11
6.432901069012996456e-11
7.033808179927121242e-11
7.491869754942855152e-11
7.785733843903128442e-11
7.898527681845109462e-11
7.817246206735897108e-11
7.368932862506755316e-11
6.472523115356912997e-11
5.243323179666883841e-11
3.781954377973393282e-11
2.175994994060756080e-11
5.014398707487594654e-12
-1.176001323449502080e-11
-2.799748757091377129e-11
-4.321323827761538471e-11
-5.699433006652190399e-11
-6.899151542059073700e-11
-7.891195901968298437e-11
-8.651275128205530095e-11
-9.159512408923287302e-11
-9.399929172880657775e-11
-9.359984885628140298e-11
-9.072704665194267821e-11
-8.607028343703658078e-11
-8.003068201597188825e-11
-7.296569577992676726e-11
-6.519327680299050473e-11
-5.699564870321984804e-11
-4.862272307332540354e-11
-4.029519427994021153e-11
-3.220734386177655197e-11
-2.452958257486268201e-11
-1.741075529334754627e-11
-1.098023143795105938e-11
-5.349801336906455147e-12
-6.153968959590049172e-13
3.141346861966190165e-12
5.851674453850396494e-12
7.458423315755868450e-12
7.914855738497607713e-12
6.699485569551831069e-12
3.564090162853606086e-12
-1.146483785629606041e-12
-7.119147761493821959e-12
-1.406998580406315591e-11
-2.174187875075581804e-11
-2.990232067572758708e-11
-3.834141141323737851e-11
-4.687001047725152989e-11
-5.531803897720867467e-11
-6.353291729877954662e-11
-7.137812737955229057e-11
-7.873188937342455547e-11
-8.548594337349859154e-11
-9.154442765992624791e-11
-9.682284566403411538e-11
-1.012471145000476640e-10
-1.047526885168974109e-10
-1.072837518705439960e-10
-1.087924746169363229e-10
-1.092383272815972892e-10
-1.085874492780178636e-10
-1.073820882621443397e-10
-1.061842071034118009e-10
-1.049941421690615298e-10
-1.038121999074513672e-10
-1.026386587874075405e-10
-1.014737711137505419e-10
-1.003177647272652700e-10
-9.917084459679920661e-11
-9.803319431062811602e-11
-9.690497747372702830e-11
-9.578633901711998851e-11
-9.467740642505167387e-11
-9.357829088532659830e-11
-9.248908836779314037e-11
-9.140988063560777287e-11
-9.034073619359910845e-11
-8.928171117775744284e-11
-8.823285018960356686e-11
-8.719418707893786358e-11
-8.616574567823609736e-11
-8.514754049174110240e-11
-8.413957734209609185e-11
-8.314185397717846886e-11
-8.215436063961715514e-11
-8.117708060131428581e-11
-7.970652292486663369e-11
-7.732363746041715279e-11
-7.414871258967888995e-11
-7.029397132990490433e-11
-6.586404991471945381e-11
-6.095644801230363316e-11
-5.566195232868180681e-11
-4.424422991322805539e-11
-3.827248355149865875e-11
-3.221748975776528698e-11
-2.614200161329821920e-11
-2.010412643703836036e-11
-1.415760339280384100e-11
-8.352064963270003261e-12
-2.733283254718485903e-12
7.778844640300140723e-12
1.259792644274872693e-11
1.708132264237427371e-11
2.119933917575101451e-11
2.492493623103398051e-11
2.823356574196928875e-11
3.110301821149019005e-11
3.544638882111272581e-11
3.688632220695453831e-11
3.781885975701032432e-11
3.823147748279473692e-11
3.720205938504006176e-11
3.531751473737124188e-11
3.256747791612364854e-11
2.905367249306979315e-11
2.487198319928093916e-11
1.486105360861934641e-11
9.196971093101345162e-12
3.195839190347051642e-12
-9.538524130607129803e-12
-1.614270536328303564e-11
-2.282541299337139330e-11
-2.953166351782717785e-11
-4.281204305042360730e-11
-4.929286743466954294e-11
-5.561029781505304549e-11
-6.760042843740458349e-11
-7.320239649087959741e-11
-7.849923850323453165e-11
-8.806204641411977546e-11
-9.227555603353109452e-11
-9.945038432797193498e-11
-1.023706110389000181e-10
-1.048214682134849898e-10
-1.082507405361834895e-10
-1.092006173721327853e-10
-1.095095890712374603e-10
-1.088479111686511217e-10
-1.048042894251803637e-10
-1.013057899870076258e-10
-9.694847034252397008e-11
-8.600708356690516805e-11
-7.958721642256162481e-11
-6.522956963370378514e-11
-5.743265672830504243e-11
-4.092847392838639809e-11
-3.234162540977542294e-11
-1.477638678882196384e-11
-5.900506886688696659e-12
1.180171371897117522e-11
2.915243519122757611e-11
3.759771267232282679e-11
5.385062171472838417e-11
6.159334594691761965e-11
7.616322603115291404e-11
8.933537678978619869e-11
9.533707159997654806e-11
1.060645472948903548e-10
1.107517102309608442e-10
1.186862024383839829e-10
1.245995948861095019e-10
1.267646392238469964e-10
1.294531663009775579e-10
1.298865701511577968e-10
1.292360793546564044e-10
1.271569674863405736e-10
1.247104253124417123e-10
1.219215498246554497e-10
1.204061886242183534e-10
1.171477806542455698e-10
1.136037360916534202e-10
1.097945209314787963e-10
1.077965518879016647e-10
1.036254423999826172e-10
9.923540963411458050e-11
9.464315048650860843e-11
8.986441870041994456e-11
8.740980382742939471e-11
8.237896785283741154e-11
7.719725741127128166e-11
7.187752240979242848e-11
6.643188459311874193e-11
6.087177787127782148e-11
5.520798630109026928e-11
4.945067986772006765e-11
4.360944820268386818e-11
3.769333236566260092e-11
3.171085480896909542e-11
2.567004763570252594e-11
1.957847925533587512e-11
1.344327953369075672e-11
6.232111313559254189e-12
-2.883994924477118585e-12
-1.360968391006694846e-11
-2.567052414518185461e-11
-3.881171361909003615e-11
-5.279686513509491885e-11
-6.740686616772702834e-11
-8.243880851093659001e-11
-9.770498329537536269e-11
-1.130319372477646170e-10
-1.282595863395523537e-10
-1.432403832267847571e-10
-1.649547163224024501e-10
-1.787482049112118751e-10
-1.918662787971622175e-10
-2.042087836340260428e-10
-2.156843445668733609e-10
-2.310923926343256610e-10
-2.400535194962975978e-10
-2.478893010276543928e-10
-2.545414562383555519e-10
-2.621878317192908731e-10
-2.656650524892501246e-10
-2.678002185226999835e-10
-2.684139966617385059e-10
-2.670560780345268072e-10
-2.643252021477780033e-10
-2.585107478667048717e-10
-2.536754223987704385e-10
-2.451795302817240684e-10
-2.387930093846960946e-10
-2.319077431156370834e-10
-2.207827225126996946e-10
-2.129206108313757396e-10
-2.005959042945302440e-10
-1.920988529249712203e-10
-1.790494254008136639e-10
-1.702103230940498785e-10
-1.568422975499443863e-10
-1.434526350850726136e-10
-1.345702515589333617e-10
-1.213894647043664263e-10
-1.127385380700361668e-10
-1.000310840183087202e-10
-8.771656932699200412e-11
-7.976079551108153329e-11
-6.825615195496988412e-11
-5.731829240759251503e-11
-5.036738918013796679e-11
-4.048750246449255804e-11
-3.130064079643404322e-11
-2.284383613052815054e-11
-1.762759368431841832e-11
-9.873318846052734832e-12
-1.811064133897611797e-12
6.462443421571587216e-12
1.485839329745800688e-11
2.048321351368187785e-11
2.890567750569013933e-11
3.724845272878751628e-11
4.544738952105849731e-11
5.344401924434360677e-11
6.118516214811632699e-11
6.862256132837417547e-11
7.571254100286034147e-11
8.241568745091114099e-11
8.869655108357657852e-11
9.452336821825099010e-11
9.986780123251066398e-11
1.047046958648526022e-10
1.090118545161930052e-10
1.138974474961613186e-10
1.168972816311842303e-10
1.193121250974611905e-10
1.211303176621347592e-10
1.223421760578690679e-10
1.229398466823473029e-10
1.227709156106470859e-10
1.219142047816253649e-10
1.202924077106157479e-10
1.162980658692486301e-10
1.119724045527653253e-10
1.065716039368692997e-10
9.779373637751947098e-11
9.009607412013906564e-11
8.149913844782004459e-11
6.872009667683164412e-11
5.820736357142391012e-11
4.303445713442793879e-11
3.084091255202507260e-11
1.357161847798637506e-11
-9.092947162919960840e-14
-1.918846410067759577e-11
-3.412908534557636700e-11
-5.481314247108824496e-11
-7.630452757753122883e-11
-9.291241931491870927e-11
-1.156577267601713673e-10
-1.390352605736173876e-10
-1.569489558930308933e-10
-1.812979618638587469e-10
-2.061305354339161197e-10
-2.313983951544667329e-10
-2.570560694181454488e-10
-2.765292873649127783e-10
-3.027641920807837379e-10
-3.292700858243195060e-10
-3.562194853831000851e-10
-3.838216759128747048e-10
-4.122663469386241352e-10
-4.417249703010828480e-10
-4.723520858165723420e-10
-5.042865009451712513e-10
-5.376524103140674323e-10
-5.725604405281879408e-10
-6.091086253168985328e-10
-6.473833157102228304e-10
-6.977686572608029691e-10
-7.401888733207625154e-10
-7.845454420324728233e-10
-8.308838828080205596e-10
-8.916506949805985939e-10
-9.425752828407757596e-10
-9.955787491843910276e-10
-1.064780675169910886e-09
-1.122512493542787279e-09
-1.182356261031421769e-09
-1.260130092588484150e-09
-1.324718387485556242e-09
-1.408400101975888032e-09
-1.477686535740764913e-09
-1.567193614614755434e-09
-1.651160774454933422e-09
-1.784221338698249368e-09
-1.943494404137955332e-09
-2.086431621242819411e-09
-2.280622997725595411e-09
-2.488075378302512111e-09
-2.660925819488792686e-09
-2.882533226114459784e-09
-3.107161799568542598e-09
-3.331716176226438536e-09
-3.553364663961474554e-09
-3.769521180718809106e-09
-3.977828394501956300e-09
-4.137374905864088983e-09
-4.326283415512336737e-09
-4.501829010386115801e-09
-4.692571000580042173e-09
-4.833232597860248229e-09
-4.955892367511955640e-09
-5.059407221856310370e-09
-5.142762474147246370e-09
-5.205062718149360327e-09
-5.250932938551640298e-09
-5.264294411864264329e-09
-5.254441403838332628e-09
-5.220892706231467313e-09
-5.142751218048667602e-09
-5.021979331264265925e-09
-4.813952554566296606e-09
-4.595507312068310730e-09
-4.288136962176125811e-09
-4.000753310775433356e-09
-3.626032866666544750e-09
-3.294425150146166817e-09
-2.879827139151787131e-09
-2.453617310350556933e-09
-2.094208341719156761e-09
-1.662948595989743914e-09
-1.236839889327842927e-09
-8.208464352295156895e-10
-4.194904046251339585e-10
-3.688258254637143573e-11
3.232490232448750394e-10
6.575324815969132085e-10
9.629270152357927375e-10
1.236699735187044187e-09
1.476403920151447131e-09
1.679858736564407689e-09
1.845130302410040458e-09
1.970514004655428824e-09
2.054517986465132155e-09
2.098506531339267941e-09
2.089062484983357568e-09
2.054442800588375900e-09
1.997172312013812346e-09
1.935647316700524689e-09
1.851677793008085558e-09
1.771006325230595347e-09
1.668736282109534461e-09
1.575591478514138476e-09
1.462232780749844605e-09
1.345520130895887974e-09
1.227093674349451484e-09
1.125364321345176354e-09
1.007646783749688358e-09
8.921793155016361998e-10
7.801238626555195519e-10
6.725383242485441738e-10
5.703837141732985881e-10
4.745308496064215463e-10
3.857665979977045901e-10
3.047997123612205828e-10
2.322662825151412301e-10
1.687348279783308830e-10
1.077962922179587153e-10
6.518299927084875696e-11
3.296982875739088136e-11
9.318388879596753733e-12
4.632276354731919048e-13
0.000000000000000000e+00
0.000000000000000000e+00
0.000000000000000000e+00
0.000000000000000000e+00
0.000000000000000000e+00
0.000000000000000000e+00
0.000000000000000000e+00
0.000000000000000000e+00
0.000000000000000000e+00
0.000000000000000000e+00
0.000000000000000000e+00
0.000000000000000000e+00
0.000000000000000000e+00
0.000000000000000000e+00
0.000000000000000000e+00
0.000000000000000000e+00
0.000000000000000000e+00
0.000000000000000000e+00
0.000000000000000000e+00
0.000000000000000000e+00
0.000000000000000000e+00
0.000000000000000000e+00
0.000000000000000000e+00
0.000000000000000000e+00
0.000000000000000000e+00
0.000000000000000000e+00
0.000000000000000000e+00
0.000000000000000000e+00
0.000000000000000000e+00
0.000000000000000000e+00
0.000000000000000000e+00
0.000000000000000000e+00
0.000000000000000000e+00
0.000000000000000000e+00
0.000000000000000000e+00
0.000000000000000000e+00
0.000000000000000000e+00
0.000000000000000000e+00
0.000000000000000000e+00
0.000000000000000000e+00
0.000000000000000000e+00
0.000000000000000000e+00
0.000000000000000000e+00
0.000000000000000000e+00
0.000000000000000000e+00
0.000000000000000000e+00
0.000000000000000000e+00
0.000000000000000000e+00
0.000000000000000000e+00
0.000000000000000000e+00
0.000000000000000000e+00
0.000000000000000000e+00
0.000000000000000000e+00
0.000000000000000000e+00
0.000000000000000000e+00
0.000000000000000000e+00
0.000000000000000000e+00
0.000000000000000000e+00
0.000000000000000000e+00
0.000000000000000000e+00
0.000000000000000000e+00
0.000000000000000000e+00
0.000000000000000000e+00
0.000000000000000000e+00
0.000000000000000000e+00
0.000000000000000000e+00
0.000000000000000000e+00
0.000000000000000000e+00
0.000000000000000000e+00
0.000000000000000000e+00
0.000000000000000000e+00
0.000000000000000000e+00
0.000000000000000000e+00
0.000000000000000000e+00
0.000000000000000000e+00
0.000000000000000000e+00
0.000000000000000000e+00
0.000000000000000000e+00
0.000000000000000000e+00
0.000000000000000000e+00
0.000000000000000000e+00
0.000000000000000000e+00
0.000000000000000000e+00
0.000000000000000000e+00
0.000000000000000000e+00
0.000000000000000000e+00
0.000000000000000000e+00
0.000000000000000000e+00
0.000000000000000000e+00
0.000000000000000000e+00
0.000000000000000000e+00
0.000000000000000000e+00
0.000000000000000000e+00
0.000000000000000000e+00
0.000000000000000000e+00
0.000000000000000000e+00
0.000000000000000000e+00
0.000000000000000000e+00
0.000000000000000000e+00
0.000000000000000000e+00
0.000000000000000000e+00
0.000000000000000000e+00
0.000000000000000000e+00
0.000000000000000000e+00
0.000000000000000000e+00
0.000000000000000000e+00
0.000000000000000000e+00
0.000000000000000000e+00
0.000000000000000000e+00
0.000000000000000000e+00
0.000000000000000000e+00
0.000000000000000000e+00
0.000000000000000000e+00
0.000000000000000000e+00
0.000000000000000000e+00
0.000000000000000000e+00
0.000000000000000000e+00
0.000000000000000000e+00
0.000000000000000000e+00
0.000000000000000000e+00
0.000000000000000000e+00
0.000000000000000000e+00
0.000000000000000000e+00
0.000000000000000000e+00
0.000000000000000000e+00
0.000000000000000000e+00
0.000000000000000000e+00
0.000000000000000000e+00
0.000000000000000000e+00
0.000000000000000000e+00
0.000000000000000000e+00
0.000000000000000000e+00
0.000000000000000000e+00
0.000000000000000000e+00
0.000000000000000000e+00
0.000000000000000000e+00
0.000000000000000000e+00
0.000000000000000000e+00
0.000000000000000000e+00
0.000000000000000000e+00
0.000000000000000000e+00
0.000000000000000000e+00
0.000000000000000000e+00
0.000000000000000000e+00
0.000000000000000000e+00
0.000000000000000000e+00
0.000000000000000000e+00
0.000000000000000000e+00
0.000000000000000000e+00
0.000000000000000000e+00
0.000000000000000000e+00
0.000000000000000000e+00
0.000000000000000000e+00
0.000000000000000000e+00
0.000000000000000000e+00
0.000000000000000000e+00
0.000000000000000000e+00
0.000000000000000000e+00
0.000000000000000000e+00
0.000000000000000000e+00
0.000000000000000000e+00
0.000000000000000000e+00
0.000000000000000000e+00
0.000000000000000000e+00
0.000000000000000000e+00
0.000000000000000000e+00
0.000000000000000000e+00
0.000000000000000000e+00
0.000000000000000000e+00
0.000000000000000000e+00
0.000000000000000000e+00
0.000000000000000000e+00
0.000000000000000000e+00
0.000000000000000000e+00
0.000000000000000000e+00
0.000000000000000000e+00
0.000000000000000000e+00
0.000000000000000000e+00
0.000000000000000000e+00
0.000000000000000000e+00
0.000000000000000000e+00
0.000000000000000000e+00
0.000000000000000000e+00
0.000000000000000000e+00
0.000000000000000000e+00
0.000000000000000000e+00
0.000000000000000000e+00
0.000000000000000000e+00
0.000000000000000000e+00
0.000000000000000000e+00
0.000000000000000000e+00
0.000000000000000000e+00
0.000000000000000000e+00
0.000000000000000000e+00
0.000000000000000000e+00
0.000000000000000000e+00
0.000000000000000000e+00
0.000000000000000000e+00
0.000000000000000000e+00
0.000000000000000000e+00
0.000000000000000000e+00
0.000000000000000000e+00
0.000000000000000000e+00
0.000000000000000000e+00
0.000000000000000000e+00
0.000000000000000000e+00
0.000000000000000000e+00
0.000000000000000000e+00
0.000000000000000000e+00
0.000000000000000000e+00
0.000000000000000000e+00
0.000000000000000000e+00
0.000000000000000000e+00
0.000000000000000000e+00
0.000000000000000000e+00
0.000000000000000000e+00
0.000000000000000000e+00
0.000000000000000000e+00
0.000000000000000000e+00
0.000000000000000000e+00
0.000000000000000000e+00
0.000000000000000000e+00
0.000000000000000000e+00
0.000000000000000000e+00
0.000000000000000000e+00
0.000000000000000000e+00
0.000000000000000000e+00
0.000000000000000000e+00
0.000000000000000000e+00
0.000000000000000000e+00
0.000000000000000000e+00
0.000000000000000000e+00
0.000000000000000000e+00
0.000000000000000000e+00
0.000000000000000000e+00
0.000000000000000000e+00
0.000000000000000000e+00
0.000000000000000000e+00
0.000000000000000000e+00
0.000000000000000000e+00
0.000000000000000000e+00
0.000000000000000000e+00
0.000000000000000000e+00
0.000000000000000000e+00
0.000000000000000000e+00
0.000000000000000000e+00
0.000000000000000000e+00
0.000000000000000000e+00
0.000000000000000000e+00
0.000000000000000000e+00
0.000000000000000000e+00
0.000000000000000000e+00
0.000000000000000000e+00
0.000000000000000000e+00
0.000000000000000000e+00
0.000000000000000000e+00
0.000000000000000000e+00
0.000000000000000000e+00
0.000000000000000000e+00
0.000000000000000000e+00
0.000000000000000000e+00
0.000000000000000000e+00
0.000000000000000000e+00
0.000000000000000000e+00
0.000000000000000000e+00
0.000000000000000000e+00
0.000000000000000000e+00
0.000000000000000000e+00
0.000000000000000000e+00
0.000000000000000000e+00
0.000000000000000000e+00
0.000000000000000000e+00
0.000000000000000000e+00
0.000000000000000000e+00
0.000000000000000000e+00
0.000000000000000000e+00
0.000000000000000000e+00
0.000000000000000000e+00
0.000000000000000000e+00
0.000000000000000000e+00
0.000000000000000000e+00
0.000000000000000000e+00
0.000000000000000000e+00
0.000000000000000000e+00
0.000000000000000000e+00
0.000000000000000000e+00
0.000000000000000000e+00
0.000000000000000000e+00
0.000000000000000000e+00
0.000000000000000000e+00
0.000000000000000000e+00
0.000000000000000000e+00
0.000000000000000000e+00
0.000000000000000000e+00
0.000000000000000000e+00
0.000000000000000000e+00
0.000000000000000000e+00
0.000000000000000000e+00
0.000000000000000000e+00
0.000000000000000000e+00
0.000000000000000000e+00
0.000000000000000000e+00
0.000000000000000000e+00
0.000000000000000000e+00
0.000000000000000000e+00
0.000000000000000000e+00
0.000000000000000000e+00
0.000000000000000000e+00
0.000000000000000000e+00
0.000000000000000000e+00
0.000000000000000000e+00
0.000000000000000000e+00
0.000000000000000000e+00
0.000000000000000000e+00
0.000000000000000000e+00
0.000000000000000000e+00
0.000000000000000000e+00
0.000000000000000000e+00
0.000000000000000000e+00
0.000000000000000000e+00
0.000000000000000000e+00
0.000000000000000000e+00
0.000000000000000000e+00
0.000000000000000000e+00
0.000000000000000000e+00
0.000000000000000000e+00
0.000000000000000000e+00
0.000000000000000000e+00
0.000000000000000000e+00
0.000000000000000000e+00
0.000000000000000000e+00
0.000000000000000000e+00
0.000000000000000000e+00
0.000000000000000000e+00
0.000000000000000000e+00
0.000000000000000000e+00
0.000000000000000000e+00
0.000000000000000000e+00
0.000000000000000000e+00
0.000000000000000000e+00
0.000000000000000000e+00
0.000000000000000000e+00
0.000000000000000000e+00
0.000000000000000000e+00
0.000000000000000000e+00
0.000000000000000000e+00
0.000000000000000000e+00
0.000000000000000000e+00
0.000000000000000000e+00
0.000000000000000000e+00
0.000000000000000000e+00
0.000000000000000000e+00
0.000000000000000000e+00
0.000000000000000000e+00
0.000000000000000000e+00
0.000000000000000000e+00
0.000000000000000000e+00
0.000000000000000000e+00
0.000000000000000000e+00
0.000000000000000000e+00
0.000000000000000000e+00
0.000000000000000000e+00
0.000000000000000000e+00
0.000000000000000000e+00
0.000000000000000000e+00
0.000000000000000000e+00
0.000000000000000000e+00
0.000000000000000000e+00
0.000000000000000000e+00
0.000000000000000000e+00
0.000000000000000000e+00
0.000000000000000000e+00
0.000000000000000000e+00
0.000000000000000000e+00
0.000000000000000000e+00
0.000000000000000000e+00
0.000000000000000000e+00
0.000000000000000000e+00
0.000000000000000000e+00
0.000000000000000000e+00
0.000000000000000000e+00
0.000000000000000000e+00
0.000000000000000000e+00
0.000000000000000000e+00
0.000000000000000000e+00
0.000000000000000000e+00
0.000000000000000000e+00
0.000000000000000000e+00
0.000000000000000000e+00
0.000000000000000000e+00
0.000000000000000000e+00
0.000000000000000000e+00
0.000000000000000000e+00
0.000000000000000000e+00
0.000000000000000000e+00
0.000000000000000000e+00
0.000000000000000000e+00
0.000000000000000000e+00
0.000000000000000000e+00
0.000000000000000000e+00
0.000000000000000000e+00
0.000000000000000000e+00
0.000000000000000000e+00
0.000000000000000000e+00
0.000000000000000000e+00
0.000000000000000000e+00
0.000000000000000000e+00
0.000000000000000000e+00
0.000000000000000000e+00
0.000000000000000000e+00
0.000000000000000000e+00
0.000000000000000000e+00
0.000000000000000000e+00
0.000000000000000000e+00
0.000000000000000000e+00
0.000000000000000000e+00
0.000000000000000000e+00
0.000000000000000000e+00
0.000000000000000000e+00
0.000000000000000000e+00
0.000000000000000000e+00
0.000000000000000000e+00
0.000000000000000000e+00
0.000000000000000000e+00
0.000000000000000000e+00
0.000000000000000000e+00
0.000000000000000000e+00
0.000000000000000000e+00
0.000000000000000000e+00
0.000000000000000000e+00
0.000000000000000000e+00
0.000000000000000000e+00
0.000000000000000000e+00
0.000000000000000000e+00
0.000000000000000000e+00
0.000000000000000000e+00
0.000000000000000000e+00
0.000000000000000000e+00
0.000000000000000000e+00
0.000000000000000000e+00
0.000000000000000000e+00
0.000000000000000000e+00
0.000000000000000000e+00
0.000000000000000000e+00
0.000000000000000000e+00
0.000000000000000000e+00
0.000000000000000000e+00
0.000000000000000000e+00
0.000000000000000000e+00
0.000000000000000000e+00
0.000000000000000000e+00
0.000000000000000000e+00
0.000000000000000000e+00
0.000000000000000000e+00
0.000000000000000000e+00
0.000000000000000000e+00
0.000000000000000000e+00
0.000000000000000000e+00
0.000000000000000000e+00
0.000000000000000000e+00
0.000000000000000000e+00
0.000000000000000000e+00
0.000000000000000000e+00
0.000000000000000000e+00
0.000000000000000000e+00
0.000000000000000000e+00
0.000000000000000000e+00
0.000000000000000000e+00
0.000000000000000000e+00
0.000000000000000000e+00
0.000000000000000000e+00
0.000000000000000000e+00
0.000000000000000000e+00
0.000000000000000000e+00
0.000000000000000000e+00
0.000000000000000000e+00
0.000000000000000000e+00
0.000000000000000000e+00
0.000000000000000000e+00
0.000000000000000000e+00
0.000000000000000000e+00
0.000000000000000000e+00
0.000000000000000000e+00
0.000000000000000000e+00
0.000000000000000000e+00
0.000000000000000000e+00
0.000000000000000000e+00
0.000000000000000000e+00
0.000000000000000000e+00
0.000000000000000000e+00
0.000000000000000000e+00
0.000000000000000000e+00
0.000000000000000000e+00
0.000000000000000000e+00
0.000000000000000000e+00
0.000000000000000000e+00
0.000000000000000000e+00
0.000000000000000000e+00
0.000000000000000000e+00
0.000000000000000000e+00
0.000000000000000000e+00
0.000000000000000000e+00
0.000000000000000000e+00
0.000000000000000000e+00
0.000000000000000000e+00
0.000000000000000000e+00
0.000000000000000000e+00
0.000000000000000000e+00
0.000000000000000000e+00
0.000000000000000000e+00
0.000000000000000000e+00
0.000000000000000000e+00
0.000000000000000000e+00
0.000000000000000000e+00
0.000000000000000000e+00
0.000000000000000000e+00
nan
