# bin_16_16
2.326575708893187204e-06
2.366015917582630679e-06
2.407342616319392641e-06
2.455899600624026847e-06
2.502858153516944555e-06
2.554838857122769282e-06
2.602641486516605191e-06
2.655381277092604602e-06
2.704583260553764898e-06
2.756100929898307291e-06
2.803778500185043759e-06
2.858203120537233928e-06
2.906404542441660757e-06
2.950310067144395968e-06
2.996129976978793046e-06
3.038414024533046350e-06
3.075692589461665729e-06
3.118923816557634722e-06
3.159124283356190967e-06
3.191571921059246319e-06
3.223241478528438250e-06
3.257423410791524274e-06
3.287359395618744703e-06
3.310773776748929041e-06
3.333263455982972011e-06
3.357907640328945078e-06
3.380650558733153702e-06
3.398665537531756686e-06
3.414578531396177253e-06
3.430021039730553597e-06
3.445954545391644198e-06
3.460239545431193674e-06
3.471130408746893620e-06
3.479561141106941371e-06
3.486198975645235351e-06
3.491517331759550352e-06
3.495848955471006515e-06
3.497490367392257855e-06
3.495751314038725341e-06
3.492052156021405447e-06
3.487434255992574507e-06
3.482649588626487387e-06
3.478229529630015347e-06
3.474537764096083736e-06
3.471657615528850345e-06
3.468836430242207322e-06
3.465276267125020874e-06
3.460392634493332004e-06
3.453769460072436606e-06
3.445123178204856892e-06
3.434274059008672678e-06
3.421123304197799550e-06
3.406148814273255082e-06
3.389937780225567177e-06
3.372600183850795931e-06
3.354239910955004808e-06
3.334954713525485461e-06
3.314836275258296334e-06
3.293970352077653182e-06
3.272436965720836415e-06
3.250310633492405199e-06
3.227821973511943555e-06
3.205114962840461545e-06
3.182143050945964368e-06
3.158874369921351230e-06
3.135289059141735386e-06
3.111377027797564708e-06
3.087136084179333052e-06
3.062570372456906307e-06
3.037689067502186342e-06
3.012505286422969999e-06
2.987035182211335870e-06
2.961393340675148485e-06
2.935704878034036983e-06
2.910001176025981587e-06
2.884310664225884415e-06
2.858659073517138948e-06
2.833069667216696233e-06
2.807563451916671444e-06
2.782159369907357906e-06
2.756874474867581298e-06
2.731724092347224401e-06
2.706721966421155493e-06
2.681880393762866698e-06
2.657210346267768072e-06
2.632615400461699833e-06
2.608043852076699783e-06
2.583565157540471660e-06
2.559239465500484562e-06
2.535118657485077880e-06
2.511247273642515623e-06
2.487663336686055084e-06
2.464399085597093464e-06
2.441481629262113077e-06
2.418933529016056157e-06
2.396773318011707749e-06
2.375015964411904517e-06
2.353673284591938473e-06
2.332754311828674668e-06
2.312265625327924150e-06
2.292211643891742563e-06
2.272381316402584628e-06
2.252610076885860471e-06
2.232963981575597580e-06
2.213500948018800438e-06
2.194271561117041708e-06
2.175319801406258911e-06
2.156683703286494811e-06
2.138395950111997724e-06
2.120484412338474428e-06
2.102972634288599864e-06
2.085880274529616696e-06
2.069223504350800549e-06
2.053015368376284569e-06
2.037266110944448991e-06
2.021983471523388589e-06
2.007172952108025666e-06
1.992838059254270711e-06
1.978980523145332849e-06
1.965462179395303700e-06
1.952150497701540662e-06
1.939053398076564083e-06
1.926177506062214794e-06
1.913528274912668520e-06
1.901110097152039015e-06
1.888926406438605836e-06
1.876979770582752397e-06
1.865271976488906935e-06
1.853804107722215772e-06
1.842576615337803015e-06
1.831589382553430985e-06
1.820841783794720246e-06
1.810332738595249668e-06
1.800060760791317969e-06
1.790024003412546285e-06
1.780220299634482908e-06
1.770647200127446427e-06
1.761302007106908849e-06
1.752181805364367204e-06
1.743283490533615230e-06
1.734603794825534066e-06
1.726178591563579552e-06
1.718024121767032003e-06
1.710109440012942966e-06
1.702405967693762697e-06
1.694887329691335325e-06
1.687529202336307432e-06
1.680309171842167114e-06
1.673206602464600689e-06
1.666202513693346801e-06
1.659279465835684066e-06
1.652421453398586652e-06
1.645613805720615360e-06
1.638843094345224930e-06
1.632097046664628096e-06
1.625364465397811870e-06
1.618635153498205285e-06
1.611899844115825235e-06
1.605150135265931033e-06
1.598378428881197715e-06
1.591577873947634020e-06
1.584742313445880381e-06
1.577866234839256421e-06
1.570944723868329040e-06
1.563973421428652263e-06
1.556948483324028303e-06
1.550005721586790422e-06
1.543262113275339923e-06
1.536687607675450204e-06
1.530254287756155703e-06
1.523936239926213576e-06
1.517709431639495373e-06
1.511551596360267490e-06
1.499361966418518647e-06
1.493293527530131752e-06
1.487220587741244631e-06
1.481128212269997206e-06
1.475002673080967371e-06
1.468831374108870110e-06
1.462602780916136337e-06
1.456306354516023382e-06
1.443472453502940370e-06
1.436918335978248383e-06
1.430262992421171143e-06
1.423499997501117077e-06
1.416623598728078993e-06
1.409628673213441034e-06
1.402510686974861367e-06
1.387890113372252883e-06
1.380381068993209962e-06
1.372735983998729542e-06
1.364952737530443827e-06
1.349006770747515381e-06
1.340930593002106000e-06
1.332808513040944131e-06
1.324647584975326692e-06
1.316454488602445289e-06
1.299996744819616067e-06
1.291743741851761313e-06
1.283481891022578861e-06
1.266951604120091373e-06
1.258692462237846098e-06
1.250443086808492462e-06
1.242207497218771806e-06
1.225792614786699505e-06
1.217620254677315909e-06
1.209475566211731037e-06
1.193280921741943907e-06
1.185236382811833801e-06
1.177230366450162401e-06
1.161342968978077218e-06
1.153465758508922312e-06
1.137853723508324053e-06
1.130122282965519017e-06
1.122442619537060772e-06
1.107244140188606911e-06
1.099727825368027411e-06
1.084866579063851862e-06
1.077523592856977839e-06
1.062796041782096172e-06
1.055373601474813788e-06
1.047926380128937828e-06
1.032997229459408124e-06
1.025533806913389708e-06
1.010651842153931217e-06
1.003248943531931150e-06
9.885551991750930996e-07
9.812774974667268361e-07
9.668904819141877266e-07
9.597921310943038256e-07
9.458106975392022854e-07
9.321460128954784457e-07
9.254425389343114361e-07
9.123112067808603266e-07
9.058897694255955457e-07
8.933497084538350537e-07
8.812300927352060957e-07
8.753334822045544552e-07
8.638761378476306811e-07
8.583186954372952147e-07
8.475533378748391041e-07
8.372617687200722661e-07
8.322960649395483980e-07
8.227285675961693688e-07
8.136499755929730896e-07
8.092950160974083127e-07
8.009579271669724197e-07
7.930880777789687965e-07
7.856400085796252962e-07
7.820608601071948774e-07
7.751675059904100828e-07
7.685964700073453043e-07
7.623130636497196350e-07
7.592691009989071323e-07
7.533577649598068669e-07
7.476583793100702363e-07
7.421446403012372062e-07
7.367922792470271308e-07
7.341695532277814355e-07
7.290178641816159671e-07
7.239748877302223754e-07
7.190224347726327270e-07
7.141437915313600749e-07
7.093236175650749952e-07
7.045478507085554767e-07
6.998036184548428769e-07
6.950791553302214124e-07
6.903637258454952735e-07
6.856475526374105727e-07
6.809217494420695958e-07
6.761782585680415673e-07
6.714097925607896917e-07
6.667774416959967296e-07
6.624184673550408175e-07
6.582926620594303416e-07
6.543627045358867821e-07
6.505939795272675662e-07
6.469544087559627260e-07
6.434142923248083566e-07
6.399461598888125822e-07
6.365246309758176878e-07
6.331262838758230365e-07
6.297295325573931655e-07
6.263145111054902840e-07
6.211182065866784679e-07
6.175809233218073662e-07
6.139678769998041364e-07
6.102656911390069583e-07
6.064621886148152532e-07
6.005430730576396190e-07
5.964401933778789980e-07
5.922017530103989460e-07
5.878200849234194562e-07
5.809642882369922740e-07
5.761963208336984015e-07
5.712644769640053704e-07
5.635501144629220118e-07
5.581909080730892644e-07
5.526842962307449198e-07
5.444846724460872774e-07
5.390894443484754822e-07
5.311064953623587231e-07
5.258593719269541254e-07
5.206732299583385061e-07
5.130101299787736796e-07
5.079798179717450999e-07
5.005534189240023314e-07
4.956825420317049315e-07
4.884972147591472625e-07
4.837880448781904899e-07
4.768463129397043875e-07
4.700512852917202709e-07
4.656028008449951773e-07
4.590522377452598073e-07
4.547664682063236082e-07
4.484592909523397350e-07
4.422971987083424560e-07
4.382692801438218022e-07
4.323468099684333047e-07
4.265665345363534526e-07
4.227913488540044078e-07
4.172449824711132295e-07
4.118369167636391094e-07
4.065654914151470162e-07
4.031262586116279483e-07
3.982609262028280658e-07
3.938560532222890105e-07
3.898588720487498259e-07
3.862204065323905588e-07
3.839714751091729319e-07
3.808315549118998704e-07
3.779364552228425228e-07
3.752491077165992090e-07
3.727352128449190543e-07
3.703630594260059247e-07
3.681033558995106235e-07
3.659290724656253042e-07
3.638152933818453211e-07
3.617390787419773029e-07
3.596793351092087769e-07
3.576166944187810503e-07
3.555334006063190015e-07
3.534132034554231573e-07
3.505034036934671227e-07
3.482416302833137640e-07
3.458984318407661408e-07
3.434630127988157559e-07
3.409256211242356657e-07
3.382774781689958239e-07
3.345608599358628726e-07
3.316251418824831441e-07
3.285797551688327307e-07
3.244741659744240694e-07
3.213764668737195424e-07
3.182704585711791161e-07
3.141270003469698326e-07
3.110253184153977253e-07
3.079346376881530890e-07
3.038393029892440704e-07
3.007928249019261440e-07
2.967720473293305828e-07
2.937922251900370928e-07
2.898733030776616501e-07
2.869787584745596723e-07
2.831842257724652475e-07
2.803902494312722131e-07
2.767385002568836393e-07
2.731751968737323842e-07
2.705633250211172195e-07
2.671646363703158167e-07
2.638647137651378101e-07
2.614562958618782255e-07
2.583357165346816534e-07
2.553206038208327388e-07
2.524126476343122577e-07
2.496131905527095395e-07
2.475854275071497973e-07
2.449782310597770764e-07
2.424812780848223709e-07
2.400868098199303743e-07
2.377858025525360348e-07
2.355698325405730757e-07
2.334310388973088259e-07
2.313620888000030102e-07
2.293561448703690743e-07
2.274068345853345208e-07
2.255082215863376906e-07
2.236547787644387533e-07
2.218413630068914875e-07
2.196236275408094192e-07
2.178832985087330061e-07
2.161686567171118089e-07
2.144759436217745398e-07
2.123856068923221911e-07
2.107298867813751007e-07
2.090856910237039666e-07
2.070425544083887100e-07
2.054147223576720109e-07
2.037903744084521586e-07
2.017617021197475174e-07
2.001378831282892156e-07
1.981042131155262050e-07
1.964722841600730922e-07
1.944238564769011237e-07
1.927837322783098222e-07
1.907433226895497820e-07
1.887158587720786526e-07
1.871046098478722954e-07
1.851055512534561095e-07
1.831247823591513369e-07
1.815544019802837876e-07
1.796104287652549824e-07
1.776887840460096198e-07
1.757906413824551324e-07
1.739170486989321451e-07
1.720689372412879893e-07
1.702471299312390275e-07
1.688091117055862722e-07
1.670364093822704845e-07
1.652918034553676343e-07
1.632360313017657842e-07
1.615548144082028657e-07
1.599029661073993655e-07
1.582807423240593507e-07
1.566883401862392475e-07
1.551259025024190989e-07
1.532906575384879274e-07
1.517944029885712180e-07
1.503282517541204261e-07
1.488921609860267977e-07
1.472065848609438510e-07
1.458251188933959856e-07
1.441932140511476427e-07
1.428547229010523032e-07
1.412740807960429641e-07
1.399780218136395017e-07
1.384479184780091640e-07
1.371936333203666241e-07
1.357132193473857274e-07
1.342595134882412980e-07
1.330682800340237724e-07
1.316627587365485386e-07
1.302830735290468025e-07
1.289288969269359698e-07
1.275998933763638833e-07
1.262957204677463618e-07
1.250160300500101906e-07
1.237604692529888080e-07
1.225286814248576501e-07
1.213203069909762990e-07
1.201349842400294751e-07
1.189723500429163278e-07
1.178320405094326852e-07
1.167136915874148868e-07
1.156169396086668241e-07
1.143642078436095849e-07
1.133130316594387971e-07
1.122833265993057922e-07
1.111086252534518674e-07
1.101234044553693553e-07
1.089979232510839314e-07
1.080527234907357998e-07
1.069715525109431937e-07
1.060624055664019590e-07
1.050211788762184022e-07
1.039998237599198154e-07
1.029972839850985368e-07
1.021521862182757850e-07
1.011820039693933118e-07
1.002279611245662998e-07
9.928922907645244615e-08
9.836502969977229263e-08
9.745463226453390504e-08
9.655735054308179957e-08
9.567254009821892110e-08
9.479959574053696566e-08
9.393794914391267529e-08
9.308706660888879326e-08
9.212716842274599357e-08
9.129770323307752269e-08
9.047752753488668433e-08
8.955103243789864566e-08
8.874941028396133808e-08
8.784424796324339101e-08
8.706361500757881172e-08
8.618419198617020951e-08
8.542551220235409658e-08
8.457044219834909400e-08
8.372778332106766729e-08
8.289729070252175219e-08
8.218056248396129978e-08
8.137278711861696372e-08
8.057706542320744395e-08
7.979314397423479114e-08
7.901937539172115780e-08
7.825646640753139266e-08
7.750564386931616858e-08
7.676801840121625544e-08
7.595510796087232105e-08
7.524614405532392106e-08
7.454921394091119015e-08
7.377970340339422413e-08
7.310872122395280153e-08
7.245007540911591859e-08
7.172393474141243830e-08
7.101279080381161666e-08
7.039225439476376240e-08
6.970614242413214868e-08
6.903169319771434163e-08
6.844158172840325706e-08
6.778879989972172963e-08
6.714720556350988518e-08
6.651620123387562966e-08
6.589522589569140775e-08
6.528371679906713203e-08
6.468121275084629125e-08
6.402266442503168559e-08
6.344014837594977526e-08
6.286757991266586328e-08
6.224329993787411693e-08
6.169139423321206549e-08
6.114857364556915187e-08
6.055605180854767719e-08
5.997464230911237002e-08
5.946081619642786669e-08
5.890025091182669777e-08
5.835013311150169905e-08
5.780994224261844052e-08
5.733185230148883679e-08
5.680919599958718290e-08
5.629523778658876377e-08
5.573986224606789912e-08
5.524386155497382339e-08
5.475614602409422704e-08
5.427654723631344544e-08
5.375810514903237764e-08
5.329470839331579977e-08
5.283879539320697294e-08
5.234591278959415691e-08
5.186202846958695341e-08
5.142987389627616105e-08
5.096260543177970449e-08
5.050360011909489538e-08
5.005270493320648922e-08
4.960976866868364636e-08
4.917464182290454869e-08
4.874714285095974431e-08
4.832702490270406953e-08
4.791404325707011071e-08
4.750796411244428491e-08
4.707257866772317138e-08
4.668024981300177243e-08
4.625949310911164015e-08
4.588029143414792297e-08
4.547354197402777980e-08
4.507385898499941232e-08
4.471352619465627138e-08
4.432681330118035251e-08
4.394663220031652060e-08
4.357286287869005406e-08
4.320538689452973682e-08
4.284407358222668782e-08
4.245934184964231437e-08
4.211024488968039729e-08
4.176684329221242944e-08
4.140113693648877010e-08
4.106927870294844545e-08
4.071572818355624646e-08
4.036822346204819051e-08
4.002665603684580206e-08
3.971653992740496499e-08
3.938608956799840857e-08
3.906118847208328005e-08
3.874166042656532363e-08
3.840345316929474667e-08
3.809478192100520572e-08
3.779119459099779658e-08
3.746978994379667387e-08
3.717630173224387091e-08
3.686547101255364451e-08
3.655996203700113771e-08
3.628094730271355988e-08
3.598538625443006751e-08
3.569474623130759323e-08
3.540891489629919787e-08
3.512779159246025040e-08
3.483170075935343764e-08
3.456001470920944793e-08
3.429268517841390168e-08
3.401097491444709277e-08
3.375235067322832036e-08
3.347976496814002753e-08
3.321174393521423272e-08
3.294814697758486339e-08
3.268885392803704914e-08
3.243377163780871629e-08
3.218280924718996883e-08
3.193587812890155635e-08
3.169286736625750160e-08
3.143784949002226622e-08
3.120261806741119871e-08
3.095572007679826657e-08
3.072793824210206290e-08
3.048880362795855863e-08
3.025350140390106053e-08
3.002194700240355069e-08
2.979406066833185327e-08
2.956976457741540219e-08
2.933529288481550839e-08
2.911811618146501368e-08
2.889099881239025903e-08
2.868058775899069951e-08
2.846050478731370318e-08
2.824392768435628393e-08
2.803075144007579044e-08
2.782088928517721878e-08
2.761426863373384605e-08
2.741081883083887966e-08
2.719878104745461777e-08
2.700162850973110647e-08
2.679607798367999675e-08
2.660490146769799394e-08
2.640553739502786675e-08
2.620924865554106189e-08
2.601595791027094712e-08
2.582558318310331258e-08
2.563805862098861269e-08
2.544313781157704367e-08
2.526127408300457843e-08
2.507218980645479346e-08
2.489571518135398440e-08
2.471217696653437680e-08
2.453139028899963616e-08
2.435329282069427598e-08
2.417782315858430724e-08
2.399588181249428255e-08
2.382560063803767826e-08
2.364899342970874103e-08
2.348366486840225425e-08
2.331215363013398778e-08
2.314316178631240365e-08
2.297662818728193775e-08
2.281249681722606828e-08
2.265071338606672170e-08
2.248331018729788053e-08
2.232617566229099213e-08
2.216353814094589276e-08
2.200325544522612373e-08
2.184527222530530665e-08
2.168953494327601505e-08
2.153599284846219211e-08
2.138459743047230140e-08
2.122823981808496761e-08
2.108108313874822064e-08
2.092905987464012397e-08
2.077917685741617177e-08
2.063139126888537154e-08
2.048565273683689286e-08
2.034191111448784763e-08
2.019371846024290055e-08
2.005391337964320851e-08
1.990974920526929641e-08
1.976757883444674560e-08
1.962735210881687090e-08
1.948902075842153823e-08
1.935253833345437164e-08
1.921787154487413878e-08
1.907924720445627776e-08
1.894251152613603314e-08
1.881320099833243267e-08
1.868002664533061696e-08
1.854317457439692908e-08
1.841356412918738588e-08
1.828564126276341808e-08
1.815413742794779164e-08
1.802437336474092318e-08
1.789631043406014434e-08
1.776992684203137242e-08
1.764518176156915753e-08
1.752203369298176507e-08
1.739561099279515179e-08
1.727560085086137424e-08
1.715238451429566834e-08
1.703075832232855891e-08
1.691068156668330511e-08
1.678758459888739024e-08
1.667054742473207713e-08
1.655054879051500997e-08
1.643209040974206030e-08
1.631513241980134401e-08
1.619963661550234019e-08
1.608556636351708328e-08
1.596875478591629072e-08
1.585343435615901651e-08
1.574360811134658308e-08
1.563110431890279221e-08
1.551603669602572627e-08
1.540631457565632949e-08
1.529409007147867527e-08
1.518706843961513296e-08
1.507756930804589427e-08
1.496940344579190753e-08
1.485887981639921528e-08
1.475336120710575855e-08
1.464553879070302541e-08
1.453903781387486703e-08
1.443382352953886160e-08
1.432986455331948302e-08
1.422715708487305637e-08
1.412231591474398201e-08
1.401875077755037076e-08
1.391642788679639690e-08
1.381531505361532552e-08
1.371540385744940455e-08
1.361351530017141798e-08
1.351598592898101941e-08
1.341649213468364887e-08
1.331511421148542311e-08
1.321797975364523008e-08
1.312199350339749007e-08
1.302418006177644797e-08
1.292752690790849493e-08
1.283200493390134089e-08
1.273474945948089926e-08
1.264148025270977476e-08
1.254651806027582240e-08
1.245267753334566435e-08
1.235993102943765633e-08
1.226557458523725186e-08
1.217499990260796296e-08
1.208285749511464381e-08
1.199179950055632832e-08
1.189924299902724312e-08
1.181030434121187744e-08
1.171989896941987486e-08
1.163056821050924172e-08
1.154228488628723130e-08
1.145261341131749100e-08
1.136637547596680291e-08
1.127877160190068529e-08
1.119220553356630226e-08
1.110435251200835424e-08
1.101981065887696197e-08
1.093398467117385142e-08
1.084915810234258129e-08
1.076533143506801489e-08
1.068031357809215561e-08
1.059629799750203871e-08
1.051325993493407367e-08
1.043118068742345391e-08
1.035006266349386118e-08
1.026784276390566382e-08
1.018658957133592897e-08
1.010628015260880566e-08
1.002492085131084885e-08
9.946480333856801350e-09
9.867022100218738359e-09
9.786593067372493911e-09
9.709001516761991176e-09
9.630441098345834845e-09
9.552810568289358310e-09
9.476100894278018499e-09
9.398497103608408815e-09
9.321815338913649533e-09
9.246035035173805910e-09
9.171146180962929696e-09
9.095434559021228550e-09
9.020631422157702096e-09
8.946716274489656805e-09
8.873669427251661571e-09
8.799846326157973896e-09
8.726916183993528149e-09
8.654860302321563996e-09
8.582086389817027578e-09
8.510185428562112423e-09
8.439140478869392111e-09
8.368951247112566137e-09
8.298104051240579183e-09
8.228114329108016908e-09
8.158962966696926278e-09
8.089187033337169259e-09
8.020263898421105538e-09
7.952182057786510807e-09
7.883530410464086722e-09
7.815717282681464624e-09
7.748724463426027530e-09
7.682544828412592462e-09
7.615845591795919042e-09
7.549967911845662594e-09
7.484894468823526293e-09
7.419330758120943779e-09
7.354574597313960490e-09
7.290621547296895224e-09
7.226224865631205759e-09
7.162629650958194027e-09
7.099819609932991044e-09
7.036595753889077092e-09
6.974169238908050914e-09
6.912525411976074448e-09
6.851648477453185199e-09
6.790395839425434266e-09
6.728795569452363506e-09
6.669082578837174524e-09
6.609032671817108989e-09
6.549743001913839400e-09
6.490140637806207873e-09
6.431295027822943241e-09
6.373199117126202999e-09
6.314825542137712412e-09
6.257202850098858362e-09
6.199324307689709799e-09
6.143170803214043193e-09
6.086762145801141506e-09
6.030128966431237093e-09
5.974234944483243687e-09
5.919065106571224531e-09
5.864604947429359767e-09
5.809937588625156044e-09
5.755092673702545962e-09
5.701854606376750573e-09
5.647564585025949421e-09
5.594852849552940362e-09
5.541977991976604183e-09
5.489803129736927914e-09
5.437491155686077128e-09
5.385875360983536800e-09
5.334942195040733828e-09
5.283886200419749150e-09
5.233513259130134489e-09
5.183041201063678882e-09
5.133249048239718647e-09
5.084123711517486615e-09
5.034911790056193946e-09
4.986364728212162340e-09
4.937752332005276958e-09
4.889802153075278094e-09
4.841800304845492984e-09
4.795146034739330313e-09
4.747753884630245413e-09
4.701017383024663125e-09
4.654923911188415902e-09
4.609461044709329483e-09
4.563971259162328397e-09
4.518470146482879793e-09
4.473603647791389160e-09
4.429359913862547071e-09
4.385116649476784293e-09
4.341489190230279201e-09
4.297872571760445732e-09
4.254868361870284260e-09
4.211888926494465237e-09
4.169515538466622910e-09
4.127175888575320675e-09
4.085434838330496072e-09
4.044283123176902388e-09
4.003173752915885586e-09
3.962118504242072419e-09
3.922172431728103737e-09
3.881758664660837950e-09
3.841925833567584924e-09
3.802664422013016420e-09
3.763470980951916403e-09
3.724841512916726560e-09
3.686286772400561662e-09
3.647817429053990602e-09
3.610374090404661754e-09
3.572552230587864276e-09
3.535284000399162881e-09
3.498558755293963342e-09
3.461928162898233585e-09
3.425834105849399028e-09
3.389841166239464873e-09
3.353958015497609745e-09
3.318605849210028763e-09
3.283774441677399501e-09
3.249053868857143833e-09
3.214452438196689512e-09
3.180366696843738550e-09
3.146403569914667833e-09
3.112947726400931063e-09
3.079618121258432115e-09
3.046788321702686299e-09
3.014088002214432876e-09
2.981879059204282438e-09
2.949802074205458412e-09
2.917863695673196508e-09
2.886409853101590755e-09
2.855096935097860729e-09
2.824259923022599829e-09
2.793565429197222883e-09
2.763019182128952281e-09
2.732941092951129760e-09
2.703321999595975153e-09
2.673543614656797726e-09
2.644525009807832366e-09
2.615357270684429083e-09
2.586640622985472617e-09
2.558079931103685811e-09
2.529961590835715947e-09
2.501999410452835376e-09
2.474470867192304967e-09
2.446829506280072012e-09
2.419886075280669821e-09
2.392837943459802549e-09
2.366214239066444486e-09
2.339754068107902151e-09
2.313709343257466847e-09
2.287827072977209063e-09
2.262110708470640465e-09
2.236800407045266945e-09
2.211654890878415741e-09
2.186677145002170668e-09
2.162095619123737115e-09
2.137680140263582971e-09
2.113433519824364095e-09
2.089573580785612797e-09
2.065668986275512804e-09
2.042357029278261518e-09
2.019004880830883881e-09
1.996028205730766870e-09
1.973220923461703610e-09
1.950585122324200668e-09
1.928314471972330891e-09
1.906212407498865934e-09
1.884280810633910814e-09
1.862704345597315815e-09
1.841295786593925322e-09
1.820056434153511710e-09
1.798987580646656077e-09
1.778090675375245953e-09
1.757535530121642135e-09
1.737149360501936697e-09
1.716933162438791902e-09
1.697048016683233339e-09
1.677329380648300702e-09
1.657778331744721859e-09
1.638395849931167167e-09
1.619182681856368174e-09
1.600286674497136885e-09
1.581410975383853496e-09
1.562848963133221974e-09
1.544594087436809810e-09
1.526363872109794838e-09
1.508300990873625478e-09
1.490539204958859530e-09
1.472941004685147258e-09
1.455506790574129563e-09
1.438236872726409326e-09
1.421255743084153003e-09
1.404311826844239341e-09
1.387652696039181391e-09
1.371153794623114402e-09
1.354815224698462277e-09
1.338636691149161680e-09
1.322617807353684088e-09
1.306758503813584570e-09
1.291167510622424740e-09
1.275625072415792176e-09
1.260346701460843849e-09
1.245222913801650032e-09
1.230253425759923200e-09
1.215437921230182109e-09
1.200776036482659500e-09
1.186267291135895381e-09
1.171910861348364001e-09
1.157706194738187031e-09
1.143744415886658149e-09
1.129840040943176223e-09
1.116085697573200659e-09
1.102567453790961574e-09
1.089108997894989813e-09
1.075882223995423574e-09
1.062716841487033560e-09
1.049778785527653688e-09
1.036903266083250887e-09
1.024250310875779324e-09
1.011660951617594590e-09
9.992898122995806638e-10
9.869833060990887110e-10
9.748942682637488533e-10
9.628758586302096387e-10
9.510653600179075443e-10
9.393131156201559750e-10
9.276837955716562451e-10
9.162453445997342911e-10
9.048827905788539638e-10
8.936646938535052553e-10
8.825895174707737657e-10
8.716557258490170939e-10
8.608588563196102577e-10
8.501777160889028436e-10
8.396126934406479850e-10
8.291106155294879194e-10
8.187935048831327415e-10
8.085499647728142387e-10
7.984290780017051813e-10
7.884837419144463143e-10
7.786091385460783452e-10
7.688124061285509614e-10
nan
