# bin_18_9
8.106920115039556766e-09
-1.255374913842032977e-08
1.288116717013141304e-08
-1.119232101949375024e-08
1.261012955572119556e-08
-1.125533859880220204e-08
1.285739604800825027e-08
-1.033702303913126043e-08
9.929939170890409846e-09
-1.061662399995079198e-08
9.213841248359291066e-09
-7.522722086170904695e-09
5.689964208914200545e-09
2.860599040496802701e-09
8.475256666998384695e-10
2.099290648521726395e-09
4.577037461344472487e-09
6.922668683215308896e-09
9.682595722063821835e-09
1.248821001287667576e-08
1.405453728773578402e-08
1.382362986311360746e-08
1.032868083515394705e-08
5.053978650824569967e-09
8.483211431944497588e-10
-7.197936902975414682e-10
1.404775336006780739e-09
5.642036595545223196e-09
9.792634423892554143e-09
1.249588141008904594e-08
1.296288989166774317e-08
9.946469523019204908e-09
4.183460159449121117e-09
-2.409784376979204641e-09
-8.523602110822642187e-09
-1.329022330237972610e-08
-1.616266397662162527e-08
-1.768797405929971548e-08
-1.870223651930885910e-08
-1.927076760131774472e-08
-1.945172485753308111e-08
-1.929677585380313445e-08
-1.885173934440357833e-08
-1.815718669146234135e-08
-1.651325631650240311e-08
-1.371998045976293417e-08
-1.042543473881350502e-08
-7.123064813014427441e-09
-4.183241537355777746e-09
-1.878511327223653359e-09
-4.038307510323818109e-10
1.071997955726486013e-10
1.044856820875389679e-10
1.017298167684429221e-10
9.895010895023286884e-11
9.616162154194868400e-11
9.337698951510730566e-11
9.060677507652020747e-11
8.785976965268018994e-11
8.514325108884616309e-11
8.246320305435468385e-11
7.716267123293888685e-11
6.778506535424333538e-11
5.590021612023399540e-11
4.280197520503785285e-11
2.955024209953860599e-11
1.700667978406133211e-11
5.865094529757413162e-12
-3.322702453883316283e-12
-1.012486462093044504e-11
-1.421073286564093687e-11
-1.533482413241611589e-11
-1.397575703786111293e-11
-1.109835228400809256e-11
-7.181694250994202733e-12
-2.633012825270620055e-12
2.202922823591308673e-12
7.035625462752355707e-12
1.162176389295170041e-11
1.575895046925044678e-11
1.928032192039215272e-11
2.204980984926326888e-11
2.395801141834962825e-11
2.491858282269933430e-11
2.486508853383521122e-11
2.385444248144037342e-11
2.211806245721733317e-11
1.984468137651237838e-11
1.719896589638367322e-11
1.432420822294836165e-11
1.134471905899045160e-11
8.367956006344194522e-12
5.486417600613952383e-12
2.779329545287856361e-12
3.141465574547294019e-13
-1.852109522585380224e-12
-3.671657122700738885e-12
-5.104891715539536401e-12
-6.119437724855263511e-12
-6.689302940552378311e-12
-6.794124259143839641e-12
-6.463087045456123616e-12
-5.784933588098719749e-12
-4.826711284111091593e-12
-3.648397984867728460e-12
-2.303567296738089293e-12
-8.399913015765511979e-13
6.998131909590620683e-13
2.278089375850620442e-12
3.861391246699662733e-12
5.420176027705424814e-12
6.928434266170957513e-12
8.363354006639911042e-12
9.705015824165587002e-12
1.093611581316682678e-11
1.204171391399636956e-11
1.300900521539256274e-11
1.382711210066237703e-11
1.448689531160890567e-11
1.504913204058731843e-11
1.557952127519603067e-11
1.607762182147102511e-11
1.654313458391985632e-11
1.697588764756248789e-11
1.737582271764168292e-11
1.774298279488317826e-11
1.807750097549578474e-11
1.837959027531520327e-11
1.864953438672414953e-11
1.888767928532924113e-11
1.909442561092544125e-11
1.927022175411565860e-11
1.941555758614463462e-11
1.953095877511756094e-11
1.961698163686077237e-11
1.967420847329831698e-11
1.970324335540557388e-11
1.970470831160515758e-11
1.967923988592594598e-11
1.962748603338527500e-11
1.955010332291089758e-11
1.945584280144243580e-11
1.935338892882570425e-11
1.924328051525109393e-11
1.912602731411998951e-11
1.900211162189235577e-11
1.887198978377143060e-11
1.873609361121554972e-11
1.859483171685558981e-11
1.844859077201457582e-11
1.829773669167248485e-11
1.814261575139211999e-11
1.798355564041794107e-11
1.782086645487810434e-11
1.765484163475897433e-11
1.748575884807821240e-11
1.731388082545772149e-11
1.713945614808792310e-11
1.696271999188059730e-11
1.678389483042619924e-11
1.660319109920337649e-11
1.642080782333167701e-11
1.623693321101242411e-11
1.605174521466689918e-11
1.586541206165435315e-11
1.567809275633415196e-11
1.548061379354289887e-11
1.526445182622833200e-11
1.503069442826937783e-11
1.478037784265837427e-11
1.451448943834880440e-11
1.423397004183942847e-11
1.393971615038571022e-11
1.331338172756988553e-11
1.298289093313915911e-11
1.264184881391049644e-11
1.229095970890098865e-11
1.193089475873685993e-11
1.156229345187200906e-11
1.118576509480539492e-11
1.080189021030994830e-11
1.001428694701370430e-11
9.611587345557451964e-12
9.203601121529542661e-12
8.790783586186227040e-12
8.373568342308985423e-12
7.952368273342501491e-12
7.527576485491708176e-12
6.668696634056174607e-12
6.235303763905407779e-12
5.799711153123324931e-12
5.362225667028340268e-12
4.444806645131126466e-12
3.895958466618555103e-12
3.286006516068161163e-12
2.623809777596759631e-12
1.917702633279897489e-12
4.046313425454207893e-13
-3.880522011394709350e-13
-1.196037788407869452e-12
-2.833946406648731551e-12
-3.652821936739897845e-12
-4.464866160508367940e-12
-5.265407563713534224e-12
-6.814828117600159048e-12
-7.555849264005860029e-12
-8.269621910399979418e-12
-9.602556554553660228e-12
-1.021586652399709903e-11
-1.079019974081015069e-11
-1.181253159079991312e-11
-1.225629575563107944e-11
-1.299973465164962982e-11
-1.329617667394136482e-11
-1.354052623012964758e-11
-1.386805023067961534e-11
-1.394909355376884441e-11
-1.394129609507605973e-11
-1.385100205164187377e-11
-1.225340089239249906e-11
-1.052797069762956979e-11
-8.263013907296479987e-12
-2.332278416796864944e-12
1.231250281693657382e-12
9.317706889315874407e-12
1.375289970183723713e-11
2.320426548785090579e-11
2.814542238827197318e-11
3.828550308117199577e-11
4.342055386315553075e-11
5.367357070061036586e-11
6.372589696949359112e-11
6.861554210059737936e-11
7.801113936550719126e-11
8.247661464722238380e-11
9.085053785731586999e-11
9.837134394206074695e-11
1.017742389354573576e-10
1.077981186331406406e-10
1.103949864284390921e-10
1.147044230105589114e-10
1.177714614530359204e-10
1.188179807776661047e-10
1.199005584320243815e-10
1.195942759920834006e-10
1.189068175433023309e-10
1.171802813539234715e-10
1.154724987692336871e-10
1.137835884696594875e-10
1.129462397750550655e-10
1.112857995954304245e-10
1.096444102465659406e-10
1.080221012870777847e-10
1.072181053666362686e-10
1.056244266619190658e-10
1.040498134629794453e-10
1.024942284946311401e-10
1.009576187504722262e-10
1.001964090449268822e-10
9.868813153112359580e-11
9.719863625371441311e-11
9.572782485420559778e-11
9.427558844531801645e-11
9.284180855436135962e-11
9.142635800059941419e-11
9.002910171114698893e-11
8.864989747961421893e-11
8.728859667141598309e-11
8.594504487938611982e-11
8.461908253307984246e-11
8.331054546491132406e-11
8.201926543605211196e-11
8.046522120377455620e-11
7.841819470056470000e-11
7.594882726139043863e-11
7.312282615011024114e-11
7.000126795762745251e-11
6.664088339933759778e-11
6.309432469658086588e-11
5.941041664722509146e-11
5.563439241657324390e-11
5.180811501111820319e-11
4.797028533381796433e-11
4.415663766023720847e-11
3.855287017390957440e-11
3.493817411749187819e-11
3.145192175947816962e-11
2.811861695600924122e-11
2.496067978274955072e-11
2.059685623191290891e-11
1.796290950099845018e-11
1.556820873763755880e-11
1.342730595810005442e-11
1.072009816564131620e-11
9.268035668078283583e-12
8.109844152138260750e-12
6.942307847039852694e-12
6.554536321515943490e-12
6.501766496021901502e-12
7.185713315814781687e-12
8.099758448122430191e-12
1.004957345800712724e-11
1.167673136506635859e-11
1.352202443495109940e-11
1.662320278135511685e-11
1.886576568699337998e-11
2.241780294358689309e-11
2.487122726925832498e-11
2.861618697797308153e-11
3.112208505170887587e-11
3.484132721592127812e-11
3.845466019888398044e-11
4.077500841817776030e-11
4.408236908264156839e-11
4.615037250004558743e-11
4.901354276807591138e-11
5.155400922537781063e-11
5.305023178470879579e-11
5.497416049862680866e-11
5.648774009535525267e-11
5.725598597647747217e-11
5.803024201153177305e-11
5.833308692722660020e-11
5.814734342834552033e-11
5.774483498493408623e-11
5.686454486302647535e-11
5.577917449283468878e-11
5.450135559278403157e-11
5.304306463778964631e-11
5.197624082492222073e-11
5.024210699630290389e-11
4.835649280080590623e-11
4.632925460459733348e-11
4.416973962259664142e-11
4.188681243833309923e-11
3.948888005634575049e-11
3.698391557459225213e-11
3.437948055869945926e-11
3.168274619465589252e-11
2.890051329166716416e-11
2.603923120235576857e-11
2.310501572325969518e-11
2.010366603462706344e-11
1.600689782010630250e-11
1.286979388060831166e-11
9.682799237861550491e-12
6.450515755321628337e-12
3.177304937803342463e-12
-1.327000602846949725e-13
-4.596536628271154992e-12
-7.977519971710071781e-12
-1.563677101664156610e-11
-5.220811488243929222e-11
-9.767158510051657211e-11
-1.563254836213951381e-10
-2.517838810740973851e-10
-3.340400838906430920e-10
-4.236214705660177878e-10
-5.518528782209876402e-10
-6.528059673200628012e-10
-7.913331320210015675e-10
-8.966338722514811003e-10
-1.036836832554014700e-09
-1.140544235922588264e-09
-1.275152152580346441e-09
-1.372270218891641471e-09
-1.495189080475074558e-09
-1.609092857461856876e-09
-1.687707564311089829e-09
-1.782367106887042526e-09
-1.864312788816806194e-09
-1.916777687713299232e-09
-1.973966950114189614e-09
-2.015789247845539742e-09
-2.041497177350859255e-09
-2.050445093944259308e-09
-2.045821951078800760e-09
-2.024701644993866078e-09
-1.997982913640327265e-09
-1.970522836661450420e-09
-1.942379193071798874e-09
-1.913606692231835358e-09
-1.884257134438527607e-09
-1.854379562657275185e-09
-1.824020405919846057e-09
-1.793223614879515365e-09
-1.762030789983447255e-09
-1.730481302693244245e-09
-1.698612410157554097e-09
-1.658380651457477366e-09
-1.625919094872850663e-09
-1.593245889203092489e-09
-1.560390448215240332e-09
-1.519107096250938958e-09
-1.485940984628984145e-09
-1.452677558434784319e-09
-1.410996541449020753e-09
-1.377596772852252511e-09
-1.344170253912541342e-09
-1.302378598388967294e-09
-1.268960354094613554e-09
-1.227233970349901963e-09
-1.193909155502323961e-09
-1.152347603755463381e-09
-1.116617429547914305e-09
-1.065567137004497503e-09
-1.008606566885877907e-09
-9.595769584691931010e-10
-8.948816093163194573e-10
-8.273417559983501513e-10
-7.718908723726481187e-10
-7.015285080524747334e-10
-6.307427489595617651e-10
-5.602647628873179696e-10
-4.907630566863784200e-10
-4.228477749200436951e-10
-3.570747124148921016e-10
-3.063397584521779988e-10
-2.456640053045148196e-10
-1.884285011421829604e-10
-1.248212650246678588e-10
-7.644275227116691259e-11
-3.259318217224715575e-11
6.460005788206391289e-12
4.047984413067817330e-11
6.925766775269826436e-11
9.661652854540767344e-11
1.132541103721212388e-10
1.241493683425657381e-10
1.291918659641742388e-10
1.283776065078848131e-10
1.263356652156365492e-10
1.233136926139911697e-10
1.203820162829493579e-10
1.164426537174496118e-10
1.128631514961738618e-10
1.082761427605172439e-10
1.042575162959226601e-10
9.925524236455114418e-11
9.411249374486988272e-11
8.975900617943279734e-11
8.449697570039755201e-11
7.923740149695170218e-11
7.402282950115152756e-11
6.889213264448917646e-11
6.388076260731996439e-11
5.902098485755299746e-11
5.434209811680424136e-11
4.987063931096918600e-11
4.563057498705411690e-11
4.164348010861570671e-11
3.792870507787721350e-11
3.450353177305516703e-11
3.138331933433313865e-11
2.858164038086070468e-11
2.573141289606052585e-11
2.365536346969054280e-11
2.177039935601978655e-11
1.970340875231236284e-11
1.804045284370657843e-11
1.622190436769176707e-11
1.476320262476611048e-11
1.317322950991792595e-11
1.190244748250514924e-11
1.052276634126573076e-11
9.249258939880832097e-12
8.077257120259339267e-12
7.150083019329490596e-12
6.154886232664082105e-12
5.248934857262567729e-12
4.428287273832138457e-12
3.689169755734236108e-12
3.027968850983882683e-12
2.441224140925145231e-12
1.925621355222699642e-12
1.477985824011955234e-12
1.095276249169756043e-12
7.745787777209711613e-13
4.804243084757296179e-13
2.833572473583409001e-13
1.399128116164618663e-13
3.850744722600287837e-14
1.871744494496925552e-15
0.000000000000000000e+00
0.000000000000000000e+00
0.000000000000000000e+00
0.000000000000000000e+00
0.000000000000000000e+00
0.000000000000000000e+00
0.000000000000000000e+00
0.000000000000000000e+00
0.000000000000000000e+00
0.000000000000000000e+00
0.000000000000000000e+00
0.000000000000000000e+00
0.000000000000000000e+00
0.000000000000000000e+00
0.000000000000000000e+00
0.000000000000000000e+00
0.000000000000000000e+00
0.000000000000000000e+00
0.000000000000000000e+00
0.000000000000000000e+00
0.000000000000000000e+00
0.000000000000000000e+00
0.000000000000000000e+00
0.000000000000000000e+00
0.000000000000000000e+00
0.000000000000000000e+00
0.000000000000000000e+00
0.000000000000000000e+00
0.000000000000000000e+00
0.000000000000000000e+00
0.000000000000000000e+00
0.000000000000000000e+00
0.000000000000000000e+00
0.000000000000000000e+00
0.000000000000000000e+00
0.000000000000000000e+00
0.000000000000000000e+00
0.000000000000000000e+00
0.000000000000000000e+00
0.000000000000000000e+00
0.000000000000000000e+00
0.000000000000000000e+00
0.000000000000000000e+00
0.000000000000000000e+00
0.000000000000000000e+00
0.000000000000000000e+00
0.000000000000000000e+00
0.000000000000000000e+00
0.000000000000000000e+00
0.000000000000000000e+00
0.000000000000000000e+00
0.000000000000000000e+00
0.000000000000000000e+00
0.000000000000000000e+00
0.000000000000000000e+00
0.000000000000000000e+00
0.000000000000000000e+00
0.000000000000000000e+00
0.000000000000000000e+00
0.000000000000000000e+00
0.000000000000000000e+00
0.000000000000000000e+00
0.000000000000000000e+00
0.000000000000000000e+00
0.000000000000000000e+00
0.000000000000000000e+00
0.000000000000000000e+00
0.000000000000000000e+00
0.000000000000000000e+00
0.000000000000000000e+00
0.000000000000000000e+00
0.000000000000000000e+00
0.000000000000000000e+00
0.000000000000000000e+00
0.000000000000000000e+00
0.000000000000000000e+00
0.000000000000000000e+00
0.000000000000000000e+00
0.000000000000000000e+00
0.000000000000000000e+00
0.000000000000000000e+00
0.000000000000000000e+00
0.000000000000000000e+00
0.000000000000000000e+00
0.000000000000000000e+00
0.000000000000000000e+00
0.000000000000000000e+00
0.000000000000000000e+00
0.000000000000000000e+00
0.000000000000000000e+00
0.000000000000000000e+00
0.000000000000000000e+00
0.000000000000000000e+00
0.000000000000000000e+00
0.000000000000000000e+00
0.000000000000000000e+00
0.000000000000000000e+00
0.000000000000000000e+00
0.000000000000000000e+00
0.000000000000000000e+00
0.000000000000000000e+00
0.000000000000000000e+00
0.000000000000000000e+00
0.000000000000000000e+00
0.000000000000000000e+00
0.000000000000000000e+00
0.000000000000000000e+00
0.000000000000000000e+00
0.000000000000000000e+00
0.000000000000000000e+00
0.000000000000000000e+00
0.000000000000000000e+00
0.000000000000000000e+00
0.000000000000000000e+00
0.000000000000000000e+00
0.000000000000000000e+00
0.000000000000000000e+00
0.000000000000000000e+00
0.000000000000000000e+00
0.000000000000000000e+00
0.000000000000000000e+00
0.000000000000000000e+00
0.000000000000000000e+00
0.000000000000000000e+00
0.000000000000000000e+00
0.000000000000000000e+00
0.000000000000000000e+00
0.000000000000000000e+00
0.000000000000000000e+00
0.000000000000000000e+00
0.000000000000000000e+00
0.000000000000000000e+00
0.000000000000000000e+00
0.000000000000000000e+00
0.000000000000000000e+00
0.000000000000000000e+00
0.000000000000000000e+00
0.000000000000000000e+00
0.000000000000000000e+00
0.000000000000000000e+00
0.000000000000000000e+00
0.000000000000000000e+00
0.000000000000000000e+00
0.000000000000000000e+00
0.000000000000000000e+00
0.000000000000000000e+00
0.000000000000000000e+00
0.000000000000000000e+00
0.000000000000000000e+00
0.000000000000000000e+00
0.000000000000000000e+00
0.000000000000000000e+00
0.000000000000000000e+00
0.000000000000000000e+00
0.000000000000000000e+00
0.000000000000000000e+00
0.000000000000000000e+00
0.000000000000000000e+00
0.000000000000000000e+00
0.000000000000000000e+00
0.000000000000000000e+00
0.000000000000000000e+00
0.000000000000000000e+00
0.000000000000000000e+00
0.000000000000000000e+00
0.000000000000000000e+00
0.000000000000000000e+00
0.000000000000000000e+00
0.000000000000000000e+00
0.000000000000000000e+00
0.000000000000000000e+00
0.000000000000000000e+00
0.000000000000000000e+00
0.000000000000000000e+00
0.000000000000000000e+00
0.000000000000000000e+00
0.000000000000000000e+00
0.000000000000000000e+00
0.000000000000000000e+00
0.000000000000000000e+00
0.000000000000000000e+00
0.000000000000000000e+00
0.000000000000000000e+00
0.000000000000000000e+00
0.000000000000000000e+00
0.000000000000000000e+00
0.000000000000000000e+00
0.000000000000000000e+00
0.000000000000000000e+00
0.000000000000000000e+00
0.000000000000000000e+00
0.000000000000000000e+00
0.000000000000000000e+00
0.000000000000000000e+00
0.000000000000000000e+00
0.000000000000000000e+00
0.000000000000000000e+00
0.000000000000000000e+00
0.000000000000000000e+00
0.000000000000000000e+00
0.000000000000000000e+00
0.000000000000000000e+00
0.000000000000000000e+00
0.000000000000000000e+00
0.000000000000000000e+00
0.000000000000000000e+00
0.000000000000000000e+00
0.000000000000000000e+00
0.000000000000000000e+00
0.000000000000000000e+00
0.000000000000000000e+00
0.000000000000000000e+00
0.000000000000000000e+00
0.000000000000000000e+00
0.000000000000000000e+00
0.000000000000000000e+00
0.000000000000000000e+00
0.000000000000000000e+00
0.000000000000000000e+00
0.000000000000000000e+00
0.000000000000000000e+00
0.000000000000000000e+00
0.000000000000000000e+00
0.000000000000000000e+00
0.000000000000000000e+00
0.000000000000000000e+00
0.000000000000000000e+00
0.000000000000000000e+00
0.000000000000000000e+00
0.000000000000000000e+00
0.000000000000000000e+00
0.000000000000000000e+00
0.000000000000000000e+00
0.000000000000000000e+00
0.000000000000000000e+00
0.000000000000000000e+00
0.000000000000000000e+00
0.000000000000000000e+00
0.000000000000000000e+00
0.000000000000000000e+00
0.000000000000000000e+00
0.000000000000000000e+00
0.000000000000000000e+00
0.000000000000000000e+00
0.000000000000000000e+00
0.000000000000000000e+00
0.000000000000000000e+00
0.000000000000000000e+00
0.000000000000000000e+00
0.000000000000000000e+00
0.000000000000000000e+00
0.000000000000000000e+00
0.000000000000000000e+00
0.000000000000000000e+00
0.000000000000000000e+00
0.000000000000000000e+00
0.000000000000000000e+00
0.000000000000000000e+00
0.000000000000000000e+00
0.000000000000000000e+00
0.000000000000000000e+00
0.000000000000000000e+00
0.000000000000000000e+00
0.000000000000000000e+00
0.000000000000000000e+00
0.000000000000000000e+00
0.000000000000000000e+00
0.000000000000000000e+00
0.000000000000000000e+00
0.000000000000000000e+00
0.000000000000000000e+00
0.000000000000000000e+00
0.000000000000000000e+00
0.000000000000000000e+00
0.000000000000000000e+00
0.000000000000000000e+00
0.000000000000000000e+00
0.000000000000000000e+00
0.000000000000000000e+00
0.000000000000000000e+00
0.000000000000000000e+00
0.000000000000000000e+00
0.000000000000000000e+00
0.000000000000000000e+00
0.000000000000000000e+00
0.000000000000000000e+00
0.000000000000000000e+00
0.000000000000000000e+00
0.000000000000000000e+00
0.000000000000000000e+00
0.000000000000000000e+00
0.000000000000000000e+00
0.000000000000000000e+00
0.000000000000000000e+00
0.000000000000000000e+00
0.000000000000000000e+00
0.000000000000000000e+00
0.000000000000000000e+00
0.000000000000000000e+00
0.000000000000000000e+00
0.000000000000000000e+00
0.000000000000000000e+00
0.000000000000000000e+00
0.000000000000000000e+00
0.000000000000000000e+00
0.000000000000000000e+00
0.000000000000000000e+00
0.000000000000000000e+00
0.000000000000000000e+00
0.000000000000000000e+00
0.000000000000000000e+00
0.000000000000000000e+00
0.000000000000000000e+00
0.000000000000000000e+00
0.000000000000000000e+00
0.000000000000000000e+00
0.000000000000000000e+00
0.000000000000000000e+00
0.000000000000000000e+00
0.000000000000000000e+00
0.000000000000000000e+00
0.000000000000000000e+00
0.000000000000000000e+00
0.000000000000000000e+00
0.000000000000000000e+00
0.000000000000000000e+00
0.000000000000000000e+00
0.000000000000000000e+00
0.000000000000000000e+00
0.000000000000000000e+00
0.000000000000000000e+00
0.000000000000000000e+00
0.000000000000000000e+00
0.000000000000000000e+00
0.000000000000000000e+00
0.000000000000000000e+00
0.000000000000000000e+00
0.000000000000000000e+00
0.000000000000000000e+00
0.000000000000000000e+00
0.000000000000000000e+00
0.000000000000000000e+00
0.000000000000000000e+00
0.000000000000000000e+00
0.000000000000000000e+00
0.000000000000000000e+00
0.000000000000000000e+00
0.000000000000000000e+00
0.000000000000000000e+00
0.000000000000000000e+00
0.000000000000000000e+00
0.000000000000000000e+00
0.000000000000000000e+00
0.000000000000000000e+00
0.000000000000000000e+00
0.000000000000000000e+00
0.000000000000000000e+00
0.000000000000000000e+00
0.000000000000000000e+00
0.000000000000000000e+00
0.000000000000000000e+00
0.000000000000000000e+00
0.000000000000000000e+00
0.000000000000000000e+00
0.000000000000000000e+00
0.000000000000000000e+00
0.000000000000000000e+00
0.000000000000000000e+00
0.000000000000000000e+00
0.000000000000000000e+00
0.000000000000000000e+00
0.000000000000000000e+00
0.000000000000000000e+00
0.000000000000000000e+00
0.000000000000000000e+00
0.000000000000000000e+00
0.000000000000000000e+00
0.000000000000000000e+00
0.000000000000000000e+00
0.000000000000000000e+00
0.000000000000000000e+00
0.000000000000000000e+00
0.000000000000000000e+00
0.000000000000000000e+00
0.000000000000000000e+00
0.000000000000000000e+00
0.000000000000000000e+00
0.000000000000000000e+00
0.000000000000000000e+00
0.000000000000000000e+00
0.000000000000000000e+00
0.000000000000000000e+00
0.000000000000000000e+00
0.000000000000000000e+00
0.000000000000000000e+00
0.000000000000000000e+00
0.000000000000000000e+00
0.000000000000000000e+00
0.000000000000000000e+00
0.000000000000000000e+00
0.000000000000000000e+00
0.000000000000000000e+00
0.000000000000000000e+00
0.000000000000000000e+00
0.000000000000000000e+00
0.000000000000000000e+00
0.000000000000000000e+00
0.000000000000000000e+00
0.000000000000000000e+00
0.000000000000000000e+00
0.000000000000000000e+00
0.000000000000000000e+00
0.000000000000000000e+00
0.000000000000000000e+00
0.000000000000000000e+00
0.000000000000000000e+00
0.000000000000000000e+00
0.000000000000000000e+00
0.000000000000000000e+00
0.000000000000000000e+00
0.000000000000000000e+00
0.000000000000000000e+00
0.000000000000000000e+00
0.000000000000000000e+00
0.000000000000000000e+00
0.000000000000000000e+00
0.000000000000000000e+00
0.000000000000000000e+00
0.000000000000000000e+00
0.000000000000000000e+00
0.000000000000000000e+00
0.000000000000000000e+00
0.000000000000000000e+00
0.000000000000000000e+00
0.000000000000000000e+00
0.000000000000000000e+00
0.000000000000000000e+00
0.000000000000000000e+00
0.000000000000000000e+00
0.000000000000000000e+00
0.000000000000000000e+00
0.000000000000000000e+00
0.000000000000000000e+00
0.000000000000000000e+00
0.000000000000000000e+00
0.000000000000000000e+00
0.000000000000000000e+00
0.000000000000000000e+00
0.000000000000000000e+00
0.000000000000000000e+00
0.000000000000000000e+00
0.000000000000000000e+00
0.000000000000000000e+00
0.000000000000000000e+00
0.000000000000000000e+00
0.000000000000000000e+00
0.000000000000000000e+00
0.000000000000000000e+00
0.000000000000000000e+00
0.000000000000000000e+00
0.000000000000000000e+00
0.000000000000000000e+00
0.000000000000000000e+00
0.000000000000000000e+00
0.000000000000000000e+00
0.000000000000000000e+00
0.000000000000000000e+00
0.000000000000000000e+00
0.000000000000000000e+00
0.000000000000000000e+00
0.000000000000000000e+00
0.000000000000000000e+00
0.000000000000000000e+00
0.000000000000000000e+00
0.000000000000000000e+00
0.000000000000000000e+00
0.000000000000000000e+00
0.000000000000000000e+00
0.000000000000000000e+00
0.000000000000000000e+00
0.000000000000000000e+00
0.000000000000000000e+00
0.000000000000000000e+00
0.000000000000000000e+00
0.000000000000000000e+00
0.000000000000000000e+00
0.000000000000000000e+00
0.000000000000000000e+00
0.000000000000000000e+00
0.000000000000000000e+00
0.000000000000000000e+00
0.000000000000000000e+00
0.000000000000000000e+00
0.000000000000000000e+00
0.000000000000000000e+00
0.000000000000000000e+00
0.000000000000000000e+00
0.000000000000000000e+00
0.000000000000000000e+00
0.000000000000000000e+00
0.000000000000000000e+00
0.000000000000000000e+00
0.000000000000000000e+00
0.000000000000000000e+00
0.000000000000000000e+00
0.000000000000000000e+00
0.000000000000000000e+00
0.000000000000000000e+00
0.000000000000000000e+00
0.000000000000000000e+00
0.000000000000000000e+00
0.000000000000000000e+00
0.000000000000000000e+00
0.000000000000000000e+00
0.000000000000000000e+00
0.000000000000000000e+00
nan
