# bin_16_15
-6.240027850011015864e-07
-5.840502873805307436e-07
-5.472924774753713654e-07
-5.034965186693318908e-07
-4.650183800980988734e-07
-4.195331975565577701e-07
-3.820020439313282422e-07
-3.386509402295428584e-07
-3.035829342939726028e-07
-2.636980810947679380e-07
-2.337583376650465680e-07
-1.994514411757025212e-07
-1.729152801631781379e-07
-1.442611128269417822e-07
-1.135172415208007858e-07
-8.465630271780128680e-08
-5.778376977733703053e-08
-3.292488667170937151e-08
-1.160870567756114142e-08
7.015404760013303647e-09
2.521171332167901482e-08
4.408506823256985869e-08
6.297782635601718633e-08
8.071814621336095098e-08
9.717923609794409587e-08
1.123179237954923280e-07
1.260087760339198397e-07
1.383226087280608912e-07
1.494963836731069511e-07
1.597080197287209792e-07
1.690930496666323829e-07
1.773886084452071430e-07
1.845943925866093698e-07
1.911034115311568607e-07
1.971919661204018876e-07
2.030511994399327564e-07
2.088102372173590183e-07
2.148603572915442713e-07
2.210488060808377480e-07
2.268133877522192374e-07
2.317640387136513991e-07
2.356407785393035226e-07
2.382815187848966892e-07
2.395973872512779873e-07
2.396129791783630823e-07
2.386860168055994067e-07
2.371942277521322783e-07
2.354301230111319525e-07
2.336180249478812216e-07
2.319277288589607361e-07
2.304854820980308721e-07
2.293828198765420815e-07
2.286284213245920179e-07
2.280782124917272567e-07
2.275982309430607662e-07
2.270833291736753426e-07
2.264520031836612600e-07
2.256421245189169768e-07
2.246074144387706242e-07
2.233145288624980417e-07
2.217406468959003557e-07
2.200074001578641652e-07
2.182328081488782276e-07
2.163991275288649674e-07
2.144930292659549911e-07
2.125048391908380394e-07
2.104278999782768255e-07
2.082580350582599111e-07
2.059930981921825065e-07
2.036325951227719938e-07
2.011773659217247916e-07
1.986293184983681004e-07
1.960268173908798014e-07
1.934082808415850336e-07
1.907763377153432183e-07
1.881335683770631258e-07
1.854824861446935915e-07
1.828255231416167774e-07
1.801650197797582439e-07
1.775032172306338807e-07
1.748422523468433283e-07
1.721841545846656346e-07
1.695308445522425863e-07
1.668841338697463277e-07
1.642457260798469231e-07
1.616139810695470077e-07
1.589912153276460915e-07
1.563842353469015608e-07
1.537989340584751959e-07
1.512403918144319315e-07
1.487129663451616631e-07
1.462203729387011767e-07
1.437657559404930040e-07
1.413517525423611066e-07
1.389805497159313027e-07
1.366539350462330730e-07
1.343733421339446863e-07
1.321398911581054948e-07
1.299544251237426793e-07
1.278175422595649018e-07
1.257296249786393820e-07
1.236663477016062098e-07
1.216098552575994930e-07
1.195691790521553036e-07
1.175522328233650341e-07
1.155659234453172911e-07
1.136162510443580835e-07
1.117083994873392034e-07
1.098468181910465003e-07
1.080352961040680852e-07
1.062770286250858983e-07
1.045746781437227555e-07
1.029304288205816965e-07
1.013460361610249582e-07
9.982287188172303783e-08
9.836196451932990847e-08
9.696403618615524206e-08
9.562953583784247833e-08
9.435866938231129375e-08
9.313225294051705271e-08
9.193214474692449078e-08
9.075977176347457956e-08
8.961634325747010363e-08
8.850287116871050409e-08
8.742018871219431997e-08
8.636896737074993091e-08
8.534973241791693788e-08
8.436287709870207882e-08
8.340867558434205181e-08
8.248729480680127493e-08
8.159880526930426131e-08
8.074319092065618891e-08
7.992035817335294765e-08
7.913014413844633160e-08
7.837232414374053094e-08
7.764661859609304191e-08
7.695269924331501267e-08
7.629019488636873962e-08
7.565869658819354718e-08
7.505776242151504701e-08
7.448692179437420778e-08
7.394546640525034151e-08
7.343130219808172641e-08
7.294199584856266296e-08
7.247528445939382797e-08
7.202906427276752840e-08
7.160138014474859587e-08
7.119041572763436326e-08
7.079448431042010571e-08
7.041202027121711931e-08
7.004157109889462205e-08
6.968178994437369937e-08
6.933142866490848039e-08
6.898933132737077578e-08
6.865442813902943824e-08
6.832572977659459608e-08
6.800232208640813957e-08
6.768336113060366329e-08
6.736806855586135482e-08
6.705572726304167857e-08
6.674567735752085498e-08
6.643731236147372706e-08
6.613007567066224281e-08
6.582345723951010331e-08
6.551699047937011114e-08
6.521024935593533076e-08
6.492038771059916926e-08
6.466144611752771634e-08
6.442862187726225848e-08
6.421744782398304212e-08
6.402377203372473413e-08
6.384373874849579298e-08
6.367377044083128729e-08
6.335100961163191870e-08
6.319230635595933525e-08
6.303181765554812916e-08
6.286712332997667897e-08
6.269599412008057781e-08
6.251637999675319446e-08
6.232639915825496711e-08
6.212432767454496044e-08
6.167774849642955003e-08
6.143049739723454122e-08
6.116565207236136442e-08
6.088214267235541844e-08
6.057900665834423306e-08
6.025538201318732550e-08
5.991050084874894239e-08
5.915433228614164089e-08
5.874192731205259311e-08
5.830602030104830680e-08
5.784623043055691999e-08
5.686806061167462818e-08
5.637788643542919831e-08
5.589171416061047320e-08
5.540953889097727744e-08
5.493135401296960076e-08
5.398692100323357830e-08
5.352065195811326936e-08
5.305833165856634368e-08
5.214548109445479383e-08
5.169491987139659730e-08
5.124824562363124208e-08
5.080544033787262685e-08
4.993136018884962312e-08
4.950004506873840218e-08
4.907251850989735413e-08
4.822874283991745203e-08
4.781244811129246837e-08
4.739985080049468678e-08
4.658565156232674639e-08
4.618400012620696797e-08
4.539146701219325029e-08
4.500053370043617466e-08
4.461312098673893097e-08
4.384875118936000675e-08
4.347174050752557549e-08
4.272793229805157982e-08
4.236108024313181801e-08
4.160838106977077564e-08
4.121731213954812016e-08
4.081814697566851454e-08
4.000029405998986632e-08
3.958383908425194917e-08
3.874103033847681972e-08
3.831658062424060088e-08
3.746597994134879145e-08
3.704144543542298435e-08
3.619762500013260749e-08
3.577970400619345698e-08
3.495496931399732150e-08
3.414880566072756509e-08
3.375397570969306080e-08
3.298312854405376127e-08
3.260794996518322736e-08
3.187998191787816306e-08
3.118411254037884242e-08
3.084897199987243369e-08
3.020560860996780127e-08
2.989785866717293413e-08
2.931126799758582006e-08
2.876442012819855591e-08
2.850628994773847785e-08
2.802127047934786613e-08
2.757862136030277861e-08
2.737340790933400430e-08
2.699039631340664335e-08
2.663834575315881109e-08
2.631408412347698581e-08
2.616144769531957444e-08
2.587343221329212898e-08
2.560626994415104260e-08
2.535754387593084381e-08
2.523938954539138917e-08
2.501418314074360030e-08
2.480214447565123465e-08
2.460144431551353159e-08
2.441039607488658525e-08
2.431800093683340810e-08
2.413855622848628656e-08
2.396510815277887398e-08
2.379639623593200520e-08
2.363126339475698474e-08
2.346864878286841830e-08
2.330758112259827966e-08
2.314717248862113390e-08
2.298661251179898353e-08
2.282516297405626087e-08
2.266215276722216795e-08
2.249697319073898606e-08
2.232907356494677027e-08
2.215795713832901859e-08
2.199067173237192280e-08
2.183355628685893367e-08
2.168516996099435766e-08
2.154417465635404194e-08
2.140932861939280165e-08
2.127948043936235801e-08
2.115356341631286706e-08
2.103059027555928612e-08
2.090964820658114191e-08
2.078989420579701961e-08
2.067055070402548866e-08
2.055090146071579301e-08
2.036942809562161168e-08
2.024624925447958237e-08
2.012068720154036733e-08
1.999225721541272124e-08
1.986051739512356182e-08
1.965583308177551259e-08
1.951414214179945719e-08
1.936789391307561060e-08
1.921680764439886727e-08
1.898056534333160006e-08
1.881634573744717495e-08
1.864652675939427566e-08
1.838095170223095949e-08
1.819647406309608825e-08
1.800582564496521043e-08
1.770805402065689307e-08
1.750296044183982960e-08
1.718772141202083548e-08
1.697371906701832882e-08
1.675755214474902331e-08
1.643081556401774342e-08
1.621230692867578434e-08
1.588505207693140314e-08
1.566804286451075932e-08
1.534556233941115760e-08
1.513328753536123127e-08
1.482002469337611893e-08
1.451411317722822710e-08
1.431484856218228593e-08
1.402376438017202052e-08
1.383533777372134010e-08
1.356179283415633831e-08
1.329985548252033552e-08
1.313202365104475376e-08
1.289091936219408585e-08
1.266306230268587594e-08
1.251874849924935712e-08
1.231396123275247062e-08
1.212349537688026666e-08
1.194763264415177687e-08
1.183861661282559707e-08
1.169027598470306251e-08
1.156068788053201629e-08
1.144748181174099128e-08
1.134846102060325073e-08
1.128931685516229222e-08
1.120949252762452818e-08
1.113876037641874113e-08
1.107546856794568956e-08
1.101809178686960721e-08
1.096522291526647764e-08
1.091556525240626624e-08
1.086792523884070846e-08
1.082120565103659458e-08
1.077439923517038053e-08
1.072658275089907340e-08
1.067691139795839430e-08
1.062461360032491498e-08
1.056898612442680470e-08
1.048854006376608396e-08
1.042275879564876293e-08
1.035174079723883050e-08
1.027502978719801245e-08
1.019221659221831073e-08
1.010293592978812112e-08
9.973279375072735979e-09
9.867711773008818878e-09
9.756192418927139735e-09
9.605753477403466447e-09
9.492338064602303021e-09
9.378713661496111171e-09
9.227308945986913956e-09
9.114116926181042904e-09
9.001464572386679466e-09
8.852428101372671090e-09
8.741751439904081101e-09
8.595952087534046671e-09
8.488117071004769077e-09
8.346605894351083015e-09
8.242328183187238746e-09
8.105969446353282566e-09
8.005834170153663292e-09
7.875329980635998340e-09
7.748431557922130792e-09
7.655720862150429930e-09
7.535503548344907731e-09
7.419280112761016305e-09
7.334796995585043234e-09
7.225803783565879971e-09
7.121051307855085285e-09
7.020600248746117865e-09
6.924497775324560793e-09
6.855296043139384759e-09
6.766922038268637798e-09
6.683779934073282337e-09
6.605774384261751251e-09
6.532417228585382533e-09
6.463252970343455921e-09
6.397856756337032605e-09
6.335832483155361834e-09
6.276811021539664728e-09
6.220448551139794824e-09
6.166424998507840035e-09
6.114442571662939402e-09
6.064224385015969099e-09
6.003542449098158155e-09
5.956381089444496682e-09
5.910213409329728617e-09
5.864837901335889594e-09
5.808949657216062044e-09
5.764695745779985539e-09
5.720677685084855149e-09
5.665768399080216389e-09
5.621771552986839791e-09
5.577582906768565608e-09
5.521911309447773660e-09
5.476904415710397495e-09
5.419911668594774353e-09
5.373631775640014796e-09
5.314805934640402626e-09
5.267325705407437368e-09
5.208153278264356474e-09
5.149260309629684057e-09
5.102401447341958216e-09
5.044209433608077088e-09
4.986504547606950253e-09
4.940733077515664595e-09
4.884056763515640675e-09
4.828026176953412603e-09
4.772687842198506979e-09
4.718083551532385794e-09
4.664250700038267147e-09
4.611222597996835454e-09
4.569399491759053714e-09
4.517891946304007096e-09
4.467263094748543683e-09
4.407696706670448744e-09
4.359068382353085800e-09
4.311373914532236332e-09
4.264625175059420208e-09
4.218831804144874409e-09
4.174001378023940589e-09
4.121483809839830882e-09
4.078789345898747879e-09
4.037069957860593118e-09
3.996326145033450857e-09
3.948774711531387070e-09
3.910461405857139141e-09
3.865966508847119093e-09
3.830006891705704422e-09
3.788062402657977587e-09
3.754015005714325682e-09
3.714127642373881497e-09
3.681609954883824110e-09
3.643352771915696916e-09
3.605825977676287973e-09
3.575038474947204807e-09
3.538594174937617312e-09
3.502614408371506951e-09
3.467019378567877820e-09
3.431735815857192845e-09
3.396696531656761410e-09
3.361840002237114562e-09
3.327109980149430193e-09
3.292455131429445068e-09
3.257828696827703319e-09
3.223188175440297641e-09
3.188495029229197422e-09
3.153714407027728983e-09
3.118814886725221293e-09
3.083768234416111908e-09
3.042660955979765792e-09
3.006904016331847046e-09
2.957073975919130041e-09
2.874641371174177103e-09
2.786085017861558605e-09
2.665223004467890502e-09
2.549108066687342222e-09
2.401905096157909547e-09
2.267836591244966179e-09
2.104673102338448368e-09
1.936682083340569873e-09
1.766224286894014772e-09
1.619799561771523743e-09
1.450362151864951697e-09
1.284163392121533235e-09
1.122875736229537681e-09
9.680218772087839018e-10
8.209850558929693582e-10
6.830186879576649504e-10
5.552553555597508370e-10
4.387152063970204277e-10
3.343137999813387309e-10
2.428694381284382038e-10
1.551572087219995840e-10
9.382152219617949703e-11
4.745531128005580424e-11
1.341247624195702571e-11
6.667493421540458709e-13
0.000000000000000000e+00
0.000000000000000000e+00
0.000000000000000000e+00
0.000000000000000000e+00
0.000000000000000000e+00
0.000000000000000000e+00
0.000000000000000000e+00
0.000000000000000000e+00
0.000000000000000000e+00
0.000000000000000000e+00
0.000000000000000000e+00
0.000000000000000000e+00
0.000000000000000000e+00
0.000000000000000000e+00
0.000000000000000000e+00
0.000000000000000000e+00
0.000000000000000000e+00
0.000000000000000000e+00
0.000000000000000000e+00
0.000000000000000000e+00
0.000000000000000000e+00
0.000000000000000000e+00
0.000000000000000000e+00
0.000000000000000000e+00
0.000000000000000000e+00
0.000000000000000000e+00
0.000000000000000000e+00
0.000000000000000000e+00
0.000000000000000000e+00
0.000000000000000000e+00
0.000000000000000000e+00
0.000000000000000000e+00
0.000000000000000000e+00
0.000000000000000000e+00
0.000000000000000000e+00
0.000000000000000000e+00
0.000000000000000000e+00
0.000000000000000000e+00
0.000000000000000000e+00
0.000000000000000000e+00
0.000000000000000000e+00
0.000000000000000000e+00
0.000000000000000000e+00
0.000000000000000000e+00
0.000000000000000000e+00
0.000000000000000000e+00
0.000000000000000000e+00
0.000000000000000000e+00
0.000000000000000000e+00
0.000000000000000000e+00
0.000000000000000000e+00
0.000000000000000000e+00
0.000000000000000000e+00
0.000000000000000000e+00
0.000000000000000000e+00
0.000000000000000000e+00
0.000000000000000000e+00
0.000000000000000000e+00
0.000000000000000000e+00
0.000000000000000000e+00
0.000000000000000000e+00
0.000000000000000000e+00
0.000000000000000000e+00
0.000000000000000000e+00
0.000000000000000000e+00
0.000000000000000000e+00
0.000000000000000000e+00
0.000000000000000000e+00
0.000000000000000000e+00
0.000000000000000000e+00
0.000000000000000000e+00
0.000000000000000000e+00
0.000000000000000000e+00
0.000000000000000000e+00
0.000000000000000000e+00
0.000000000000000000e+00
0.000000000000000000e+00
0.000000000000000000e+00
0.000000000000000000e+00
0.000000000000000000e+00
0.000000000000000000e+00
0.000000000000000000e+00
0.000000000000000000e+00
0.000000000000000000e+00
0.000000000000000000e+00
0.000000000000000000e+00
0.000000000000000000e+00
0.000000000000000000e+00
0.000000000000000000e+00
0.000000000000000000e+00
0.000000000000000000e+00
0.000000000000000000e+00
0.000000000000000000e+00
0.000000000000000000e+00
0.000000000000000000e+00
0.000000000000000000e+00
0.000000000000000000e+00
0.000000000000000000e+00
0.000000000000000000e+00
0.000000000000000000e+00
0.000000000000000000e+00
0.000000000000000000e+00
0.000000000000000000e+00
0.000000000000000000e+00
0.000000000000000000e+00
0.000000000000000000e+00
0.000000000000000000e+00
0.000000000000000000e+00
0.000000000000000000e+00
0.000000000000000000e+00
0.000000000000000000e+00
0.000000000000000000e+00
0.000000000000000000e+00
0.000000000000000000e+00
0.000000000000000000e+00
0.000000000000000000e+00
0.000000000000000000e+00
0.000000000000000000e+00
0.000000000000000000e+00
0.000000000000000000e+00
0.000000000000000000e+00
0.000000000000000000e+00
0.000000000000000000e+00
0.000000000000000000e+00
0.000000000000000000e+00
0.000000000000000000e+00
0.000000000000000000e+00
0.000000000000000000e+00
0.000000000000000000e+00
0.000000000000000000e+00
0.000000000000000000e+00
0.000000000000000000e+00
0.000000000000000000e+00
0.000000000000000000e+00
0.000000000000000000e+00
0.000000000000000000e+00
0.000000000000000000e+00
0.000000000000000000e+00
0.000000000000000000e+00
0.000000000000000000e+00
0.000000000000000000e+00
0.000000000000000000e+00
0.000000000000000000e+00
0.000000000000000000e+00
0.000000000000000000e+00
0.000000000000000000e+00
0.000000000000000000e+00
0.000000000000000000e+00
0.000000000000000000e+00
0.000000000000000000e+00
0.000000000000000000e+00
0.000000000000000000e+00
0.000000000000000000e+00
0.000000000000000000e+00
0.000000000000000000e+00
0.000000000000000000e+00
0.000000000000000000e+00
0.000000000000000000e+00
0.000000000000000000e+00
0.000000000000000000e+00
0.000000000000000000e+00
0.000000000000000000e+00
0.000000000000000000e+00
0.000000000000000000e+00
0.000000000000000000e+00
0.000000000000000000e+00
0.000000000000000000e+00
0.000000000000000000e+00
0.000000000000000000e+00
0.000000000000000000e+00
0.000000000000000000e+00
0.000000000000000000e+00
0.000000000000000000e+00
0.000000000000000000e+00
0.000000000000000000e+00
0.000000000000000000e+00
0.000000000000000000e+00
0.000000000000000000e+00
0.000000000000000000e+00
0.000000000000000000e+00
0.000000000000000000e+00
0.000000000000000000e+00
0.000000000000000000e+00
0.000000000000000000e+00
0.000000000000000000e+00
0.000000000000000000e+00
0.000000000000000000e+00
0.000000000000000000e+00
0.000000000000000000e+00
0.000000000000000000e+00
0.000000000000000000e+00
0.000000000000000000e+00
0.000000000000000000e+00
0.000000000000000000e+00
0.000000000000000000e+00
0.000000000000000000e+00
0.000000000000000000e+00
0.000000000000000000e+00
0.000000000000000000e+00
0.000000000000000000e+00
0.000000000000000000e+00
0.000000000000000000e+00
0.000000000000000000e+00
0.000000000000000000e+00
0.000000000000000000e+00
0.000000000000000000e+00
0.000000000000000000e+00
0.000000000000000000e+00
0.000000000000000000e+00
0.000000000000000000e+00
0.000000000000000000e+00
0.000000000000000000e+00
0.000000000000000000e+00
0.000000000000000000e+00
0.000000000000000000e+00
0.000000000000000000e+00
0.000000000000000000e+00
0.000000000000000000e+00
0.000000000000000000e+00
0.000000000000000000e+00
0.000000000000000000e+00
0.000000000000000000e+00
0.000000000000000000e+00
0.000000000000000000e+00
0.000000000000000000e+00
0.000000000000000000e+00
0.000000000000000000e+00
0.000000000000000000e+00
0.000000000000000000e+00
0.000000000000000000e+00
0.000000000000000000e+00
0.000000000000000000e+00
0.000000000000000000e+00
0.000000000000000000e+00
0.000000000000000000e+00
0.000000000000000000e+00
0.000000000000000000e+00
0.000000000000000000e+00
0.000000000000000000e+00
0.000000000000000000e+00
0.000000000000000000e+00
0.000000000000000000e+00
0.000000000000000000e+00
0.000000000000000000e+00
0.000000000000000000e+00
0.000000000000000000e+00
0.000000000000000000e+00
0.000000000000000000e+00
0.000000000000000000e+00
0.000000000000000000e+00
0.000000000000000000e+00
0.000000000000000000e+00
0.000000000000000000e+00
0.000000000000000000e+00
0.000000000000000000e+00
0.000000000000000000e+00
0.000000000000000000e+00
0.000000000000000000e+00
0.000000000000000000e+00
0.000000000000000000e+00
0.000000000000000000e+00
0.000000000000000000e+00
0.000000000000000000e+00
0.000000000000000000e+00
0.000000000000000000e+00
0.000000000000000000e+00
0.000000000000000000e+00
0.000000000000000000e+00
0.000000000000000000e+00
0.000000000000000000e+00
0.000000000000000000e+00
0.000000000000000000e+00
0.000000000000000000e+00
0.000000000000000000e+00
0.000000000000000000e+00
0.000000000000000000e+00
0.000000000000000000e+00
0.000000000000000000e+00
0.000000000000000000e+00
0.000000000000000000e+00
0.000000000000000000e+00
0.000000000000000000e+00
0.000000000000000000e+00
0.000000000000000000e+00
0.000000000000000000e+00
0.000000000000000000e+00
0.000000000000000000e+00
0.000000000000000000e+00
0.000000000000000000e+00
0.000000000000000000e+00
0.000000000000000000e+00
0.000000000000000000e+00
0.000000000000000000e+00
0.000000000000000000e+00
0.000000000000000000e+00
0.000000000000000000e+00
0.000000000000000000e+00
0.000000000000000000e+00
0.000000000000000000e+00
0.000000000000000000e+00
0.000000000000000000e+00
0.000000000000000000e+00
0.000000000000000000e+00
0.000000000000000000e+00
0.000000000000000000e+00
0.000000000000000000e+00
0.000000000000000000e+00
0.000000000000000000e+00
0.000000000000000000e+00
0.000000000000000000e+00
0.000000000000000000e+00
0.000000000000000000e+00
0.000000000000000000e+00
0.000000000000000000e+00
0.000000000000000000e+00
0.000000000000000000e+00
0.000000000000000000e+00
0.000000000000000000e+00
0.000000000000000000e+00
0.000000000000000000e+00
0.000000000000000000e+00
0.000000000000000000e+00
0.000000000000000000e+00
0.000000000000000000e+00
0.000000000000000000e+00
0.000000000000000000e+00
0.000000000000000000e+00
0.000000000000000000e+00
0.000000000000000000e+00
0.000000000000000000e+00
0.000000000000000000e+00
0.000000000000000000e+00
0.000000000000000000e+00
0.000000000000000000e+00
0.000000000000000000e+00
0.000000000000000000e+00
0.000000000000000000e+00
0.000000000000000000e+00
0.000000000000000000e+00
0.000000000000000000e+00
0.000000000000000000e+00
0.000000000000000000e+00
0.000000000000000000e+00
0.000000000000000000e+00
0.000000000000000000e+00
0.000000000000000000e+00
0.000000000000000000e+00
0.000000000000000000e+00
0.000000000000000000e+00
0.000000000000000000e+00
0.000000000000000000e+00
0.000000000000000000e+00
0.000000000000000000e+00
0.000000000000000000e+00
0.000000000000000000e+00
0.000000000000000000e+00
0.000000000000000000e+00
0.000000000000000000e+00
0.000000000000000000e+00
0.000000000000000000e+00
0.000000000000000000e+00
0.000000000000000000e+00
0.000000000000000000e+00
0.000000000000000000e+00
0.000000000000000000e+00
0.000000000000000000e+00
0.000000000000000000e+00
0.000000000000000000e+00
0.000000000000000000e+00
0.000000000000000000e+00
0.000000000000000000e+00
0.000000000000000000e+00
0.000000000000000000e+00
0.000000000000000000e+00
0.000000000000000000e+00
0.000000000000000000e+00
0.000000000000000000e+00
0.000000000000000000e+00
0.000000000000000000e+00
0.000000000000000000e+00
0.000000000000000000e+00
0.000000000000000000e+00
0.000000000000000000e+00
0.000000000000000000e+00
0.000000000000000000e+00
0.000000000000000000e+00
0.000000000000000000e+00
0.000000000000000000e+00
0.000000000000000000e+00
0.000000000000000000e+00
0.000000000000000000e+00
0.000000000000000000e+00
0.000000000000000000e+00
0.000000000000000000e+00
0.000000000000000000e+00
0.000000000000000000e+00
0.000000000000000000e+00
0.000000000000000000e+00
0.000000000000000000e+00
0.000000000000000000e+00
0.000000000000000000e+00
0.000000000000000000e+00
0.000000000000000000e+00
0.000000000000000000e+00
0.000000000000000000e+00
0.000000000000000000e+00
0.000000000000000000e+00
0.000000000000000000e+00
0.000000000000000000e+00
0.000000000000000000e+00
0.000000000000000000e+00
0.000000000000000000e+00
0.000000000000000000e+00
0.000000000000000000e+00
0.000000000000000000e+00
0.000000000000000000e+00
0.000000000000000000e+00
0.000000000000000000e+00
0.000000000000000000e+00
0.000000000000000000e+00
0.000000000000000000e+00
0.000000000000000000e+00
0.000000000000000000e+00
0.000000000000000000e+00
0.000000000000000000e+00
0.000000000000000000e+00
0.000000000000000000e+00
0.000000000000000000e+00
0.000000000000000000e+00
0.000000000000000000e+00
0.000000000000000000e+00
0.000000000000000000e+00
0.000000000000000000e+00
0.000000000000000000e+00
0.000000000000000000e+00
0.000000000000000000e+00
0.000000000000000000e+00
0.000000000000000000e+00
0.000000000000000000e+00
0.000000000000000000e+00
0.000000000000000000e+00
0.000000000000000000e+00
0.000000000000000000e+00
0.000000000000000000e+00
0.000000000000000000e+00
0.000000000000000000e+00
0.000000000000000000e+00
0.000000000000000000e+00
0.000000000000000000e+00
0.000000000000000000e+00
0.000000000000000000e+00
0.000000000000000000e+00
0.000000000000000000e+00
0.000000000000000000e+00
0.000000000000000000e+00
0.000000000000000000e+00
0.000000000000000000e+00
0.000000000000000000e+00
0.000000000000000000e+00
0.000000000000000000e+00
0.000000000000000000e+00
0.000000000000000000e+00
0.000000000000000000e+00
0.000000000000000000e+00
0.000000000000000000e+00
0.000000000000000000e+00
0.000000000000000000e+00
0.000000000000000000e+00
0.000000000000000000e+00
0.000000000000000000e+00
0.000000000000000000e+00
0.000000000000000000e+00
0.000000000000000000e+00
0.000000000000000000e+00
0.000000000000000000e+00
0.000000000000000000e+00
0.000000000000000000e+00
0.000000000000000000e+00
0.000000000000000000e+00
0.000000000000000000e+00
0.000000000000000000e+00
0.000000000000000000e+00
0.000000000000000000e+00
0.000000000000000000e+00
0.000000000000000000e+00
0.000000000000000000e+00
0.000000000000000000e+00
0.000000000000000000e+00
0.000000000000000000e+00
0.000000000000000000e+00
0.000000000000000000e+00
0.000000000000000000e+00
0.000000000000000000e+00
0.000000000000000000e+00
0.000000000000000000e+00
0.000000000000000000e+00
0.000000000000000000e+00
0.000000000000000000e+00
0.000000000000000000e+00
0.000000000000000000e+00
0.000000000000000000e+00
0.000000000000000000e+00
0.000000000000000000e+00
0.000000000000000000e+00
0.000000000000000000e+00
0.000000000000000000e+00
0.000000000000000000e+00
0.000000000000000000e+00
0.000000000000000000e+00
0.000000000000000000e+00
0.000000000000000000e+00
0.000000000000000000e+00
0.000000000000000000e+00
0.000000000000000000e+00
0.000000000000000000e+00
0.000000000000000000e+00
nan
