# bin_22_14
4.215526959733079800e-10
-5.002013503439252436e-09
1.672569010128818574e-09
-3.437407603746052512e-09
1.512720685597630936e-09
-2.647192129937225276e-09
4.736408942202795845e-10
-8.649023000013410568e-10
-2.152241523145067871e-10
3.178053835104343792e-10
-1.057006545146883152e-09
2.608216433223389603e-09
-3.035947770369335563e-09
-4.156263135896443634e-09
-4.057913515827601797e-09
-8.091175787011844400e-10
3.452903380656980447e-09
4.931588080800290268e-09
4.421893168000042070e-09
3.937291341260587199e-09
3.483438257597844983e-09
3.062600219013103529e-09
1.820955289212262869e-09
-5.638875190057275664e-11
-1.515690433635243123e-09
-1.978508596247028201e-09
-9.236309615680263996e-10
1.052540921390921706e-09
2.980145316496231804e-09
4.259498228581712605e-09
4.543268036562049732e-09
3.516095614267084368e-09
1.578413309339624486e-09
-6.085256045566485952e-10
-2.594357253365693766e-09
-4.082139366530701955e-09
-4.886147304102205890e-09
-5.225919064638823532e-09
-5.422513694813082558e-09
-5.502357147413409464e-09
-5.487303324416781512e-09
-5.395456823625091115e-09
-5.241837819018603115e-09
-5.038921523524361773e-09
-4.583512578029988660e-09
-3.810278912994139979e-09
-2.898477549984594328e-09
-1.984593510975158872e-09
-1.171068369204032166e-09
-5.332848037827503179e-10
-1.251637204707698763e-10
1.634533707768898103e-11
1.120249573882147509e-11
-5.622236989111930414e-13
-1.585724517255099382e-11
-3.222469842474710902e-11
-4.772873722692863951e-11
-6.086318997497718233e-11
-7.047510904134553645e-11
-7.570142128472546123e-11
-7.591639455027627429e-11
-7.004322045027696410e-11
-5.887402621719905306e-11
-4.443360371685899236e-11
-2.839105552726807051e-11
-1.211394736100104956e-11
3.285670713368006581e-12
1.691211776390050115e-11
2.805275672347144802e-11
3.614960539707187520e-11
4.077513899440994462e-11
4.161165632393005917e-11
3.852599824741298963e-11
3.229580133660029663e-11
2.391600570664340530e-11
1.423228094717944715e-11
3.960542658718627363e-12
-6.296055402034077014e-12
-1.603231672485766740e-11
-2.482809524963065142e-11
-3.233703678258281745e-11
-3.827675333616420626e-11
-4.242024444446121593e-11
-4.458840464409765231e-11
-4.464347787959434763e-11
-4.358600051917998848e-11
-4.249393869551999852e-11
-4.137276005363931392e-11
-4.022740617605152019e-11
-3.906234148100079527e-11
-3.788159737199337756e-11
-3.668881213054645590e-11
-3.548726698946802382e-11
-3.427991877586059672e-11
-3.306942947058861639e-11
-3.185819299345125400e-11
-3.064835949014403172e-11
-2.944185736773494459e-11
-2.824041329936130056e-11
-2.704557039576764807e-11
-2.585870472079577979e-11
-2.443841940993564160e-11
-2.261604684934646203e-11
-2.049282506359838318e-11
-1.815877495596713938e-11
-1.569377842640168552e-11
-1.316855387597450386e-11
-1.064553919609318420e-11
-8.179691296643626412e-12
-5.819210297198813816e-12
-3.606195676243386604e-12
-1.577240933518791413e-12
2.360273401371868790e-13
1.806460681600625169e-12
3.110945487265510863e-12
4.130000955017911972e-12
4.847414357130312964e-12
5.249910144570624232e-12
5.326849723906568920e-12
5.158683518423695220e-12
4.850141106209299526e-12
4.426910241043816936e-12
3.912305935634813131e-12
3.327463863861897392e-12
2.691518055257016643e-12
2.021764205312046115e-12
1.333809807747615384e-12
6.417122084524802203e-13
-4.189441568443439429e-14
-7.056822373640828327e-13
-1.339522282665271733e-12
-1.934385493983814458e-12
-2.482251653674534184e-12
-2.976025529601975348e-12
-3.409459658084833514e-12
-3.777083229137526870e-12
-4.074136583925653916e-12
-4.296510875379760251e-12
-4.440692480324379394e-12
-4.503711785611602221e-12
-4.483096001908268378e-12
-4.117581644483963103e-12
-3.207407533254812317e-12
-1.837400142878567758e-12
-8.571242525395561244e-14
1.975712658976901448e-12
4.280710716357568752e-12
6.768494294372225437e-12
9.383278918568847811e-12
1.207393481966714800e-11
1.479366252545661828e-11
1.749969062871456368e-11
2.015299416798908544e-11
2.271803217382984874e-11
2.516250303973379600e-11
2.745711647542428713e-11
2.957538089083756800e-11
3.149340514292071248e-11
3.318971365467069960e-11
3.464507398724202931e-11
3.584233601193736032e-11
3.676628188988563150e-11
3.740348612359764773e-11
3.774218499677001955e-11
3.777215476697394072e-11
3.748459802055806930e-11
3.698572095174224895e-11
3.639502259737551832e-11
3.572405020360533046e-11
3.498358876831924314e-11
3.418370591438754863e-11
3.333379411637387122e-11
3.244261044326112059e-11
3.056850099440673215e-11
2.960023820941358201e-11
2.862009392690209104e-11
2.763416749797097215e-11
2.664811702183122057e-11
2.566718545124018851e-11
2.469622518947610876e-11
2.373972126864758093e-11
2.188631552979124642e-11
2.099673731086009840e-11
2.013630033254332852e-11
1.930795640092725209e-11
1.851440359453765952e-11
1.775810159827012436e-11
1.704128616302483861e-11
1.573401934926351084e-11
1.514703869129270318e-11
1.460650960360842992e-11
1.411373784195744364e-11
1.326755099880936854e-11
1.289677194354986985e-11
1.255477724002119477e-11
1.223895677327424996e-11
1.194684459515632017e-11
1.142455935816497822e-11
1.119011229746401043e-11
1.097081286658374769e-11
1.057037874217319213e-11
1.038586483802219038e-11
1.020972982105481322e-11
1.004052117305401680e-11
9.717500661183197250e-12
9.561198757393460856e-12
9.406835124968201151e-12
9.099743113284575497e-12
8.945088648254008159e-12
8.788513721963898397e-12
8.466401481605779145e-12
8.299396721065337384e-12
7.950192477187924516e-12
7.766812006353589679e-12
7.576863189307381874e-12
7.175350324741787879e-12
6.962923306170284579e-12
6.512827253829896173e-12
6.274493105004099017e-12
5.796811859274800658e-12
5.562881855036500073e-12
5.331218274143997101e-12
4.871920330324453652e-12
4.642999218687633551e-12
4.183671939609270164e-12
3.952192845891649134e-12
3.483161066472963508e-12
3.244721004199303653e-12
2.757981899883068462e-12
2.508956352083015425e-12
1.997957018986403409e-12
1.467771025264659730e-12
1.194839281504123349e-12
6.321773019708190954e-13
3.420514359560441256e-13
-2.566572136623967627e-13
-8.809561202287154962e-13
-1.203017840220971872e-12
-1.867485799815134172e-12
-2.210064697260350208e-12
-2.916262619977798191e-12
-3.650864643808153978e-12
-4.028914265404168206e-12
-4.806631160653172216e-12
-5.613243018091647785e-12
-6.027385105865285921e-12
-7.062405980901090832e-12
-8.451041715240687350e-12
-1.012937641998861931e-11
-1.105866825209319222e-11
-1.306320635495770129e-11
-1.522002703078621121e-11
-1.748215838294659184e-11
-1.863915964746634348e-11
-2.098001962111004007e-11
-2.332595156977977794e-11
-2.564300027926511353e-11
-2.790033929366428183e-11
-2.899778328774174549e-11
-3.111404339211414241e-11
-3.310575436549979035e-11
-3.495134235108435677e-11
-3.663145282884909898e-11
-3.812878600578045975e-11
-3.942794376193737003e-11
-4.051528732761638398e-11
-4.137880492826544830e-11
-4.200798869035876837e-11
-4.239372015362905351e-11
-4.252816378315971484e-11
-4.240466791923881881e-11
-4.201767264386118868e-11
-4.114668744960901537e-11
-3.963624198509463217e-11
-3.757425895880768071e-11
-3.504255762609549239e-11
-3.211722822925649679e-11
-2.886898350873580037e-11
-2.536348874475201348e-11
-2.166167169069490140e-11
-1.782001366860858404e-11
-1.389082301252101687e-11
-9.922491966763351868e-12
-5.959738073369787267e-12
-1.154517831709768959e-13
3.659825055016415960e-12
7.298797409987671615e-12
1.077066621103897288e-11
1.404721657425684692e-11
1.854002451229704083e-11
2.122036604704058215e-11
2.362474117746703632e-11
2.573469911795830403e-11
2.831166098231914640e-11
2.961642985605219213e-11
3.057569369236607116e-11
3.134267221105273871e-11
3.139215130765419829e-11
3.101232340107645442e-11
2.913038179422467782e-11
2.706793087450968410e-11
2.295531077711098663e-11
1.963841765599794367e-11
1.593911684549147251e-11
9.807898362738708760e-12
5.415909189363567670e-12
-1.496415824381362214e-12
-6.249631385531193306e-12
-1.348446610572315074e-11
-1.831733862827584403e-11
-2.548605390078179621e-11
-3.245431549452130655e-11
-3.693569174651526893e-11
-4.333988700870086256e-11
-4.735932394200674457e-11
-5.295400020311476561e-11
-5.796322482809462063e-11
-6.094526713687914162e-11
-6.483911797794113572e-11
-6.799206123841094930e-11
-6.965966255874071002e-11
-7.147958912286207685e-11
-7.245046274676696116e-11
-7.254190918883832791e-11
-7.210151160436886620e-11
-7.098928105843136354e-11
-6.960907916164285066e-11
-6.799664649090393168e-11
-6.618512284196603439e-11
-6.488209429098635212e-11
-6.280586547626787346e-11
-6.060745914980397096e-11
-5.831184860713049496e-11
-5.594210880624294406e-11
-5.351954029992953712e-11
-5.106378515893919718e-11
-4.859293542203922425e-11
-4.612363457123025365e-11
-4.367117249543059394e-11
-4.124957437357568909e-11
-3.887168387811022580e-11
-3.654924107208856465e-11
-3.429295534735710004e-11
-3.140420153327090532e-11
-2.933864333833942817e-11
-2.736834153657927787e-11
-2.550027497847308945e-11
-2.374070951347154367e-11
-2.209524619142314095e-11
-2.008731323916635758e-11
-1.872646833701153705e-11
-1.746215377495242785e-11
-1.577210119639565630e-11
-1.450195133265455125e-11
-1.323642508663832576e-11
-1.156600307017664921e-11
-1.033261486366140673e-11
-9.121159050977656538e-12
-7.547465622260552949e-12
-6.403493068421051682e-12
-4.933374365498557291e-12
-3.876337565299398738e-12
-2.533186424819811941e-12
-1.578849861764980963e-12
-3.814869708969022355e-13
4.575714731267922317e-13
1.494273299504861459e-12
2.433821357974737815e-12
3.072796690339275742e-12
3.835003359607967803e-12
4.492548102466727298e-12
4.915891496895173558e-12
5.386062455109343964e-12
5.747428408436813070e-12
5.999168660145299330e-12
6.140778445508892664e-12
6.174572083100891546e-12
6.100168023480051098e-12
5.417844267054617105e-12
4.020530618542801544e-12
2.010573772142871860e-12
-5.170491295192273665e-13
-3.474261979838149626e-12
-6.779450908401676986e-12
-1.035705323863931612e-11
-1.413717238081790798e-11
-1.805521696431854178e-11
-2.205156262999673039e-11
-2.607123501171380061e-11
-3.105190160042584727e-11
-3.494515554056812755e-11
-3.871171561623366797e-11
-4.231327042809802782e-11
-4.653010649494269522e-11
-4.963698430160959983e-11
-5.247593787138180642e-11
-5.560885654268054677e-11
-5.775454260355290823e-11
-5.955736297016794638e-11
-6.130101834249327041e-11
-6.226841657020875965e-11
-6.292019049768874528e-11
-6.298080705843565010e-11
-6.246349073608201782e-11
-6.146172511316579849e-11
-5.938755337091661811e-11
-5.652794972517224977e-11
-5.376048712674465278e-11
-4.980076546315087225e-11
-4.538727925017145501e-11
-4.159817699777969683e-11
-3.661796058521963707e-11
-3.144795377987205268e-11
-2.616838551959082644e-11
-2.085288172371561437e-11
-1.556891211349101181e-11
-1.037820749737572087e-11
-6.330853381968728230e-12
-1.446745959293206923e-12
3.198560800724900731e-12
8.397084929393409493e-12
1.237047049753249457e-11
1.598059920451589837e-11
1.919632149818628210e-11
2.198973811421830140e-11
2.433597331375701085e-11
2.653029577428482293e-11
2.781873217292174727e-11
2.859832042544156491e-11
2.885472343771136648e-11
2.802307989653209185e-11
2.460686452283686919e-11
1.729603808369253327e-11
8.903135465626359592e-12
-3.484323278157691016e-12
-1.541358002310067321e-11
-3.127376938541382382e-11
-4.550020250025523870e-11
-6.345541821799224260e-11
-8.204473082883810026e-11
-9.778757592033905828e-11
-1.167245212612489998e-10
-1.354542368600497949e-10
-1.537274329700855882e-10
-1.713169448010040454e-10
-1.880161993786784994e-10
-2.036377847924114142e-10
-2.180121148282268126e-10
-2.309861824881757102e-10
-2.424223963588413816e-10
-2.521974942206994710e-10
-2.602015286863055442e-10
-2.663369200222154997e-10
-2.705175716491244929e-10
-2.726680441293207793e-10
-2.725240681195049048e-10
-2.700657465366108730e-10
-2.655902504812274040e-10
-2.581865479292048296e-10
-2.502328395507419851e-10
-2.393775911963573393e-10
-2.289487024837702825e-10
-2.157276352622981186e-10
-2.036862429632080201e-10
-1.890316782681860084e-10
-1.739435278946819848e-10
-1.586338233612852099e-10
-1.454826544224562270e-10
-1.302645961309014755e-10
-1.153374179171052274e-10
-1.008513315774591464e-10
-8.694309812093113401e-11
-7.373695362767661795e-11
-6.134547390267808907e-11
-4.987038206182168784e-11
-3.940330289528557900e-11
-3.002646758229188064e-11
-2.181337208066211184e-11
-1.393547887676208137e-11
-8.426600681461907527e-12
-4.262209235268430927e-12
-1.204644507943881092e-12
-5.988423902577678736e-14
0.000000000000000000e+00
0.000000000000000000e+00
0.000000000000000000e+00
0.000000000000000000e+00
0.000000000000000000e+00
0.000000000000000000e+00
0.000000000000000000e+00
0.000000000000000000e+00
0.000000000000000000e+00
0.000000000000000000e+00
0.000000000000000000e+00
0.000000000000000000e+00
0.000000000000000000e+00
0.000000000000000000e+00
0.000000000000000000e+00
0.000000000000000000e+00
0.000000000000000000e+00
0.000000000000000000e+00
0.000000000000000000e+00
0.000000000000000000e+00
0.000000000000000000e+00
0.000000000000000000e+00
0.000000000000000000e+00
0.000000000000000000e+00
0.000000000000000000e+00
0.000000000000000000e+00
0.000000000000000000e+00
0.000000000000000000e+00
0.000000000000000000e+00
0.000000000000000000e+00
0.000000000000000000e+00
0.000000000000000000e+00
0.000000000000000000e+00
0.000000000000000000e+00
0.000000000000000000e+00
0.000000000000000000e+00
0.000000000000000000e+00
0.000000000000000000e+00
0.000000000000000000e+00
0.000000000000000000e+00
0.000000000000000000e+00
0.000000000000000000e+00
0.000000000000000000e+00
0.000000000000000000e+00
0.000000000000000000e+00
0.000000000000000000e+00
0.000000000000000000e+00
0.000000000000000000e+00
0.000000000000000000e+00
0.000000000000000000e+00
0.000000000000000000e+00
0.000000000000000000e+00
0.000000000000000000e+00
0.000000000000000000e+00
0.000000000000000000e+00
0.000000000000000000e+00
0.000000000000000000e+00
0.000000000000000000e+00
0.000000000000000000e+00
0.000000000000000000e+00
0.000000000000000000e+00
0.000000000000000000e+00
0.000000000000000000e+00
0.000000000000000000e+00
0.000000000000000000e+00
0.000000000000000000e+00
0.000000000000000000e+00
0.000000000000000000e+00
0.000000000000000000e+00
0.000000000000000000e+00
0.000000000000000000e+00
0.000000000000000000e+00
0.000000000000000000e+00
0.000000000000000000e+00
0.000000000000000000e+00
0.000000000000000000e+00
0.000000000000000000e+00
0.000000000000000000e+00
0.000000000000000000e+00
0.000000000000000000e+00
0.000000000000000000e+00
0.000000000000000000e+00
0.000000000000000000e+00
0.000000000000000000e+00
0.000000000000000000e+00
0.000000000000000000e+00
0.000000000000000000e+00
0.000000000000000000e+00
0.000000000000000000e+00
0.000000000000000000e+00
0.000000000000000000e+00
0.000000000000000000e+00
0.000000000000000000e+00
0.000000000000000000e+00
0.000000000000000000e+00
0.000000000000000000e+00
0.000000000000000000e+00
0.000000000000000000e+00
0.000000000000000000e+00
0.000000000000000000e+00
0.000000000000000000e+00
0.000000000000000000e+00
0.000000000000000000e+00
0.000000000000000000e+00
0.000000000000000000e+00
0.000000000000000000e+00
0.000000000000000000e+00
0.000000000000000000e+00
0.000000000000000000e+00
0.000000000000000000e+00
0.000000000000000000e+00
0.000000000000000000e+00
0.000000000000000000e+00
0.000000000000000000e+00
0.000000000000000000e+00
0.000000000000000000e+00
0.000000000000000000e+00
0.000000000000000000e+00
0.000000000000000000e+00
0.000000000000000000e+00
0.000000000000000000e+00
0.000000000000000000e+00
0.000000000000000000e+00
0.000000000000000000e+00
0.000000000000000000e+00
0.000000000000000000e+00
0.000000000000000000e+00
0.000000000000000000e+00
0.000000000000000000e+00
0.000000000000000000e+00
0.000000000000000000e+00
0.000000000000000000e+00
0.000000000000000000e+00
0.000000000000000000e+00
0.000000000000000000e+00
0.000000000000000000e+00
0.000000000000000000e+00
0.000000000000000000e+00
0.000000000000000000e+00
0.000000000000000000e+00
0.000000000000000000e+00
0.000000000000000000e+00
0.000000000000000000e+00
0.000000000000000000e+00
0.000000000000000000e+00
0.000000000000000000e+00
0.000000000000000000e+00
0.000000000000000000e+00
0.000000000000000000e+00
0.000000000000000000e+00
0.000000000000000000e+00
0.000000000000000000e+00
0.000000000000000000e+00
0.000000000000000000e+00
0.000000000000000000e+00
0.000000000000000000e+00
0.000000000000000000e+00
0.000000000000000000e+00
0.000000000000000000e+00
0.000000000000000000e+00
0.000000000000000000e+00
0.000000000000000000e+00
0.000000000000000000e+00
0.000000000000000000e+00
0.000000000000000000e+00
0.000000000000000000e+00
0.000000000000000000e+00
0.000000000000000000e+00
0.000000000000000000e+00
0.000000000000000000e+00
0.000000000000000000e+00
0.000000000000000000e+00
0.000000000000000000e+00
0.000000000000000000e+00
0.000000000000000000e+00
0.000000000000000000e+00
0.000000000000000000e+00
0.000000000000000000e+00
0.000000000000000000e+00
0.000000000000000000e+00
0.000000000000000000e+00
0.000000000000000000e+00
0.000000000000000000e+00
0.000000000000000000e+00
0.000000000000000000e+00
0.000000000000000000e+00
0.000000000000000000e+00
0.000000000000000000e+00
0.000000000000000000e+00
0.000000000000000000e+00
0.000000000000000000e+00
0.000000000000000000e+00
0.000000000000000000e+00
0.000000000000000000e+00
0.000000000000000000e+00
0.000000000000000000e+00
0.000000000000000000e+00
0.000000000000000000e+00
0.000000000000000000e+00
0.000000000000000000e+00
0.000000000000000000e+00
0.000000000000000000e+00
0.000000000000000000e+00
0.000000000000000000e+00
0.000000000000000000e+00
0.000000000000000000e+00
0.000000000000000000e+00
0.000000000000000000e+00
0.000000000000000000e+00
0.000000000000000000e+00
0.000000000000000000e+00
0.000000000000000000e+00
0.000000000000000000e+00
0.000000000000000000e+00
0.000000000000000000e+00
0.000000000000000000e+00
0.000000000000000000e+00
0.000000000000000000e+00
0.000000000000000000e+00
0.000000000000000000e+00
0.000000000000000000e+00
0.000000000000000000e+00
0.000000000000000000e+00
0.000000000000000000e+00
0.000000000000000000e+00
0.000000000000000000e+00
0.000000000000000000e+00
0.000000000000000000e+00
0.000000000000000000e+00
0.000000000000000000e+00
0.000000000000000000e+00
0.000000000000000000e+00
0.000000000000000000e+00
0.000000000000000000e+00
0.000000000000000000e+00
0.000000000000000000e+00
0.000000000000000000e+00
0.000000000000000000e+00
0.000000000000000000e+00
0.000000000000000000e+00
0.000000000000000000e+00
0.000000000000000000e+00
0.000000000000000000e+00
0.000000000000000000e+00
0.000000000000000000e+00
0.000000000000000000e+00
0.000000000000000000e+00
0.000000000000000000e+00
0.000000000000000000e+00
0.000000000000000000e+00
0.000000000000000000e+00
0.000000000000000000e+00
0.000000000000000000e+00
0.000000000000000000e+00
0.000000000000000000e+00
0.000000000000000000e+00
0.000000000000000000e+00
0.000000000000000000e+00
0.000000000000000000e+00
0.000000000000000000e+00
0.000000000000000000e+00
0.000000000000000000e+00
0.000000000000000000e+00
0.000000000000000000e+00
0.000000000000000000e+00
0.000000000000000000e+00
0.000000000000000000e+00
0.000000000000000000e+00
0.000000000000000000e+00
0.000000000000000000e+00
0.000000000000000000e+00
0.000000000000000000e+00
0.000000000000000000e+00
0.000000000000000000e+00
0.000000000000000000e+00
0.000000000000000000e+00
0.000000000000000000e+00
0.000000000000000000e+00
0.000000000000000000e+00
0.000000000000000000e+00
0.000000000000000000e+00
0.000000000000000000e+00
0.000000000000000000e+00
0.000000000000000000e+00
0.000000000000000000e+00
0.000000000000000000e+00
0.000000000000000000e+00
0.000000000000000000e+00
0.000000000000000000e+00
0.000000000000000000e+00
0.000000000000000000e+00
0.000000000000000000e+00
0.000000000000000000e+00
0.000000000000000000e+00
0.000000000000000000e+00
0.000000000000000000e+00
0.000000000000000000e+00
0.000000000000000000e+00
0.000000000000000000e+00
0.000000000000000000e+00
0.000000000000000000e+00
0.000000000000000000e+00
0.000000000000000000e+00
0.000000000000000000e+00
0.000000000000000000e+00
0.000000000000000000e+00
0.000000000000000000e+00
0.000000000000000000e+00
0.000000000000000000e+00
0.000000000000000000e+00
0.000000000000000000e+00
0.000000000000000000e+00
0.000000000000000000e+00
0.000000000000000000e+00
0.000000000000000000e+00
0.000000000000000000e+00
0.000000000000000000e+00
0.000000000000000000e+00
0.000000000000000000e+00
0.000000000000000000e+00
0.000000000000000000e+00
0.000000000000000000e+00
0.000000000000000000e+00
0.000000000000000000e+00
0.000000000000000000e+00
0.000000000000000000e+00
0.000000000000000000e+00
0.000000000000000000e+00
0.000000000000000000e+00
0.000000000000000000e+00
0.000000000000000000e+00
0.000000000000000000e+00
0.000000000000000000e+00
0.000000000000000000e+00
0.000000000000000000e+00
0.000000000000000000e+00
0.000000000000000000e+00
0.000000000000000000e+00
0.000000000000000000e+00
0.000000000000000000e+00
0.000000000000000000e+00
0.000000000000000000e+00
0.000000000000000000e+00
0.000000000000000000e+00
0.000000000000000000e+00
0.000000000000000000e+00
0.000000000000000000e+00
0.000000000000000000e+00
0.000000000000000000e+00
0.000000000000000000e+00
0.000000000000000000e+00
0.000000000000000000e+00
0.000000000000000000e+00
0.000000000000000000e+00
0.000000000000000000e+00
0.000000000000000000e+00
0.000000000000000000e+00
0.000000000000000000e+00
0.000000000000000000e+00
0.000000000000000000e+00
0.000000000000000000e+00
0.000000000000000000e+00
0.000000000000000000e+00
0.000000000000000000e+00
0.000000000000000000e+00
0.000000000000000000e+00
0.000000000000000000e+00
0.000000000000000000e+00
0.000000000000000000e+00
0.000000000000000000e+00
0.000000000000000000e+00
0.000000000000000000e+00
0.000000000000000000e+00
0.000000000000000000e+00
0.000000000000000000e+00
0.000000000000000000e+00
0.000000000000000000e+00
0.000000000000000000e+00
0.000000000000000000e+00
0.000000000000000000e+00
0.000000000000000000e+00
0.000000000000000000e+00
0.000000000000000000e+00
0.000000000000000000e+00
0.000000000000000000e+00
0.000000000000000000e+00
0.000000000000000000e+00
0.000000000000000000e+00
0.000000000000000000e+00
0.000000000000000000e+00
0.000000000000000000e+00
0.000000000000000000e+00
0.000000000000000000e+00
0.000000000000000000e+00
0.000000000000000000e+00
0.000000000000000000e+00
0.000000000000000000e+00
0.000000000000000000e+00
0.000000000000000000e+00
0.000000000000000000e+00
0.000000000000000000e+00
0.000000000000000000e+00
0.000000000000000000e+00
0.000000000000000000e+00
0.000000000000000000e+00
0.000000000000000000e+00
0.000000000000000000e+00
0.000000000000000000e+00
0.000000000000000000e+00
0.000000000000000000e+00
0.000000000000000000e+00
0.000000000000000000e+00
0.000000000000000000e+00
0.000000000000000000e+00
0.000000000000000000e+00
0.000000000000000000e+00
0.000000000000000000e+00
0.000000000000000000e+00
0.000000000000000000e+00
0.000000000000000000e+00
0.000000000000000000e+00
0.000000000000000000e+00
0.000000000000000000e+00
0.000000000000000000e+00
0.000000000000000000e+00
0.000000000000000000e+00
0.000000000000000000e+00
0.000000000000000000e+00
0.000000000000000000e+00
0.000000000000000000e+00
0.000000000000000000e+00
0.000000000000000000e+00
0.000000000000000000e+00
0.000000000000000000e+00
0.000000000000000000e+00
0.000000000000000000e+00
0.000000000000000000e+00
0.000000000000000000e+00
0.000000000000000000e+00
0.000000000000000000e+00
0.000000000000000000e+00
0.000000000000000000e+00
0.000000000000000000e+00
0.000000000000000000e+00
0.000000000000000000e+00
0.000000000000000000e+00
0.000000000000000000e+00
0.000000000000000000e+00
0.000000000000000000e+00
0.000000000000000000e+00
0.000000000000000000e+00
0.000000000000000000e+00
0.000000000000000000e+00
0.000000000000000000e+00
0.000000000000000000e+00
0.000000000000000000e+00
0.000000000000000000e+00
0.000000000000000000e+00
0.000000000000000000e+00
0.000000000000000000e+00
0.000000000000000000e+00
0.000000000000000000e+00
0.000000000000000000e+00
0.000000000000000000e+00
0.000000000000000000e+00
0.000000000000000000e+00
0.000000000000000000e+00
0.000000000000000000e+00
0.000000000000000000e+00
0.000000000000000000e+00
0.000000000000000000e+00
0.000000000000000000e+00
0.000000000000000000e+00
0.000000000000000000e+00
0.000000000000000000e+00
0.000000000000000000e+00
0.000000000000000000e+00
0.000000000000000000e+00
0.000000000000000000e+00
0.000000000000000000e+00
0.000000000000000000e+00
0.000000000000000000e+00
0.000000000000000000e+00
0.000000000000000000e+00
0.000000000000000000e+00
0.000000000000000000e+00
0.000000000000000000e+00
0.000000000000000000e+00
0.000000000000000000e+00
0.000000000000000000e+00
0.000000000000000000e+00
0.000000000000000000e+00
0.000000000000000000e+00
0.000000000000000000e+00
0.000000000000000000e+00
0.000000000000000000e+00
0.000000000000000000e+00
0.000000000000000000e+00
0.000000000000000000e+00
0.000000000000000000e+00
0.000000000000000000e+00
0.000000000000000000e+00
0.000000000000000000e+00
0.000000000000000000e+00
0.000000000000000000e+00
0.000000000000000000e+00
0.000000000000000000e+00
0.000000000000000000e+00
0.000000000000000000e+00
0.000000000000000000e+00
0.000000000000000000e+00
0.000000000000000000e+00
0.000000000000000000e+00
0.000000000000000000e+00
0.000000000000000000e+00
0.000000000000000000e+00
nan
