# bin_19_4
3.257892964153818553e-08
1.546104122389927135e-08
2.868573590888285745e-08
1.821126049288449848e-08
2.601359570238227921e-08
2.002800622080711394e-08
2.079031863364477917e-08
2.982148106216560481e-08
1.759556147933690096e-08
3.474984381160228341e-08
-1.277780258346508376e-09
2.653464072885738547e-08
-2.854711554538597784e-09
3.905408274037996318e-09
8.515365275761321190e-09
-6.652146843884129565e-09
-2.720827912045587460e-08
-3.375885183850137355e-08
-1.942024761335854738e-08
2.602886496906122013e-09
1.919065370773299065e-08
2.401409529768163255e-08
5.919932565658156179e-09
-2.497972196566244906e-08
-4.916421661561866776e-08
-5.585861628105168029e-08
-4.810806498665156205e-08
-3.462797765490230354e-08
-1.722903775284094478e-08
2.737270752899441993e-09
2.426318265040588737e-08
5.510599464281001016e-08
9.431696753930458994e-08
1.314673916535073701e-07
1.596791152555716284e-07
1.746319175679996629e-07
1.738381828788077436e-07
1.291480701258934236e-07
3.864834416109035399e-08
-6.750880250960879216e-08
-1.675433755593668112e-07
-2.460664845380102182e-07
-2.925567501168618900e-07
-3.001864274000355549e-07
-2.730609802941957111e-07
-2.270083632423988167e-07
-1.727038658327247302e-07
-1.182755744982578764e-07
-6.982418456685829378e-08
-3.183895195263581945e-08
-7.531018883188284425e-09
8.991683373866582602e-10
6.981089716795474726e-10
2.526652294853195546e-10
-3.228350892136249723e-10
-9.375037750679291915e-10
-1.519761044770511079e-09
-2.013919511009865621e-09
-2.377356270197499172e-09
-2.578169619051744923e-09
-2.593235867218696633e-09
-2.508193904941884486e-09
-2.420832466104044089e-09
-2.331770113262406103e-09
-2.241541916524079499e-09
-2.150610090923187401e-09
-2.059373231469714876e-09
-1.968174341848303373e-09
-1.877307823536780913e-09
-1.787025567547192447e-09
-1.697542270282061860e-09
-1.609040077501773519e-09
-1.499604276889275132e-09
-1.356467040270940754e-09
-1.191929417416227261e-09
-1.016409258295041812e-09
-8.386893427951731391e-10
-6.661332854761739715e-10
-5.048735260709861234e-10
-3.599751127146319915e-10
-2.355784701870947462e-10
-1.350239059588696934e-10
-6.096023094728349483e-11
-1.543954992753650890e-11
-3.536484955621489167e-19
-3.013291181609688624e-19
-2.548672862068366997e-19
-2.137714604867594979e-19
-1.775909764002404356e-19
-1.459124439605597072e-19
-1.183564896265704430e-19
-9.457480487142056505e-20
-7.424747028121110107e-20
-5.708052740084875207e-20
-4.280377356485563239e-20
-3.116875761867023528e-20
-2.194695679509057981e-20
-1.492811709909559341e-20
-9.918741405563135489e-21
-6.740711117207601281e-21
-5.230028689444925862e-21
-4.536828671006589929e-21
-3.910712623565391870e-21
-3.347030692488142324e-21
-2.841453372252630104e-21
-2.389947994095846502e-21
-1.988757083862561891e-21
-1.634378428511035971e-21
-1.323546704840789321e-21
-1.053216537594818993e-21
-8.205468663138410579e-22
-6.228865113366274799e-22
-4.577608392696144473e-22
-3.228594372108684997e-22
-2.160247131069737203e-22
-1.352413469365030622e-22
-7.862652403204331126e-23
-4.442088784419810283e-23
-3.098015488006775457e-23
-2.754441534542900308e-23
-2.438444602079371562e-23
-2.148430358368912502e-23
-1.882896711461869275e-23
-1.640428095512008020e-23
-1.419690141719443500e-23
-1.219424706131494733e-23
-1.038445228276165645e-23
-8.756323966632832983e-24
-7.299300990727986948e-24
-6.003416372734806070e-24
-4.859261873941577790e-24
-3.857954886159953716e-24
-2.991107441804179793e-24
-2.250797199238499214e-24
-1.629540266672595343e-24
-1.120265738139453184e-24
-7.162918245186891024e-25
-4.113034712347787938e-25
-1.993313622347193253e-25
-7.473221719241214803e-26
-3.217029564837108672e-26
-2.903457536900074304e-26
-2.611701784591998144e-26
-2.340689711529564711e-26
-2.089401414471279771e-26
-1.856866909736026959e-26
-1.642163518635430294e-26
-1.444413401976389866e-26
-1.262781234365668064e-26
-1.096472009674669392e-26
-9.447289696035853585e-27
-8.068316478216735713e-27
-6.820940226604635065e-27
-5.698627718001229470e-27
-4.695156228194234599e-27
-3.804597938802641455e-27
-3.021305191888713922e-27
-2.339896542219271391e-27
-1.755243560270281294e-27
-1.262458342065310314e-27
-8.568816847220326125e-28
-5.340718891763148289e-28
-2.897941539740598365e-28
-1.200105262718859812e-28
-2.087037829279126851e-29
1.129862055677110682e-29
1.112212450598959266e-29
1.087029904468746479e-29
1.055316982901084522e-29
1.018008957983916023e-29
9.759778025759088960e-30
9.300359478545359125e-30
8.809398187046312844e-30
7.760501706525712944e-30
7.215184450130991870e-30
6.663617533760534789e-30
6.111026514582172082e-30
5.562249409895759052e-30
5.021759864665932144e-30
4.493688972436178841e-30
3.981845830094365703e-30
3.020584263595048219e-30
2.577342792581460618e-30
2.162716366919805473e-30
1.779173130954863473e-30
1.428959882670444634e-30
1.114115634071860219e-30
8.364843928813185129e-31
3.993335414562802394e-31
2.426319464271994633e-31
1.288001896264500902e-31
5.887475269807970836e-32
3.138115036579750733e-32
2.912163514409289296e-32
2.697701425371755999e-32
2.494319300355372277e-32
2.301622253459928817e-32
1.946773446656746910e-32
1.783899931479966660e-32
1.630266981470127972e-32
1.349414830757741734e-32
1.221570144553162122e-32
1.101714204731349579e-32
9.895608786666084436e-33
7.872668700399569209e-33
6.966021692703128388e-33
6.125913557086627011e-33
4.635798079204228006e-33
3.981235997788205276e-33
3.384097439597074007e-33
2.353813249869271153e-33
1.916704186258421202e-33
1.189143598738493348e-33
8.951187787026897692e-34
6.453158041514230902e-34
2.718736601114141191e-34
1.451198070954536210e-34
4.148509434250885025e-36
-1.288022532982207631e-35
-1.256338308344315254e-35
-1.234047874617384690e-35
-1.208016334898691017e-35
-1.146282252795740068e-35
-1.111308466027701660e-35
-1.034835562280763253e-35
-9.939614176493533801e-36
-9.083830039970366562e-36
-8.642127777041012719e-36
-7.743427506140164003e-36
-7.290973418302001165e-36
-6.390318252119808839e-36
-5.507978863684649975e-36
-5.078029514230487346e-36
-4.248427882243763319e-36
-3.851647672428819191e-36
-3.100679200569894124e-36
-2.414322888235991744e-36
-2.098035339036578949e-36
-1.523971995099688299e-36
-1.267899868498431236e-36
-8.214957367681643095e-37
-4.672064169540295621e-37
-3.260887400335502035e-37
-1.184656331842228475e-37
-1.323459938595532607e-38
4.258358914724065297e-41
4.172996333420592838e-41
4.046078180012354157e-41
3.884419059499011333e-41
3.792538127934575663e-41
3.590340267626665586e-41
3.368093214954233643e-41
3.130835102444005472e-41
3.008033438986473545e-41
2.756777584460895971e-41
2.501300557860649424e-41
2.245272808894376697e-41
1.992035520364386986e-41
1.867423288208096971e-41
1.623974408772720829e-41
1.390380803579321961e-41
1.169008302195982391e-41
9.619883367048055682e-42
7.712351327811674236e-42
5.984617005541597093e-42
4.451947106277012044e-42
3.127883342988106545e-42
2.024371211661080174e-42
1.151879819302293534e-42
5.195133921665283739e-43
1.351150466287487589e-43
5.363362756030536920e-45
4.902769952850393315e-45
4.470362336294698881e-45
4.064918231584676271e-45
3.685268932674987551e-45
3.330296239410610195e-45
2.998930119513671967e-45
2.690146488493390365e-45
2.402965100988400276e-45
2.136447547438596743e-45
1.889695350348123801e-45
1.661848154739892068e-45
1.452082007722015747e-45
1.169617528695084640e-45
1.001673549766473319e-45
8.491905383207544239e-46
7.114892188955965194e-46
5.879186482878809031e-46
4.277003720920704568e-46
3.367836426320212172e-46
2.579250127302862228e-46
1.905864421297289153e-46
1.100560561304609026e-46
6.930685469748169619e-47
3.836299477590955482e-47
9.362652726395598413e-48
1.022624137812832686e-48
-1.437453330871434632e-51
-1.399691806319350488e-51
-1.365853434501647715e-51
-1.304211114938378150e-51
-1.257000055063345344e-51
-1.205746730021799214e-51
-1.122762236645333914e-51
-1.064285081568559481e-51
-9.732867533257956754e-52
-9.112117923262361787e-52
-8.172150844775934470e-52
-7.546208019462902922e-52
-6.618733681050268055e-52
-5.716317264792515516e-52
-5.134388037321579796e-52
-4.298837133412895414e-52
-3.770855089591134730e-52
-3.028938495755845900e-52
-2.354068878880212940e-52
-1.944907715720896589e-52
-1.396975418376562062e-52
-9.329954542967777361e-53
-6.727838347080268347e-53
-3.593725850002727191e-53
-1.416327834046756737e-53
-2.284347982775098528e-54
-4.440568651849221758e-59
-4.032944157466861138e-59
-3.652080050230259785e-59
-3.296726309873534151e-59
-2.965691348207317600e-59
-2.757948577339190449e-59
-2.464946431797310337e-59
-2.193349394833387576e-59
-1.942156259343009494e-59
-1.710411881161802504e-59
-1.497204919878899380e-59
-1.301665700087730093e-59
-1.122964186077833533e-59
-9.603080634121095851e-60
-8.129409212460259031e-60
-6.801405296285295652e-60
-5.612172063824281793e-60
-4.555122684957758027e-60
-3.623965632666519245e-60
-2.567906340018379919e-60
-1.907586842843292032e-60
-1.354146979006913390e-60
-9.024226711188577056e-61
-5.474785477423363005e-61
-2.845973731527989116e-61
-6.953336331280737809e-62
-4.272024889420130152e-63
3.580207083375002631e-68
3.484243260777123622e-68
3.389127182088607342e-68
3.277139528341725018e-68
3.105846591180433920e-68
2.963871780106282763e-68
2.812691952141788689e-68
2.600204138136424710e-68
2.435020444204462763e-68
2.210218268092421734e-68
2.040205867454531837e-68
1.814346800866828305e-68
1.647262721058300097e-68
1.429837798886161421e-68
1.272201821103555441e-68
1.071161352733526215e-68
8.825287044240056815e-69
7.503657147351151615e-69
5.879650463070871041e-69
4.427898057302970745e-69
3.460593359195587241e-69
2.342895270047567853e-69
1.431941977244134801e-69
7.374311584324788270e-70
2.677290827430754797e-70
6.732174231094346308e-71
2.085435721185125233e-77
1.900021416372132023e-77
1.726362770712859417e-77
1.563931900079582058e-77
1.412224627233009905e-77
1.270759340326071399e-77
1.139075911311077613e-77
1.016734670819054997e-77
9.033154362939510954e-78
7.984165903642782708e-78
7.016542066198198243e-78
6.126612201353557731e-78
5.118124592228832035e-78
4.390405885023271210e-78
3.729523568627589891e-78
3.132440457461175719e-78
2.471389569621740291e-78
2.007421285775594754e-78
1.598258749864601276e-78
1.160049925622267245e-78
8.651564647266804860e-79
6.172712507475593407e-79
3.702002608879428967e-79
2.202359181773042674e-79
8.914479781440207145e-80
2.706302771046449583e-80
-7.264014678490195996e-89
-7.162286035698946798e-89
-6.977518740524703859e-89
-6.737794244063951993e-89
-6.512512932538333046e-89
-6.196063425963075420e-89
-5.848127577101818956e-89
-5.551947892257966835e-89
-5.165026914625762700e-89
-4.765293782022526655e-89
-4.358422522032759643e-89
-3.949619337787041834e-89
-3.543654280944824922e-89
-3.144890830629953871e-89
-2.833754898592327950e-89
-2.457757234480569930e-89
-2.099244224444280337e-89
-1.696389811329840622e-89
-1.386691959872002537e-89
-1.103265004713968990e-89
-8.483062463299305513e-90
-6.237828047652130872e-90
-4.314476909743465149e-90
-2.453088985228906921e-90
-1.289983308910936393e-90
-4.921575962606393528e-91
-6.968028369605583125e-92
6.597640139635951033e-103
6.471277125711371435e-103
6.268398650927777174e-103
6.062776921790016965e-103
5.779438190800026014e-103
5.518121581760281557e-103
5.180556121774883714e-103
4.883807507859788299e-103
4.514537187724391133e-103
4.136284033298309494e-103
3.818010342662371649e-103
3.436595179270703917e-103
3.059932098502502188e-103
2.692087197467031786e-103
2.336763745243827111e-103
1.997327359064261238e-103
1.676829498218542394e-103
1.378029390754607107e-103
1.103414499798060195e-103
8.552196287070649745e-104
6.354447572331946383e-104
4.458716943445528473e-104
2.880796273361700613e-104
1.634596412707533462e-104
7.322827762168203060e-105
1.282033225255885868e-105
9.530873340956602317e-119
8.755295400347493801e-119
7.907181752728939342e-119
7.226737272822976705e-119
6.484667584945064621e-119
5.891063345786123914e-119
5.245792173848950413e-119
4.731454946470978775e-119
4.174536936639554329e-119
3.661952956309716753e-119
3.191571311220432896e-119
2.820433968232077140e-119
2.423109904026184515e-119
2.062431632479801390e-119
1.736626479437444291e-119
1.444003945753205196e-119
1.182951680317562211e-119
9.519316667848373197e-120
7.494766116664790541e-120
5.741865222292751116e-120
4.247254633569333277e-120
2.998184832060961992e-120
1.855754052634879722e-120
1.092574604897849964e-120
5.385197013352852167e-121
1.479152794329689341e-121
7.177195752948661297e-123
0.000000000000000000e+00
0.000000000000000000e+00
0.000000000000000000e+00
0.000000000000000000e+00
0.000000000000000000e+00
0.000000000000000000e+00
0.000000000000000000e+00
0.000000000000000000e+00
0.000000000000000000e+00
0.000000000000000000e+00
0.000000000000000000e+00
0.000000000000000000e+00
0.000000000000000000e+00
0.000000000000000000e+00
0.000000000000000000e+00
0.000000000000000000e+00
0.000000000000000000e+00
0.000000000000000000e+00
0.000000000000000000e+00
0.000000000000000000e+00
0.000000000000000000e+00
0.000000000000000000e+00
0.000000000000000000e+00
0.000000000000000000e+00
0.000000000000000000e+00
0.000000000000000000e+00
0.000000000000000000e+00
0.000000000000000000e+00
0.000000000000000000e+00
0.000000000000000000e+00
0.000000000000000000e+00
0.000000000000000000e+00
0.000000000000000000e+00
0.000000000000000000e+00
0.000000000000000000e+00
0.000000000000000000e+00
0.000000000000000000e+00
0.000000000000000000e+00
0.000000000000000000e+00
0.000000000000000000e+00
0.000000000000000000e+00
0.000000000000000000e+00
0.000000000000000000e+00
0.000000000000000000e+00
0.000000000000000000e+00
0.000000000000000000e+00
0.000000000000000000e+00
0.000000000000000000e+00
0.000000000000000000e+00
0.000000000000000000e+00
0.000000000000000000e+00
0.000000000000000000e+00
0.000000000000000000e+00
0.000000000000000000e+00
0.000000000000000000e+00
0.000000000000000000e+00
0.000000000000000000e+00
0.000000000000000000e+00
0.000000000000000000e+00
0.000000000000000000e+00
0.000000000000000000e+00
0.000000000000000000e+00
0.000000000000000000e+00
0.000000000000000000e+00
0.000000000000000000e+00
0.000000000000000000e+00
0.000000000000000000e+00
0.000000000000000000e+00
0.000000000000000000e+00
0.000000000000000000e+00
0.000000000000000000e+00
0.000000000000000000e+00
0.000000000000000000e+00
0.000000000000000000e+00
0.000000000000000000e+00
0.000000000000000000e+00
0.000000000000000000e+00
0.000000000000000000e+00
0.000000000000000000e+00
0.000000000000000000e+00
0.000000000000000000e+00
0.000000000000000000e+00
0.000000000000000000e+00
0.000000000000000000e+00
0.000000000000000000e+00
0.000000000000000000e+00
0.000000000000000000e+00
0.000000000000000000e+00
0.000000000000000000e+00
0.000000000000000000e+00
0.000000000000000000e+00
0.000000000000000000e+00
0.000000000000000000e+00
0.000000000000000000e+00
0.000000000000000000e+00
0.000000000000000000e+00
0.000000000000000000e+00
0.000000000000000000e+00
0.000000000000000000e+00
0.000000000000000000e+00
0.000000000000000000e+00
0.000000000000000000e+00
0.000000000000000000e+00
0.000000000000000000e+00
0.000000000000000000e+00
0.000000000000000000e+00
0.000000000000000000e+00
0.000000000000000000e+00
0.000000000000000000e+00
0.000000000000000000e+00
0.000000000000000000e+00
0.000000000000000000e+00
0.000000000000000000e+00
0.000000000000000000e+00
0.000000000000000000e+00
0.000000000000000000e+00
0.000000000000000000e+00
0.000000000000000000e+00
0.000000000000000000e+00
0.000000000000000000e+00
0.000000000000000000e+00
0.000000000000000000e+00
0.000000000000000000e+00
0.000000000000000000e+00
0.000000000000000000e+00
0.000000000000000000e+00
0.000000000000000000e+00
0.000000000000000000e+00
0.000000000000000000e+00
0.000000000000000000e+00
0.000000000000000000e+00
0.000000000000000000e+00
0.000000000000000000e+00
0.000000000000000000e+00
0.000000000000000000e+00
0.000000000000000000e+00
0.000000000000000000e+00
0.000000000000000000e+00
0.000000000000000000e+00
0.000000000000000000e+00
0.000000000000000000e+00
0.000000000000000000e+00
0.000000000000000000e+00
0.000000000000000000e+00
0.000000000000000000e+00
0.000000000000000000e+00
0.000000000000000000e+00
0.000000000000000000e+00
0.000000000000000000e+00
0.000000000000000000e+00
0.000000000000000000e+00
0.000000000000000000e+00
0.000000000000000000e+00
0.000000000000000000e+00
0.000000000000000000e+00
0.000000000000000000e+00
0.000000000000000000e+00
0.000000000000000000e+00
0.000000000000000000e+00
0.000000000000000000e+00
0.000000000000000000e+00
0.000000000000000000e+00
0.000000000000000000e+00
0.000000000000000000e+00
0.000000000000000000e+00
0.000000000000000000e+00
0.000000000000000000e+00
0.000000000000000000e+00
0.000000000000000000e+00
0.000000000000000000e+00
0.000000000000000000e+00
0.000000000000000000e+00
0.000000000000000000e+00
0.000000000000000000e+00
0.000000000000000000e+00
0.000000000000000000e+00
0.000000000000000000e+00
0.000000000000000000e+00
0.000000000000000000e+00
0.000000000000000000e+00
0.000000000000000000e+00
0.000000000000000000e+00
0.000000000000000000e+00
0.000000000000000000e+00
0.000000000000000000e+00
0.000000000000000000e+00
0.000000000000000000e+00
0.000000000000000000e+00
0.000000000000000000e+00
0.000000000000000000e+00
0.000000000000000000e+00
0.000000000000000000e+00
0.000000000000000000e+00
0.000000000000000000e+00
0.000000000000000000e+00
0.000000000000000000e+00
0.000000000000000000e+00
0.000000000000000000e+00
0.000000000000000000e+00
0.000000000000000000e+00
0.000000000000000000e+00
0.000000000000000000e+00
0.000000000000000000e+00
0.000000000000000000e+00
0.000000000000000000e+00
0.000000000000000000e+00
0.000000000000000000e+00
0.000000000000000000e+00
0.000000000000000000e+00
0.000000000000000000e+00
0.000000000000000000e+00
0.000000000000000000e+00
0.000000000000000000e+00
0.000000000000000000e+00
0.000000000000000000e+00
0.000000000000000000e+00
0.000000000000000000e+00
0.000000000000000000e+00
0.000000000000000000e+00
0.000000000000000000e+00
0.000000000000000000e+00
0.000000000000000000e+00
0.000000000000000000e+00
0.000000000000000000e+00
0.000000000000000000e+00
0.000000000000000000e+00
0.000000000000000000e+00
0.000000000000000000e+00
0.000000000000000000e+00
0.000000000000000000e+00
0.000000000000000000e+00
0.000000000000000000e+00
0.000000000000000000e+00
0.000000000000000000e+00
0.000000000000000000e+00
0.000000000000000000e+00
0.000000000000000000e+00
0.000000000000000000e+00
0.000000000000000000e+00
0.000000000000000000e+00
0.000000000000000000e+00
0.000000000000000000e+00
0.000000000000000000e+00
0.000000000000000000e+00
0.000000000000000000e+00
0.000000000000000000e+00
0.000000000000000000e+00
0.000000000000000000e+00
0.000000000000000000e+00
0.000000000000000000e+00
0.000000000000000000e+00
0.000000000000000000e+00
0.000000000000000000e+00
0.000000000000000000e+00
0.000000000000000000e+00
0.000000000000000000e+00
0.000000000000000000e+00
0.000000000000000000e+00
0.000000000000000000e+00
0.000000000000000000e+00
0.000000000000000000e+00
0.000000000000000000e+00
0.000000000000000000e+00
0.000000000000000000e+00
0.000000000000000000e+00
0.000000000000000000e+00
0.000000000000000000e+00
0.000000000000000000e+00
0.000000000000000000e+00
0.000000000000000000e+00
0.000000000000000000e+00
0.000000000000000000e+00
0.000000000000000000e+00
0.000000000000000000e+00
0.000000000000000000e+00
0.000000000000000000e+00
0.000000000000000000e+00
0.000000000000000000e+00
0.000000000000000000e+00
0.000000000000000000e+00
0.000000000000000000e+00
0.000000000000000000e+00
0.000000000000000000e+00
0.000000000000000000e+00
0.000000000000000000e+00
0.000000000000000000e+00
0.000000000000000000e+00
0.000000000000000000e+00
0.000000000000000000e+00
0.000000000000000000e+00
0.000000000000000000e+00
0.000000000000000000e+00
0.000000000000000000e+00
0.000000000000000000e+00
0.000000000000000000e+00
0.000000000000000000e+00
0.000000000000000000e+00
0.000000000000000000e+00
0.000000000000000000e+00
0.000000000000000000e+00
0.000000000000000000e+00
0.000000000000000000e+00
0.000000000000000000e+00
0.000000000000000000e+00
0.000000000000000000e+00
0.000000000000000000e+00
0.000000000000000000e+00
0.000000000000000000e+00
0.000000000000000000e+00
0.000000000000000000e+00
0.000000000000000000e+00
0.000000000000000000e+00
0.000000000000000000e+00
0.000000000000000000e+00
0.000000000000000000e+00
0.000000000000000000e+00
0.000000000000000000e+00
0.000000000000000000e+00
0.000000000000000000e+00
0.000000000000000000e+00
0.000000000000000000e+00
0.000000000000000000e+00
0.000000000000000000e+00
0.000000000000000000e+00
0.000000000000000000e+00
0.000000000000000000e+00
0.000000000000000000e+00
0.000000000000000000e+00
0.000000000000000000e+00
0.000000000000000000e+00
0.000000000000000000e+00
0.000000000000000000e+00
0.000000000000000000e+00
0.000000000000000000e+00
0.000000000000000000e+00
0.000000000000000000e+00
0.000000000000000000e+00
0.000000000000000000e+00
0.000000000000000000e+00
0.000000000000000000e+00
0.000000000000000000e+00
0.000000000000000000e+00
0.000000000000000000e+00
0.000000000000000000e+00
0.000000000000000000e+00
0.000000000000000000e+00
0.000000000000000000e+00
0.000000000000000000e+00
0.000000000000000000e+00
0.000000000000000000e+00
0.000000000000000000e+00
0.000000000000000000e+00
0.000000000000000000e+00
0.000000000000000000e+00
0.000000000000000000e+00
0.000000000000000000e+00
0.000000000000000000e+00
0.000000000000000000e+00
0.000000000000000000e+00
0.000000000000000000e+00
0.000000000000000000e+00
0.000000000000000000e+00
0.000000000000000000e+00
0.000000000000000000e+00
0.000000000000000000e+00
0.000000000000000000e+00
0.000000000000000000e+00
0.000000000000000000e+00
0.000000000000000000e+00
0.000000000000000000e+00
0.000000000000000000e+00
0.000000000000000000e+00
0.000000000000000000e+00
0.000000000000000000e+00
0.000000000000000000e+00
0.000000000000000000e+00
0.000000000000000000e+00
0.000000000000000000e+00
0.000000000000000000e+00
0.000000000000000000e+00
0.000000000000000000e+00
0.000000000000000000e+00
0.000000000000000000e+00
0.000000000000000000e+00
0.000000000000000000e+00
0.000000000000000000e+00
0.000000000000000000e+00
0.000000000000000000e+00
0.000000000000000000e+00
0.000000000000000000e+00
0.000000000000000000e+00
0.000000000000000000e+00
0.000000000000000000e+00
0.000000000000000000e+00
0.000000000000000000e+00
0.000000000000000000e+00
0.000000000000000000e+00
0.000000000000000000e+00
0.000000000000000000e+00
0.000000000000000000e+00
0.000000000000000000e+00
0.000000000000000000e+00
0.000000000000000000e+00
0.000000000000000000e+00
0.000000000000000000e+00
0.000000000000000000e+00
0.000000000000000000e+00
0.000000000000000000e+00
0.000000000000000000e+00
0.000000000000000000e+00
0.000000000000000000e+00
0.000000000000000000e+00
0.000000000000000000e+00
0.000000000000000000e+00
0.000000000000000000e+00
0.000000000000000000e+00
0.000000000000000000e+00
0.000000000000000000e+00
0.000000000000000000e+00
0.000000000000000000e+00
0.000000000000000000e+00
0.000000000000000000e+00
0.000000000000000000e+00
0.000000000000000000e+00
0.000000000000000000e+00
0.000000000000000000e+00
0.000000000000000000e+00
0.000000000000000000e+00
0.000000000000000000e+00
0.000000000000000000e+00
0.000000000000000000e+00
0.000000000000000000e+00
0.000000000000000000e+00
0.000000000000000000e+00
0.000000000000000000e+00
0.000000000000000000e+00
0.000000000000000000e+00
0.000000000000000000e+00
0.000000000000000000e+00
0.000000000000000000e+00
0.000000000000000000e+00
0.000000000000000000e+00
0.000000000000000000e+00
0.000000000000000000e+00
0.000000000000000000e+00
0.000000000000000000e+00
0.000000000000000000e+00
0.000000000000000000e+00
0.000000000000000000e+00
0.000000000000000000e+00
0.000000000000000000e+00
0.000000000000000000e+00
0.000000000000000000e+00
0.000000000000000000e+00
0.000000000000000000e+00
0.000000000000000000e+00
0.000000000000000000e+00
0.000000000000000000e+00
0.000000000000000000e+00
0.000000000000000000e+00
0.000000000000000000e+00
0.000000000000000000e+00
0.000000000000000000e+00
0.000000000000000000e+00
0.000000000000000000e+00
0.000000000000000000e+00
0.000000000000000000e+00
0.000000000000000000e+00
0.000000000000000000e+00
0.000000000000000000e+00
0.000000000000000000e+00
0.000000000000000000e+00
0.000000000000000000e+00
0.000000000000000000e+00
0.000000000000000000e+00
0.000000000000000000e+00
0.000000000000000000e+00
0.000000000000000000e+00
0.000000000000000000e+00
0.000000000000000000e+00
0.000000000000000000e+00
0.000000000000000000e+00
0.000000000000000000e+00
0.000000000000000000e+00
0.000000000000000000e+00
0.000000000000000000e+00
0.000000000000000000e+00
0.000000000000000000e+00
0.000000000000000000e+00
0.000000000000000000e+00
0.000000000000000000e+00
0.000000000000000000e+00
0.000000000000000000e+00
0.000000000000000000e+00
0.000000000000000000e+00
0.000000000000000000e+00
0.000000000000000000e+00
0.000000000000000000e+00
0.000000000000000000e+00
0.000000000000000000e+00
0.000000000000000000e+00
0.000000000000000000e+00
0.000000000000000000e+00
0.000000000000000000e+00
0.000000000000000000e+00
0.000000000000000000e+00
0.000000000000000000e+00
0.000000000000000000e+00
0.000000000000000000e+00
0.000000000000000000e+00
0.000000000000000000e+00
0.000000000000000000e+00
0.000000000000000000e+00
0.000000000000000000e+00
0.000000000000000000e+00
0.000000000000000000e+00
nan
