# bin_17_3
8.054590184313366776e-08
-3.532295094619913963e-08
7.661571531800086580e-08
-3.033548092896751045e-08
5.857358025916511980e-08
-1.975988008540660112e-08
3.020568611705257994e-08
3.749594877606905999e-09
-1.074375754978059838e-08
8.507206292772106654e-09
-6.159300886251750720e-08
9.829406524209371675e-09
-8.476100716760414240e-08
-7.636575211989804049e-08
-6.779596585744002995e-08
-3.521659918942556946e-08
5.813060902013950763e-09
2.155855966012361282e-08
7.047469987819252074e-09
-1.631801876120929931e-08
-3.376093203348245655e-08
-3.814089470346974645e-08
-3.092316806967924533e-08
-1.775941579235348677e-08
-8.169030847103731856e-10
1.836641375609504314e-08
6.350268442678038418e-08
1.318735573574434448e-07
1.941775973477114724e-07
2.325201775841324232e-07
2.367556555518117087e-07
1.871870896626351443e-07
9.718552089081776117e-08
-7.471048590268891125e-12
-8.197363976332649526e-08
-1.341426787804830331e-07
-1.476110116254021685e-07
-1.113640828948609639e-07
-3.842059778758995939e-08
4.704817324439876828e-08
1.275829435940883852e-07
1.908481343938683873e-07
2.284103885322813239e-07
2.347974600963236429e-07
2.135855510534028102e-07
1.775760863605812861e-07
1.351153075565115828e-07
9.255797797526216485e-08
5.467378726484682619e-08
2.497255477144762285e-08
5.964833475625599426e-09
-6.290148857993302978e-10
-5.650404147332106084e-10
-4.424163429555562815e-10
-2.889031239113861823e-10
-1.265629370856346833e-10
2.723563755453940711e-11
1.589868900366767098e-10
2.583602982602874024e-10
3.176307193441836758e-10
3.312058918977482944e-10
3.186525494270185729e-10
3.030873473881056314e-10
2.854646402735277993e-10
2.665794661760095722e-10
2.470912064461477294e-10
2.275437454537105633e-10
2.083826658633549420e-10
1.899699289585016625e-10
1.725964181777392877e-10
1.564926645835440309e-10
1.418380233645622007e-10
1.272108519311776878e-10
1.115855506291477603e-10
9.561318431019560809e-11
7.983919632370036317e-11
6.471762668372899595e-11
5.062346300871299487e-11
3.786337572868983473e-11
2.668505366777155517e-11
1.728532595894177790e-11
9.817230517947798646e-12
4.396167310722306773e-12
1.105255822786774360e-12
4.532892236758463671e-23
3.850816651927307422e-23
3.243989634001651355e-23
2.706410333242596609e-23
2.232555662600286547e-23
1.817339688586317692e-23
1.456076766319520360e-23
1.144448043774299274e-23
8.784710009134147028e-24
6.544717252930958959e-24
4.690596574787867343e-24
3.191045677214374583e-24
2.017155502644653384e-24
1.142218437675987982e-24
5.415530598483960257e-25
1.923438831403011642e-25
7.349471401409031049e-26
6.369040999898730553e-26
5.482973488817867304e-26
4.684855891542136898e-26
3.968709443687339965e-26
3.328958185174983073e-26
2.760400019835415828e-26
2.258180031663102589e-26
1.817765866379135021e-26
1.434925004546166466e-26
1.105703768321438780e-26
8.264079182213657269e-27
5.935847091598194501e-27
4.040062866661710250e-27
2.546543147140095371e-27
1.427057361125369257e-27
6.551957503449660271e-28
2.062469906649743953e-28
5.708465252613210286e-29
5.074589025348547935e-29
4.491530526407740895e-29
3.956363765391351781e-29
3.466331413477453980e-29
3.018834387886965898e-29
2.611422136454390805e-29
2.241783571019325731e-29
1.907738602433027640e-29
1.607230233703579697e-29
1.338317171214844024e-29
1.099166917075424673e-29
8.880493085133272129e-30
7.033304728517044980e-30
5.434671690035120281e-30
4.070014886272290273e-30
2.925558921096524900e-30
1.988285564005132166e-30
1.245890134328484378e-30
6.867405943448501066e-31
2.998391688211691384e-31
7.478632181340395164e-32
1.746933824735873012e-33
1.576710300739538932e-33
1.418329363758366885e-33
1.271208777535266323e-33
1.134794909092620847e-33
1.008561223158495612e-33
8.920068629096931186e-34
7.846553116340002550e-34
6.860531302806469365e-34
5.957687662079569581e-34
5.133914287525602361e-34
4.385300275363655882e-34
3.708121696989120758e-34
3.098832124942907629e-34
2.554053679253507182e-34
2.070568563053126994e-34
1.645311058384034473e-34
1.275359954989899445e-34
9.579313866304899595e-35
6.903720510844186185e-35
4.701527915158354313e-35
2.948625182897426476e-35
1.622024516344966187e-35
6.998066677207603740e-36
1.610692427925674984e-36
-1.412230493046133675e-37
-1.390132947529090237e-37
-1.358552690190301371e-37
-1.318752701837029143e-37
-1.271911175890298594e-37
-1.219126551449177165e-37
-1.161422248022445779e-37
-1.099751120313107181e-37
-9.679918923091939605e-38
-8.994931872662804036e-38
-8.302136582838396797e-38
-7.608115026769559124e-38
-6.918960915894064939e-38
-6.240308891661085851e-38
-5.577362020386138264e-38
-4.934917692640240997e-38
-3.728842833808261612e-38
-3.172991322879685096e-38
-2.653242466252173569e-38
-2.172704256805007075e-38
-1.734205831392775272e-38
-1.340314556733235099e-38
-9.933521340950711378e-39
-4.483625359505891127e-39
-2.538827595288340919e-39
-1.134528410182721308e-39
-2.837719330006118125e-40
2.037894036376621444e-42
2.000959376742699790e-42
1.954819344251990359e-42
1.900579778371075319e-42
1.839282885471203644e-42
1.699386929693235849e-42
1.622582280864722458e-42
1.542314792614813425e-42
1.374421513156212632e-42
1.288196713009897889e-42
1.201315664392491217e-42
1.114374915968058411e-42
9.425133330298050720e-43
8.586041004439787546e-43
7.766619446644163345e-43
6.203528942818688391e-43
5.467517779078426239e-43
4.766522131227251422e-43
3.482065743391551811e-43
2.904273004099266601e-43
1.890124149239106263e-43
1.458199091047910180e-43
1.079021121722811426e-43
4.858261277820819813e-44
2.748741907192205461e-44
3.082739431868413382e-45
-4.704349499515402750e-48
-4.588626790900722707e-48
-4.507213818865095181e-48
-4.412136965795511284e-48
-4.186661237979796196e-48
-4.058924044417572568e-48
-3.779616778192405974e-48
-3.630329332374924735e-48
-3.317765435823054178e-48
-3.156439503809477788e-48
-2.828201081674065959e-48
-2.662948196821680968e-48
-2.333995786756566212e-48
-2.011732973744365458e-48
-1.854699648905434643e-48
-1.551698597941502410e-48
-1.406779857453314734e-48
-1.132498513789014159e-48
-8.818158932030822428e-49
-7.662960154598475474e-49
-5.566268908611469463e-49
-4.630998856899075082e-49
-3.000565692573028556e-49
-1.706569467458466723e-49
-1.191155054667743651e-49
-4.328374028047702778e-50
-4.849299153519873933e-51
1.254642331895495664e-55
1.229489863843458517e-55
1.192090226332130243e-55
1.144451868248148930e-55
1.117375694264820529e-55
1.057790044483973926e-55
9.922957336482839754e-56
9.223776324195289972e-56
8.861889409645209764e-56
8.121458811004652142e-56
7.368590910575644200e-56
6.614103458932805015e-56
5.867843762723388699e-56
5.500628650556020765e-56
4.783223186496010855e-56
4.094867219201078020e-56
3.442533411955232102e-56
2.832503592572683014e-56
2.270419420605612474e-56
1.761329517142142816e-56
1.309733308834184709e-56
9.196218191001184395e-57
5.945156222247909036e-57
3.375001601893634887e-57
1.512586074117266214e-57
3.810245505444869311e-58
-2.592847345533450623e-64
-2.550230113301527001e-64
-2.488471822150580345e-64
-2.410237720023257452e-64
-2.318007756300630263e-64
-2.214087955145304455e-64
-2.100621092244482377e-64
-1.979596719293938868e-64
-1.852860577586295348e-64
-1.722123439301043527e-64
-1.588969412524472832e-64
-1.454863743638765100e-64
-1.321160148499716065e-64
-1.124063983541220818e-64
-9.966172098471022287e-65
-8.735280065361480015e-65
-7.557277010496978334e-65
-6.440692085385375418e-65
-4.897833630214441527e-65
-3.967397919556477555e-65
-3.122739548678690769e-65
-2.369425376705342511e-65
-1.421561796933807851e-65
-9.174518097697364704e-66
-5.200783252039238380e-66
-1.313931992750511372e-66
-1.469176371639709698e-67
1.928410836592168896e-76
1.877751984799866742e-76
1.832356225440205707e-76
1.749660168569128535e-76
1.686324321836108543e-76
1.617565587069901272e-76
1.506238004503163949e-76
1.427788163479948636e-76
1.305709646250814812e-76
1.222433180198029789e-76
1.096332196513046947e-76
1.012359036467802202e-76
8.879340126498442680e-77
7.668706266381353151e-77
6.888020972186131390e-77
5.767090332039582539e-77
5.058777713784892761e-77
4.063461889809518961e-77
3.158092728004457544e-77
2.609183890454600155e-77
1.874107092127323165e-77
1.251656283386129353e-77
9.025702392126317161e-78
4.821144171111462895e-78
1.900063261112574239e-78
3.064496524942705531e-79
2.758657646685402360e-90
2.505425118268445070e-90
2.268817205376204999e-90
2.048057345763719490e-90
1.842405277513114182e-90
1.713347215855612903e-90
1.531322643797335180e-90
1.362595775484409761e-90
1.206544621291630491e-90
1.062575807721946657e-90
9.301231739100480308e-91
8.086464429463911814e-91
6.976299636753037443e-91
5.965815188945654252e-91
5.050311961398903004e-91
4.225303174758262912e-91
3.486504249369684694e-91
2.829823184707756051e-91
2.251351434263540729e-91
1.595285450404022621e-91
1.185068747954596680e-91
8.412499194241543539e-92
5.606208347999811612e-92
3.401154452928656361e-92
1.768032166832398341e-92
4.319691022128854700e-93
2.653974094167972663e-94
1.228536575932401902e-108
1.099174510874299009e-108
1.008557745022034057e-108
9.231883388975787276e-109
8.171652983082092346e-109
7.432419009085148735e-109
6.739013635730069025e-109
5.882616722163039873e-109
5.289167758402857864e-109
4.559871506685000808e-109
4.057317596509660932e-109
3.443587316095515169e-109
3.023668910650902715e-109
2.514987602116106693e-109
2.170171802179557603e-109
1.756945163368650962e-109
1.394281886653387208e-109
1.153829182634462766e-109
8.732055484912489398e-110
6.360088983337658746e-110
4.851899010273572080e-110
3.183977994698303916e-110
1.888398514111722451e-110
9.447204121984448007e-111
3.335216545182555133e-111
8.217444679811629959e-112
0.000000000000000000e+00
0.000000000000000000e+00
0.000000000000000000e+00
0.000000000000000000e+00
0.000000000000000000e+00
0.000000000000000000e+00
0.000000000000000000e+00
0.000000000000000000e+00
0.000000000000000000e+00
0.000000000000000000e+00
0.000000000000000000e+00
0.000000000000000000e+00
0.000000000000000000e+00
0.000000000000000000e+00
0.000000000000000000e+00
0.000000000000000000e+00
0.000000000000000000e+00
0.000000000000000000e+00
0.000000000000000000e+00
0.000000000000000000e+00
0.000000000000000000e+00
0.000000000000000000e+00
0.000000000000000000e+00
0.000000000000000000e+00
0.000000000000000000e+00
0.000000000000000000e+00
0.000000000000000000e+00
0.000000000000000000e+00
0.000000000000000000e+00
0.000000000000000000e+00
0.000000000000000000e+00
0.000000000000000000e+00
0.000000000000000000e+00
0.000000000000000000e+00
0.000000000000000000e+00
0.000000000000000000e+00
0.000000000000000000e+00
0.000000000000000000e+00
0.000000000000000000e+00
0.000000000000000000e+00
0.000000000000000000e+00
0.000000000000000000e+00
0.000000000000000000e+00
0.000000000000000000e+00
0.000000000000000000e+00
0.000000000000000000e+00
0.000000000000000000e+00
0.000000000000000000e+00
0.000000000000000000e+00
0.000000000000000000e+00
0.000000000000000000e+00
0.000000000000000000e+00
0.000000000000000000e+00
0.000000000000000000e+00
0.000000000000000000e+00
0.000000000000000000e+00
0.000000000000000000e+00
0.000000000000000000e+00
0.000000000000000000e+00
0.000000000000000000e+00
0.000000000000000000e+00
0.000000000000000000e+00
0.000000000000000000e+00
0.000000000000000000e+00
0.000000000000000000e+00
0.000000000000000000e+00
0.000000000000000000e+00
0.000000000000000000e+00
0.000000000000000000e+00
0.000000000000000000e+00
0.000000000000000000e+00
0.000000000000000000e+00
0.000000000000000000e+00
0.000000000000000000e+00
0.000000000000000000e+00
0.000000000000000000e+00
0.000000000000000000e+00
0.000000000000000000e+00
0.000000000000000000e+00
0.000000000000000000e+00
0.000000000000000000e+00
0.000000000000000000e+00
0.000000000000000000e+00
0.000000000000000000e+00
0.000000000000000000e+00
0.000000000000000000e+00
0.000000000000000000e+00
0.000000000000000000e+00
0.000000000000000000e+00
0.000000000000000000e+00
0.000000000000000000e+00
0.000000000000000000e+00
0.000000000000000000e+00
0.000000000000000000e+00
0.000000000000000000e+00
0.000000000000000000e+00
0.000000000000000000e+00
0.000000000000000000e+00
0.000000000000000000e+00
0.000000000000000000e+00
0.000000000000000000e+00
0.000000000000000000e+00
0.000000000000000000e+00
0.000000000000000000e+00
0.000000000000000000e+00
0.000000000000000000e+00
0.000000000000000000e+00
0.000000000000000000e+00
0.000000000000000000e+00
0.000000000000000000e+00
0.000000000000000000e+00
0.000000000000000000e+00
0.000000000000000000e+00
0.000000000000000000e+00
0.000000000000000000e+00
0.000000000000000000e+00
0.000000000000000000e+00
0.000000000000000000e+00
0.000000000000000000e+00
0.000000000000000000e+00
0.000000000000000000e+00
0.000000000000000000e+00
0.000000000000000000e+00
0.000000000000000000e+00
0.000000000000000000e+00
0.000000000000000000e+00
0.000000000000000000e+00
0.000000000000000000e+00
0.000000000000000000e+00
0.000000000000000000e+00
0.000000000000000000e+00
0.000000000000000000e+00
0.000000000000000000e+00
0.000000000000000000e+00
0.000000000000000000e+00
0.000000000000000000e+00
0.000000000000000000e+00
0.000000000000000000e+00
0.000000000000000000e+00
0.000000000000000000e+00
0.000000000000000000e+00
0.000000000000000000e+00
0.000000000000000000e+00
0.000000000000000000e+00
0.000000000000000000e+00
0.000000000000000000e+00
0.000000000000000000e+00
0.000000000000000000e+00
0.000000000000000000e+00
0.000000000000000000e+00
0.000000000000000000e+00
0.000000000000000000e+00
0.000000000000000000e+00
0.000000000000000000e+00
0.000000000000000000e+00
0.000000000000000000e+00
0.000000000000000000e+00
0.000000000000000000e+00
0.000000000000000000e+00
0.000000000000000000e+00
0.000000000000000000e+00
0.000000000000000000e+00
0.000000000000000000e+00
0.000000000000000000e+00
0.000000000000000000e+00
0.000000000000000000e+00
0.000000000000000000e+00
0.000000000000000000e+00
0.000000000000000000e+00
0.000000000000000000e+00
0.000000000000000000e+00
0.000000000000000000e+00
0.000000000000000000e+00
0.000000000000000000e+00
0.000000000000000000e+00
0.000000000000000000e+00
0.000000000000000000e+00
0.000000000000000000e+00
0.000000000000000000e+00
0.000000000000000000e+00
0.000000000000000000e+00
0.000000000000000000e+00
0.000000000000000000e+00
0.000000000000000000e+00
0.000000000000000000e+00
0.000000000000000000e+00
0.000000000000000000e+00
0.000000000000000000e+00
0.000000000000000000e+00
0.000000000000000000e+00
0.000000000000000000e+00
0.000000000000000000e+00
0.000000000000000000e+00
0.000000000000000000e+00
0.000000000000000000e+00
0.000000000000000000e+00
0.000000000000000000e+00
0.000000000000000000e+00
0.000000000000000000e+00
0.000000000000000000e+00
0.000000000000000000e+00
0.000000000000000000e+00
0.000000000000000000e+00
0.000000000000000000e+00
0.000000000000000000e+00
0.000000000000000000e+00
0.000000000000000000e+00
0.000000000000000000e+00
0.000000000000000000e+00
0.000000000000000000e+00
0.000000000000000000e+00
0.000000000000000000e+00
0.000000000000000000e+00
0.000000000000000000e+00
0.000000000000000000e+00
0.000000000000000000e+00
0.000000000000000000e+00
0.000000000000000000e+00
0.000000000000000000e+00
0.000000000000000000e+00
0.000000000000000000e+00
0.000000000000000000e+00
0.000000000000000000e+00
0.000000000000000000e+00
0.000000000000000000e+00
0.000000000000000000e+00
0.000000000000000000e+00
0.000000000000000000e+00
0.000000000000000000e+00
0.000000000000000000e+00
0.000000000000000000e+00
0.000000000000000000e+00
0.000000000000000000e+00
0.000000000000000000e+00
0.000000000000000000e+00
0.000000000000000000e+00
0.000000000000000000e+00
0.000000000000000000e+00
0.000000000000000000e+00
0.000000000000000000e+00
0.000000000000000000e+00
0.000000000000000000e+00
0.000000000000000000e+00
0.000000000000000000e+00
0.000000000000000000e+00
0.000000000000000000e+00
0.000000000000000000e+00
0.000000000000000000e+00
0.000000000000000000e+00
0.000000000000000000e+00
0.000000000000000000e+00
0.000000000000000000e+00
0.000000000000000000e+00
0.000000000000000000e+00
0.000000000000000000e+00
0.000000000000000000e+00
0.000000000000000000e+00
0.000000000000000000e+00
0.000000000000000000e+00
0.000000000000000000e+00
0.000000000000000000e+00
0.000000000000000000e+00
0.000000000000000000e+00
0.000000000000000000e+00
0.000000000000000000e+00
0.000000000000000000e+00
0.000000000000000000e+00
0.000000000000000000e+00
0.000000000000000000e+00
0.000000000000000000e+00
0.000000000000000000e+00
0.000000000000000000e+00
0.000000000000000000e+00
0.000000000000000000e+00
0.000000000000000000e+00
0.000000000000000000e+00
0.000000000000000000e+00
0.000000000000000000e+00
0.000000000000000000e+00
0.000000000000000000e+00
0.000000000000000000e+00
0.000000000000000000e+00
0.000000000000000000e+00
0.000000000000000000e+00
0.000000000000000000e+00
0.000000000000000000e+00
0.000000000000000000e+00
0.000000000000000000e+00
0.000000000000000000e+00
0.000000000000000000e+00
0.000000000000000000e+00
0.000000000000000000e+00
0.000000000000000000e+00
0.000000000000000000e+00
0.000000000000000000e+00
0.000000000000000000e+00
0.000000000000000000e+00
0.000000000000000000e+00
0.000000000000000000e+00
0.000000000000000000e+00
0.000000000000000000e+00
0.000000000000000000e+00
0.000000000000000000e+00
0.000000000000000000e+00
0.000000000000000000e+00
0.000000000000000000e+00
0.000000000000000000e+00
0.000000000000000000e+00
0.000000000000000000e+00
0.000000000000000000e+00
0.000000000000000000e+00
0.000000000000000000e+00
0.000000000000000000e+00
0.000000000000000000e+00
0.000000000000000000e+00
0.000000000000000000e+00
0.000000000000000000e+00
0.000000000000000000e+00
0.000000000000000000e+00
0.000000000000000000e+00
0.000000000000000000e+00
0.000000000000000000e+00
0.000000000000000000e+00
0.000000000000000000e+00
0.000000000000000000e+00
0.000000000000000000e+00
0.000000000000000000e+00
0.000000000000000000e+00
0.000000000000000000e+00
0.000000000000000000e+00
0.000000000000000000e+00
0.000000000000000000e+00
0.000000000000000000e+00
0.000000000000000000e+00
0.000000000000000000e+00
0.000000000000000000e+00
0.000000000000000000e+00
0.000000000000000000e+00
0.000000000000000000e+00
0.000000000000000000e+00
0.000000000000000000e+00
0.000000000000000000e+00
0.000000000000000000e+00
0.000000000000000000e+00
0.000000000000000000e+00
0.000000000000000000e+00
0.000000000000000000e+00
0.000000000000000000e+00
0.000000000000000000e+00
0.000000000000000000e+00
0.000000000000000000e+00
0.000000000000000000e+00
0.000000000000000000e+00
0.000000000000000000e+00
0.000000000000000000e+00
0.000000000000000000e+00
0.000000000000000000e+00
0.000000000000000000e+00
0.000000000000000000e+00
0.000000000000000000e+00
0.000000000000000000e+00
0.000000000000000000e+00
0.000000000000000000e+00
0.000000000000000000e+00
0.000000000000000000e+00
0.000000000000000000e+00
0.000000000000000000e+00
0.000000000000000000e+00
0.000000000000000000e+00
0.000000000000000000e+00
0.000000000000000000e+00
0.000000000000000000e+00
0.000000000000000000e+00
0.000000000000000000e+00
0.000000000000000000e+00
0.000000000000000000e+00
0.000000000000000000e+00
0.000000000000000000e+00
0.000000000000000000e+00
0.000000000000000000e+00
0.000000000000000000e+00
0.000000000000000000e+00
0.000000000000000000e+00
0.000000000000000000e+00
0.000000000000000000e+00
0.000000000000000000e+00
0.000000000000000000e+00
0.000000000000000000e+00
0.000000000000000000e+00
0.000000000000000000e+00
0.000000000000000000e+00
0.000000000000000000e+00
0.000000000000000000e+00
0.000000000000000000e+00
0.000000000000000000e+00
0.000000000000000000e+00
0.000000000000000000e+00
0.000000000000000000e+00
0.000000000000000000e+00
0.000000000000000000e+00
0.000000000000000000e+00
0.000000000000000000e+00
0.000000000000000000e+00
0.000000000000000000e+00
0.000000000000000000e+00
0.000000000000000000e+00
0.000000000000000000e+00
0.000000000000000000e+00
0.000000000000000000e+00
0.000000000000000000e+00
0.000000000000000000e+00
0.000000000000000000e+00
0.000000000000000000e+00
0.000000000000000000e+00
0.000000000000000000e+00
0.000000000000000000e+00
0.000000000000000000e+00
0.000000000000000000e+00
0.000000000000000000e+00
0.000000000000000000e+00
0.000000000000000000e+00
0.000000000000000000e+00
0.000000000000000000e+00
0.000000000000000000e+00
0.000000000000000000e+00
0.000000000000000000e+00
0.000000000000000000e+00
0.000000000000000000e+00
0.000000000000000000e+00
0.000000000000000000e+00
0.000000000000000000e+00
0.000000000000000000e+00
0.000000000000000000e+00
0.000000000000000000e+00
0.000000000000000000e+00
0.000000000000000000e+00
0.000000000000000000e+00
0.000000000000000000e+00
0.000000000000000000e+00
0.000000000000000000e+00
0.000000000000000000e+00
0.000000000000000000e+00
0.000000000000000000e+00
0.000000000000000000e+00
0.000000000000000000e+00
0.000000000000000000e+00
0.000000000000000000e+00
0.000000000000000000e+00
0.000000000000000000e+00
0.000000000000000000e+00
0.000000000000000000e+00
0.000000000000000000e+00
0.000000000000000000e+00
0.000000000000000000e+00
0.000000000000000000e+00
0.000000000000000000e+00
0.000000000000000000e+00
0.000000000000000000e+00
0.000000000000000000e+00
0.000000000000000000e+00
0.000000000000000000e+00
0.000000000000000000e+00
0.000000000000000000e+00
0.000000000000000000e+00
0.000000000000000000e+00
0.000000000000000000e+00
0.000000000000000000e+00
0.000000000000000000e+00
0.000000000000000000e+00
0.000000000000000000e+00
0.000000000000000000e+00
0.000000000000000000e+00
0.000000000000000000e+00
0.000000000000000000e+00
0.000000000000000000e+00
0.000000000000000000e+00
0.000000000000000000e+00
0.000000000000000000e+00
0.000000000000000000e+00
0.000000000000000000e+00
0.000000000000000000e+00
0.000000000000000000e+00
0.000000000000000000e+00
0.000000000000000000e+00
0.000000000000000000e+00
0.000000000000000000e+00
0.000000000000000000e+00
0.000000000000000000e+00
0.000000000000000000e+00
0.000000000000000000e+00
0.000000000000000000e+00
0.000000000000000000e+00
0.000000000000000000e+00
0.000000000000000000e+00
0.000000000000000000e+00
0.000000000000000000e+00
0.000000000000000000e+00
0.000000000000000000e+00
0.000000000000000000e+00
0.000000000000000000e+00
0.000000000000000000e+00
0.000000000000000000e+00
0.000000000000000000e+00
0.000000000000000000e+00
0.000000000000000000e+00
0.000000000000000000e+00
0.000000000000000000e+00
0.000000000000000000e+00
0.000000000000000000e+00
0.000000000000000000e+00
0.000000000000000000e+00
0.000000000000000000e+00
0.000000000000000000e+00
0.000000000000000000e+00
0.000000000000000000e+00
0.000000000000000000e+00
0.000000000000000000e+00
0.000000000000000000e+00
0.000000000000000000e+00
0.000000000000000000e+00
0.000000000000000000e+00
0.000000000000000000e+00
0.000000000000000000e+00
0.000000000000000000e+00
0.000000000000000000e+00
0.000000000000000000e+00
0.000000000000000000e+00
0.000000000000000000e+00
0.000000000000000000e+00
0.000000000000000000e+00
0.000000000000000000e+00
0.000000000000000000e+00
0.000000000000000000e+00
0.000000000000000000e+00
0.000000000000000000e+00
0.000000000000000000e+00
0.000000000000000000e+00
0.000000000000000000e+00
0.000000000000000000e+00
0.000000000000000000e+00
0.000000000000000000e+00
0.000000000000000000e+00
0.000000000000000000e+00
0.000000000000000000e+00
0.000000000000000000e+00
0.000000000000000000e+00
0.000000000000000000e+00
0.000000000000000000e+00
0.000000000000000000e+00
0.000000000000000000e+00
0.000000000000000000e+00
0.000000000000000000e+00
0.000000000000000000e+00
0.000000000000000000e+00
0.000000000000000000e+00
0.000000000000000000e+00
0.000000000000000000e+00
0.000000000000000000e+00
0.000000000000000000e+00
0.000000000000000000e+00
0.000000000000000000e+00
0.000000000000000000e+00
0.000000000000000000e+00
0.000000000000000000e+00
0.000000000000000000e+00
0.000000000000000000e+00
0.000000000000000000e+00
0.000000000000000000e+00
0.000000000000000000e+00
0.000000000000000000e+00
0.000000000000000000e+00
0.000000000000000000e+00
0.000000000000000000e+00
0.000000000000000000e+00
0.000000000000000000e+00
0.000000000000000000e+00
0.000000000000000000e+00
0.000000000000000000e+00
0.000000000000000000e+00
0.000000000000000000e+00
0.000000000000000000e+00
0.000000000000000000e+00
0.000000000000000000e+00
0.000000000000000000e+00
0.000000000000000000e+00
0.000000000000000000e+00
0.000000000000000000e+00
0.000000000000000000e+00
0.000000000000000000e+00
0.000000000000000000e+00
0.000000000000000000e+00
0.000000000000000000e+00
0.000000000000000000e+00
0.000000000000000000e+00
0.000000000000000000e+00
0.000000000000000000e+00
0.000000000000000000e+00
0.000000000000000000e+00
0.000000000000000000e+00
0.000000000000000000e+00
0.000000000000000000e+00
0.000000000000000000e+00
0.000000000000000000e+00
0.000000000000000000e+00
0.000000000000000000e+00
0.000000000000000000e+00
0.000000000000000000e+00
0.000000000000000000e+00
0.000000000000000000e+00
0.000000000000000000e+00
0.000000000000000000e+00
0.000000000000000000e+00
0.000000000000000000e+00
0.000000000000000000e+00
0.000000000000000000e+00
0.000000000000000000e+00
0.000000000000000000e+00
0.000000000000000000e+00
0.000000000000000000e+00
0.000000000000000000e+00
0.000000000000000000e+00
0.000000000000000000e+00
nan
