# bin_22_4
-4.797607986159423867e-08
3.818359023314737515e-08
-3.817269251968824524e-08
2.847360285313167671e-08
-1.786787127831782127e-08
2.966026682834056477e-09
1.314602323521446157e-08
-3.523970203720439444e-08
4.994326131671275896e-08
-6.317839741301773433e-08
7.522646676209224283e-08
-6.249651189223327893e-08
5.834364103294804399e-08
2.528358960568001252e-08
1.913067150625679222e-09
3.244624463081711670e-08
7.502963614892798700e-08
8.757161223173370263e-08
4.107552222268707595e-08
-3.221098402843807033e-08
-8.713935048793037394e-08
-1.019092511696371943e-07
-7.267375801152523494e-08
-2.448102140647310140e-08
2.024956887726142955e-08
4.881181575252184929e-08
6.473297090790656984e-08
7.614754788480295290e-08
8.270222093291454321e-08
8.441051504255456621e-08
8.150800506049274651e-08
7.243691068996582111e-08
5.822052207624887575e-08
4.210985438341440448e-08
2.635145874983388096e-08
1.245713616036093500e-08
1.402630599278390101e-09
-8.825620480287128492e-09
-1.951660048292111458e-08
-2.930920990800231433e-08
-3.726171962499125351e-08
-4.274872477738134119e-08
-4.538236296702035090e-08
-4.495201164665027489e-08
-4.089596053988690726e-08
-3.401382040864138218e-08
-2.589972308231386907e-08
-1.776742488864544823e-08
-1.052793076516818655e-08
-4.851608766450803801e-09
-1.217965929565823597e-09
4.441797968616658722e-11
4.118136861060210502e-11
3.567944261003147250e-11
2.900016691800557264e-11
2.200785732857622164e-11
1.538263003095960516e-11
9.653019904115587400e-12
5.222980877024080390e-12
2.394257131980249119e-12
1.384932790234682764e-12
1.411347327207401854e-12
1.548535005402752107e-12
1.755514788515024723e-12
1.998478490380872687e-12
2.249699974848543131e-12
2.486608060125085839e-12
2.690997837916163642e-12
2.848359202988010769e-12
2.947304780177897091e-12
2.979082257432300957e-12
2.937158485900413957e-12
2.802484568789680841e-12
2.580509446258462931e-12
2.299350435030976279e-12
1.982898040698772497e-12
1.651368940084864343e-12
1.321787417450349098e-12
1.008404802780799030e-12
7.230651252704768327e-13
4.755240566783753482e-13
2.737272469047443343e-13
1.240533223810784900e-13
3.152610526398282292e-14
-1.739056005115814580e-26
-1.676938161500766913e-26
-1.578491100439243936e-26
-1.453242877542898605e-26
-1.309505374386029185e-26
-1.154510370018804843e-26
-9.945305029128502175e-27
-8.349868583251522898e-27
-6.805447068866503279e-27
-5.351987376623639931e-27
-4.023489694106802074e-27
-2.848683842197373302e-27
-1.851632054799645408e-27
-1.052266349918909787e-27
-4.668676995052901906e-28
-1.084933790295539165e-28
1.264184916013340568e-29
1.226900875793033129e-29
1.168138617261298609e-29
1.092740776174474873e-29
1.005022619128077561e-29
9.088223838425574823e-30
8.075468457925249353e-30
7.042125798736208227e-30
6.014833374178750430e-30
5.017039157647647913e-30
4.069308591603110044e-30
3.189602954574811306e-30
2.393531824554295063e-30
1.694582103306490069e-30
1.104325821147933252e-30
6.326087224024943433e-31
2.877214352266079613e-31
7.655485328424985106e-32
4.741198637982550912e-33
4.214715523607960443e-33
3.730439429793502658e-33
3.285940357739277542e-33
2.878928369408581922e-33
2.507244938771066072e-33
2.168854884360441253e-33
1.861838840565935058e-33
1.584386228463213807e-33
1.334788690086734762e-33
1.111433952877971536e-33
9.128000936352653126e-34
7.374501736651152383e-34
5.840272190097891173e-34
4.512495216207810115e-34
3.379062391778115329e-34
2.428532729334688086e-34
1.650094045067739336e-34
1.033526739681389499e-34
5.691698286281352316e-35
2.478890702070578245e-35
6.104705106215174254e-36
4.750988011582582234e-38
4.288090405419248590e-38
3.857396630589470058e-38
3.457323395362539582e-38
3.086365189928406819e-38
2.743090192226689785e-38
2.426136408501311994e-38
2.134208033902622021e-38
1.866072019455972726e-38
1.620554832640228125e-38
1.396539399677299481e-38
1.192962218427433274e-38
1.008810631523018536e-38
8.431202500578422363e-39
6.949725187837072851e-39
5.634924143575964317e-39
4.478462687304237151e-39
3.472397102793523978e-39
2.609157157597374076e-39
1.881527665950609329e-39
1.282631034341519081e-39
8.059107328806807657e-40
4.451156391634720205e-40
1.942852046459835739e-40
4.773539666162755929e-41
4.537209868604213322e-44
4.165178793969029957e-44
3.814943974482122230e-44
3.485593465120362281e-44
3.176253549627903649e-44
2.886087020765076570e-44
2.614291544927356211e-44
2.360098106615176970e-44
1.901599063058085352e-44
1.695909052053687297e-44
1.505049650209745346e-44
1.328397609809132092e-44
1.165355122998931473e-44
1.015348718830119100e-44
8.778282122099996964e-45
7.522657021054516141e-45
5.350088016170209752e-45
4.423616535055896862e-45
3.597652893037433051e-45
2.867897567401055581e-45
2.230222796401749751e-45
1.680665377576765810e-45
1.215419792191215832e-45
5.233913675138754917e-46
2.897282802480187782e-46
1.266048172282053277e-46
3.091108295216171643e-47
-3.360017444295854414e-49
-3.299120791471398956e-49
-3.223046650535389062e-49
-3.133618290038369138e-49
-3.032554062558771487e-49
-2.801898412704974767e-49
-2.675265556013017951e-49
-2.542923294881566255e-49
-2.266106669866542549e-49
-2.123942209912955853e-49
-1.980695752246625232e-49
-1.837350864955345381e-49
-1.553991455975216265e-49
-1.415644827336961427e-49
-1.280541445809436180e-49
-1.022824506071136613e-49
-9.014735355875903333e-50
-7.858957992986905525e-50
-5.741190654127455341e-50
-4.788545874697384958e-50
-3.116451995738298688e-50
-2.404308664853282064e-50
-1.779132858277985250e-50
-8.010927352880989420e-51
-4.532820253318670146e-51
-5.090502438510675847e-52
3.152800459673583569e-57
3.075244443828933977e-57
3.020682415591185057e-57
2.956963013185083079e-57
2.805851800216312852e-57
2.720243817430998567e-57
2.533055333453419612e-57
2.433004622228815232e-57
2.223527931378370110e-57
2.115409166717053590e-57
1.895427591134070767e-57
1.784677028364785436e-57
1.564216946411888789e-57
1.348240154637051536e-57
1.242998245436636809e-57
1.039930462633100413e-57
9.428076070053134112e-58
7.589874380958617434e-58
5.909828589936636296e-58
5.135627793352483423e-58
3.730449683431853711e-58
3.103642561503508767e-58
2.010945196259430548e-58
1.143723955561339481e-58
7.982992007264041908e-59
2.900835108858129059e-59
3.250033827078080828e-60
4.967861782504331790e-66
4.472827612786003940e-66
4.013142626454178904e-66
3.587011196251539651e-66
3.385992015039303025e-66
3.007022319264488671e-66
2.657505462129079203e-66
2.335944031992780581e-66
2.185199305583836823e-66
1.902926529944274581e-66
1.645185461112542416e-66
1.410724445960802532e-66
1.198353855209038322e-66
1.100096862876503402e-66
9.187590496642619330e-67
7.567879907026609648e-67
6.131866453534812891e-67
4.870067094714167503e-67
3.773461047327927740e-67
2.833466078118744043e-67
2.041916109407013212e-67
1.391040059433327118e-67
8.734418435262758015e-68
4.820814669678562384e-68
2.102571448951579187e-68
5.158838872750732292e-69
2.470540903255662330e-76
2.258376809984574865e-76
2.059195734031671345e-76
1.872434932105237371e-76
1.697556060041583241e-76
1.534044038339092882e-76
1.381405975193025007e-76
1.239170143849550354e-76
1.106885011289179388e-76
9.841183154284089415e-77
8.704561881962996275e-77
7.655023219987442427e-77
6.688771772306015121e-77
5.387648030347801468e-77
4.614043146337330362e-77
3.911656527545389989e-77
3.277359209398075486e-77
2.708152734957878741e-77
1.970134924672592235e-77
1.551342706400931295e-77
1.188094032590517508e-77
8.779105141359266002e-78
5.069611504069362618e-78
3.192569500079421401e-78
1.767193549319448581e-78
4.313420280162698991e-79
4.717237143364284490e-80
1.270752154932443732e-91
1.132771080165311926e-91
1.046777326780888677e-91
9.263376932154945414e-92
8.515006920152549276e-92
7.808409721657248410e-92
6.823480925155474882e-92
6.214693367115226771e-92
5.369746465985519763e-92
4.849981482251973396e-92
4.132429929007634578e-92
3.693674714254904054e-92
3.092037706170169190e-92
2.554859769839704196e-92
2.230780866780518285e-92
1.793195110606101516e-92
1.532417505332947979e-92
1.185361722010574008e-92
8.886019220668762421e-93
7.173036766728383639e-93
4.981688379884730572e-93
3.221241236835439885e-93
2.274858518132939644e-93
1.178815651172529934e-93
4.511905240948193101e-94
7.074412665686797854e-95
-3.535468906675457584e-109
-3.471788966475661098e-109
-3.378578435419935483e-109
-3.260268081100382947e-109
-3.120956512833607363e-109
-3.018297758170278689e-109
-2.852259057827459306e-109
-2.674687474486649814e-109
-2.488641022357941039e-109
-2.296936446451380220e-109
-2.102165229304116952e-109
-1.906708553730437720e-109
-1.712751291888868909e-109
-1.522295085984419870e-109
-1.337170581321674174e-109
-1.159048868164349928e-109
-9.894521849133519352e-110
-8.297639314629299192e-110
-6.812380382094325764e-110
-5.025094972137434631e-110
-3.842427829313595621e-110
-2.804915628260649329e-110
-1.920430872515058111e-110
-1.195958467114736213e-110
-6.376573207627241624e-111
-1.609575935212950612e-111
-1.012543359769011056e-112
0.000000000000000000e+00
0.000000000000000000e+00
0.000000000000000000e+00
0.000000000000000000e+00
0.000000000000000000e+00
0.000000000000000000e+00
0.000000000000000000e+00
0.000000000000000000e+00
0.000000000000000000e+00
0.000000000000000000e+00
0.000000000000000000e+00
0.000000000000000000e+00
0.000000000000000000e+00
0.000000000000000000e+00
0.000000000000000000e+00
0.000000000000000000e+00
0.000000000000000000e+00
0.000000000000000000e+00
0.000000000000000000e+00
0.000000000000000000e+00
0.000000000000000000e+00
0.000000000000000000e+00
0.000000000000000000e+00
0.000000000000000000e+00
0.000000000000000000e+00
0.000000000000000000e+00
0.000000000000000000e+00
0.000000000000000000e+00
0.000000000000000000e+00
0.000000000000000000e+00
0.000000000000000000e+00
0.000000000000000000e+00
0.000000000000000000e+00
0.000000000000000000e+00
0.000000000000000000e+00
0.000000000000000000e+00
0.000000000000000000e+00
0.000000000000000000e+00
0.000000000000000000e+00
0.000000000000000000e+00
0.000000000000000000e+00
0.000000000000000000e+00
0.000000000000000000e+00
0.000000000000000000e+00
0.000000000000000000e+00
0.000000000000000000e+00
0.000000000000000000e+00
0.000000000000000000e+00
0.000000000000000000e+00
0.000000000000000000e+00
0.000000000000000000e+00
0.000000000000000000e+00
0.000000000000000000e+00
0.000000000000000000e+00
0.000000000000000000e+00
0.000000000000000000e+00
0.000000000000000000e+00
0.000000000000000000e+00
0.000000000000000000e+00
0.000000000000000000e+00
0.000000000000000000e+00
0.000000000000000000e+00
0.000000000000000000e+00
0.000000000000000000e+00
0.000000000000000000e+00
0.000000000000000000e+00
0.000000000000000000e+00
0.000000000000000000e+00
0.000000000000000000e+00
0.000000000000000000e+00
0.000000000000000000e+00
0.000000000000000000e+00
0.000000000000000000e+00
0.000000000000000000e+00
0.000000000000000000e+00
0.000000000000000000e+00
0.000000000000000000e+00
0.000000000000000000e+00
0.000000000000000000e+00
0.000000000000000000e+00
0.000000000000000000e+00
0.000000000000000000e+00
0.000000000000000000e+00
0.000000000000000000e+00
0.000000000000000000e+00
0.000000000000000000e+00
0.000000000000000000e+00
0.000000000000000000e+00
0.000000000000000000e+00
0.000000000000000000e+00
0.000000000000000000e+00
0.000000000000000000e+00
0.000000000000000000e+00
0.000000000000000000e+00
0.000000000000000000e+00
0.000000000000000000e+00
0.000000000000000000e+00
0.000000000000000000e+00
0.000000000000000000e+00
0.000000000000000000e+00
0.000000000000000000e+00
0.000000000000000000e+00
0.000000000000000000e+00
0.000000000000000000e+00
0.000000000000000000e+00
0.000000000000000000e+00
0.000000000000000000e+00
0.000000000000000000e+00
0.000000000000000000e+00
0.000000000000000000e+00
0.000000000000000000e+00
0.000000000000000000e+00
0.000000000000000000e+00
0.000000000000000000e+00
0.000000000000000000e+00
0.000000000000000000e+00
0.000000000000000000e+00
0.000000000000000000e+00
0.000000000000000000e+00
0.000000000000000000e+00
0.000000000000000000e+00
0.000000000000000000e+00
0.000000000000000000e+00
0.000000000000000000e+00
0.000000000000000000e+00
0.000000000000000000e+00
0.000000000000000000e+00
0.000000000000000000e+00
0.000000000000000000e+00
0.000000000000000000e+00
0.000000000000000000e+00
0.000000000000000000e+00
0.000000000000000000e+00
0.000000000000000000e+00
0.000000000000000000e+00
0.000000000000000000e+00
0.000000000000000000e+00
0.000000000000000000e+00
0.000000000000000000e+00
0.000000000000000000e+00
0.000000000000000000e+00
0.000000000000000000e+00
0.000000000000000000e+00
0.000000000000000000e+00
0.000000000000000000e+00
0.000000000000000000e+00
0.000000000000000000e+00
0.000000000000000000e+00
0.000000000000000000e+00
0.000000000000000000e+00
0.000000000000000000e+00
0.000000000000000000e+00
0.000000000000000000e+00
0.000000000000000000e+00
0.000000000000000000e+00
0.000000000000000000e+00
0.000000000000000000e+00
0.000000000000000000e+00
0.000000000000000000e+00
0.000000000000000000e+00
0.000000000000000000e+00
0.000000000000000000e+00
0.000000000000000000e+00
0.000000000000000000e+00
0.000000000000000000e+00
0.000000000000000000e+00
0.000000000000000000e+00
0.000000000000000000e+00
0.000000000000000000e+00
0.000000000000000000e+00
0.000000000000000000e+00
0.000000000000000000e+00
0.000000000000000000e+00
0.000000000000000000e+00
0.000000000000000000e+00
0.000000000000000000e+00
0.000000000000000000e+00
0.000000000000000000e+00
0.000000000000000000e+00
0.000000000000000000e+00
0.000000000000000000e+00
0.000000000000000000e+00
0.000000000000000000e+00
0.000000000000000000e+00
0.000000000000000000e+00
0.000000000000000000e+00
0.000000000000000000e+00
0.000000000000000000e+00
0.000000000000000000e+00
0.000000000000000000e+00
0.000000000000000000e+00
0.000000000000000000e+00
0.000000000000000000e+00
0.000000000000000000e+00
0.000000000000000000e+00
0.000000000000000000e+00
0.000000000000000000e+00
0.000000000000000000e+00
0.000000000000000000e+00
0.000000000000000000e+00
0.000000000000000000e+00
0.000000000000000000e+00
0.000000000000000000e+00
0.000000000000000000e+00
0.000000000000000000e+00
0.000000000000000000e+00
0.000000000000000000e+00
0.000000000000000000e+00
0.000000000000000000e+00
0.000000000000000000e+00
0.000000000000000000e+00
0.000000000000000000e+00
0.000000000000000000e+00
0.000000000000000000e+00
0.000000000000000000e+00
0.000000000000000000e+00
0.000000000000000000e+00
0.000000000000000000e+00
0.000000000000000000e+00
0.000000000000000000e+00
0.000000000000000000e+00
0.000000000000000000e+00
0.000000000000000000e+00
0.000000000000000000e+00
0.000000000000000000e+00
0.000000000000000000e+00
0.000000000000000000e+00
0.000000000000000000e+00
0.000000000000000000e+00
0.000000000000000000e+00
0.000000000000000000e+00
0.000000000000000000e+00
0.000000000000000000e+00
0.000000000000000000e+00
0.000000000000000000e+00
0.000000000000000000e+00
0.000000000000000000e+00
0.000000000000000000e+00
0.000000000000000000e+00
0.000000000000000000e+00
0.000000000000000000e+00
0.000000000000000000e+00
0.000000000000000000e+00
0.000000000000000000e+00
0.000000000000000000e+00
0.000000000000000000e+00
0.000000000000000000e+00
0.000000000000000000e+00
0.000000000000000000e+00
0.000000000000000000e+00
0.000000000000000000e+00
0.000000000000000000e+00
0.000000000000000000e+00
0.000000000000000000e+00
0.000000000000000000e+00
0.000000000000000000e+00
0.000000000000000000e+00
0.000000000000000000e+00
0.000000000000000000e+00
0.000000000000000000e+00
0.000000000000000000e+00
0.000000000000000000e+00
0.000000000000000000e+00
0.000000000000000000e+00
0.000000000000000000e+00
0.000000000000000000e+00
0.000000000000000000e+00
0.000000000000000000e+00
0.000000000000000000e+00
0.000000000000000000e+00
0.000000000000000000e+00
0.000000000000000000e+00
0.000000000000000000e+00
0.000000000000000000e+00
0.000000000000000000e+00
0.000000000000000000e+00
0.000000000000000000e+00
0.000000000000000000e+00
0.000000000000000000e+00
0.000000000000000000e+00
0.000000000000000000e+00
0.000000000000000000e+00
0.000000000000000000e+00
0.000000000000000000e+00
0.000000000000000000e+00
0.000000000000000000e+00
0.000000000000000000e+00
0.000000000000000000e+00
0.000000000000000000e+00
0.000000000000000000e+00
0.000000000000000000e+00
0.000000000000000000e+00
0.000000000000000000e+00
0.000000000000000000e+00
0.000000000000000000e+00
0.000000000000000000e+00
0.000000000000000000e+00
0.000000000000000000e+00
0.000000000000000000e+00
0.000000000000000000e+00
0.000000000000000000e+00
0.000000000000000000e+00
0.000000000000000000e+00
0.000000000000000000e+00
0.000000000000000000e+00
0.000000000000000000e+00
0.000000000000000000e+00
0.000000000000000000e+00
0.000000000000000000e+00
0.000000000000000000e+00
0.000000000000000000e+00
0.000000000000000000e+00
0.000000000000000000e+00
0.000000000000000000e+00
0.000000000000000000e+00
0.000000000000000000e+00
0.000000000000000000e+00
0.000000000000000000e+00
0.000000000000000000e+00
0.000000000000000000e+00
0.000000000000000000e+00
0.000000000000000000e+00
0.000000000000000000e+00
0.000000000000000000e+00
0.000000000000000000e+00
0.000000000000000000e+00
0.000000000000000000e+00
0.000000000000000000e+00
0.000000000000000000e+00
0.000000000000000000e+00
0.000000000000000000e+00
0.000000000000000000e+00
0.000000000000000000e+00
0.000000000000000000e+00
0.000000000000000000e+00
0.000000000000000000e+00
0.000000000000000000e+00
0.000000000000000000e+00
0.000000000000000000e+00
0.000000000000000000e+00
0.000000000000000000e+00
0.000000000000000000e+00
0.000000000000000000e+00
0.000000000000000000e+00
0.000000000000000000e+00
0.000000000000000000e+00
0.000000000000000000e+00
0.000000000000000000e+00
0.000000000000000000e+00
0.000000000000000000e+00
0.000000000000000000e+00
0.000000000000000000e+00
0.000000000000000000e+00
0.000000000000000000e+00
0.000000000000000000e+00
0.000000000000000000e+00
0.000000000000000000e+00
0.000000000000000000e+00
0.000000000000000000e+00
0.000000000000000000e+00
0.000000000000000000e+00
0.000000000000000000e+00
0.000000000000000000e+00
0.000000000000000000e+00
0.000000000000000000e+00
0.000000000000000000e+00
0.000000000000000000e+00
0.000000000000000000e+00
0.000000000000000000e+00
0.000000000000000000e+00
0.000000000000000000e+00
0.000000000000000000e+00
0.000000000000000000e+00
0.000000000000000000e+00
0.000000000000000000e+00
0.000000000000000000e+00
0.000000000000000000e+00
0.000000000000000000e+00
0.000000000000000000e+00
0.000000000000000000e+00
0.000000000000000000e+00
0.000000000000000000e+00
0.000000000000000000e+00
0.000000000000000000e+00
0.000000000000000000e+00
0.000000000000000000e+00
0.000000000000000000e+00
0.000000000000000000e+00
0.000000000000000000e+00
0.000000000000000000e+00
0.000000000000000000e+00
0.000000000000000000e+00
0.000000000000000000e+00
0.000000000000000000e+00
0.000000000000000000e+00
0.000000000000000000e+00
0.000000000000000000e+00
0.000000000000000000e+00
0.000000000000000000e+00
0.000000000000000000e+00
0.000000000000000000e+00
0.000000000000000000e+00
0.000000000000000000e+00
0.000000000000000000e+00
0.000000000000000000e+00
0.000000000000000000e+00
0.000000000000000000e+00
0.000000000000000000e+00
0.000000000000000000e+00
0.000000000000000000e+00
0.000000000000000000e+00
0.000000000000000000e+00
0.000000000000000000e+00
0.000000000000000000e+00
0.000000000000000000e+00
0.000000000000000000e+00
0.000000000000000000e+00
0.000000000000000000e+00
0.000000000000000000e+00
0.000000000000000000e+00
0.000000000000000000e+00
0.000000000000000000e+00
0.000000000000000000e+00
0.000000000000000000e+00
0.000000000000000000e+00
0.000000000000000000e+00
0.000000000000000000e+00
0.000000000000000000e+00
0.000000000000000000e+00
0.000000000000000000e+00
0.000000000000000000e+00
0.000000000000000000e+00
0.000000000000000000e+00
0.000000000000000000e+00
0.000000000000000000e+00
0.000000000000000000e+00
0.000000000000000000e+00
0.000000000000000000e+00
0.000000000000000000e+00
0.000000000000000000e+00
0.000000000000000000e+00
0.000000000000000000e+00
0.000000000000000000e+00
0.000000000000000000e+00
0.000000000000000000e+00
0.000000000000000000e+00
0.000000000000000000e+00
0.000000000000000000e+00
0.000000000000000000e+00
0.000000000000000000e+00
0.000000000000000000e+00
0.000000000000000000e+00
0.000000000000000000e+00
0.000000000000000000e+00
0.000000000000000000e+00
0.000000000000000000e+00
0.000000000000000000e+00
0.000000000000000000e+00
0.000000000000000000e+00
0.000000000000000000e+00
0.000000000000000000e+00
0.000000000000000000e+00
0.000000000000000000e+00
0.000000000000000000e+00
0.000000000000000000e+00
0.000000000000000000e+00
0.000000000000000000e+00
0.000000000000000000e+00
0.000000000000000000e+00
0.000000000000000000e+00
0.000000000000000000e+00
0.000000000000000000e+00
0.000000000000000000e+00
0.000000000000000000e+00
0.000000000000000000e+00
0.000000000000000000e+00
0.000000000000000000e+00
0.000000000000000000e+00
0.000000000000000000e+00
0.000000000000000000e+00
0.000000000000000000e+00
0.000000000000000000e+00
0.000000000000000000e+00
0.000000000000000000e+00
0.000000000000000000e+00
0.000000000000000000e+00
0.000000000000000000e+00
0.000000000000000000e+00
0.000000000000000000e+00
0.000000000000000000e+00
0.000000000000000000e+00
0.000000000000000000e+00
0.000000000000000000e+00
0.000000000000000000e+00
0.000000000000000000e+00
0.000000000000000000e+00
0.000000000000000000e+00
0.000000000000000000e+00
0.000000000000000000e+00
0.000000000000000000e+00
0.000000000000000000e+00
0.000000000000000000e+00
0.000000000000000000e+00
0.000000000000000000e+00
0.000000000000000000e+00
0.000000000000000000e+00
0.000000000000000000e+00
0.000000000000000000e+00
0.000000000000000000e+00
0.000000000000000000e+00
0.000000000000000000e+00
0.000000000000000000e+00
0.000000000000000000e+00
0.000000000000000000e+00
0.000000000000000000e+00
0.000000000000000000e+00
0.000000000000000000e+00
0.000000000000000000e+00
0.000000000000000000e+00
0.000000000000000000e+00
0.000000000000000000e+00
0.000000000000000000e+00
0.000000000000000000e+00
0.000000000000000000e+00
0.000000000000000000e+00
0.000000000000000000e+00
0.000000000000000000e+00
0.000000000000000000e+00
0.000000000000000000e+00
0.000000000000000000e+00
0.000000000000000000e+00
0.000000000000000000e+00
0.000000000000000000e+00
0.000000000000000000e+00
0.000000000000000000e+00
0.000000000000000000e+00
0.000000000000000000e+00
0.000000000000000000e+00
0.000000000000000000e+00
0.000000000000000000e+00
0.000000000000000000e+00
0.000000000000000000e+00
0.000000000000000000e+00
0.000000000000000000e+00
0.000000000000000000e+00
0.000000000000000000e+00
0.000000000000000000e+00
0.000000000000000000e+00
0.000000000000000000e+00
0.000000000000000000e+00
0.000000000000000000e+00
0.000000000000000000e+00
0.000000000000000000e+00
0.000000000000000000e+00
0.000000000000000000e+00
0.000000000000000000e+00
0.000000000000000000e+00
0.000000000000000000e+00
0.000000000000000000e+00
0.000000000000000000e+00
0.000000000000000000e+00
0.000000000000000000e+00
0.000000000000000000e+00
0.000000000000000000e+00
0.000000000000000000e+00
0.000000000000000000e+00
0.000000000000000000e+00
0.000000000000000000e+00
0.000000000000000000e+00
0.000000000000000000e+00
0.000000000000000000e+00
0.000000000000000000e+00
0.000000000000000000e+00
0.000000000000000000e+00
0.000000000000000000e+00
0.000000000000000000e+00
0.000000000000000000e+00
0.000000000000000000e+00
0.000000000000000000e+00
0.000000000000000000e+00
0.000000000000000000e+00
0.000000000000000000e+00
0.000000000000000000e+00
0.000000000000000000e+00
0.000000000000000000e+00
0.000000000000000000e+00
0.000000000000000000e+00
0.000000000000000000e+00
0.000000000000000000e+00
0.000000000000000000e+00
0.000000000000000000e+00
0.000000000000000000e+00
0.000000000000000000e+00
0.000000000000000000e+00
0.000000000000000000e+00
0.000000000000000000e+00
0.000000000000000000e+00
0.000000000000000000e+00
0.000000000000000000e+00
0.000000000000000000e+00
0.000000000000000000e+00
0.000000000000000000e+00
0.000000000000000000e+00
0.000000000000000000e+00
0.000000000000000000e+00
0.000000000000000000e+00
0.000000000000000000e+00
0.000000000000000000e+00
0.000000000000000000e+00
0.000000000000000000e+00
0.000000000000000000e+00
0.000000000000000000e+00
0.000000000000000000e+00
0.000000000000000000e+00
0.000000000000000000e+00
0.000000000000000000e+00
0.000000000000000000e+00
0.000000000000000000e+00
0.000000000000000000e+00
0.000000000000000000e+00
0.000000000000000000e+00
0.000000000000000000e+00
0.000000000000000000e+00
0.000000000000000000e+00
0.000000000000000000e+00
0.000000000000000000e+00
0.000000000000000000e+00
0.000000000000000000e+00
0.000000000000000000e+00
0.000000000000000000e+00
0.000000000000000000e+00
0.000000000000000000e+00
0.000000000000000000e+00
0.000000000000000000e+00
0.000000000000000000e+00
0.000000000000000000e+00
0.000000000000000000e+00
0.000000000000000000e+00
0.000000000000000000e+00
0.000000000000000000e+00
0.000000000000000000e+00
0.000000000000000000e+00
0.000000000000000000e+00
0.000000000000000000e+00
0.000000000000000000e+00
0.000000000000000000e+00
0.000000000000000000e+00
0.000000000000000000e+00
nan
