# bin_11_3
-2.167387641932356416e-08
1.379058126442127415e-08
-4.033289794738549150e-09
1.906153152259681751e-08
-2.077719086355712726e-09
2.276980121727105894e-08
-1.137220867550116801e-08
4.213163857099494188e-08
-8.012592772751164740e-09
5.068950268828720648e-08
1.300297428696946594e-08
4.826086804376746503e-08
1.078232070215258355e-08
2.835609123646625587e-08
4.000157049777278000e-08
2.281161888176596013e-08
1.429981804931750087e-09
-7.020996819855080388e-09
-2.444718986918052485e-09
4.904928428842281917e-09
1.039424275510966745e-08
1.178436551686858393e-08
5.065109109271973592e-09
-6.200978781886394246e-09
-1.505994772971729935e-08
-1.767367413929320030e-08
-1.648023747619279297e-08
-1.539519092088599566e-08
-1.440619981819123618e-08
-1.350259479816118916e-08
-1.267511552407723059e-08
-4.234609060140801516e-09
1.317372660429708904e-08
3.231941117483217470e-08
4.832191860293731641e-08
5.800501757833544617e-08
5.942340745434504126e-08
5.315351915053852977e-08
4.285496058958259286e-08
3.121938397602790862e-08
2.019097216850076013e-08
1.114325005510414483e-08
5.015076891944552331e-09
2.415434016637401127e-09
1.790023455654056025e-09
1.295461487308484786e-09
9.125552044981114121e-10
6.248889809833162322e-10
4.183993820823267429e-10
2.810200540500695735e-10
2.023841806147981767e-10
1.735744595469783468e-10
1.808866292823465160e-10
2.085822900271603031e-10
2.473199560681636948e-10
2.896692510232274970e-10
3.297743019696969144e-10
3.630753853525110506e-10
3.860784800828543661e-10
3.961642992230384329e-10
3.914299153627471283e-10
3.776727628958268625e-10
3.622693438665043348e-10
3.460185906077741973e-10
3.295758513990086405e-10
3.134749041330586624e-10
2.981466542140389740e-10
2.839350299279178182e-10
2.711105055185148409e-10
2.598816133030207691e-10
2.504047488491739590e-10
2.427925254612373308e-10
6.756799037021414987e-10
1.820609075456244182e-09
3.454973093271314060e-09
5.389517201473194354e-09
7.463980030230266853e-09
9.543298476644061428e-09
1.151430106493671026e-08
1.328282509239288252e-08
1.477120183356894325e-08
1.591606173300592574e-08
1.666641806745160864e-08
1.698199317104620094e-08
1.683175613258830368e-08
1.634386904428402588e-08
1.568942323323653885e-08
1.490434235855596393e-08
1.402018285272728432e-08
1.306461146273336779e-08
1.206183047779582503e-08
1.103295659674444011e-08
9.996358674941174631e-09
8.967958967902736786e-09
7.961501944187636405e-09
6.988794263358192989e-09
6.059919096970877852e-09
5.183427603898199290e-09
4.366510049217750665e-09
3.615148772697055032e-09
2.934254963602799266e-09
2.261756075822684725e-09
1.546442707818871924e-09
8.070010565401930849e-10
5.991748737663288632e-11
-6.803051309925884243e-10
-1.400951931858402199e-09
-2.090919329585195564e-09
-2.740555221028858104e-09
-3.341514448924891174e-09
-3.886628037278131800e-09
-4.369784860730402464e-09
-4.785824545516946734e-09
-5.130440520783159464e-09
-5.400092247354579627e-09
-5.591925747971721739e-09
-5.703701649778449775e-09
-5.733730027610570244e-09
-5.680811406354694269e-09
-5.531782816696295484e-09
-5.286728379527233423e-09
-4.963341876178573268e-09
-4.577681371195304479e-09
-4.144302575146311544e-09
-3.676381374657438142e-09
-3.185826442535701293e-09
-2.683382759839835275e-09
-2.178726808349657259e-09
-1.680554125338129125e-09
-1.196659852174800142e-09
-7.340128534842005559e-10
-2.988239338014495285e-10
1.033913665762548095e-10
4.677549559873578417e-10
7.899729529342825218e-10
1.066286655707713331e-09
1.293427382117631442e-09
1.468574869638544414e-09
1.589318952079388466e-09
1.653624252429407367e-09
1.659797653021716908e-09
1.623890318393841321e-09
1.565437409629564498e-09
1.487988292901238164e-09
1.394812847772470174e-09
1.288920882991278162e-09
1.173080207380754667e-09
1.049833452569625557e-09
9.215137369688302168e-10
7.902592536535018631e-10
6.580268586026629438e-10
5.266047300346375673e-10
3.976241643146360005e-10
2.725705690631162404e-10
1.527937096248925972e-10
3.951726093936642533e-11
-6.615228694920625810e-11
-1.632173250096551429e-10
-2.507813814772559436e-10
-3.280418997403067213e-10
-3.942835021217602881e-10
-4.488717063724286739e-10
-4.912470640540974520e-10
-5.209196921766334072e-10
-5.374641714748571267e-10
-5.405147865830382417e-10
-5.365896310260192300e-10
-5.324455887803963819e-10
-5.281154652386063420e-10
-5.236298462165370213e-10
-5.190172298518985832e-10
-5.143041506846743004e-10
-5.095152964013106944e-10
-4.998004316492721239e-10
-4.949155190808453632e-10
-4.900372161406252961e-10
-4.851825005878581787e-10
-4.803670730187098704e-10
-4.756054333659154607e-10
-4.709109529510645182e-10
-4.662959423552299529e-10
-4.573486491713859469e-10
-4.530362412086737983e-10
-4.488431625584650719e-10
-4.447773083917878008e-10
-4.408458454620435291e-10
-4.370552568745999714e-10
-4.334113842844308391e-10
-4.265841828345495889e-10
-4.234096767353123135e-10
-4.203996008174797409e-10
-4.175571424169701873e-10
-4.137748099499924156e-10
-4.154207675766474915e-10
-4.195419973789081375e-10
-4.258733081442046405e-10
-4.341644578254117489e-10
-4.556955906112378122e-10
-4.685032737923218840e-10
-4.824048769654361552e-10
-5.127567458503246835e-10
-5.288673551420370020e-10
-5.453914962463316988e-10
-5.621838601874882887e-10
-5.960362236710343373e-10
-6.128484801597474563e-10
-6.294326385793372958e-10
-6.615037894488911952e-10
-6.768012233358249566e-10
-6.914907592958931422e-10
-7.187340918102431836e-10
-7.311455553075238860e-10
-7.532304025635790431e-10
-7.627908904506666546e-10
-7.712954652191089524e-10
-7.849574238341094537e-10
-7.900345174206413500e-10
-7.965064590116327207e-10
-7.978412484848776663e-10
-7.979643568733330617e-10
-7.971651293164709509e-10
-7.958582931320305842e-10
-7.919064503591096204e-10
-7.893482524423523252e-10
-7.832687471018507558e-10
-7.798221553636194838e-10
-7.722884177492705259e-10
-7.682653797191853868e-10
-7.598552489259349630e-10
-7.555229601560227506e-10
-7.467304351712013017e-10
-7.379207343627498149e-10
-7.335624087026933347e-10
-7.250348052735680972e-10
-7.209007539850669816e-10
-7.129728280884686971e-10
-7.055953279505293417e-10
-7.021461028892605033e-10
-6.957859677703118812e-10
-6.928965411322741348e-10
-6.877475077683104449e-10
-6.834954683630370205e-10
-6.817250476651296473e-10
-6.789290055671357745e-10
-6.771648762138739722e-10
-6.766825692265482386e-10
-6.800560783592728189e-10
-6.912825064797293436e-10
-7.099544636641336584e-10
-7.219602893944565454e-10
-7.510769200690395814e-10
-7.866996739940843538e-10
-8.284822326485777529e-10
-8.515795166374420526e-10
-9.019864955133732111e-10
-9.577544282531426241e-10
-1.018588722764883231e-09
-1.084208067153651253e-09
-1.118727704330770492e-09
-1.191024726952664004e-09
-1.267457707297452893e-09
-1.347787221109478515e-09
-1.431784613405965445e-09
-1.519231512114857677e-09
-1.609919364912925306e-09
-1.703648998083600672e-09
-1.800230196278684160e-09
-1.899481302127087233e-09
-2.001228834691507960e-09
-2.105307125826976666e-09
-2.211557973545670421e-09
-2.319830311540423069e-09
-2.460959926281758675e-09
-2.659814714270635722e-09
-2.907776071236072255e-09
-3.196832628986668949e-09
-3.519542771665077931e-09
-3.868999455125962578e-09
-4.238797182536465942e-09
-4.623000999176884741e-09
-5.016117378595394128e-09
-5.413066880793092872e-09
-5.809158471039854368e-09
-6.200065395283064033e-09
-6.768075185145707054e-09
-7.129280655081481153e-09
-7.472711422493208862e-09
-7.795418522749722452e-09
-8.094708373048197818e-09
-8.494428674136423845e-09
-8.724924131052731766e-09
-8.924361861001989928e-09
-9.091011522516856008e-09
-9.276158199361580962e-09
-9.354406758481923608e-09
-9.395138258011466894e-09
-9.383704965884426331e-09
-9.326484317109483987e-09
-9.227493236157085870e-09
-8.991050116988546414e-09
-8.781235193610095823e-09
-8.400904989243687168e-09
-8.110457481887958761e-09
-7.795601053910546151e-09
-7.286402700658172742e-09
-6.927824300550972903e-09
-6.369985208609223399e-09
-5.989455690339989167e-09
-5.413091744444642297e-09
-5.029098082685211967e-09
-4.459720109679358175e-09
-3.905083579056261104e-09
-3.546976714051335957e-09
-3.031992083291423366e-09
-2.705950984081811210e-09
-2.246706830026214731e-09
-1.827440031493650763e-09
-1.572245545893783676e-09
-1.228745197888775385e-09
-9.353919128654430207e-10
-7.691683085179713722e-10
-5.658042208253342745e-10
-4.196447621617402347e-10
-3.326669662654704536e-10
-3.083915576375599986e-10
-2.929502759174011414e-10
-2.784230092499031846e-10
-2.647679442009682953e-10
-2.519452059007095608e-10
-2.438402626947439987e-10
-2.323210857244266648e-10
-2.215366607504277151e-10
-2.114534323400018063e-10
-2.020393749076373897e-10
-1.932639180304999715e-10
-1.850978757342111796e-10
-1.775133795187511816e-10
-1.704838149087549482e-10
-1.639837613260144509e-10
-1.579889350945965568e-10
-1.524761354007523579e-10
-1.474231930407651615e-10
-1.428089218001041088e-10
-1.373040679856026656e-10
-1.336361527066232697e-10
-1.303428121404448834e-10
-1.274066157246401956e-10
-1.248108953256085712e-10
-1.225397102110826870e-10
-1.199900398753245345e-10
-1.184179519841849241e-10
-1.174150345117291946e-10
-1.182838815220632454e-10
-1.204357343123047602e-10
-1.236891525888970359e-10
-1.294751472948293733e-10
-1.347155292630450878e-10
-1.405805546873896391e-10
-1.491602975296147839e-10
-1.560173638417958382e-10
-1.655236930668316375e-10
-1.728009454619330256e-10
-1.825318100986814708e-10
-1.897451860704141799e-10
-1.991079048753512717e-10
-2.058499575231900182e-10
-2.143472717515009503e-10
-2.221592880058658619e-10
-2.274952348043052862e-10
-2.338243665369855171e-10
-2.391655287742303161e-10
-2.424696745914383739e-10
-2.458762314159808426e-10
-2.480770072949304934e-10
-2.490104446976078095e-10
-2.486232501023439218e-10
-2.474384411181604230e-10
-2.445273129789961533e-10
-2.379009680263532153e-10
-2.271676284292110207e-10
-2.129211359885686577e-10
-1.957125208141750547e-10
-1.760527240978528793e-10
-1.544151481643839864e-10
-1.312380451833316642e-10
-1.069267551338637050e-10
-8.185580288178755681e-11
-5.637086354861891616e-11
-3.079060472300289236e-11
8.740799645964803021e-13
2.563201165285232807e-11
4.961596219051198737e-11
7.260403512984609144e-11
9.963138289474382576e-11
1.196641700075727030e-10
1.381053020358867567e-10
1.586928225612630198e-10
1.730296451051168112e-10
1.853414758707539620e-10
1.977235316499079679e-10
2.051096763396908404e-10
2.110599397630955859e-10
2.131088004648818956e-10
2.121823668605145373e-10
2.098052306227689769e-10
2.066685173121124728e-10
2.033602813114115384e-10
2.005985045100193255e-10
1.970121455126693707e-10
1.932871185370400230e-10
1.902143581843674984e-10
1.862659015954529941e-10
1.822068613149229628e-10
1.780462455815913532e-10
1.737925707045537481e-10
1.694538874015814227e-10
1.650378056536159145e-10
1.614540603206417657e-10
1.569165207491185897e-10
1.523207406816958646e-10
1.467375457461636741e-10
1.420347666877435760e-10
1.372922198933066907e-10
1.325150189046115209e-10
1.277079915728613753e-10
1.228756949712244249e-10
1.170496213027920546e-10
1.121765280118340268e-10
1.072910879582642854e-10
1.023968664036837620e-10
9.507689306147456963e-11
8.179631488685769632e-11
5.715918051158199703e-11
3.041969631550202304e-11
-7.884838608391657805e-12
-4.408918386816085249e-11
-9.161492808023179759e-11
-1.338501742590750799e-10
-1.867806769325382738e-10
-2.412511642823563900e-10
-2.871760236722821205e-10
-3.422157286379036435e-10
-3.964689375365411681e-10
-4.492470969237894179e-10
-4.999231882238523631e-10
-5.479274542889152457e-10
-5.927434116607173364e-10
-6.339041289854496882e-10
-6.709887534329213348e-10
-7.036192682650161183e-10
-7.314574658952878244e-10
-7.542021218885536080e-10
-7.715863563742328052e-10
-7.833751702956591959e-10
-7.893631447962972629e-10
-7.887814762656423729e-10
-7.816302857293638648e-10
-7.686772055797646204e-10
-7.472492451093754316e-10
-7.242294455524436347e-10
-6.928119445116346227e-10
-6.626284230217882907e-10
-6.243637164364772073e-10
-5.895132512293272536e-10
-5.470996843971605362e-10
-5.034312242580633122e-10
-4.591215371454518675e-10
-4.210591317232280369e-10
-3.770146892005566970e-10
-3.338121182636274792e-10
-2.918861652319539961e-10
-2.516326468571497057e-10
-2.134111299634977951e-10
-1.775474339477307434e-10
-1.443359681126017588e-10
-1.140419149621686248e-10
-8.690326980289116327e-11
-6.313274626931448617e-11
-4.033237267556434888e-11
-2.438845497011383119e-11
-1.233578069460807505e-11
-3.486508907633269166e-12
-1.733182954917494562e-13
0.000000000000000000e+00
0.000000000000000000e+00
0.000000000000000000e+00
0.000000000000000000e+00
0.000000000000000000e+00
0.000000000000000000e+00
0.000000000000000000e+00
0.000000000000000000e+00
0.000000000000000000e+00
0.000000000000000000e+00
0.000000000000000000e+00
0.000000000000000000e+00
0.000000000000000000e+00
0.000000000000000000e+00
0.000000000000000000e+00
0.000000000000000000e+00
0.000000000000000000e+00
0.000000000000000000e+00
0.000000000000000000e+00
0.000000000000000000e+00
0.000000000000000000e+00
0.000000000000000000e+00
0.000000000000000000e+00
0.000000000000000000e+00
0.000000000000000000e+00
0.000000000000000000e+00
0.000000000000000000e+00
0.000000000000000000e+00
0.000000000000000000e+00
0.000000000000000000e+00
0.000000000000000000e+00
0.000000000000000000e+00
0.000000000000000000e+00
0.000000000000000000e+00
0.000000000000000000e+00
0.000000000000000000e+00
0.000000000000000000e+00
0.000000000000000000e+00
0.000000000000000000e+00
0.000000000000000000e+00
0.000000000000000000e+00
0.000000000000000000e+00
0.000000000000000000e+00
0.000000000000000000e+00
0.000000000000000000e+00
0.000000000000000000e+00
0.000000000000000000e+00
0.000000000000000000e+00
0.000000000000000000e+00
0.000000000000000000e+00
0.000000000000000000e+00
0.000000000000000000e+00
0.000000000000000000e+00
0.000000000000000000e+00
0.000000000000000000e+00
0.000000000000000000e+00
0.000000000000000000e+00
0.000000000000000000e+00
0.000000000000000000e+00
0.000000000000000000e+00
0.000000000000000000e+00
0.000000000000000000e+00
0.000000000000000000e+00
0.000000000000000000e+00
0.000000000000000000e+00
0.000000000000000000e+00
0.000000000000000000e+00
0.000000000000000000e+00
0.000000000000000000e+00
0.000000000000000000e+00
0.000000000000000000e+00
0.000000000000000000e+00
0.000000000000000000e+00
0.000000000000000000e+00
0.000000000000000000e+00
0.000000000000000000e+00
0.000000000000000000e+00
0.000000000000000000e+00
0.000000000000000000e+00
0.000000000000000000e+00
0.000000000000000000e+00
0.000000000000000000e+00
0.000000000000000000e+00
0.000000000000000000e+00
0.000000000000000000e+00
0.000000000000000000e+00
0.000000000000000000e+00
0.000000000000000000e+00
0.000000000000000000e+00
0.000000000000000000e+00
0.000000000000000000e+00
0.000000000000000000e+00
0.000000000000000000e+00
0.000000000000000000e+00
0.000000000000000000e+00
0.000000000000000000e+00
0.000000000000000000e+00
0.000000000000000000e+00
0.000000000000000000e+00
0.000000000000000000e+00
0.000000000000000000e+00
0.000000000000000000e+00
0.000000000000000000e+00
0.000000000000000000e+00
0.000000000000000000e+00
0.000000000000000000e+00
0.000000000000000000e+00
0.000000000000000000e+00
0.000000000000000000e+00
0.000000000000000000e+00
0.000000000000000000e+00
0.000000000000000000e+00
0.000000000000000000e+00
0.000000000000000000e+00
0.000000000000000000e+00
0.000000000000000000e+00
0.000000000000000000e+00
0.000000000000000000e+00
0.000000000000000000e+00
0.000000000000000000e+00
0.000000000000000000e+00
0.000000000000000000e+00
0.000000000000000000e+00
0.000000000000000000e+00
0.000000000000000000e+00
0.000000000000000000e+00
0.000000000000000000e+00
0.000000000000000000e+00
0.000000000000000000e+00
0.000000000000000000e+00
0.000000000000000000e+00
0.000000000000000000e+00
0.000000000000000000e+00
0.000000000000000000e+00
0.000000000000000000e+00
0.000000000000000000e+00
0.000000000000000000e+00
0.000000000000000000e+00
0.000000000000000000e+00
0.000000000000000000e+00
0.000000000000000000e+00
0.000000000000000000e+00
0.000000000000000000e+00
0.000000000000000000e+00
0.000000000000000000e+00
0.000000000000000000e+00
0.000000000000000000e+00
0.000000000000000000e+00
0.000000000000000000e+00
0.000000000000000000e+00
0.000000000000000000e+00
0.000000000000000000e+00
0.000000000000000000e+00
0.000000000000000000e+00
0.000000000000000000e+00
0.000000000000000000e+00
0.000000000000000000e+00
0.000000000000000000e+00
0.000000000000000000e+00
0.000000000000000000e+00
0.000000000000000000e+00
0.000000000000000000e+00
0.000000000000000000e+00
0.000000000000000000e+00
0.000000000000000000e+00
0.000000000000000000e+00
0.000000000000000000e+00
0.000000000000000000e+00
0.000000000000000000e+00
0.000000000000000000e+00
0.000000000000000000e+00
0.000000000000000000e+00
0.000000000000000000e+00
0.000000000000000000e+00
0.000000000000000000e+00
0.000000000000000000e+00
0.000000000000000000e+00
0.000000000000000000e+00
0.000000000000000000e+00
0.000000000000000000e+00
0.000000000000000000e+00
0.000000000000000000e+00
0.000000000000000000e+00
0.000000000000000000e+00
0.000000000000000000e+00
0.000000000000000000e+00
0.000000000000000000e+00
0.000000000000000000e+00
0.000000000000000000e+00
0.000000000000000000e+00
0.000000000000000000e+00
0.000000000000000000e+00
0.000000000000000000e+00
0.000000000000000000e+00
0.000000000000000000e+00
0.000000000000000000e+00
0.000000000000000000e+00
0.000000000000000000e+00
0.000000000000000000e+00
0.000000000000000000e+00
0.000000000000000000e+00
0.000000000000000000e+00
0.000000000000000000e+00
0.000000000000000000e+00
0.000000000000000000e+00
0.000000000000000000e+00
0.000000000000000000e+00
0.000000000000000000e+00
0.000000000000000000e+00
0.000000000000000000e+00
0.000000000000000000e+00
0.000000000000000000e+00
0.000000000000000000e+00
0.000000000000000000e+00
0.000000000000000000e+00
0.000000000000000000e+00
0.000000000000000000e+00
0.000000000000000000e+00
0.000000000000000000e+00
0.000000000000000000e+00
0.000000000000000000e+00
0.000000000000000000e+00
0.000000000000000000e+00
0.000000000000000000e+00
0.000000000000000000e+00
0.000000000000000000e+00
0.000000000000000000e+00
0.000000000000000000e+00
0.000000000000000000e+00
0.000000000000000000e+00
0.000000000000000000e+00
0.000000000000000000e+00
0.000000000000000000e+00
0.000000000000000000e+00
0.000000000000000000e+00
0.000000000000000000e+00
0.000000000000000000e+00
0.000000000000000000e+00
0.000000000000000000e+00
0.000000000000000000e+00
0.000000000000000000e+00
0.000000000000000000e+00
0.000000000000000000e+00
0.000000000000000000e+00
0.000000000000000000e+00
0.000000000000000000e+00
0.000000000000000000e+00
0.000000000000000000e+00
0.000000000000000000e+00
0.000000000000000000e+00
0.000000000000000000e+00
0.000000000000000000e+00
0.000000000000000000e+00
0.000000000000000000e+00
0.000000000000000000e+00
0.000000000000000000e+00
0.000000000000000000e+00
0.000000000000000000e+00
0.000000000000000000e+00
0.000000000000000000e+00
0.000000000000000000e+00
0.000000000000000000e+00
0.000000000000000000e+00
0.000000000000000000e+00
0.000000000000000000e+00
0.000000000000000000e+00
0.000000000000000000e+00
0.000000000000000000e+00
0.000000000000000000e+00
0.000000000000000000e+00
0.000000000000000000e+00
0.000000000000000000e+00
0.000000000000000000e+00
0.000000000000000000e+00
0.000000000000000000e+00
0.000000000000000000e+00
0.000000000000000000e+00
0.000000000000000000e+00
0.000000000000000000e+00
0.000000000000000000e+00
0.000000000000000000e+00
0.000000000000000000e+00
0.000000000000000000e+00
0.000000000000000000e+00
0.000000000000000000e+00
0.000000000000000000e+00
0.000000000000000000e+00
0.000000000000000000e+00
0.000000000000000000e+00
0.000000000000000000e+00
0.000000000000000000e+00
0.000000000000000000e+00
0.000000000000000000e+00
0.000000000000000000e+00
0.000000000000000000e+00
0.000000000000000000e+00
0.000000000000000000e+00
0.000000000000000000e+00
0.000000000000000000e+00
0.000000000000000000e+00
0.000000000000000000e+00
0.000000000000000000e+00
0.000000000000000000e+00
0.000000000000000000e+00
0.000000000000000000e+00
0.000000000000000000e+00
0.000000000000000000e+00
0.000000000000000000e+00
0.000000000000000000e+00
0.000000000000000000e+00
0.000000000000000000e+00
0.000000000000000000e+00
0.000000000000000000e+00
0.000000000000000000e+00
0.000000000000000000e+00
0.000000000000000000e+00
0.000000000000000000e+00
0.000000000000000000e+00
0.000000000000000000e+00
0.000000000000000000e+00
0.000000000000000000e+00
0.000000000000000000e+00
0.000000000000000000e+00
0.000000000000000000e+00
0.000000000000000000e+00
0.000000000000000000e+00
0.000000000000000000e+00
0.000000000000000000e+00
0.000000000000000000e+00
0.000000000000000000e+00
0.000000000000000000e+00
0.000000000000000000e+00
0.000000000000000000e+00
0.000000000000000000e+00
0.000000000000000000e+00
0.000000000000000000e+00
0.000000000000000000e+00
0.000000000000000000e+00
0.000000000000000000e+00
0.000000000000000000e+00
0.000000000000000000e+00
0.000000000000000000e+00
0.000000000000000000e+00
0.000000000000000000e+00
0.000000000000000000e+00
0.000000000000000000e+00
0.000000000000000000e+00
0.000000000000000000e+00
0.000000000000000000e+00
0.000000000000000000e+00
0.000000000000000000e+00
0.000000000000000000e+00
0.000000000000000000e+00
0.000000000000000000e+00
0.000000000000000000e+00
0.000000000000000000e+00
0.000000000000000000e+00
0.000000000000000000e+00
0.000000000000000000e+00
0.000000000000000000e+00
0.000000000000000000e+00
0.000000000000000000e+00
0.000000000000000000e+00
0.000000000000000000e+00
0.000000000000000000e+00
0.000000000000000000e+00
0.000000000000000000e+00
0.000000000000000000e+00
0.000000000000000000e+00
0.000000000000000000e+00
0.000000000000000000e+00
0.000000000000000000e+00
0.000000000000000000e+00
0.000000000000000000e+00
0.000000000000000000e+00
0.000000000000000000e+00
0.000000000000000000e+00
0.000000000000000000e+00
0.000000000000000000e+00
0.000000000000000000e+00
0.000000000000000000e+00
0.000000000000000000e+00
0.000000000000000000e+00
0.000000000000000000e+00
0.000000000000000000e+00
0.000000000000000000e+00
0.000000000000000000e+00
0.000000000000000000e+00
0.000000000000000000e+00
0.000000000000000000e+00
0.000000000000000000e+00
0.000000000000000000e+00
0.000000000000000000e+00
0.000000000000000000e+00
0.000000000000000000e+00
0.000000000000000000e+00
0.000000000000000000e+00
0.000000000000000000e+00
0.000000000000000000e+00
0.000000000000000000e+00
0.000000000000000000e+00
0.000000000000000000e+00
0.000000000000000000e+00
0.000000000000000000e+00
0.000000000000000000e+00
0.000000000000000000e+00
0.000000000000000000e+00
0.000000000000000000e+00
0.000000000000000000e+00
0.000000000000000000e+00
0.000000000000000000e+00
0.000000000000000000e+00
0.000000000000000000e+00
0.000000000000000000e+00
0.000000000000000000e+00
0.000000000000000000e+00
0.000000000000000000e+00
0.000000000000000000e+00
0.000000000000000000e+00
0.000000000000000000e+00
0.000000000000000000e+00
0.000000000000000000e+00
0.000000000000000000e+00
0.000000000000000000e+00
0.000000000000000000e+00
0.000000000000000000e+00
0.000000000000000000e+00
0.000000000000000000e+00
0.000000000000000000e+00
0.000000000000000000e+00
0.000000000000000000e+00
0.000000000000000000e+00
0.000000000000000000e+00
0.000000000000000000e+00
0.000000000000000000e+00
0.000000000000000000e+00
0.000000000000000000e+00
0.000000000000000000e+00
0.000000000000000000e+00
0.000000000000000000e+00
0.000000000000000000e+00
0.000000000000000000e+00
0.000000000000000000e+00
0.000000000000000000e+00
0.000000000000000000e+00
0.000000000000000000e+00
0.000000000000000000e+00
0.000000000000000000e+00
0.000000000000000000e+00
0.000000000000000000e+00
0.000000000000000000e+00
0.000000000000000000e+00
0.000000000000000000e+00
0.000000000000000000e+00
0.000000000000000000e+00
0.000000000000000000e+00
0.000000000000000000e+00
0.000000000000000000e+00
0.000000000000000000e+00
0.000000000000000000e+00
0.000000000000000000e+00
0.000000000000000000e+00
0.000000000000000000e+00
0.000000000000000000e+00
0.000000000000000000e+00
0.000000000000000000e+00
0.000000000000000000e+00
0.000000000000000000e+00
0.000000000000000000e+00
0.000000000000000000e+00
0.000000000000000000e+00
0.000000000000000000e+00
0.000000000000000000e+00
0.000000000000000000e+00
0.000000000000000000e+00
0.000000000000000000e+00
0.000000000000000000e+00
0.000000000000000000e+00
0.000000000000000000e+00
0.000000000000000000e+00
0.000000000000000000e+00
0.000000000000000000e+00
0.000000000000000000e+00
0.000000000000000000e+00
0.000000000000000000e+00
0.000000000000000000e+00
0.000000000000000000e+00
0.000000000000000000e+00
0.000000000000000000e+00
0.000000000000000000e+00
0.000000000000000000e+00
0.000000000000000000e+00
0.000000000000000000e+00
0.000000000000000000e+00
0.000000000000000000e+00
0.000000000000000000e+00
0.000000000000000000e+00
0.000000000000000000e+00
0.000000000000000000e+00
0.000000000000000000e+00
0.000000000000000000e+00
0.000000000000000000e+00
0.000000000000000000e+00
0.000000000000000000e+00
0.000000000000000000e+00
0.000000000000000000e+00
0.000000000000000000e+00
0.000000000000000000e+00
0.000000000000000000e+00
0.000000000000000000e+00
0.000000000000000000e+00
0.000000000000000000e+00
0.000000000000000000e+00
0.000000000000000000e+00
0.000000000000000000e+00
0.000000000000000000e+00
nan
