# bin_20_15
-1.435544393275022389e-08
-8.366090941939575226e-09
-8.705343783303304349e-09
-3.411495491866592636e-09
-5.713645592214036191e-09
-3.004802263066106697e-10
-4.788102944055441039e-09
1.621233987884026069e-09
-3.383816031890883079e-09
3.180101698639316361e-09
-3.533374450639336108e-09
3.318037408637816847e-09
-3.364658528824469755e-09
-3.433149895866253654e-09
-3.151940546200396671e-09
-1.218717230851267462e-09
1.270906181042251967e-09
2.175755419608231348e-09
1.576487825073171499e-09
6.327946703522120194e-10
-2.705482471378548593e-10
-9.353425989381178485e-10
-1.513755374707261119e-09
-2.046170342997651298e-09
-2.354415903526606537e-09
-2.350504121012425488e-09
-1.730343129112367713e-09
-6.620747128862837535e-10
3.735848748446359071e-10
1.079684679560231600e-09
1.284520518831315665e-09
7.302146413481861062e-10
-3.889167310937986039e-10
-1.634314190129466759e-09
-2.709043568973222324e-09
-3.418990351202302167e-09
-3.644393439446672094e-09
-3.588993571424191200e-09
-3.511748040006292727e-09
-3.417538787252048470e-09
-3.310351672921088290e-09
-3.193442319382804234e-09
-3.069469613218631180e-09
-2.940603582074436816e-09
-2.678509797672265806e-09
-2.235809553818842063e-09
-1.714064575199376774e-09
-1.190617200714143390e-09
-7.235316020542174131e-10
-3.555478748079235151e-10
-1.172508020801466345e-10
-2.961217225004013150e-11
-2.297733209803062089e-11
-1.755844953443891384e-11
-1.320141579164573764e-11
-9.771386795773499455e-12
-7.150231670532259859e-12
-5.234345468182688815e-12
-3.932769983980064176e-12
-3.165575826931700123e-12
-2.862466579501489895e-12
-3.899019418027790897e-12
-6.689299793889672217e-12
-1.057572214835664711e-11
-1.501597057111538032e-11
-1.956546109437182792e-11
-2.386243655665717045e-11
-2.761528730032593583e-11
-3.059175667580484815e-11
-3.260974487307190655e-11
-3.352946998241219875e-11
-3.324678302264601357e-11
-3.083068482045151679e-11
-2.598198767154888123e-11
-1.947066549949566348e-11
-1.195116833612298430e-11
-3.977526821301693355e-12
3.983497019731969042e-12
1.154095202494874466e-11
1.836970892303756840e-11
2.420174697345198865e-11
2.881854959823725872e-11
3.204446509306713662e-11
3.374090796026482702e-11
3.380129309975107904e-11
3.275763224841449522e-11
3.128357079306772948e-11
2.949413509813804125e-11
2.748963750510862965e-11
2.535732373701210256e-11
2.317283731640811831e-11
2.100152201216924681e-11
1.889958079641220849e-11
1.691510758142115957e-11
1.508900607404444998e-11
1.345580839460367087e-11
1.204440462686491756e-11
1.087869316756294168e-11
9.978160604632827280e-12
9.358398852228050088e-12
9.031566390099200193e-12
8.920674283313173879e-12
8.934768742853744340e-12
9.063354221616347188e-12
9.296707550897917959e-12
9.625819511132529886e-12
1.004234112388068573e-11
1.053853425370408283e-11
1.110722614722131202e-11
1.174176757139080719e-11
1.243599424434079924e-11
1.318419128021957602e-11
1.398106039492271818e-11
1.482168964244669215e-11
1.570152547228600815e-11
1.661634691696959512e-11
1.756224173571830859e-11
1.853558435549182026e-11
1.953301546453387043e-11
2.068538056612711305e-11
2.208443578900852212e-11
2.367280108838314221e-11
2.539860486537231967e-11
2.721502792494008011e-11
2.907988478691365962e-11
3.095523918577796104e-11
3.280705087677062427e-11
3.460485112110157225e-11
3.632144445451218191e-11
3.793263455325880959e-11
3.941697220205516403e-11
4.075552354145075801e-11
4.193165692925448404e-11
4.293084689346199837e-11
4.374049378408395583e-11
4.434975784953900979e-11
4.474940657096465562e-11
4.493167418592256589e-11
4.489013242242398597e-11
4.461957154577938521e-11
4.411589089522667820e-11
4.304595756812574732e-11
4.116888833843891475e-11
3.861177554032324249e-11
3.549169957278213619e-11
3.191642460368790283e-11
2.798504607534564108e-11
2.378859347904941352e-11
1.941059160311211166e-11
1.492758321701257956e-11
1.040961593181291145e-11
5.920695772171002713e-12
1.519209806676972654e-12
-2.741679990525411555e-12
-6.813669634044626039e-12
-1.065297091234854084e-11
-1.421999233480431008e-11
-1.747904163749107908e-11
-2.039804836071921522e-11
-2.294830511838169116e-11
-2.510422627833303080e-11
-2.684312286455713080e-11
-2.814499257653815839e-11
-2.899232389958960737e-11
-2.936991335235742711e-11
-2.926469498481146493e-11
-2.853683100593501954e-11
-2.711765452063484013e-11
-2.509759276761069207e-11
-2.256101572992357761e-11
-1.958659544741858374e-11
-1.624764403782606379e-11
-1.261243173844144382e-11
-4.702874144565676726e-12
-5.424665666456116758e-13
3.685811694940783029e-12
7.934746897669860203e-12
1.216061507428305445e-11
1.632297359044975627e-11
2.038446481394321541e-11
2.431063117170858499e-11
3.163262396760143007e-11
3.497251722812133183e-11
3.806491882144709192e-11
4.088745072011022020e-11
4.341972927568815934e-11
4.564324318703857894e-11
4.754123847283756552e-11
5.030179947037660573e-11
5.113869864999283388e-11
5.159855892931746516e-11
5.167190547017103258e-11
5.074656148441443886e-11
4.998938138069981320e-11
4.909594371886280518e-11
4.808230806228177398e-11
4.696361484106784164e-11
4.446729765412574912e-11
4.311576467307636636e-11
4.171143764518483149e-11
3.878850955949972669e-11
3.729031265111446995e-11
3.578019642759527039e-11
3.426685965203825367e-11
3.126261148643701259e-11
2.978647160003809566e-11
2.833670569217354407e-11
2.554078431779132071e-11
2.420584148522504837e-11
2.291974000191259530e-11
2.051239049369602978e-11
1.939947206846141062e-11
1.737364589691002325e-11
1.646727407484994416e-11
1.563584231551610637e-11
1.420805209015814391e-11
1.361624701501332706e-11
1.268660732321298359e-11
1.235209893007337378e-11
1.179124873999916097e-11
1.152525406599982814e-11
1.126850938230605989e-11
1.078170837489204200e-11
1.055114084896159379e-11
1.011444993658262757e-11
9.907859300136739813e-12
9.517070525802474507e-12
9.332445026794909469e-12
8.983709705593676540e-12
8.819208756423503789e-12
8.509004553146841017e-12
8.222678559954931494e-12
8.088044400979831032e-12
7.835025008513518488e-12
7.716330049590924984e-12
7.493828062918234190e-12
7.290236452418843137e-12
7.195194312547412055e-12
7.017974907045636313e-12
6.935551432377722315e-12
6.782487075542114341e-12
6.644384393565215928e-12
6.580674663924256719e-12
6.463426310961039707e-12
6.359089362984156884e-12
6.311528928441282235e-12
6.264268653943602102e-12
6.302964587158174333e-12
6.422153121515543918e-12
6.510308202404279336e-12
6.740650471210549734e-12
7.039116403780131734e-12
7.401230985637665983e-12
7.604826073311157072e-12
8.054560012884998422e-12
8.557806560129814826e-12
9.110896960958494146e-12
9.710364503343140926e-12
1.002645882349609537e-11
1.068940648717428893e-11
1.139087636880182415e-11
1.212802471310094606e-11
1.289816422231150595e-11
1.369875549604236316e-11
1.452739896589284393e-11
1.538182729412938384e-11
1.625989820776455376e-11
1.715958774128143062e-11
1.807898386302487678e-11
1.901628046192087713e-11
1.996977167271180981e-11
2.093784651931913449e-11
2.205014237400057816e-11
2.340885862941608393e-11
2.497357610989427735e-11
2.670676520257926321e-11
2.857360645209533960e-11
3.054182221289726811e-11
3.258151865262799958e-11
3.466503744739123191e-11
3.676681655404623663e-11
3.886325948567785869e-11
4.093261255455895936e-11
4.295484958237053129e-11
4.586001491824296696e-11
4.768722462297490866e-11
4.940932549240953431e-11
5.101281620485973512e-11
5.248540292163376847e-11
5.442470972508844540e-11
5.552349381515834958e-11
5.645678551610869663e-11
5.721683761408868298e-11
5.801719315442626335e-11
5.831561761689229684e-11
5.841993537840580240e-11
5.820303723456700412e-11
5.780423635807026607e-11
5.718211631821555771e-11
5.567375748206832155e-11
5.431992205595249328e-11
5.185161661994141495e-11
4.996020262499814956e-11
4.790627193451057200e-11
4.457992044314662808e-11
4.223550626422964223e-11
3.858683017025182413e-11
3.609764729554464915e-11
3.232819755861831212e-11
2.981795836629600026e-11
2.609843246840406797e-11
2.247943775255969718e-11
2.014577554520896875e-11
1.679521148595359870e-11
1.467815927522386799e-11
1.170360288973137623e-11
8.998320975871755196e-12
7.358477059000213656e-12
5.163042010026604893e-12
3.304822360346268262e-12
2.263270766454027881e-12
1.009872137190806551e-12
1.407890610019939728e-13
-3.307990052607348468e-13
-4.188243896819390140e-13
-1.993945642633587851e-13
4.076331726727171138e-13
1.345550569462700090e-12
2.561887600596727942e-12
3.503345135121854155e-12
5.077746134003243442e-12
6.809294300299785134e-12
8.658799385607883591e-12
1.059015071759477833e-11
1.257011312695892992e-11
1.456813617753706833e-11
1.655617580405818831e-11
1.850852752542638402e-11
2.040167046003641997e-11
2.221412142388866374e-11
2.392629844250189437e-11
2.552039305414545948e-11
2.698025082503188073e-11
2.869286827694654552e-11
2.978515192608851805e-11
3.069991353647512344e-11
3.142696269585796695e-11
3.195724376876874001e-11
3.228275730987962806e-11
3.238625311268129537e-11
3.220825801632203809e-11
3.184906515790341040e-11
3.130848884215623213e-11
3.086978074825547305e-11
3.040434170824075640e-11
2.974481555508524299e-11
2.922284967819670556e-11
2.867900220625670745e-11
2.792209972123526696e-11
2.733221010603692605e-11
2.651832098085527894e-11
2.588882911260101090e-11
2.502609194088820565e-11
2.436278240381295758e-11
2.345850714432112231e-11
2.276657511609212321e-11
2.182732618109364153e-11
2.087077843895064736e-11
2.014310696184742967e-11
1.916057085503750075e-11
1.816544996769996781e-11
1.741177085693469201e-11
1.639823807418134111e-11
1.537609271107690090e-11
1.434661752516517510e-11
1.331101676320678758e-11
1.253097883170757983e-11
1.148348952209880062e-11
1.034917132799166426e-11
9.110542426534735337e-12
7.785160994065760737e-12
6.389297582498311535e-12
4.938017444664725982e-12
3.445257625216725002e-12
1.923899162475242170e-12
3.858347225949002574e-13
-1.157968034837987023e-12
-2.697407081288769290e-12
-4.223190374459918224e-12
-6.098282917912992993e-12
-7.563213171776905542e-12
-8.989273984050578494e-12
-1.037007193468483817e-11
-1.202359831899312872e-11
-1.328207200321985760e-11
-1.447825277541623988e-11
-1.587949835293914457e-11
-1.692075525487301426e-11
-1.788753791815350235e-11
-1.898685912044175261e-11
-1.977588719751717464e-11
-2.064553824276641449e-11
-2.124567739395215308e-11
-2.187380659878072742e-11
-2.229289070388524425e-11
-2.274132991930387431e-11
-2.311397936088192250e-11
-2.336292972714048931e-11
-2.361895322559072398e-11
-2.382020840914788957e-11
-2.394617561494395273e-11
-2.406495894327930644e-11
-2.414606823425751432e-11
-2.419478858075891395e-11
-2.421601778504285876e-11
-2.421429145311337559e-11
-2.419380646739974202e-11
-2.416652979953613495e-11
-2.412185742292092202e-11
-2.406855722641810806e-11
-2.399755327896933112e-11
-2.393583364915627324e-11
-2.387455948094464344e-11
-2.381609863712227764e-11
-2.376262123764128823e-11
-2.371611262125713446e-11
-2.367204188146221368e-11
-2.364701899171610461e-11
-2.363421284039644334e-11
-2.363495666590004653e-11
-2.365599775247725456e-11
-2.369230526238002664e-11
-2.375456137377990465e-11
-2.381857740420719992e-11
-2.390591325568473345e-11
-2.398452943174999480e-11
-2.408243296633921755e-11
-2.416450703692227402e-11
-2.426067265797475880e-11
-2.435140376422005501e-11
-2.442083255629369307e-11
-2.449451370441596077e-11
-2.455548877822467447e-11
-2.460164990347112473e-11
-2.463110114489377590e-11
-2.464214323132693375e-11
-2.463325932108408821e-11
-2.460310173563477420e-11
-2.455047959478711827e-11
-2.447434729138726568e-11
-2.437379374798308793e-11
-2.424803240200107450e-11
-2.409639186978093457e-11
-2.391830724332300468e-11
-2.371331197685483417e-11
-2.343964220530656935e-11
-2.317314871921866359e-11
-2.278912617280654973e-11
-2.215384716200604366e-11
-2.147137458083985376e-11
-2.053993367163107654e-11
-1.964507679987966734e-11
-1.851063542447766145e-11
-1.747741674305764821e-11
-1.621997328179618202e-11
-1.492532574878983007e-11
-1.361166763201860421e-11
-1.248322391948084824e-11
-1.117742956188307282e-11
-9.896594338821235256e-12
-8.653607260996637965e-12
-7.460203186459386474e-12
-6.327042264445932457e-12
-5.263784127488356355e-12
-4.279157186808153594e-12
-3.381023360906264075e-12
-2.576438544022914312e-12
-1.871709099637001193e-12
-1.195741883693348336e-12
-7.230493807274160061e-13
-3.657213465533355421e-13
-1.033652238181491657e-13
-5.138402017568133193e-15
0.000000000000000000e+00
0.000000000000000000e+00
0.000000000000000000e+00
0.000000000000000000e+00
0.000000000000000000e+00
0.000000000000000000e+00
0.000000000000000000e+00
0.000000000000000000e+00
0.000000000000000000e+00
0.000000000000000000e+00
0.000000000000000000e+00
0.000000000000000000e+00
0.000000000000000000e+00
0.000000000000000000e+00
0.000000000000000000e+00
0.000000000000000000e+00
0.000000000000000000e+00
0.000000000000000000e+00
0.000000000000000000e+00
0.000000000000000000e+00
0.000000000000000000e+00
0.000000000000000000e+00
0.000000000000000000e+00
0.000000000000000000e+00
0.000000000000000000e+00
0.000000000000000000e+00
0.000000000000000000e+00
0.000000000000000000e+00
0.000000000000000000e+00
0.000000000000000000e+00
0.000000000000000000e+00
0.000000000000000000e+00
0.000000000000000000e+00
0.000000000000000000e+00
0.000000000000000000e+00
0.000000000000000000e+00
0.000000000000000000e+00
0.000000000000000000e+00
0.000000000000000000e+00
0.000000000000000000e+00
0.000000000000000000e+00
0.000000000000000000e+00
0.000000000000000000e+00
0.000000000000000000e+00
0.000000000000000000e+00
0.000000000000000000e+00
0.000000000000000000e+00
0.000000000000000000e+00
0.000000000000000000e+00
0.000000000000000000e+00
0.000000000000000000e+00
0.000000000000000000e+00
0.000000000000000000e+00
0.000000000000000000e+00
0.000000000000000000e+00
0.000000000000000000e+00
0.000000000000000000e+00
0.000000000000000000e+00
0.000000000000000000e+00
0.000000000000000000e+00
0.000000000000000000e+00
0.000000000000000000e+00
0.000000000000000000e+00
0.000000000000000000e+00
0.000000000000000000e+00
0.000000000000000000e+00
0.000000000000000000e+00
0.000000000000000000e+00
0.000000000000000000e+00
0.000000000000000000e+00
0.000000000000000000e+00
0.000000000000000000e+00
0.000000000000000000e+00
0.000000000000000000e+00
0.000000000000000000e+00
0.000000000000000000e+00
0.000000000000000000e+00
0.000000000000000000e+00
0.000000000000000000e+00
0.000000000000000000e+00
0.000000000000000000e+00
0.000000000000000000e+00
0.000000000000000000e+00
0.000000000000000000e+00
0.000000000000000000e+00
0.000000000000000000e+00
0.000000000000000000e+00
0.000000000000000000e+00
0.000000000000000000e+00
0.000000000000000000e+00
0.000000000000000000e+00
0.000000000000000000e+00
0.000000000000000000e+00
0.000000000000000000e+00
0.000000000000000000e+00
0.000000000000000000e+00
0.000000000000000000e+00
0.000000000000000000e+00
0.000000000000000000e+00
0.000000000000000000e+00
0.000000000000000000e+00
0.000000000000000000e+00
0.000000000000000000e+00
0.000000000000000000e+00
0.000000000000000000e+00
0.000000000000000000e+00
0.000000000000000000e+00
0.000000000000000000e+00
0.000000000000000000e+00
0.000000000000000000e+00
0.000000000000000000e+00
0.000000000000000000e+00
0.000000000000000000e+00
0.000000000000000000e+00
0.000000000000000000e+00
0.000000000000000000e+00
0.000000000000000000e+00
0.000000000000000000e+00
0.000000000000000000e+00
0.000000000000000000e+00
0.000000000000000000e+00
0.000000000000000000e+00
0.000000000000000000e+00
0.000000000000000000e+00
0.000000000000000000e+00
0.000000000000000000e+00
0.000000000000000000e+00
0.000000000000000000e+00
0.000000000000000000e+00
0.000000000000000000e+00
0.000000000000000000e+00
0.000000000000000000e+00
0.000000000000000000e+00
0.000000000000000000e+00
0.000000000000000000e+00
0.000000000000000000e+00
0.000000000000000000e+00
0.000000000000000000e+00
0.000000000000000000e+00
0.000000000000000000e+00
0.000000000000000000e+00
0.000000000000000000e+00
0.000000000000000000e+00
0.000000000000000000e+00
0.000000000000000000e+00
0.000000000000000000e+00
0.000000000000000000e+00
0.000000000000000000e+00
0.000000000000000000e+00
0.000000000000000000e+00
0.000000000000000000e+00
0.000000000000000000e+00
0.000000000000000000e+00
0.000000000000000000e+00
0.000000000000000000e+00
0.000000000000000000e+00
0.000000000000000000e+00
0.000000000000000000e+00
0.000000000000000000e+00
0.000000000000000000e+00
0.000000000000000000e+00
0.000000000000000000e+00
0.000000000000000000e+00
0.000000000000000000e+00
0.000000000000000000e+00
0.000000000000000000e+00
0.000000000000000000e+00
0.000000000000000000e+00
0.000000000000000000e+00
0.000000000000000000e+00
0.000000000000000000e+00
0.000000000000000000e+00
0.000000000000000000e+00
0.000000000000000000e+00
0.000000000000000000e+00
0.000000000000000000e+00
0.000000000000000000e+00
0.000000000000000000e+00
0.000000000000000000e+00
0.000000000000000000e+00
0.000000000000000000e+00
0.000000000000000000e+00
0.000000000000000000e+00
0.000000000000000000e+00
0.000000000000000000e+00
0.000000000000000000e+00
0.000000000000000000e+00
0.000000000000000000e+00
0.000000000000000000e+00
0.000000000000000000e+00
0.000000000000000000e+00
0.000000000000000000e+00
0.000000000000000000e+00
0.000000000000000000e+00
0.000000000000000000e+00
0.000000000000000000e+00
0.000000000000000000e+00
0.000000000000000000e+00
0.000000000000000000e+00
0.000000000000000000e+00
0.000000000000000000e+00
0.000000000000000000e+00
0.000000000000000000e+00
0.000000000000000000e+00
0.000000000000000000e+00
0.000000000000000000e+00
0.000000000000000000e+00
0.000000000000000000e+00
0.000000000000000000e+00
0.000000000000000000e+00
0.000000000000000000e+00
0.000000000000000000e+00
0.000000000000000000e+00
0.000000000000000000e+00
0.000000000000000000e+00
0.000000000000000000e+00
0.000000000000000000e+00
0.000000000000000000e+00
0.000000000000000000e+00
0.000000000000000000e+00
0.000000000000000000e+00
0.000000000000000000e+00
0.000000000000000000e+00
0.000000000000000000e+00
0.000000000000000000e+00
0.000000000000000000e+00
0.000000000000000000e+00
0.000000000000000000e+00
0.000000000000000000e+00
0.000000000000000000e+00
0.000000000000000000e+00
0.000000000000000000e+00
0.000000000000000000e+00
0.000000000000000000e+00
0.000000000000000000e+00
0.000000000000000000e+00
0.000000000000000000e+00
0.000000000000000000e+00
0.000000000000000000e+00
0.000000000000000000e+00
0.000000000000000000e+00
0.000000000000000000e+00
0.000000000000000000e+00
0.000000000000000000e+00
0.000000000000000000e+00
0.000000000000000000e+00
0.000000000000000000e+00
0.000000000000000000e+00
0.000000000000000000e+00
0.000000000000000000e+00
0.000000000000000000e+00
0.000000000000000000e+00
0.000000000000000000e+00
0.000000000000000000e+00
0.000000000000000000e+00
0.000000000000000000e+00
0.000000000000000000e+00
0.000000000000000000e+00
0.000000000000000000e+00
0.000000000000000000e+00
0.000000000000000000e+00
0.000000000000000000e+00
0.000000000000000000e+00
0.000000000000000000e+00
0.000000000000000000e+00
0.000000000000000000e+00
0.000000000000000000e+00
0.000000000000000000e+00
0.000000000000000000e+00
0.000000000000000000e+00
0.000000000000000000e+00
0.000000000000000000e+00
0.000000000000000000e+00
0.000000000000000000e+00
0.000000000000000000e+00
0.000000000000000000e+00
0.000000000000000000e+00
0.000000000000000000e+00
0.000000000000000000e+00
0.000000000000000000e+00
0.000000000000000000e+00
0.000000000000000000e+00
0.000000000000000000e+00
0.000000000000000000e+00
0.000000000000000000e+00
0.000000000000000000e+00
0.000000000000000000e+00
0.000000000000000000e+00
0.000000000000000000e+00
0.000000000000000000e+00
0.000000000000000000e+00
0.000000000000000000e+00
0.000000000000000000e+00
0.000000000000000000e+00
0.000000000000000000e+00
0.000000000000000000e+00
0.000000000000000000e+00
0.000000000000000000e+00
0.000000000000000000e+00
0.000000000000000000e+00
0.000000000000000000e+00
0.000000000000000000e+00
0.000000000000000000e+00
0.000000000000000000e+00
0.000000000000000000e+00
0.000000000000000000e+00
0.000000000000000000e+00
0.000000000000000000e+00
0.000000000000000000e+00
0.000000000000000000e+00
0.000000000000000000e+00
0.000000000000000000e+00
0.000000000000000000e+00
0.000000000000000000e+00
0.000000000000000000e+00
0.000000000000000000e+00
0.000000000000000000e+00
0.000000000000000000e+00
0.000000000000000000e+00
0.000000000000000000e+00
0.000000000000000000e+00
0.000000000000000000e+00
0.000000000000000000e+00
0.000000000000000000e+00
0.000000000000000000e+00
0.000000000000000000e+00
0.000000000000000000e+00
0.000000000000000000e+00
0.000000000000000000e+00
0.000000000000000000e+00
0.000000000000000000e+00
0.000000000000000000e+00
0.000000000000000000e+00
0.000000000000000000e+00
0.000000000000000000e+00
0.000000000000000000e+00
0.000000000000000000e+00
0.000000000000000000e+00
0.000000000000000000e+00
0.000000000000000000e+00
0.000000000000000000e+00
0.000000000000000000e+00
0.000000000000000000e+00
0.000000000000000000e+00
0.000000000000000000e+00
0.000000000000000000e+00
0.000000000000000000e+00
0.000000000000000000e+00
0.000000000000000000e+00
0.000000000000000000e+00
0.000000000000000000e+00
0.000000000000000000e+00
0.000000000000000000e+00
0.000000000000000000e+00
0.000000000000000000e+00
0.000000000000000000e+00
0.000000000000000000e+00
0.000000000000000000e+00
0.000000000000000000e+00
0.000000000000000000e+00
0.000000000000000000e+00
0.000000000000000000e+00
0.000000000000000000e+00
0.000000000000000000e+00
0.000000000000000000e+00
0.000000000000000000e+00
0.000000000000000000e+00
0.000000000000000000e+00
0.000000000000000000e+00
0.000000000000000000e+00
0.000000000000000000e+00
0.000000000000000000e+00
0.000000000000000000e+00
0.000000000000000000e+00
0.000000000000000000e+00
0.000000000000000000e+00
0.000000000000000000e+00
0.000000000000000000e+00
0.000000000000000000e+00
0.000000000000000000e+00
0.000000000000000000e+00
0.000000000000000000e+00
0.000000000000000000e+00
0.000000000000000000e+00
0.000000000000000000e+00
0.000000000000000000e+00
0.000000000000000000e+00
0.000000000000000000e+00
0.000000000000000000e+00
0.000000000000000000e+00
0.000000000000000000e+00
0.000000000000000000e+00
0.000000000000000000e+00
0.000000000000000000e+00
0.000000000000000000e+00
0.000000000000000000e+00
0.000000000000000000e+00
0.000000000000000000e+00
0.000000000000000000e+00
0.000000000000000000e+00
0.000000000000000000e+00
0.000000000000000000e+00
0.000000000000000000e+00
0.000000000000000000e+00
0.000000000000000000e+00
0.000000000000000000e+00
0.000000000000000000e+00
0.000000000000000000e+00
0.000000000000000000e+00
0.000000000000000000e+00
0.000000000000000000e+00
0.000000000000000000e+00
0.000000000000000000e+00
0.000000000000000000e+00
0.000000000000000000e+00
0.000000000000000000e+00
0.000000000000000000e+00
0.000000000000000000e+00
0.000000000000000000e+00
0.000000000000000000e+00
0.000000000000000000e+00
0.000000000000000000e+00
0.000000000000000000e+00
0.000000000000000000e+00
0.000000000000000000e+00
0.000000000000000000e+00
0.000000000000000000e+00
0.000000000000000000e+00
0.000000000000000000e+00
0.000000000000000000e+00
0.000000000000000000e+00
0.000000000000000000e+00
0.000000000000000000e+00
0.000000000000000000e+00
0.000000000000000000e+00
0.000000000000000000e+00
0.000000000000000000e+00
0.000000000000000000e+00
0.000000000000000000e+00
0.000000000000000000e+00
0.000000000000000000e+00
0.000000000000000000e+00
0.000000000000000000e+00
0.000000000000000000e+00
0.000000000000000000e+00
0.000000000000000000e+00
0.000000000000000000e+00
0.000000000000000000e+00
0.000000000000000000e+00
0.000000000000000000e+00
0.000000000000000000e+00
0.000000000000000000e+00
0.000000000000000000e+00
0.000000000000000000e+00
0.000000000000000000e+00
0.000000000000000000e+00
0.000000000000000000e+00
0.000000000000000000e+00
0.000000000000000000e+00
0.000000000000000000e+00
0.000000000000000000e+00
0.000000000000000000e+00
0.000000000000000000e+00
0.000000000000000000e+00
0.000000000000000000e+00
0.000000000000000000e+00
0.000000000000000000e+00
0.000000000000000000e+00
0.000000000000000000e+00
0.000000000000000000e+00
0.000000000000000000e+00
0.000000000000000000e+00
0.000000000000000000e+00
0.000000000000000000e+00
0.000000000000000000e+00
0.000000000000000000e+00
0.000000000000000000e+00
0.000000000000000000e+00
0.000000000000000000e+00
0.000000000000000000e+00
0.000000000000000000e+00
0.000000000000000000e+00
0.000000000000000000e+00
0.000000000000000000e+00
0.000000000000000000e+00
0.000000000000000000e+00
0.000000000000000000e+00
0.000000000000000000e+00
0.000000000000000000e+00
0.000000000000000000e+00
0.000000000000000000e+00
0.000000000000000000e+00
0.000000000000000000e+00
0.000000000000000000e+00
0.000000000000000000e+00
0.000000000000000000e+00
0.000000000000000000e+00
0.000000000000000000e+00
0.000000000000000000e+00
0.000000000000000000e+00
0.000000000000000000e+00
0.000000000000000000e+00
0.000000000000000000e+00
0.000000000000000000e+00
0.000000000000000000e+00
0.000000000000000000e+00
0.000000000000000000e+00
0.000000000000000000e+00
0.000000000000000000e+00
0.000000000000000000e+00
0.000000000000000000e+00
0.000000000000000000e+00
0.000000000000000000e+00
0.000000000000000000e+00
0.000000000000000000e+00
0.000000000000000000e+00
nan
