# bin_21_17
-1.613198539375412838e-08
-9.238970660273049465e-09
-1.088648815710378899e-08
-5.129882464711527163e-09
-7.136686538985132091e-09
-2.687623947704112945e-09
-4.422825641248813734e-09
-1.668969455291370472e-09
-2.396843909173772312e-09
-1.416497917850782996e-09
-1.953558697532740700e-09
-1.232201062477551220e-09
-6.126729411962798528e-10
3.443820677778667815e-10
8.046633495190601555e-10
-3.118150901241594593e-10
-2.015282171583742379e-09
-3.051298405491482418e-09
-3.418775334017506775e-09
-3.556884794732874205e-09
-3.500142679024307193e-09
-3.283499491327960394e-09
-2.565558670946180521e-09
-1.515533825895435438e-09
-6.740975439676032206e-10
-3.386807210602175690e-10
-6.411047479347264175e-10
-1.279008289723422592e-09
-1.906082612340540985e-09
-2.307980929736485003e-09
-2.360336400638943907e-09
-2.040328770476112986e-09
-1.505069238714560274e-09
-9.039103689295292617e-10
-3.390740564090920082e-10
1.215687617862710791e-10
4.351028784751723479e-10
6.548366682742280021e-10
8.451330174508696145e-10
9.973558081495511701e-10
1.106373281688653969e-09
1.169626703264318987e-09
1.186426652059361234e-09
1.157421467584060671e-09
1.073196240757430444e-09
9.425434669641417732e-10
7.891985691910327293e-10
6.313422524842998720e-10
4.827243015841664607e-10
3.535639541579206823e-10
2.512723802073704630e-10
1.810331366794217484e-10
1.330045666194705382e-10
9.396708303854977261e-11
6.277674605897471820e-11
3.843282939211077297e-11
2.005883799209330469e-11
6.886236700538337526e-12
-1.759528131057503205e-12
-6.471062674224509314e-12
-7.769406903751169908e-12
-6.783269192526304396e-12
-4.624726692558296214e-12
-1.684680084086799041e-12
1.712807148868451273e-12
5.300452152756029816e-12
8.859196121169164459e-12
1.221091691055700249e-11
1.521221724461413374e-11
1.774912576970649998e-11
1.973257392067579505e-11
2.109453299098901217e-11
2.191629954511854383e-11
2.238687523094813754e-11
2.260177619665467085e-11
2.264247246647804158e-11
2.257821249609265406e-11
2.246761242059588848e-11
2.236004134396810252e-11
2.229682963993001330e-11
2.231232349981331768e-11
2.243480577327540576e-11
2.268730041870510335e-11
2.308827554183163921e-11
2.365225799444714148e-11
2.969355068180125188e-11
4.480346393141650954e-11
6.665379807549044690e-11
9.321294486415124357e-11
1.227127187895488972e-10
1.536188709704386937e-10
1.846048627597214388e-10
2.145285272165462595e-10
2.424112910761080562e-10
2.674196687266366876e-10
2.888487737126612039e-10
3.061076230695234653e-10
3.187060359100100808e-10
3.262429506067422132e-10
3.283960050552667921e-10
3.249122422184647143e-10
3.161396693926939560e-10
3.032053748980581625e-10
2.869947328070052384e-10
2.682979295160233711e-10
2.478189971112528839e-10
2.261839930083759137e-10
2.039484095022867475e-10
1.816038882420322657e-10
1.595843069660293641e-10
1.382712989829528268e-10
1.179992597702415559e-10
9.905988960082043964e-11
8.170631622614520913e-11
6.615683727509356662e-11
5.259831811633905923e-11
4.118927742637744403e-11
3.206268956161401678e-11
2.532853001159249292e-11
2.005435136807665665e-11
1.522683871885758805e-11
1.082001286828175832e-11
6.809397897865494401e-12
3.171928151587607526e-12
-1.141385193819082404e-13
-3.069301711383769480e-12
-5.712894044753342635e-12
-8.063151751054339666e-12
-1.013728062949089739e-11
-1.195151770298942128e-11
-1.352118887884720837e-11
-1.486076289539713595e-11
-1.598390181463542250e-11
-1.690350830103132980e-11
-1.763176990862489476e-11
-1.818020058188505313e-11
-1.855967956050500887e-11
-1.878048786425039380e-11
-1.885234252103523514e-11
-1.878442868948377117e-11
-1.858542981626257338e-11
-1.811274579966171336e-11
-1.725842875098649011e-11
-1.607927144549333144e-11
-1.462764624188254912e-11
-1.295181060864207877e-11
-1.109619154810515811e-11
-9.101650433313822639e-12
-7.005729658038876909e-12
-4.842882394776574385e-12
-2.644686658445932287e-12
-4.400447841125529655e-13
1.744630655255379921e-12
3.885243540848697059e-12
5.959852629674919674e-12
7.948520890061122680e-12
9.833174994751103463e-12
1.159747427024216769e-11
1.322668845171261321e-11
1.470758363970985330e-11
1.602831589804790440e-11
1.717833197236743621e-11
1.814827664579631213e-11
1.892990628238531199e-11
1.951600814065830553e-11
1.990032506894275496e-11
2.014921502945596178e-11
2.033753190537379295e-11
2.047208652877783390e-11
2.055924512140727438e-11
2.060495541331079296e-11
2.061477122146186187e-11
2.059387558294780554e-11
2.047895759804835382e-11
2.039363711893396659e-11
2.029504641390244433e-11
2.018681691206121546e-11
2.007232228312384938e-11
1.995469363551686856e-11
1.983683383680863957e-11
1.972143100871394353e-11
1.950775060283872826e-11
1.941388639685012382e-11
1.933132785931382606e-11
1.926186618141638711e-11
1.920714398496875176e-11
1.916866425340443272e-11
1.914779875410266452e-11
1.916378864880107552e-11
1.920280075397239772e-11
1.926375424505292418e-11
1.934747530720846180e-11
1.963694653797857070e-11
1.993563314235201947e-11
2.033691084019180253e-11
2.082773066270148848e-11
2.139580325447917739e-11
2.271811761578940686e-11
2.345124081456956127e-11
2.421931176282937735e-11
2.582471997618586946e-11
2.664562850552728848e-11
2.746857207215854124e-11
2.828657415326132907e-11
2.988207529067019468e-11
3.064778071925580873e-11
3.138491462196787419e-11
3.275403115900212158e-11
3.337714155449525304e-11
3.395390102508257784e-11
3.495397797984956536e-11
3.537078403767286497e-11
3.602355373112037806e-11
3.625447116279821777e-11
3.641874222544729998e-11
3.653955038165064881e-11
3.649265642807923080e-11
3.617698954921579427e-11
3.590578227170831655e-11
3.459167598373533987e-11
3.346098902517836549e-11
3.205485483262108846e-11
2.852844273271490912e-11
2.646084476166027040e-11
2.183891878388148600e-11
1.932978448131190366e-11
1.401970505722004741e-11
1.125739396634823104e-11
5.607408893068444576e-12
2.752622344525224520e-12
-2.940805972916088453e-12
-8.521131492638634295e-12
-1.123735376838382145e-11
-1.646497951889551221e-11
-1.895555997048861999e-11
-2.364274167726065760e-11
-2.788117758336938796e-11
-2.981279322225710552e-11
-3.326644534220531232e-11
-3.477609336532690410e-11
-3.733322594578904134e-11
-3.924163814341889504e-11
-3.994175118482192340e-11
-4.081510375907888255e-11
-4.096466804951601357e-11
-4.076112658263065558e-11
-3.980427007487479001e-11
-3.819859510419862785e-11
-3.604945480404693226e-11
-3.480164431363335941e-11
-3.201624087683000645e-11
-2.891454771638173537e-11
-2.557448526093162608e-11
-2.383759528495158440e-11
-2.027175360436778746e-11
-1.663446117046880402e-11
-1.298251596115273240e-11
-9.367630340100906195e-12
-7.588945529927950443e-12
-4.116384766969248972e-12
-7.902676171787029381e-13
2.352759487430580110e-12
5.279671144813144700e-12
7.960797575633171195e-12
1.036957774118631367e-11
1.248232966884980229e-11
1.427803676529267016e-11
1.573814898785210930e-11
1.684639782768160579e-11
1.758862413499090775e-11
1.795261788750915501e-11
1.792796906867619560e-11
1.764163413582687231e-11
1.723647829259178286e-11
1.672648381931993675e-11
1.612469837925307879e-11
1.544329136116280448e-11
1.469360680697273937e-11
1.388621314024849848e-11
1.303094989701275825e-11
1.213697164693828737e-11
1.121278928051758177e-11
1.026630882622335149e-11
9.304867950908822835e-12
7.849400754069215347e-12
6.879235498850025387e-12
5.915793335463511308e-12
4.964250759189329164e-12
4.029381197197607635e-12
2.667854823648052195e-12
1.793124013093238174e-12
9.489406507806221834e-13
1.385480519452102882e-13
-1.007284727416606773e-12
-1.720836285587938939e-12
-2.391374576330091030e-12
-3.312009816324089933e-12
-3.866315604700831386e-12
-4.379939334927156927e-12
-5.169811129266795513e-12
-5.712137108512345113e-12
-6.539625129797382685e-12
-7.095464324436466055e-12
-7.650834761808424449e-12
-8.476462945791781337e-12
-9.017901569335243685e-12
-9.810283665269505473e-12
-1.032200360417930046e-11
-1.105955838813596059e-11
-1.152848230835737800e-11
-1.219341602323408459e-11
-1.280762187839141323e-11
-1.318662293800266034e-11
-1.370638730603507964e-11
-1.401883196538461253e-11
-1.443401543195063158e-11
-1.478253600697037622e-11
-1.497664694335635458e-11
-1.520892945441481720e-11
-1.536901583824680707e-11
-1.543491827382599973e-11
-1.547168359242458486e-11
-1.543315143917158899e-11
-1.531867399939384673e-11
-1.519995434718212943e-11
-1.484096628595243696e-11
-1.419736309859880590e-11
-1.330633275635456129e-11
-1.220235796255677593e-11
-1.136395108093297927e-11
-9.974904226311194617e-12
-8.452947941018719561e-12
-6.824071234177097874e-12
-5.112288941967536262e-12
-3.339770697664662351e-12
-1.526961561378693552e-12
3.073051319708976446e-13
2.145702187315241138e-12
3.972309744030270559e-12
5.772522801502197681e-12
7.532964657936226970e-12
9.241405873616060536e-12
1.088668839664977818e-11
1.296473074775997901e-11
1.442474569551352891e-11
1.579126721900803131e-11
1.705701470848603553e-11
1.821544853391482743e-11
1.926071991924530882e-11
2.046947574885254631e-11
2.123149107421531847e-11
2.189293616967916154e-11
2.275398335159217027e-11
2.338696217923319492e-11
2.400577514936800044e-11
2.480432805975143521e-11
2.538027453167502427e-11
2.593414417844210531e-11
2.663495445869672964e-11
2.713003855918171344e-11
2.774649381843908675e-11
2.817430245961017004e-11
2.869635298005884992e-11
2.905023541536580984e-11
2.947010520697766790e-11
2.974499073464066410e-11
3.005685531418830082e-11
3.030504117199023322e-11
3.044873409007586667e-11
3.058304346542135766e-11
3.065130429732291933e-11
3.065888447669923302e-11
3.061062350088632350e-11
3.049556578736288782e-11
3.031376565732996154e-11
3.006542618178845123e-11
2.983570352818502442e-11
2.947359153857630930e-11
2.908724604328372784e-11
2.869341146673221573e-11
2.829274075704690400e-11
2.788585145066511258e-11
2.747332754044240606e-11
2.705572124024847284e-11
2.663355465220050198e-11
2.620732134228837834e-11
2.577748782978066794e-11
2.534449499545837458e-11
2.490875941340638340e-11
2.436083036361031339e-11
2.392032924645998776e-11
2.347828615021375865e-11
2.303502760598703399e-11
2.247971293849786641e-11
2.203481971154225919e-11
2.158964996847544710e-11
2.103318536337942599e-11
2.058830191293192411e-11
2.014391664677990396e-11
1.958945348377532232e-11
1.914693596561815233e-11
1.859540455269392441e-11
1.815567897979683598e-11
1.760815618784748229e-11
1.703187538199691328e-11
1.595479281259827225e-11
1.453859299731865473e-11
1.319983912688651658e-11
1.131359034258837514e-11
9.236598873215655701e-12
7.468237604858275611e-12
5.159634390241544744e-12
2.778192891221856303e-12
3.597014457491658366e-13
-2.063021491196307336e-12
-4.459925779303669614e-12
-6.803541369025838168e-12
-8.623145260558414199e-12
-1.080918609781097443e-11
-1.287729578673777736e-11
-1.517649311378456208e-11
-1.692024005255827196e-11
-1.849098475845996422e-11
-1.987499297306843231e-11
-2.105998854078198749e-11
-2.203505123758565420e-11
-2.291449749342058594e-11
-2.339534840746137062e-11
-2.363936037345593346e-11
-2.364033506472177905e-11
-2.333211278815901942e-11
-2.290520738906333542e-11
-2.223207889773696157e-11
-2.155612315138395782e-11
-2.062947650363831743e-11
-1.977740881801759191e-11
-1.867846690234831477e-11
-1.771304123859021206e-11
-1.651157421466036806e-11
-1.527994390087242780e-11
-1.424232514106631245e-11
-1.299666427110205164e-11
-1.176344851501424927e-11
-1.055530304522370870e-11
-9.383732481900621234e-12
-8.259198494806087828e-12
-7.191192225190015512e-12
-6.188301881816073733e-12
-5.258275839848872353e-12
-4.408081547916104260e-12
-3.643960526995099916e-12
-2.971479724734828857e-12
-2.395579470271485720e-12
-1.920618257425455106e-12
-1.550414568259621914e-12
-1.255311928599656099e-12
-1.121346663984313162e-12
-1.030096711828873739e-12
-9.303126337685955360e-13
-8.502555266942393638e-13
-7.629479590477407418e-13
-6.931079654295886768e-13
-6.171891434987987472e-13
-5.566752416295140055e-13
-4.911515346095473652e-13
-4.308439095061196330e-13
-3.755015636736882662e-13
-3.318357204133869350e-13
-2.850889011052993646e-13
-2.426536108541784113e-13
-2.043212872146452997e-13
-1.698930359710375257e-13
-1.391791573473576837e-13
-1.119986973599908589e-13
-8.817902286194049558e-14
-6.755541891840187128e-14
-4.997070723811380154e-14
-3.527488446407664244e-14
-2.183371388595772727e-14
-1.285459206651465802e-14
-6.335906993823369577e-15
-1.740284433659163988e-15
-8.444267619968075326e-17
0.000000000000000000e+00
0.000000000000000000e+00
0.000000000000000000e+00
0.000000000000000000e+00
0.000000000000000000e+00
0.000000000000000000e+00
0.000000000000000000e+00
0.000000000000000000e+00
0.000000000000000000e+00
0.000000000000000000e+00
0.000000000000000000e+00
0.000000000000000000e+00
0.000000000000000000e+00
0.000000000000000000e+00
0.000000000000000000e+00
0.000000000000000000e+00
0.000000000000000000e+00
0.000000000000000000e+00
0.000000000000000000e+00
0.000000000000000000e+00
0.000000000000000000e+00
0.000000000000000000e+00
0.000000000000000000e+00
0.000000000000000000e+00
0.000000000000000000e+00
0.000000000000000000e+00
0.000000000000000000e+00
0.000000000000000000e+00
0.000000000000000000e+00
0.000000000000000000e+00
0.000000000000000000e+00
0.000000000000000000e+00
0.000000000000000000e+00
0.000000000000000000e+00
0.000000000000000000e+00
0.000000000000000000e+00
0.000000000000000000e+00
0.000000000000000000e+00
0.000000000000000000e+00
0.000000000000000000e+00
0.000000000000000000e+00
0.000000000000000000e+00
0.000000000000000000e+00
0.000000000000000000e+00
0.000000000000000000e+00
0.000000000000000000e+00
0.000000000000000000e+00
0.000000000000000000e+00
0.000000000000000000e+00
0.000000000000000000e+00
0.000000000000000000e+00
0.000000000000000000e+00
0.000000000000000000e+00
0.000000000000000000e+00
0.000000000000000000e+00
0.000000000000000000e+00
0.000000000000000000e+00
0.000000000000000000e+00
0.000000000000000000e+00
0.000000000000000000e+00
0.000000000000000000e+00
0.000000000000000000e+00
0.000000000000000000e+00
0.000000000000000000e+00
0.000000000000000000e+00
0.000000000000000000e+00
0.000000000000000000e+00
0.000000000000000000e+00
0.000000000000000000e+00
0.000000000000000000e+00
0.000000000000000000e+00
0.000000000000000000e+00
0.000000000000000000e+00
0.000000000000000000e+00
0.000000000000000000e+00
0.000000000000000000e+00
0.000000000000000000e+00
0.000000000000000000e+00
0.000000000000000000e+00
0.000000000000000000e+00
0.000000000000000000e+00
0.000000000000000000e+00
0.000000000000000000e+00
0.000000000000000000e+00
0.000000000000000000e+00
0.000000000000000000e+00
0.000000000000000000e+00
0.000000000000000000e+00
0.000000000000000000e+00
0.000000000000000000e+00
0.000000000000000000e+00
0.000000000000000000e+00
0.000000000000000000e+00
0.000000000000000000e+00
0.000000000000000000e+00
0.000000000000000000e+00
0.000000000000000000e+00
0.000000000000000000e+00
0.000000000000000000e+00
0.000000000000000000e+00
0.000000000000000000e+00
0.000000000000000000e+00
0.000000000000000000e+00
0.000000000000000000e+00
0.000000000000000000e+00
0.000000000000000000e+00
0.000000000000000000e+00
0.000000000000000000e+00
0.000000000000000000e+00
0.000000000000000000e+00
0.000000000000000000e+00
0.000000000000000000e+00
0.000000000000000000e+00
0.000000000000000000e+00
0.000000000000000000e+00
0.000000000000000000e+00
0.000000000000000000e+00
0.000000000000000000e+00
0.000000000000000000e+00
0.000000000000000000e+00
0.000000000000000000e+00
0.000000000000000000e+00
0.000000000000000000e+00
0.000000000000000000e+00
0.000000000000000000e+00
0.000000000000000000e+00
0.000000000000000000e+00
0.000000000000000000e+00
0.000000000000000000e+00
0.000000000000000000e+00
0.000000000000000000e+00
0.000000000000000000e+00
0.000000000000000000e+00
0.000000000000000000e+00
0.000000000000000000e+00
0.000000000000000000e+00
0.000000000000000000e+00
0.000000000000000000e+00
0.000000000000000000e+00
0.000000000000000000e+00
0.000000000000000000e+00
0.000000000000000000e+00
0.000000000000000000e+00
0.000000000000000000e+00
0.000000000000000000e+00
0.000000000000000000e+00
0.000000000000000000e+00
0.000000000000000000e+00
0.000000000000000000e+00
0.000000000000000000e+00
0.000000000000000000e+00
0.000000000000000000e+00
0.000000000000000000e+00
0.000000000000000000e+00
0.000000000000000000e+00
0.000000000000000000e+00
0.000000000000000000e+00
0.000000000000000000e+00
0.000000000000000000e+00
0.000000000000000000e+00
0.000000000000000000e+00
0.000000000000000000e+00
0.000000000000000000e+00
0.000000000000000000e+00
0.000000000000000000e+00
0.000000000000000000e+00
0.000000000000000000e+00
0.000000000000000000e+00
0.000000000000000000e+00
0.000000000000000000e+00
0.000000000000000000e+00
0.000000000000000000e+00
0.000000000000000000e+00
0.000000000000000000e+00
0.000000000000000000e+00
0.000000000000000000e+00
0.000000000000000000e+00
0.000000000000000000e+00
0.000000000000000000e+00
0.000000000000000000e+00
0.000000000000000000e+00
0.000000000000000000e+00
0.000000000000000000e+00
0.000000000000000000e+00
0.000000000000000000e+00
0.000000000000000000e+00
0.000000000000000000e+00
0.000000000000000000e+00
0.000000000000000000e+00
0.000000000000000000e+00
0.000000000000000000e+00
0.000000000000000000e+00
0.000000000000000000e+00
0.000000000000000000e+00
0.000000000000000000e+00
0.000000000000000000e+00
0.000000000000000000e+00
0.000000000000000000e+00
0.000000000000000000e+00
0.000000000000000000e+00
0.000000000000000000e+00
0.000000000000000000e+00
0.000000000000000000e+00
0.000000000000000000e+00
0.000000000000000000e+00
0.000000000000000000e+00
0.000000000000000000e+00
0.000000000000000000e+00
0.000000000000000000e+00
0.000000000000000000e+00
0.000000000000000000e+00
0.000000000000000000e+00
0.000000000000000000e+00
0.000000000000000000e+00
0.000000000000000000e+00
0.000000000000000000e+00
0.000000000000000000e+00
0.000000000000000000e+00
0.000000000000000000e+00
0.000000000000000000e+00
0.000000000000000000e+00
0.000000000000000000e+00
0.000000000000000000e+00
0.000000000000000000e+00
0.000000000000000000e+00
0.000000000000000000e+00
0.000000000000000000e+00
0.000000000000000000e+00
0.000000000000000000e+00
0.000000000000000000e+00
0.000000000000000000e+00
0.000000000000000000e+00
0.000000000000000000e+00
0.000000000000000000e+00
0.000000000000000000e+00
0.000000000000000000e+00
0.000000000000000000e+00
0.000000000000000000e+00
0.000000000000000000e+00
0.000000000000000000e+00
0.000000000000000000e+00
0.000000000000000000e+00
0.000000000000000000e+00
0.000000000000000000e+00
0.000000000000000000e+00
0.000000000000000000e+00
0.000000000000000000e+00
0.000000000000000000e+00
0.000000000000000000e+00
0.000000000000000000e+00
0.000000000000000000e+00
0.000000000000000000e+00
0.000000000000000000e+00
0.000000000000000000e+00
0.000000000000000000e+00
0.000000000000000000e+00
0.000000000000000000e+00
0.000000000000000000e+00
0.000000000000000000e+00
0.000000000000000000e+00
0.000000000000000000e+00
0.000000000000000000e+00
0.000000000000000000e+00
0.000000000000000000e+00
0.000000000000000000e+00
0.000000000000000000e+00
0.000000000000000000e+00
0.000000000000000000e+00
0.000000000000000000e+00
0.000000000000000000e+00
0.000000000000000000e+00
0.000000000000000000e+00
0.000000000000000000e+00
0.000000000000000000e+00
0.000000000000000000e+00
0.000000000000000000e+00
0.000000000000000000e+00
0.000000000000000000e+00
0.000000000000000000e+00
0.000000000000000000e+00
0.000000000000000000e+00
0.000000000000000000e+00
0.000000000000000000e+00
0.000000000000000000e+00
0.000000000000000000e+00
0.000000000000000000e+00
0.000000000000000000e+00
0.000000000000000000e+00
0.000000000000000000e+00
0.000000000000000000e+00
0.000000000000000000e+00
0.000000000000000000e+00
0.000000000000000000e+00
0.000000000000000000e+00
0.000000000000000000e+00
0.000000000000000000e+00
0.000000000000000000e+00
0.000000000000000000e+00
0.000000000000000000e+00
0.000000000000000000e+00
0.000000000000000000e+00
0.000000000000000000e+00
0.000000000000000000e+00
0.000000000000000000e+00
0.000000000000000000e+00
0.000000000000000000e+00
0.000000000000000000e+00
0.000000000000000000e+00
0.000000000000000000e+00
0.000000000000000000e+00
0.000000000000000000e+00
0.000000000000000000e+00
0.000000000000000000e+00
0.000000000000000000e+00
0.000000000000000000e+00
0.000000000000000000e+00
0.000000000000000000e+00
0.000000000000000000e+00
0.000000000000000000e+00
0.000000000000000000e+00
0.000000000000000000e+00
0.000000000000000000e+00
0.000000000000000000e+00
0.000000000000000000e+00
0.000000000000000000e+00
0.000000000000000000e+00
0.000000000000000000e+00
0.000000000000000000e+00
0.000000000000000000e+00
0.000000000000000000e+00
0.000000000000000000e+00
0.000000000000000000e+00
0.000000000000000000e+00
0.000000000000000000e+00
0.000000000000000000e+00
0.000000000000000000e+00
0.000000000000000000e+00
0.000000000000000000e+00
0.000000000000000000e+00
0.000000000000000000e+00
0.000000000000000000e+00
0.000000000000000000e+00
0.000000000000000000e+00
0.000000000000000000e+00
0.000000000000000000e+00
0.000000000000000000e+00
0.000000000000000000e+00
0.000000000000000000e+00
0.000000000000000000e+00
0.000000000000000000e+00
0.000000000000000000e+00
0.000000000000000000e+00
0.000000000000000000e+00
0.000000000000000000e+00
0.000000000000000000e+00
0.000000000000000000e+00
0.000000000000000000e+00
0.000000000000000000e+00
0.000000000000000000e+00
0.000000000000000000e+00
0.000000000000000000e+00
0.000000000000000000e+00
0.000000000000000000e+00
0.000000000000000000e+00
0.000000000000000000e+00
0.000000000000000000e+00
0.000000000000000000e+00
0.000000000000000000e+00
0.000000000000000000e+00
0.000000000000000000e+00
0.000000000000000000e+00
0.000000000000000000e+00
0.000000000000000000e+00
0.000000000000000000e+00
0.000000000000000000e+00
0.000000000000000000e+00
0.000000000000000000e+00
0.000000000000000000e+00
0.000000000000000000e+00
0.000000000000000000e+00
0.000000000000000000e+00
0.000000000000000000e+00
0.000000000000000000e+00
0.000000000000000000e+00
0.000000000000000000e+00
0.000000000000000000e+00
0.000000000000000000e+00
0.000000000000000000e+00
0.000000000000000000e+00
0.000000000000000000e+00
0.000000000000000000e+00
0.000000000000000000e+00
0.000000000000000000e+00
0.000000000000000000e+00
0.000000000000000000e+00
0.000000000000000000e+00
0.000000000000000000e+00
0.000000000000000000e+00
0.000000000000000000e+00
0.000000000000000000e+00
0.000000000000000000e+00
0.000000000000000000e+00
0.000000000000000000e+00
0.000000000000000000e+00
0.000000000000000000e+00
0.000000000000000000e+00
0.000000000000000000e+00
0.000000000000000000e+00
0.000000000000000000e+00
0.000000000000000000e+00
0.000000000000000000e+00
0.000000000000000000e+00
0.000000000000000000e+00
0.000000000000000000e+00
0.000000000000000000e+00
0.000000000000000000e+00
0.000000000000000000e+00
0.000000000000000000e+00
0.000000000000000000e+00
0.000000000000000000e+00
0.000000000000000000e+00
0.000000000000000000e+00
0.000000000000000000e+00
0.000000000000000000e+00
0.000000000000000000e+00
0.000000000000000000e+00
0.000000000000000000e+00
0.000000000000000000e+00
0.000000000000000000e+00
0.000000000000000000e+00
0.000000000000000000e+00
0.000000000000000000e+00
0.000000000000000000e+00
0.000000000000000000e+00
0.000000000000000000e+00
0.000000000000000000e+00
0.000000000000000000e+00
0.000000000000000000e+00
0.000000000000000000e+00
0.000000000000000000e+00
0.000000000000000000e+00
0.000000000000000000e+00
0.000000000000000000e+00
0.000000000000000000e+00
0.000000000000000000e+00
0.000000000000000000e+00
0.000000000000000000e+00
0.000000000000000000e+00
0.000000000000000000e+00
0.000000000000000000e+00
0.000000000000000000e+00
0.000000000000000000e+00
0.000000000000000000e+00
0.000000000000000000e+00
0.000000000000000000e+00
0.000000000000000000e+00
0.000000000000000000e+00
0.000000000000000000e+00
0.000000000000000000e+00
0.000000000000000000e+00
0.000000000000000000e+00
0.000000000000000000e+00
0.000000000000000000e+00
0.000000000000000000e+00
0.000000000000000000e+00
0.000000000000000000e+00
0.000000000000000000e+00
0.000000000000000000e+00
0.000000000000000000e+00
0.000000000000000000e+00
0.000000000000000000e+00
0.000000000000000000e+00
0.000000000000000000e+00
0.000000000000000000e+00
0.000000000000000000e+00
0.000000000000000000e+00
0.000000000000000000e+00
0.000000000000000000e+00
0.000000000000000000e+00
0.000000000000000000e+00
0.000000000000000000e+00
0.000000000000000000e+00
0.000000000000000000e+00
0.000000000000000000e+00
0.000000000000000000e+00
0.000000000000000000e+00
0.000000000000000000e+00
0.000000000000000000e+00
0.000000000000000000e+00
0.000000000000000000e+00
0.000000000000000000e+00
0.000000000000000000e+00
0.000000000000000000e+00
0.000000000000000000e+00
0.000000000000000000e+00
0.000000000000000000e+00
0.000000000000000000e+00
0.000000000000000000e+00
0.000000000000000000e+00
0.000000000000000000e+00
0.000000000000000000e+00
0.000000000000000000e+00
0.000000000000000000e+00
0.000000000000000000e+00
0.000000000000000000e+00
0.000000000000000000e+00
0.000000000000000000e+00
0.000000000000000000e+00
0.000000000000000000e+00
0.000000000000000000e+00
0.000000000000000000e+00
0.000000000000000000e+00
0.000000000000000000e+00
0.000000000000000000e+00
0.000000000000000000e+00
0.000000000000000000e+00
nan
