# bin_15_12
-1.572598238069986627e-07
-1.311372116592842988e-07
-9.576218425994099123e-08
-8.042652938158774209e-08
-5.689481674630884671e-08
-4.814220497791389158e-08
-3.319887190424297552e-08
-3.048675252034341775e-08
-1.657060525934461705e-08
-1.625879363083163591e-08
-6.895545389987108570e-09
-8.383329336012310950e-09
-4.464950836321774308e-09
-4.599017865269588096e-09
-4.606319016100009313e-09
-3.492484553809580438e-09
-1.748376652419199388e-09
1.877231445198952462e-10
2.735657750083600402e-09
5.383335705230199752e-09
7.112445337342378815e-09
7.473003680421063052e-09
7.023453554758381364e-09
6.536169291938900729e-09
6.104011220651950210e-09
5.777513128949917707e-09
5.563417722031587413e-09
5.418192537697838507e-09
5.306889292953400819e-09
5.206373757382155633e-09
5.101741525172317307e-09
5.009303886072765468e-09
4.935591570445839263e-09
4.861811403446060299e-09
4.775572764574107961e-09
4.669090996845506576e-09
4.537876013512420493e-09
4.390353906064709006e-09
4.238107198413458378e-09
4.082948278537614614e-09
3.926347624515475089e-09
3.769494873891643203e-09
3.613348591821124003e-09
3.458676953657876372e-09
3.138913858019841800e-09
2.591035413674754631e-09
1.943503418870141690e-09
1.294132440547086369e-09
7.163437521129028892e-10
2.641697376727599774e-10
-2.373577132155605402e-11
-1.208800963351290756e-10
-1.159745614338179006e-10
-1.106204207517674723e-10
-1.051207436337861896e-10
-9.971450175236842475e-11
-9.458797262892583957e-11
-8.988416090281051282e-11
-8.571059021204180327e-11
-8.214575309749775562e-11
-7.924445361992467556e-11
-7.927557509715202174e-11
-8.334644067206225151e-11
-8.997577303646327668e-11
-9.794129922677605640e-11
-1.062403753769562764e-10
-1.140565199691894213e-10
-1.207309428857492074e-10
-1.257383049961359235e-10
-1.286660654030295654e-10
-1.291968752960466902e-10
-1.270935622590818070e-10
-1.207740258948984292e-10
-1.098797895080606012e-10
-9.587678853896757412e-11
-8.001071164059788288e-11
-6.333580990837353566e-11
-4.673997899843944537e-11
-3.096661151700721742e-11
-1.663364751679135333e-11
-4.250191634612243237e-12
5.768985244688350697e-12
1.309078523959664747e-11
1.745272620019692585e-11
1.865328232469279488e-11
1.647969253805643878e-11
1.137767710471221085e-11
4.095519892626025167e-12
-4.713713468006207007e-12
-1.448153248321488233e-11
-2.471455999845129177e-11
-3.498611609342477093e-11
-4.492872840334910206e-11
-5.422746386901008172e-11
-6.261398938521812727e-11
-6.986127972381763539e-11
-7.577890065967575712e-11
-8.020880360350138540e-11
-8.302157539684996649e-11
-8.411309338424238033e-11
-8.340154155906597439e-11
-8.134866665988714753e-11
-7.858074139295204299e-11
-7.526316802212116222e-11
-7.154328374277300358e-11
-6.755208667564712553e-11
-6.340579812076606394e-11
-5.920727715162518543e-11
-5.504730196964998063e-11
-5.100573095991091575e-11
-4.715255507029029447e-11
-4.354885195942367339e-11
-4.024765130757594165e-11
-3.729471974501740680e-11
-3.472927301190942296e-11
-3.258462221115629297e-11
-3.088876034142711906e-11
-2.966489469297831169e-11
-2.893193014643537983e-11
-2.947909525930859054e-11
-3.185021964850924703e-11
-3.571740159647160917e-11
-4.078296130694453715e-11
-4.677697922284871894e-11
-5.345503421458358666e-11
-6.059612479987724288e-11
-6.800075805043057419e-11
-7.548919219442154062e-11
-8.289982015134770395e-11
-9.008768234924666852e-11
-9.692309818517376801e-11
-1.032904064080029868e-10
-1.090868055371196807e-10
-1.142212861894635480e-10
-1.186136478778955049e-10
-1.221935934725487869e-10
-1.248998950894745247e-10
-1.266796256928428676e-10
-1.274874511729229336e-10
-1.272849780963022959e-10
-1.260401527212280259e-10
-1.224694991482876277e-10
-1.156671039129509197e-10
-1.061399667252169417e-10
-9.435516513943878427e-11
-8.074262825424684931e-11
-6.569771826238663172e-11
-4.958363367348484719e-11
-3.273364698445006255e-11
-1.545318860814643446e-11
1.978212015966460966e-12
1.930511802206561970e-11
3.629450007373689413e-11
5.273416601267062597e-11
6.843129717618526563e-11
8.321108394813451703e-11
9.691545365093524792e-11
1.094018843875885237e-10
1.205422989053713591e-10
1.302220329801924053e-10
1.383388732155481711e-10
1.448021595150413387e-10
1.495319478248910985e-10
1.524582290551732196e-10
1.535202003773914506e-10
1.526655853634727823e-10
1.504384346802939768e-10
1.474815161563699002e-10
1.438915369926240908e-10
1.397587251213525380e-10
1.351672134198579544e-10
1.301954011647399221e-10
1.249162941288172630e-10
1.137031527684810484e-10
1.078909499679517216e-10
1.020156659461300494e-10
9.612778006724933767e-11
9.027403804838616922e-11
8.449767489024083687e-11
7.883862485920959179e-11
7.333371929416116981e-11
6.291925964774495543e-11
5.806947759829092378e-11
5.349370544814108532e-11
4.921584915766741707e-11
4.525768050862471110e-11
4.163896764501969547e-11
3.837759812421642378e-11
3.298972574531841521e-11
3.089060620416494850e-11
2.920379692594321881e-11
2.793939523015012822e-11
2.651114115855040960e-11
2.595369242265790558e-11
2.543092031162923309e-11
2.494002812128719582e-11
2.447836962417171495e-11
2.363287700089763965e-11
2.324443780525078562e-11
2.287600908680225201e-11
2.219130175104675179e-11
2.187135475387353455e-11
2.156407079470716396e-11
2.126786439741249133e-11
2.070279174246937464e-11
2.043119067742893579e-11
2.016518924893352831e-11
1.964535862118340140e-11
1.938938873438561665e-11
1.913473029801117323e-11
1.862575433775409627e-11
1.836978092356470495e-11
1.785111688003698809e-11
1.758707415897314550e-11
1.731906526349176787e-11
1.676892532206875286e-11
1.648578068105800670e-11
1.590108208194602939e-11
1.559872600043567965e-11
1.496121229946347759e-11
1.462578843408678575e-11
1.428149166459879402e-11
1.357248069043123318e-11
1.321066604540694438e-11
1.247910087971265849e-11
1.211181061858693962e-11
1.137987067583651633e-11
1.101729762776720769e-11
1.030370509164502418e-11
9.954427382397003783e-12
9.274886732338760936e-12
8.625457685319369911e-12
8.313656709324641501e-12
7.718772336508113079e-12
7.436732771449736716e-12
6.905807634544931072e-12
6.421842803717978569e-12
6.198391292137732035e-12
5.790148542214219325e-12
5.605919437518255414e-12
5.278472158381395696e-12
5.007083481263462987e-12
4.892850942065395021e-12
4.708023600522461921e-12
4.582130154954648362e-12
4.541505058317474808e-12
4.583684513644059342e-12
4.820837006123289474e-12
5.221988259270573245e-12
5.475077042629156781e-12
6.069604301453600255e-12
6.761311709583378299e-12
7.527269493773302022e-12
7.931460628190842114e-12
8.770002428049441493e-12
9.633648213127819210e-12
1.050566384296467106e-11
1.137080717233591467e-11
1.179641981419775572e-11
1.262567579787004302e-11
1.341579215965291316e-11
1.415594762596699223e-11
1.483638371045581856e-11
1.544832692549865593e-11
1.598391642022223464e-11
1.643613665914910989e-11
1.679875478427959203e-11
1.706626232980688442e-11
1.723382098302532036e-11
1.729721210745379959e-11
1.725278976493008812e-11
1.709743699257345107e-11
1.672570285148621671e-11
1.606214392714126031e-11
1.514683267416231678e-11
1.401706021958855432e-11
1.270750698571224592e-11
1.125040286503607542e-11
9.675677612306195440e-12
8.011102073927505860e-12
6.282420833591727794e-12
4.513476814421413787e-12
2.726328342110558933e-12
9.413591402555337495e-13
-1.691261815054251580e-12
-3.391677634382485309e-12
-5.030321326765447254e-12
-6.593152045884508673e-12
-8.067306618946586814e-12
-1.008683247224214627e-11
-1.129009653953310508e-11
-1.236791390788680301e-11
-1.331187119774488895e-11
-1.446042879805616244e-11
-1.503820304068554768e-11
-1.545881827777932481e-11
-1.578407677518677609e-11
-1.579080032806864005e-11
-1.562297568751995338e-11
-1.503659583620206031e-11
-1.444913718834965419e-11
-1.332036452813070109e-11
-1.242830234575526453e-11
-1.144363476319244600e-11
-9.825997584197549416e-12
-8.674304308059150393e-12
-6.869287134221842508e-12
-5.631730401190180125e-12
-3.751615948230096635e-12
-2.497128509002086473e-12
-6.370496294764923397e-13
1.171657939324037354e-12
2.336011170080032439e-12
4.002828364709716559e-12
5.051574855174629487e-12
6.516460089993104123e-12
7.835796283950465474e-12
8.626624136417868646e-12
9.669250356335024943e-12
1.052833602326559742e-11
1.099353800143435954e-11
1.152275121733814774e-11
1.184202473071710845e-11
1.194395304000120267e-11
1.188804188970112900e-11
1.110117458885222610e-11
9.176762084898589433e-12
6.281570475045709133e-12
2.569899109480533157e-12
-2.872450006687026768e-13
-5.048100293550329016e-12
-1.026882187351051240e-11
-1.583417235973205285e-11
-2.163797269432292868e-11
-2.758250182134263293e-11
-3.357793550125661259e-11
-3.954182162636417649e-11
-4.539858958920948676e-11
-5.107909142844580282e-11
-5.652017263626039774e-11
-6.166427065924431699e-11
-6.645903926145907710e-11
-7.085699704530494688e-11
-7.603006737153264535e-11
-7.934238909131355044e-11
-8.213069583350355424e-11
-8.436504714880222373e-11
-8.601884000305333673e-11
-8.706857761083208117e-11
-8.749336006407364360e-11
-8.705811430785989095e-11
-8.591657780193951333e-11
-8.315435333176778830e-11
-8.026891403883409190e-11
-7.678932659107612309e-11
-7.137445260361408110e-11
-6.683551530877904036e-11
-6.196971145072468143e-11
-5.509221740724011904e-11
-4.972436648829611902e-11
-4.239919269674522478e-11
-3.684929529254760454e-11
-2.946911405330079976e-11
-2.400777880846731825e-11
-1.690373771467159944e-11
-1.175847893177365277e-11
-5.208059177640371676e-12
9.196838682162338275e-13
5.197287506040656193e-12
1.042753326901491364e-11
1.506680405665610377e-11
1.812882903617723426e-11
2.161988619566316405e-11
2.439935102981331271e-11
2.643327353498461417e-11
2.769234333035017655e-11
2.811293635611335655e-11
2.795571371159666865e-11
2.694083891347880702e-11
2.514079983784779711e-11
2.265489234680450674e-11
1.957546314924075975e-11
1.598834591327322393e-11
1.197326992437924123e-11
7.604243089564735386e-12
2.949910963190032258e-12
-1.926106645430909805e-12
-6.964900029660641677e-12
-1.211197355466236088e-11
-1.862173784500697884e-11
-2.383419687449579805e-11
-2.900506877340710805e-11
-3.409572006180323410e-11
-4.029242662249871394e-11
-4.507724563433215787e-11
-4.967692625180483489e-11
-5.512584825539003854e-11
-5.921522951064748745e-11
-6.304138765372199054e-11
-6.742446348403160751e-11
-7.059011014903162928e-11
-7.409597461432140850e-11
-7.652324957132319880e-11
-7.906620222980752097e-11
-8.087263732820404925e-11
-8.310734450748049129e-11
-8.529972246170928942e-11
-8.701233547487548691e-11
-8.908920024058529021e-11
-9.108267461433759578e-11
-9.260929899749598841e-11
-9.442323461598108578e-11
-9.612319890039311272e-11
-9.770041450888267848e-11
-9.914710096269524171e-11
-1.004564005031897840e-10
-1.016223090788651335e-10
-1.024482652655693915e-10
-1.033434215832956946e-10
-1.040823873010143908e-10
-1.047583567550871205e-10
-1.051428726680503094e-10
-1.053625976605384656e-10
-1.054159330315916117e-10
-1.053017283258928665e-10
-1.050192450981901903e-10
-1.044576552241321905e-10
-1.038041778197088261e-10
-1.029824494472996493e-10
-1.019931200221344673e-10
-1.005369072268596862e-10
-9.890372853906958151e-11
-9.646138420156741667e-11
-9.407788594407342135e-11
-9.086371130608078918e-11
-8.793678715846358008e-11
-8.418142128383609285e-11
-8.088946805248906354e-11
-7.679149069010730598e-11
-7.258011404220438103e-11
-6.901768092584764943e-11
-6.471641612589683383e-11
-6.042372245354906198e-11
-5.617587421196106056e-11
-5.200599705212662103e-11
-4.794428423021496519e-11
-4.401819849390398658e-11
-4.025266057724842411e-11
-3.667022521367058962e-11
-3.329124551198364399e-11
-3.013402648052808254e-11
-2.721496842915792049e-11
-2.454870092755893242e-11
-2.214820795094699601e-11
-2.002494480023961463e-11
-1.791150692396663101e-11
-1.641849098502370560e-11
-1.508243090211887696e-11
-1.362141617875006990e-11
-1.244923906973984443e-11
-1.117090244256775412e-11
-1.014832187721478577e-11
-9.036736554407126368e-12
-8.150706404926645373e-12
-7.191323880712252344e-12
-6.308313986545691346e-12
-5.498004529779382114e-12
-4.858659644786045550e-12
-4.174203841741800679e-12
-3.552876421049852763e-12
-2.991623661020694329e-12
-2.487533399883382425e-12
-2.037828098664370817e-12
-1.639858272200766337e-12
-1.291096267039168035e-12
-9.891303663046334380e-13
-7.316592028633470595e-13
-5.164864632613725293e-13
-3.196840425176500451e-13
-1.882138777765017295e-13
-9.276884232251830799e-14
-2.548083050774914263e-14
-1.236389568425367801e-15
0.000000000000000000e+00
0.000000000000000000e+00
0.000000000000000000e+00
0.000000000000000000e+00
0.000000000000000000e+00
0.000000000000000000e+00
0.000000000000000000e+00
0.000000000000000000e+00
0.000000000000000000e+00
0.000000000000000000e+00
0.000000000000000000e+00
0.000000000000000000e+00
0.000000000000000000e+00
0.000000000000000000e+00
0.000000000000000000e+00
0.000000000000000000e+00
0.000000000000000000e+00
0.000000000000000000e+00
0.000000000000000000e+00
0.000000000000000000e+00
0.000000000000000000e+00
0.000000000000000000e+00
0.000000000000000000e+00
0.000000000000000000e+00
0.000000000000000000e+00
0.000000000000000000e+00
0.000000000000000000e+00
0.000000000000000000e+00
0.000000000000000000e+00
0.000000000000000000e+00
0.000000000000000000e+00
0.000000000000000000e+00
0.000000000000000000e+00
0.000000000000000000e+00
0.000000000000000000e+00
0.000000000000000000e+00
0.000000000000000000e+00
0.000000000000000000e+00
0.000000000000000000e+00
0.000000000000000000e+00
0.000000000000000000e+00
0.000000000000000000e+00
0.000000000000000000e+00
0.000000000000000000e+00
0.000000000000000000e+00
0.000000000000000000e+00
0.000000000000000000e+00
0.000000000000000000e+00
0.000000000000000000e+00
0.000000000000000000e+00
0.000000000000000000e+00
0.000000000000000000e+00
0.000000000000000000e+00
0.000000000000000000e+00
0.000000000000000000e+00
0.000000000000000000e+00
0.000000000000000000e+00
0.000000000000000000e+00
0.000000000000000000e+00
0.000000000000000000e+00
0.000000000000000000e+00
0.000000000000000000e+00
0.000000000000000000e+00
0.000000000000000000e+00
0.000000000000000000e+00
0.000000000000000000e+00
0.000000000000000000e+00
0.000000000000000000e+00
0.000000000000000000e+00
0.000000000000000000e+00
0.000000000000000000e+00
0.000000000000000000e+00
0.000000000000000000e+00
0.000000000000000000e+00
0.000000000000000000e+00
0.000000000000000000e+00
0.000000000000000000e+00
0.000000000000000000e+00
0.000000000000000000e+00
0.000000000000000000e+00
0.000000000000000000e+00
0.000000000000000000e+00
0.000000000000000000e+00
0.000000000000000000e+00
0.000000000000000000e+00
0.000000000000000000e+00
0.000000000000000000e+00
0.000000000000000000e+00
0.000000000000000000e+00
0.000000000000000000e+00
0.000000000000000000e+00
0.000000000000000000e+00
0.000000000000000000e+00
0.000000000000000000e+00
0.000000000000000000e+00
0.000000000000000000e+00
0.000000000000000000e+00
0.000000000000000000e+00
0.000000000000000000e+00
0.000000000000000000e+00
0.000000000000000000e+00
0.000000000000000000e+00
0.000000000000000000e+00
0.000000000000000000e+00
0.000000000000000000e+00
0.000000000000000000e+00
0.000000000000000000e+00
0.000000000000000000e+00
0.000000000000000000e+00
0.000000000000000000e+00
0.000000000000000000e+00
0.000000000000000000e+00
0.000000000000000000e+00
0.000000000000000000e+00
0.000000000000000000e+00
0.000000000000000000e+00
0.000000000000000000e+00
0.000000000000000000e+00
0.000000000000000000e+00
0.000000000000000000e+00
0.000000000000000000e+00
0.000000000000000000e+00
0.000000000000000000e+00
0.000000000000000000e+00
0.000000000000000000e+00
0.000000000000000000e+00
0.000000000000000000e+00
0.000000000000000000e+00
0.000000000000000000e+00
0.000000000000000000e+00
0.000000000000000000e+00
0.000000000000000000e+00
0.000000000000000000e+00
0.000000000000000000e+00
0.000000000000000000e+00
0.000000000000000000e+00
0.000000000000000000e+00
0.000000000000000000e+00
0.000000000000000000e+00
0.000000000000000000e+00
0.000000000000000000e+00
0.000000000000000000e+00
0.000000000000000000e+00
0.000000000000000000e+00
0.000000000000000000e+00
0.000000000000000000e+00
0.000000000000000000e+00
0.000000000000000000e+00
0.000000000000000000e+00
0.000000000000000000e+00
0.000000000000000000e+00
0.000000000000000000e+00
0.000000000000000000e+00
0.000000000000000000e+00
0.000000000000000000e+00
0.000000000000000000e+00
0.000000000000000000e+00
0.000000000000000000e+00
0.000000000000000000e+00
0.000000000000000000e+00
0.000000000000000000e+00
0.000000000000000000e+00
0.000000000000000000e+00
0.000000000000000000e+00
0.000000000000000000e+00
0.000000000000000000e+00
0.000000000000000000e+00
0.000000000000000000e+00
0.000000000000000000e+00
0.000000000000000000e+00
0.000000000000000000e+00
0.000000000000000000e+00
0.000000000000000000e+00
0.000000000000000000e+00
0.000000000000000000e+00
0.000000000000000000e+00
0.000000000000000000e+00
0.000000000000000000e+00
0.000000000000000000e+00
0.000000000000000000e+00
0.000000000000000000e+00
0.000000000000000000e+00
0.000000000000000000e+00
0.000000000000000000e+00
0.000000000000000000e+00
0.000000000000000000e+00
0.000000000000000000e+00
0.000000000000000000e+00
0.000000000000000000e+00
0.000000000000000000e+00
0.000000000000000000e+00
0.000000000000000000e+00
0.000000000000000000e+00
0.000000000000000000e+00
0.000000000000000000e+00
0.000000000000000000e+00
0.000000000000000000e+00
0.000000000000000000e+00
0.000000000000000000e+00
0.000000000000000000e+00
0.000000000000000000e+00
0.000000000000000000e+00
0.000000000000000000e+00
0.000000000000000000e+00
0.000000000000000000e+00
0.000000000000000000e+00
0.000000000000000000e+00
0.000000000000000000e+00
0.000000000000000000e+00
0.000000000000000000e+00
0.000000000000000000e+00
0.000000000000000000e+00
0.000000000000000000e+00
0.000000000000000000e+00
0.000000000000000000e+00
0.000000000000000000e+00
0.000000000000000000e+00
0.000000000000000000e+00
0.000000000000000000e+00
0.000000000000000000e+00
0.000000000000000000e+00
0.000000000000000000e+00
0.000000000000000000e+00
0.000000000000000000e+00
0.000000000000000000e+00
0.000000000000000000e+00
0.000000000000000000e+00
0.000000000000000000e+00
0.000000000000000000e+00
0.000000000000000000e+00
0.000000000000000000e+00
0.000000000000000000e+00
0.000000000000000000e+00
0.000000000000000000e+00
0.000000000000000000e+00
0.000000000000000000e+00
0.000000000000000000e+00
0.000000000000000000e+00
0.000000000000000000e+00
0.000000000000000000e+00
0.000000000000000000e+00
0.000000000000000000e+00
0.000000000000000000e+00
0.000000000000000000e+00
0.000000000000000000e+00
0.000000000000000000e+00
0.000000000000000000e+00
0.000000000000000000e+00
0.000000000000000000e+00
0.000000000000000000e+00
0.000000000000000000e+00
0.000000000000000000e+00
0.000000000000000000e+00
0.000000000000000000e+00
0.000000000000000000e+00
0.000000000000000000e+00
0.000000000000000000e+00
0.000000000000000000e+00
0.000000000000000000e+00
0.000000000000000000e+00
0.000000000000000000e+00
0.000000000000000000e+00
0.000000000000000000e+00
0.000000000000000000e+00
0.000000000000000000e+00
0.000000000000000000e+00
0.000000000000000000e+00
0.000000000000000000e+00
0.000000000000000000e+00
0.000000000000000000e+00
0.000000000000000000e+00
0.000000000000000000e+00
0.000000000000000000e+00
0.000000000000000000e+00
0.000000000000000000e+00
0.000000000000000000e+00
0.000000000000000000e+00
0.000000000000000000e+00
0.000000000000000000e+00
0.000000000000000000e+00
0.000000000000000000e+00
0.000000000000000000e+00
0.000000000000000000e+00
0.000000000000000000e+00
0.000000000000000000e+00
0.000000000000000000e+00
0.000000000000000000e+00
0.000000000000000000e+00
0.000000000000000000e+00
0.000000000000000000e+00
0.000000000000000000e+00
0.000000000000000000e+00
0.000000000000000000e+00
0.000000000000000000e+00
0.000000000000000000e+00
0.000000000000000000e+00
0.000000000000000000e+00
0.000000000000000000e+00
0.000000000000000000e+00
0.000000000000000000e+00
0.000000000000000000e+00
0.000000000000000000e+00
0.000000000000000000e+00
0.000000000000000000e+00
0.000000000000000000e+00
0.000000000000000000e+00
0.000000000000000000e+00
0.000000000000000000e+00
0.000000000000000000e+00
0.000000000000000000e+00
0.000000000000000000e+00
0.000000000000000000e+00
0.000000000000000000e+00
0.000000000000000000e+00
0.000000000000000000e+00
0.000000000000000000e+00
0.000000000000000000e+00
0.000000000000000000e+00
0.000000000000000000e+00
0.000000000000000000e+00
0.000000000000000000e+00
0.000000000000000000e+00
0.000000000000000000e+00
0.000000000000000000e+00
0.000000000000000000e+00
0.000000000000000000e+00
0.000000000000000000e+00
0.000000000000000000e+00
0.000000000000000000e+00
0.000000000000000000e+00
0.000000000000000000e+00
0.000000000000000000e+00
0.000000000000000000e+00
0.000000000000000000e+00
0.000000000000000000e+00
0.000000000000000000e+00
0.000000000000000000e+00
0.000000000000000000e+00
0.000000000000000000e+00
0.000000000000000000e+00
0.000000000000000000e+00
0.000000000000000000e+00
0.000000000000000000e+00
0.000000000000000000e+00
0.000000000000000000e+00
0.000000000000000000e+00
0.000000000000000000e+00
0.000000000000000000e+00
0.000000000000000000e+00
0.000000000000000000e+00
0.000000000000000000e+00
0.000000000000000000e+00
0.000000000000000000e+00
0.000000000000000000e+00
0.000000000000000000e+00
0.000000000000000000e+00
0.000000000000000000e+00
0.000000000000000000e+00
0.000000000000000000e+00
0.000000000000000000e+00
0.000000000000000000e+00
0.000000000000000000e+00
0.000000000000000000e+00
0.000000000000000000e+00
0.000000000000000000e+00
0.000000000000000000e+00
0.000000000000000000e+00
0.000000000000000000e+00
0.000000000000000000e+00
0.000000000000000000e+00
0.000000000000000000e+00
0.000000000000000000e+00
0.000000000000000000e+00
0.000000000000000000e+00
0.000000000000000000e+00
0.000000000000000000e+00
0.000000000000000000e+00
0.000000000000000000e+00
0.000000000000000000e+00
0.000000000000000000e+00
0.000000000000000000e+00
0.000000000000000000e+00
0.000000000000000000e+00
0.000000000000000000e+00
0.000000000000000000e+00
0.000000000000000000e+00
0.000000000000000000e+00
0.000000000000000000e+00
0.000000000000000000e+00
0.000000000000000000e+00
0.000000000000000000e+00
0.000000000000000000e+00
0.000000000000000000e+00
0.000000000000000000e+00
0.000000000000000000e+00
0.000000000000000000e+00
0.000000000000000000e+00
0.000000000000000000e+00
0.000000000000000000e+00
0.000000000000000000e+00
0.000000000000000000e+00
0.000000000000000000e+00
0.000000000000000000e+00
0.000000000000000000e+00
0.000000000000000000e+00
0.000000000000000000e+00
0.000000000000000000e+00
0.000000000000000000e+00
0.000000000000000000e+00
0.000000000000000000e+00
0.000000000000000000e+00
0.000000000000000000e+00
0.000000000000000000e+00
0.000000000000000000e+00
0.000000000000000000e+00
0.000000000000000000e+00
0.000000000000000000e+00
0.000000000000000000e+00
0.000000000000000000e+00
0.000000000000000000e+00
0.000000000000000000e+00
0.000000000000000000e+00
0.000000000000000000e+00
0.000000000000000000e+00
0.000000000000000000e+00
0.000000000000000000e+00
0.000000000000000000e+00
0.000000000000000000e+00
0.000000000000000000e+00
0.000000000000000000e+00
0.000000000000000000e+00
0.000000000000000000e+00
0.000000000000000000e+00
0.000000000000000000e+00
0.000000000000000000e+00
0.000000000000000000e+00
0.000000000000000000e+00
0.000000000000000000e+00
0.000000000000000000e+00
0.000000000000000000e+00
0.000000000000000000e+00
0.000000000000000000e+00
0.000000000000000000e+00
0.000000000000000000e+00
0.000000000000000000e+00
0.000000000000000000e+00
0.000000000000000000e+00
0.000000000000000000e+00
0.000000000000000000e+00
0.000000000000000000e+00
0.000000000000000000e+00
0.000000000000000000e+00
0.000000000000000000e+00
0.000000000000000000e+00
0.000000000000000000e+00
0.000000000000000000e+00
0.000000000000000000e+00
0.000000000000000000e+00
0.000000000000000000e+00
0.000000000000000000e+00
0.000000000000000000e+00
0.000000000000000000e+00
0.000000000000000000e+00
0.000000000000000000e+00
0.000000000000000000e+00
0.000000000000000000e+00
0.000000000000000000e+00
0.000000000000000000e+00
0.000000000000000000e+00
0.000000000000000000e+00
0.000000000000000000e+00
0.000000000000000000e+00
0.000000000000000000e+00
0.000000000000000000e+00
0.000000000000000000e+00
0.000000000000000000e+00
0.000000000000000000e+00
0.000000000000000000e+00
0.000000000000000000e+00
0.000000000000000000e+00
0.000000000000000000e+00
0.000000000000000000e+00
0.000000000000000000e+00
0.000000000000000000e+00
0.000000000000000000e+00
0.000000000000000000e+00
0.000000000000000000e+00
0.000000000000000000e+00
0.000000000000000000e+00
0.000000000000000000e+00
0.000000000000000000e+00
0.000000000000000000e+00
0.000000000000000000e+00
0.000000000000000000e+00
0.000000000000000000e+00
0.000000000000000000e+00
0.000000000000000000e+00
0.000000000000000000e+00
0.000000000000000000e+00
0.000000000000000000e+00
0.000000000000000000e+00
0.000000000000000000e+00
0.000000000000000000e+00
0.000000000000000000e+00
0.000000000000000000e+00
0.000000000000000000e+00
0.000000000000000000e+00
0.000000000000000000e+00
0.000000000000000000e+00
0.000000000000000000e+00
0.000000000000000000e+00
0.000000000000000000e+00
0.000000000000000000e+00
0.000000000000000000e+00
0.000000000000000000e+00
0.000000000000000000e+00
nan
