# bin_12_10
-1.765599933717486408e-06
-1.558575729174338375e-06
-1.338569003648075586e-06
-1.161723149363088763e-06
-9.872310861167831343e-07
-8.457747257095367589e-07
-7.160816524695590151e-07
-6.083567438925588176e-07
-5.161319579811903749e-07
-4.381048278623942858e-07
-3.726436018906014832e-07
-3.099251299143011100e-07
-2.749376665924863144e-07
-2.373266778798014867e-07
-2.033397625070774947e-07
-1.684134408158764238e-07
-1.355696348313463584e-07
-1.111330188344542093e-07
-9.498578497111504025e-08
-8.302806287962753671e-08
-7.309691065552410551e-08
-6.395084491297855635e-08
-5.585399170543356819e-08
-4.886115286812606484e-08
-4.221555947554360035e-08
-3.548219258646134123e-08
-2.755859692492587117e-08
-1.918108392626154857e-08
-1.210374114582142576e-08
-7.356838213198043709e-09
-5.483554859997919527e-09
-7.083253765962973931e-09
-1.097687126100584562e-08
-1.534606850642512300e-08
-1.896252675028700817e-08
-2.102591650378424608e-08
-2.104509550507150044e-08
-1.943191325568638153e-08
-1.714452047626908159e-08
-1.458697052389753647e-08
-1.205373239269731438e-08
-9.755330551326728869e-09
-7.838103336856465148e-09
-6.399459326988842808e-09
-5.302642026953034665e-09
-4.355505881421323184e-09
-3.543965954214707388e-09
-2.855112624656548496e-09
-2.277137593382977289e-09
-1.799257574237961620e-09
-1.411638275542552071e-09
-1.105320414891231904e-09
-8.839866028340827162e-10
-7.364231859177976784e-10
-6.364436695330000249e-10
-5.630265526547497408e-10
-4.994172827851599285e-10
-4.323846440295910192e-10
-3.516042541362080505e-10
-2.491468951587874884e-10
-1.190534718746391557e-10
6.383809698932782958e-10
2.342384253714919045e-09
4.631277387492605782e-09
7.206963382825972256e-09
9.825242733143800255e-09
1.228758348966575980e-08
1.443412111484467853e-08
1.613769962229112670e-08
1.729879566932676081e-08
1.784119235704802717e-08
1.770829040928393645e-08
1.690825432578074304e-08
1.560035630050685011e-08
1.394700603194780737e-08
1.208623417461794971e-08
1.013487970545591702e-08
8.191365055741364769e-09
6.338114010033684471e-09
4.643659684179049931e-09
3.164483337555250954e-09
1.946619174479659751e-09
1.027055498979631749e-09
4.349584825956085622e-10
1.927412830561319809e-10
1.350038683668115972e-10
8.401523760837639439e-11
3.923468033475747701e-11
1.644697026027239321e-13
-3.365378100680785778e-11
-6.264242692120057923e-11
-8.719079861566340203e-11
-1.076579374880522369e-10
-1.243750861082244418e-10
-1.376479573512532913e-10
-1.477588036213110512e-10
-1.549683052529566712e-10
-1.595172952057975261e-10
-1.616283354168555148e-10
-1.615071586163512162e-10
-1.593439880242785950e-10
-1.544329763826081166e-10
-1.464498227162600961e-10
-1.360851109832106574e-10
-1.239542450215724927e-10
-1.106046241648181976e-10
-9.652213844025513226e-11
-8.213705015482847796e-11
-6.782932177623652538e-11
-5.393344387376463793e-11
-4.074281140509651880e-11
-2.851369174668868983e-11
-1.746882349875186026e-11
-7.800681192746550673e-12
3.255624624786881701e-13
6.769348286017928470e-12
1.141229057283440961e-11
1.415596208699063626e-11
1.491988315652107900e-11
1.428342278233294374e-11
1.290939508083939216e-11
1.085210869287590773e-11
8.162426243331125147e-12
4.887988501623769273e-12
1.073422970046341847e-12
-3.239461932840713671e-12
-8.011496021031420136e-12
-1.320597883560503703e-11
-1.878852257720816013e-11
-2.472690564073307663e-11
-3.099093598227875896e-11
-3.755232360875097567e-11
-4.438456153565132215e-11
-5.146281460918076002e-11
-5.876381563514743878e-11
-6.626576829973197824e-11
-7.394825640619858347e-11
-8.179215898751803373e-11
-8.977957088785094653e-11
-9.789372843611963412e-11
-1.061189398628192942e-10
-1.156355124919769217e-10
-1.273405360227468423e-10
-1.408209004904198375e-10
-1.556970181847601604e-10
-1.716204661635416675e-10
-1.882717931598960876e-10
-2.053584790080998138e-10
-2.226130356156270980e-10
-2.397912393397509475e-10
-2.566704853908356981e-10
-2.730482555875875776e-10
-2.887406914367803610e-10
-3.035812651062307737e-10
-3.174195414093185785e-10
-3.301200244258066854e-10
-3.415610828510135460e-10
-3.516339485963863998e-10
-3.602417835625063297e-10
-3.672988098729177469e-10
-3.727294991966564166e-10
-3.764678171010442670e-10
-3.784565186662574557e-10
-3.786464918614607376e-10
-3.769961454303759024e-10
-3.734708382638274304e-10
-3.674191406925261593e-10
-3.584704289283005657e-10
-3.469966499918860906e-10
-3.333449708512753715e-10
-3.178392444581507982e-10
-3.007813890517865353e-10
-2.824526860688540011e-10
-2.430119364158988663e-10
-2.223699078681785868e-10
-2.013991695231971939e-10
-1.802947705844455014e-10
-1.592374597486263694e-10
-1.383945364969703522e-10
-1.179206530161618431e-10
-9.795856969494232220e-11
-6.008561602612661467e-11
-4.240701103139059188e-11
-2.570596476446535930e-11
-1.007567019208317122e-11
4.398870249803351097e-12
1.764034570400468749e-11
2.957866651310473045e-11
4.929895611816523720e-11
5.697298569545585049e-11
6.312721624462774620e-11
6.772149769496183197e-11
7.277220634408424991e-11
7.456079761901018138e-11
7.610880550177697271e-11
7.743745323291930322e-11
7.856680846526749637e-11
8.030247445808683611e-11
8.094364327695870319e-11
8.145533643732725386e-11
8.214981485480485639e-11
8.236027099336481775e-11
8.249667547244739862e-11
8.257095658407255516e-11
8.257741767419375458e-11
8.253011176156401063e-11
8.246177467114840453e-11
8.229657915226789722e-11
8.221568518403806888e-11
8.214574137080791661e-11
8.206536991974578356e-11
8.206719835970651271e-11
8.218251734431096352e-11
8.230594269917906052e-11
8.247925729816598886e-11
8.299175578446609232e-11
8.333829136023835441e-11
8.422822581388896313e-11
8.477736497622030325e-11
8.616321281342389689e-11
8.699866704856852641e-11
8.791302900698059707e-11
8.993379215331638665e-11
9.101928084980989343e-11
9.329221916686435638e-11
9.446188038009895454e-11
9.682663549341046246e-11
9.800667060972081007e-11
1.003274832791394053e-10
1.014555860482935854e-10
1.036181814155998285e-10
1.056211756190066455e-10
1.065509372059933448e-10
1.082457358262289424e-10
1.090030730544556989e-10
1.103202354502085968e-10
1.113535543471695434e-10
1.117568897035103298e-10
1.123248844277426248e-10
1.124852851805185876e-10
1.125495274883692755e-10
1.122610490902612246e-10
1.119810984593008089e-10
1.111440787950470679e-10
1.099314231315943439e-10
1.091823579407721448e-10
1.070605684820767200e-10
1.039767157065336153e-10
1.000631302478101788e-10
9.783368882714268763e-11
9.290117024943581011e-11
8.742601927737871849e-11
8.150740294112314994e-11
7.841057697000645117e-11
7.199531855183526559e-11
6.535066263220874621e-11
5.855010381406560781e-11
5.166093149506881825e-11
4.820255511262508052e-11
4.129412876380872772e-11
3.444097023335299235e-11
2.769191204600908989e-11
2.109133025723954823e-11
1.467946227486424407e-11
8.492702812815529377e-12
2.563879518537400549e-12
-3.077490298268432913e-12
-8.404960512697575055e-12
-1.339493338148419984e-11
-1.802645195289871886e-11
-2.228100663542869074e-11
-2.614235494714062121e-11
-2.989214131040321614e-11
-3.379089885326265305e-11
-3.779494053791318844e-11
-4.186389995478519677e-11
-4.596052037342722870e-11
-5.005045695208597323e-11
-5.410209125878817005e-11
-5.808635731406265581e-11
-6.197657841868730688e-11
-6.574831407926711712e-11
-6.937921639040276340e-11
-7.284889527486037007e-11
-7.771099390466161923e-11
-8.070013571417914296e-11
-8.347034981104225245e-11
-8.600859936200198003e-11
-8.830319931232639023e-11
-9.126578137741039509e-11
-9.290821535684378003e-11
-9.427550669193702199e-11
-9.536102434715832360e-11
-9.644872718712002474e-11
-9.680670684227894449e-11
-9.686657302666152053e-11
-9.639114701853879691e-11
-9.569428541467614210e-11
-9.465937648713390158e-11
-9.215573003335416993e-11
-8.990280822831218877e-11
-8.578357244589145768e-11
-8.261762763121543944e-11
-7.917068361111794410e-11
-7.356852915325368592e-11
-6.960504058149353257e-11
-6.341034430085720372e-11
-5.916462910937152254e-11
-5.270182252778187377e-11
-4.837323326358437413e-11
-4.191770008748834016e-11
-3.558064775785515486e-11
-3.145927643470302768e-11
-2.548322472033775969e-11
-2.166368823858123123e-11
-1.622354863027301053e-11
-1.117621356033456084e-11
-8.052600112330680312e-12
-3.759991905838698280e-12
2.825314019397788848e-14
2.257141387323588998e-12
5.133897861127631576e-12
7.428035922087034998e-12
9.117384537159402996e-12
9.898231994514902214e-12
1.078324903811049723e-11
1.152805298319106801e-11
1.214908989747433428e-11
1.266162390499888039e-11
1.295006929270179431e-11
1.331271693847910285e-11
1.360235714360027059e-11
1.383054151243162615e-11
1.400795832151103322e-11
1.414448873244240218e-11
1.424925937216915434e-11
1.433069152389713062e-11
1.439654715478150345e-11
1.445397199061544329e-11
1.450953583306304925e-11
1.456927030137006954e-11
1.463870416787889561e-11
1.472289644499250885e-11
1.486603638852949198e-11
1.500192827930550648e-11
1.516643261620472984e-11
1.536290654483033609e-11
1.559438157190681438e-11
1.586358543691786483e-11
1.628539984415390907e-11
1.665169012129896551e-11
1.707019713103168679e-11
1.773775728852901085e-11
1.830790192663087288e-11
1.892583410938235294e-11
1.980720743813203193e-11
2.049960838075421206e-11
2.120959344148463106e-11
2.217028755455392234e-11
2.289212564759343961e-11
2.384393758423020563e-11
2.454208242645414732e-11
2.544162378386025077e-11
2.608634641338486935e-11
2.689746418451055389e-11
2.746409563817075702e-11
2.815692791728586797e-11
2.877089523808984904e-11
2.917534706350174965e-11
2.963486297868438413e-11
2.999812820589587694e-11
3.020444569478474311e-11
3.038791202814080183e-11
3.046326038999274857e-11
3.042731570928845309e-11
3.027743417660467278e-11
3.008893778365470144e-11
2.972033353772506186e-11
2.892210537136035360e-11
2.763317694718626381e-11
2.592451430762352374e-11
2.386196723446384404e-11
2.150659463952158842e-11
1.891496931366265378e-11
1.613946339461153457e-11
1.322851581936963146e-11
1.022688293949638326e-11
7.175873396312178152e-12
4.113568277851656718e-12
3.229422081014747669e-13
-2.640880409400641272e-12
-5.512117083582706958e-12
-8.264251405613645930e-12
-1.150021089628083405e-11
-1.389897615166542841e-11
-1.610744499281206052e-11
-1.857346487742760172e-11
-2.029126030298744264e-11
-2.176697771715816190e-11
-2.325207296446863936e-11
-2.413896796972668778e-11
-2.485521311039338348e-11
-2.510410424294858099e-11
-2.499833905327557398e-11
-2.412112617609617713e-11
-2.147073917762791300e-11
-1.733267621165378923e-11
-1.311126298490781440e-11
-6.881386797986907946e-12
2.164685691536314912e-13
6.391868635278070016e-12
1.458474725413225028e-11
2.315218573737073131e-11
3.194416998593852249e-11
4.082300531882239211e-11
4.966248333578066850e-11
5.834710383667394368e-11
6.511207640616862683e-11
7.325831900815740300e-11
8.097726611708817792e-11
8.956240819687655270e-11
9.606674108877088757e-11
1.019105618421834919e-10
1.070354427994331024e-10
1.113890237606470646e-10
1.149245890753518193e-10
1.180294494655705851e-10
1.196262640132836094e-10
1.202890607882694218e-10
1.199908023709169906e-10
1.180137741872742163e-10
1.137320443495717048e-10
1.055757487861773730e-10
9.661893327544359219e-11
8.369947983024484713e-11
7.142994074761075877e-11
5.526431173737882754e-11
4.085399521240956293e-11
2.274505548986354565e-11
4.057078429303875874e-12
-1.173861970749082741e-11
-3.071777045045451852e-11
-4.948061120469446709e-11
-6.779153032800873681e-11
-8.543585629963347509e-11
-1.022184061736987078e-10
-1.179621309849438084e-10
-1.325068514766478494e-10
-1.457080779952986113e-10
-1.574359088352546105e-10
-1.675740017224143611e-10
-1.760186135012404811e-10
-1.826777034369700315e-10
-1.874700958664366235e-10
-1.903246982288704383e-10
-1.911240370377440759e-10
-1.895893597905104678e-10
-1.864475084348070196e-10
-1.812500213602029323e-10
-1.756664236667843811e-10
-1.680459104685443944e-10
-1.607247067998006283e-10
-1.514433606742325879e-10
-1.429901603470989476e-10
-1.327024819792641744e-10
-1.221104213184065649e-10
-1.113628270074224345e-10
-1.021305503059732116e-10
-9.144729274461707144e-11
-8.096823645063854536e-11
-7.079883188814158219e-11
-6.103508690879580648e-11
-5.176421671557162197e-11
-4.306525085985884561e-11
-3.500960017647850445e-11
-2.766158635573595894e-11
-2.107893666154184004e-11
-1.531324612869513433e-11
-9.782871587757411098e-12
-5.915573703428034086e-12
-2.992121476235429809e-12
-8.456747438915893317e-13
-4.203944663116101728e-14
0.000000000000000000e+00
0.000000000000000000e+00
0.000000000000000000e+00
0.000000000000000000e+00
0.000000000000000000e+00
0.000000000000000000e+00
0.000000000000000000e+00
0.000000000000000000e+00
0.000000000000000000e+00
0.000000000000000000e+00
0.000000000000000000e+00
0.000000000000000000e+00
0.000000000000000000e+00
0.000000000000000000e+00
0.000000000000000000e+00
0.000000000000000000e+00
0.000000000000000000e+00
0.000000000000000000e+00
0.000000000000000000e+00
0.000000000000000000e+00
0.000000000000000000e+00
0.000000000000000000e+00
0.000000000000000000e+00
0.000000000000000000e+00
0.000000000000000000e+00
0.000000000000000000e+00
0.000000000000000000e+00
0.000000000000000000e+00
0.000000000000000000e+00
0.000000000000000000e+00
0.000000000000000000e+00
0.000000000000000000e+00
0.000000000000000000e+00
0.000000000000000000e+00
0.000000000000000000e+00
0.000000000000000000e+00
0.000000000000000000e+00
0.000000000000000000e+00
0.000000000000000000e+00
0.000000000000000000e+00
0.000000000000000000e+00
0.000000000000000000e+00
0.000000000000000000e+00
0.000000000000000000e+00
0.000000000000000000e+00
0.000000000000000000e+00
0.000000000000000000e+00
0.000000000000000000e+00
0.000000000000000000e+00
0.000000000000000000e+00
0.000000000000000000e+00
0.000000000000000000e+00
0.000000000000000000e+00
0.000000000000000000e+00
0.000000000000000000e+00
0.000000000000000000e+00
0.000000000000000000e+00
0.000000000000000000e+00
0.000000000000000000e+00
0.000000000000000000e+00
0.000000000000000000e+00
0.000000000000000000e+00
0.000000000000000000e+00
0.000000000000000000e+00
0.000000000000000000e+00
0.000000000000000000e+00
0.000000000000000000e+00
0.000000000000000000e+00
0.000000000000000000e+00
0.000000000000000000e+00
0.000000000000000000e+00
0.000000000000000000e+00
0.000000000000000000e+00
0.000000000000000000e+00
0.000000000000000000e+00
0.000000000000000000e+00
0.000000000000000000e+00
0.000000000000000000e+00
0.000000000000000000e+00
0.000000000000000000e+00
0.000000000000000000e+00
0.000000000000000000e+00
0.000000000000000000e+00
0.000000000000000000e+00
0.000000000000000000e+00
0.000000000000000000e+00
0.000000000000000000e+00
0.000000000000000000e+00
0.000000000000000000e+00
0.000000000000000000e+00
0.000000000000000000e+00
0.000000000000000000e+00
0.000000000000000000e+00
0.000000000000000000e+00
0.000000000000000000e+00
0.000000000000000000e+00
0.000000000000000000e+00
0.000000000000000000e+00
0.000000000000000000e+00
0.000000000000000000e+00
0.000000000000000000e+00
0.000000000000000000e+00
0.000000000000000000e+00
0.000000000000000000e+00
0.000000000000000000e+00
0.000000000000000000e+00
0.000000000000000000e+00
0.000000000000000000e+00
0.000000000000000000e+00
0.000000000000000000e+00
0.000000000000000000e+00
0.000000000000000000e+00
0.000000000000000000e+00
0.000000000000000000e+00
0.000000000000000000e+00
0.000000000000000000e+00
0.000000000000000000e+00
0.000000000000000000e+00
0.000000000000000000e+00
0.000000000000000000e+00
0.000000000000000000e+00
0.000000000000000000e+00
0.000000000000000000e+00
0.000000000000000000e+00
0.000000000000000000e+00
0.000000000000000000e+00
0.000000000000000000e+00
0.000000000000000000e+00
0.000000000000000000e+00
0.000000000000000000e+00
0.000000000000000000e+00
0.000000000000000000e+00
0.000000000000000000e+00
0.000000000000000000e+00
0.000000000000000000e+00
0.000000000000000000e+00
0.000000000000000000e+00
0.000000000000000000e+00
0.000000000000000000e+00
0.000000000000000000e+00
0.000000000000000000e+00
0.000000000000000000e+00
0.000000000000000000e+00
0.000000000000000000e+00
0.000000000000000000e+00
0.000000000000000000e+00
0.000000000000000000e+00
0.000000000000000000e+00
0.000000000000000000e+00
0.000000000000000000e+00
0.000000000000000000e+00
0.000000000000000000e+00
0.000000000000000000e+00
0.000000000000000000e+00
0.000000000000000000e+00
0.000000000000000000e+00
0.000000000000000000e+00
0.000000000000000000e+00
0.000000000000000000e+00
0.000000000000000000e+00
0.000000000000000000e+00
0.000000000000000000e+00
0.000000000000000000e+00
0.000000000000000000e+00
0.000000000000000000e+00
0.000000000000000000e+00
0.000000000000000000e+00
0.000000000000000000e+00
0.000000000000000000e+00
0.000000000000000000e+00
0.000000000000000000e+00
0.000000000000000000e+00
0.000000000000000000e+00
0.000000000000000000e+00
0.000000000000000000e+00
0.000000000000000000e+00
0.000000000000000000e+00
0.000000000000000000e+00
0.000000000000000000e+00
0.000000000000000000e+00
0.000000000000000000e+00
0.000000000000000000e+00
0.000000000000000000e+00
0.000000000000000000e+00
0.000000000000000000e+00
0.000000000000000000e+00
0.000000000000000000e+00
0.000000000000000000e+00
0.000000000000000000e+00
0.000000000000000000e+00
0.000000000000000000e+00
0.000000000000000000e+00
0.000000000000000000e+00
0.000000000000000000e+00
0.000000000000000000e+00
0.000000000000000000e+00
0.000000000000000000e+00
0.000000000000000000e+00
0.000000000000000000e+00
0.000000000000000000e+00
0.000000000000000000e+00
0.000000000000000000e+00
0.000000000000000000e+00
0.000000000000000000e+00
0.000000000000000000e+00
0.000000000000000000e+00
0.000000000000000000e+00
0.000000000000000000e+00
0.000000000000000000e+00
0.000000000000000000e+00
0.000000000000000000e+00
0.000000000000000000e+00
0.000000000000000000e+00
0.000000000000000000e+00
0.000000000000000000e+00
0.000000000000000000e+00
0.000000000000000000e+00
0.000000000000000000e+00
0.000000000000000000e+00
0.000000000000000000e+00
0.000000000000000000e+00
0.000000000000000000e+00
0.000000000000000000e+00
0.000000000000000000e+00
0.000000000000000000e+00
0.000000000000000000e+00
0.000000000000000000e+00
0.000000000000000000e+00
0.000000000000000000e+00
0.000000000000000000e+00
0.000000000000000000e+00
0.000000000000000000e+00
0.000000000000000000e+00
0.000000000000000000e+00
0.000000000000000000e+00
0.000000000000000000e+00
0.000000000000000000e+00
0.000000000000000000e+00
0.000000000000000000e+00
0.000000000000000000e+00
0.000000000000000000e+00
0.000000000000000000e+00
0.000000000000000000e+00
0.000000000000000000e+00
0.000000000000000000e+00
0.000000000000000000e+00
0.000000000000000000e+00
0.000000000000000000e+00
0.000000000000000000e+00
0.000000000000000000e+00
0.000000000000000000e+00
0.000000000000000000e+00
0.000000000000000000e+00
0.000000000000000000e+00
0.000000000000000000e+00
0.000000000000000000e+00
0.000000000000000000e+00
0.000000000000000000e+00
0.000000000000000000e+00
0.000000000000000000e+00
0.000000000000000000e+00
0.000000000000000000e+00
0.000000000000000000e+00
0.000000000000000000e+00
0.000000000000000000e+00
0.000000000000000000e+00
0.000000000000000000e+00
0.000000000000000000e+00
0.000000000000000000e+00
0.000000000000000000e+00
0.000000000000000000e+00
0.000000000000000000e+00
0.000000000000000000e+00
0.000000000000000000e+00
0.000000000000000000e+00
0.000000000000000000e+00
0.000000000000000000e+00
0.000000000000000000e+00
0.000000000000000000e+00
0.000000000000000000e+00
0.000000000000000000e+00
0.000000000000000000e+00
0.000000000000000000e+00
0.000000000000000000e+00
0.000000000000000000e+00
0.000000000000000000e+00
0.000000000000000000e+00
0.000000000000000000e+00
0.000000000000000000e+00
0.000000000000000000e+00
0.000000000000000000e+00
0.000000000000000000e+00
0.000000000000000000e+00
0.000000000000000000e+00
0.000000000000000000e+00
0.000000000000000000e+00
0.000000000000000000e+00
0.000000000000000000e+00
0.000000000000000000e+00
0.000000000000000000e+00
0.000000000000000000e+00
0.000000000000000000e+00
0.000000000000000000e+00
0.000000000000000000e+00
0.000000000000000000e+00
0.000000000000000000e+00
0.000000000000000000e+00
0.000000000000000000e+00
0.000000000000000000e+00
0.000000000000000000e+00
0.000000000000000000e+00
0.000000000000000000e+00
0.000000000000000000e+00
0.000000000000000000e+00
0.000000000000000000e+00
0.000000000000000000e+00
0.000000000000000000e+00
0.000000000000000000e+00
0.000000000000000000e+00
0.000000000000000000e+00
0.000000000000000000e+00
0.000000000000000000e+00
0.000000000000000000e+00
0.000000000000000000e+00
0.000000000000000000e+00
0.000000000000000000e+00
0.000000000000000000e+00
0.000000000000000000e+00
0.000000000000000000e+00
0.000000000000000000e+00
0.000000000000000000e+00
0.000000000000000000e+00
0.000000000000000000e+00
0.000000000000000000e+00
0.000000000000000000e+00
0.000000000000000000e+00
0.000000000000000000e+00
0.000000000000000000e+00
0.000000000000000000e+00
0.000000000000000000e+00
0.000000000000000000e+00
0.000000000000000000e+00
0.000000000000000000e+00
0.000000000000000000e+00
0.000000000000000000e+00
0.000000000000000000e+00
0.000000000000000000e+00
0.000000000000000000e+00
0.000000000000000000e+00
0.000000000000000000e+00
0.000000000000000000e+00
0.000000000000000000e+00
0.000000000000000000e+00
0.000000000000000000e+00
0.000000000000000000e+00
0.000000000000000000e+00
0.000000000000000000e+00
0.000000000000000000e+00
0.000000000000000000e+00
0.000000000000000000e+00
0.000000000000000000e+00
0.000000000000000000e+00
0.000000000000000000e+00
0.000000000000000000e+00
0.000000000000000000e+00
0.000000000000000000e+00
0.000000000000000000e+00
0.000000000000000000e+00
0.000000000000000000e+00
0.000000000000000000e+00
0.000000000000000000e+00
0.000000000000000000e+00
0.000000000000000000e+00
0.000000000000000000e+00
0.000000000000000000e+00
0.000000000000000000e+00
0.000000000000000000e+00
0.000000000000000000e+00
0.000000000000000000e+00
0.000000000000000000e+00
0.000000000000000000e+00
0.000000000000000000e+00
0.000000000000000000e+00
0.000000000000000000e+00
0.000000000000000000e+00
0.000000000000000000e+00
0.000000000000000000e+00
0.000000000000000000e+00
0.000000000000000000e+00
0.000000000000000000e+00
0.000000000000000000e+00
0.000000000000000000e+00
0.000000000000000000e+00
0.000000000000000000e+00
0.000000000000000000e+00
0.000000000000000000e+00
0.000000000000000000e+00
0.000000000000000000e+00
0.000000000000000000e+00
0.000000000000000000e+00
0.000000000000000000e+00
0.000000000000000000e+00
0.000000000000000000e+00
0.000000000000000000e+00
0.000000000000000000e+00
0.000000000000000000e+00
0.000000000000000000e+00
0.000000000000000000e+00
0.000000000000000000e+00
0.000000000000000000e+00
0.000000000000000000e+00
0.000000000000000000e+00
0.000000000000000000e+00
0.000000000000000000e+00
0.000000000000000000e+00
0.000000000000000000e+00
0.000000000000000000e+00
0.000000000000000000e+00
0.000000000000000000e+00
0.000000000000000000e+00
0.000000000000000000e+00
0.000000000000000000e+00
0.000000000000000000e+00
0.000000000000000000e+00
0.000000000000000000e+00
0.000000000000000000e+00
0.000000000000000000e+00
0.000000000000000000e+00
0.000000000000000000e+00
0.000000000000000000e+00
0.000000000000000000e+00
0.000000000000000000e+00
0.000000000000000000e+00
0.000000000000000000e+00
0.000000000000000000e+00
0.000000000000000000e+00
0.000000000000000000e+00
0.000000000000000000e+00
0.000000000000000000e+00
0.000000000000000000e+00
0.000000000000000000e+00
0.000000000000000000e+00
0.000000000000000000e+00
0.000000000000000000e+00
0.000000000000000000e+00
0.000000000000000000e+00
0.000000000000000000e+00
0.000000000000000000e+00
0.000000000000000000e+00
0.000000000000000000e+00
0.000000000000000000e+00
0.000000000000000000e+00
0.000000000000000000e+00
0.000000000000000000e+00
0.000000000000000000e+00
0.000000000000000000e+00
0.000000000000000000e+00
0.000000000000000000e+00
0.000000000000000000e+00
0.000000000000000000e+00
0.000000000000000000e+00
0.000000000000000000e+00
0.000000000000000000e+00
0.000000000000000000e+00
0.000000000000000000e+00
0.000000000000000000e+00
0.000000000000000000e+00
0.000000000000000000e+00
0.000000000000000000e+00
0.000000000000000000e+00
0.000000000000000000e+00
0.000000000000000000e+00
0.000000000000000000e+00
0.000000000000000000e+00
0.000000000000000000e+00
0.000000000000000000e+00
0.000000000000000000e+00
0.000000000000000000e+00
0.000000000000000000e+00
0.000000000000000000e+00
0.000000000000000000e+00
0.000000000000000000e+00
0.000000000000000000e+00
0.000000000000000000e+00
0.000000000000000000e+00
0.000000000000000000e+00
0.000000000000000000e+00
0.000000000000000000e+00
0.000000000000000000e+00
0.000000000000000000e+00
0.000000000000000000e+00
0.000000000000000000e+00
0.000000000000000000e+00
0.000000000000000000e+00
0.000000000000000000e+00
0.000000000000000000e+00
0.000000000000000000e+00
0.000000000000000000e+00
0.000000000000000000e+00
0.000000000000000000e+00
0.000000000000000000e+00
0.000000000000000000e+00
0.000000000000000000e+00
0.000000000000000000e+00
0.000000000000000000e+00
0.000000000000000000e+00
0.000000000000000000e+00
0.000000000000000000e+00
0.000000000000000000e+00
0.000000000000000000e+00
0.000000000000000000e+00
0.000000000000000000e+00
0.000000000000000000e+00
0.000000000000000000e+00
0.000000000000000000e+00
0.000000000000000000e+00
nan
