# bin_15_10
-6.004976047588844265e-08
-3.761041825226950478e-08
-2.376687153457477391e-08
-1.454864037902330810e-08
-7.107458851063280527e-09
-4.363784884898507158e-09
-3.810386299082826863e-09
-2.528532635663688371e-09
-3.026957431089828227e-09
-4.647784248346858413e-09
1.586819466597035025e-09
-4.330640315396926035e-09
3.801157988057810190e-09
7.318518706578007072e-09
7.689767568306217559e-09
5.244036105543178424e-09
2.066722910030761204e-09
8.646463879997826745e-11
-7.252359561042327055e-10
-1.141178294271769976e-09
-1.286261279865196213e-09
-1.247572615622557874e-09
-5.384564349921291289e-10
6.493677997300113748e-10
1.581629993471672485e-09
1.853163004200302758e-09
8.089591214819747950e-10
-1.155512849386866591e-09
-3.072268565427076967e-09
-4.342759571941053290e-09
-4.620286469358502584e-09
-3.978413153081971862e-09
-2.861250284245360798e-09
-1.537679720012063398e-09
-1.954181668034355369e-10
1.037413392971190412e-09
2.076366253603252495e-09
3.144484011217379656e-09
4.338401373353963370e-09
5.463831341019504566e-09
6.384867909682804041e-09
7.009760885415276628e-09
7.280026342779371492e-09
7.162099430113138098e-09
6.511800902721130638e-09
5.405593466795586362e-09
4.100532481176985356e-09
2.792340020737454659e-09
1.627921136276110441e-09
7.153793309803353552e-10
1.320425408366346501e-10
-6.909784039862454704e-11
-5.933612624608299949e-11
-3.912707935649524891e-11
-1.338213291864283035e-11
1.399473096520216181e-11
3.992939336396811925e-11
6.203075447192995931e-11
7.846917273607856052e-11
8.787573799134522842e-11
8.925874441319591811e-11
7.774189697910054274e-11
5.283761934631496774e-11
1.961693091585203576e-11
-1.773905655465321868e-11
-5.580369653107004946e-11
-9.178969961666419474e-11
-1.234512178463194222e-10
-1.490004870234760377e-10
-1.670368141490054286e-10
-1.764860475679149394e-10
-1.765489597451845770e-10
-1.635427644945223077e-10
-1.373335944618504266e-10
-1.020994140687325690e-10
-6.139136053693824233e-11
-1.821569944241121252e-11
2.489482039601106182e-11
6.581879818790795996e-11
1.027919818677806672e-10
1.343599901207247317e-10
1.593370516743007037e-10
1.767699810051452534e-10
1.859067151709425908e-10
1.861688270532663117e-10
1.798342301219443747e-10
1.700595029064183264e-10
1.576209195788147108e-10
1.431989884619020658e-10
1.273890019657432371e-10
1.107104255261463793e-10
9.361525807159934336e-11
7.649548063460795996e-11
5.968969583096540445e-11
4.348904878568371703e-11
2.814250945480231528e-11
1.386158697836630720e-11
8.245385295118248395e-13
-1.081987205037045412e-11
-2.094901684794585096e-11
-2.946340427407667488e-11
-3.723937019360716412e-11
-4.510405118536255816e-11
-5.291442458641117671e-11
-6.054531194904557912e-11
-6.788758791677313339e-11
-7.484656346377968888e-11
-8.134052609881411090e-11
-8.729942145049881459e-11
-9.266366226731892512e-11
-9.738305230533303864e-11
-1.014158138601410881e-10
-1.047277088449179934e-10
-1.072912443389454174e-10
-1.090849544449465163e-10
-1.100927511108571523e-10
-1.103033373031445857e-10
-1.097096765739522917e-10
-1.083085136515506391e-10
-1.064255052562084391e-10
-1.043955717631773368e-10
-1.022312687297151752e-10
-9.994432325755480759e-11
-9.754568882781775548e-11
-9.504559628959897112e-11
-9.245360129228779056e-11
-8.977862842811830755e-11
-8.702901232993026130e-11
-8.421253594947906790e-11
-8.133646622368115594e-11
-7.840758731976812100e-11
-7.543223163530417243e-11
-7.241630871527271275e-11
-6.936533223584133740e-11
-6.628444519287287937e-11
-6.317844342265603257e-11
-6.005179757261752279e-11
-5.690867363085398280e-11
-5.375295211512101334e-11
-5.058824601439078944e-11
-4.741791756915092852e-11
-4.380405290020527993e-11
-3.940808076192174852e-11
-3.437302806081353978e-11
-2.883038177201025625e-11
-2.290089850606146465e-11
-1.669535770035785249e-11
-1.031526250395046117e-11
-3.853492115285926511e-12
2.605090951991483271e-12
8.983075461595035667e-12
1.520997493271647640e-11
2.122173725258322208e-11
2.696028787652845085e-11
3.237310425685771571e-11
3.741281931526528753e-11
4.203685193361192806e-11
4.620706258551077996e-11
4.988943236749777675e-11
5.305376381441121988e-11
5.567340199990628886e-11
5.772497453050189848e-11
5.918814914089637723e-11
6.004540769021167191e-11
6.028183544382860795e-11
5.988492460417847407e-11
5.881119635317308015e-11
5.708480662555990742e-11
5.479184789045786683e-11
5.201263976426917925e-11
4.882207156522750436e-11
4.528992456660328835e-11
4.148117519956866572e-11
3.327144602056462089e-11
2.897887984911930884e-11
2.462702932824762735e-11
2.026080573512337756e-11
1.592179514329936761e-11
1.164845712501863437e-11
7.476311905758695679e-12
3.438116661016920079e-12
-4.118223542782257674e-12
-7.583222083386261649e-12
-1.080769142506230227e-11
-1.377038212856170699e-11
-1.645194450247095979e-11
-1.883481228741311605e-11
-2.090309301811446586e-11
-2.404007825758043832e-11
-2.508446594442714217e-11
-2.576545450427476440e-11
-2.607408366831138163e-11
-2.573173260130051184e-11
-2.544778832529368668e-11
-2.515138743055171684e-11
-2.484319282069958059e-11
-2.452384037223848747e-11
-2.385407692027402062e-11
-2.350481225363112293e-11
-2.314668440330358266e-11
-2.240588371735409613e-11
-2.202418134699038769e-11
-2.163555838609007976e-11
-2.124045192893614938e-11
-2.043244821886020144e-11
-2.002033858332268246e-11
-1.960332202624296133e-11
-1.875597173468093605e-11
-1.832630388327680090e-11
-1.789306200684741973e-11
-1.701704188761411562e-11
-1.657482592276078698e-11
-1.568330113104092533e-11
-1.523448707058857953e-11
-1.478395117306707934e-11
-1.387859298062679377e-11
-1.342418710532294512e-11
-1.251289716561939877e-11
-1.205637839064371632e-11
-1.106488298634594422e-11
-1.051102646544743059e-11
-9.918843363770905348e-12
-8.620864719219123065e-12
-7.915801035052257910e-12
-6.395483447949844666e-12
-5.581058634988671654e-12
-3.845848532178266260e-12
-2.925966455457398279e-12
-9.839797746425142740e-13
3.716699268284133144e-14
2.177320645161399563e-12
4.444626449813734704e-12
5.624696831140580365e-12
8.075114306917708200e-12
9.344431133301248425e-12
1.196869464727472849e-11
1.470367583890312554e-11
1.611139027728128843e-11
1.900468329708885541e-11
2.048923268378098008e-11
2.353157882890058100e-11
2.666820529869373442e-11
2.827061582503706699e-11
3.154114420566882690e-11
3.489600834030726713e-11
3.660385327908201723e-11
4.102511958499774164e-11
4.719685256091567876e-11
5.480791440606267225e-11
5.906305734047592951e-11
6.830555462012503987e-11
7.831817429981125111e-11
8.887205809706221129e-11
9.428590912567459928e-11
1.052654906053094817e-10
1.162976892724479796e-10
1.272168744039796756e-10
1.378726163415708140e-10
1.430585686088615366e-10
1.530676304799501824e-10
1.624965875446835783e-10
1.712399742977047768e-10
1.792031132665141226e-10
1.863013161110001962e-10
1.924591407656665974e-10
1.976097006264188999e-10
2.016940220813879407e-10
2.046604469593849411e-10
2.064640767224839014e-10
2.070662554623822577e-10
2.064340889753700574e-10
2.045399973893793149e-10
2.012704769968159273e-10
1.966596651057232754e-10
1.908948987832357600e-10
1.841504859296556961e-10
1.765885050813323697e-10
1.683595562242690622e-10
1.596034657368798902e-10
1.504499483709082556e-10
1.410192289849910232e-10
1.314226265646558466e-10
1.217631028945308685e-10
1.121357780924273319e-10
9.794524601767346727e-11
8.876740097308950091e-11
7.989965834917371918e-11
7.140744114222803712e-11
6.335065955105910858e-11
5.220034474835656500e-11
4.546113804543677412e-11
3.932843613769601008e-11
3.384132348878355473e-11
2.689721008390208695e-11
2.317038074357834578e-11
2.019717207701454552e-11
1.720121480729113778e-11
1.620906976764964560e-11
1.600396094449276410e-11
1.670052168849336372e-11
1.771826400307645349e-11
1.994433455258433589e-11
2.182412856326133595e-11
2.396786929227472775e-11
2.758707359223387826e-11
3.021223724361845237e-11
3.437876853183233828e-11
3.726069489561799095e-11
4.166367695600702387e-11
4.461146359335934869e-11
4.898736268622407242e-11
5.323794706953695681e-11
5.596624485343708126e-11
5.985190760715178561e-11
6.227861713694714346e-11
6.563271591405792594e-11
6.860012316341821625e-11
7.034168815334845931e-11
7.256970169544592505e-11
7.430531829864965523e-11
7.517335790894401991e-11
7.602146670697860911e-11
7.630350350283833512e-11
7.599873361804343458e-11
7.546080624105942046e-11
7.429251973993803774e-11
7.283750964247009017e-11
7.113627710550607507e-11
6.922633529880271156e-11
6.785434680198996929e-11
6.567241952397170253e-11
6.336866176446963914e-11
6.097121406066381069e-11
5.850604076972020290e-11
5.599707318065615282e-11
5.346634333934907508e-11
5.093410920992813765e-11
4.841897175177252711e-11
4.593798445062630806e-11
4.350675580464692771e-11
4.113954523130778653e-11
3.884935282875126152e-11
3.664800339522187691e-11
3.386946478062407256e-11
3.191537805092294348e-11
3.008203495911407757e-11
2.837701421781776612e-11
2.680708478817754660e-11
2.537826127826917861e-11
2.370174777141967270e-11
2.262170620000006904e-11
2.168384486999701154e-11
2.057702005644718012e-11
1.984010274190473455e-11
1.917407945996269690e-11
1.838333944364845084e-11
1.785416409490487911e-11
1.737247897043404796e-11
1.679363325374410668e-11
1.639973492759254646e-11
1.591825541430513493e-11
1.558367465834277507e-11
1.516445668909707119e-11
1.486487379072644263e-11
1.447798826586035459e-11
1.419271362013758688e-11
1.381275847875593528e-11
1.342690316690100261e-11
1.312980854075524382e-11
1.271876858425996215e-11
1.228587211200317792e-11
1.194398056114091770e-11
1.146170751224546568e-11
1.094568870832603416e-11
1.039245051254975494e-11
9.798918731514900035e-12
9.325686793432609008e-12
8.626081022497884186e-12
7.242439068571617424e-12
5.029944032645373698e-12
2.111001446035566693e-12
-1.400844250935921083e-12
-5.400345155399409466e-12
-9.790021197009246309e-12
-1.447966491750207721e-11
-1.938587753502828011e-11
-2.443163424580578212e-11
-2.954587685680175140e-11
-3.466313197392944964e-11
-4.097262572642020249e-11
-4.588380410110576234e-11
-5.061960035813904920e-11
-5.513454419143066155e-11
-6.040473331381883562e-11
-6.427649640447373218e-11
-6.780553128563306033e-11
-7.168881168905956293e-11
-7.433998779182798356e-11
-7.656010168198852573e-11
-7.869653821314021195e-11
-7.987174713734820790e-11
-8.064642461800331282e-11
-8.069347646793393804e-11
-8.001667743193683600e-11
-7.867310631593582643e-11
-7.578563254404847903e-11
-7.174347670577345863e-11
-6.780413569329962444e-11
-6.214364559169824972e-11
-5.581498821037381708e-11
-5.037131634510845633e-11
-4.320676275425422133e-11
-3.576128478939885934e-11
-2.815258251564202316e-11
-2.048867245032106521e-11
-1.286854277595685208e-11
-5.382765245022803544e-12
4.532810113873696191e-13
7.493682982139617742e-12
1.418618488309731992e-11
2.166899031124205975e-11
2.738103502218371394e-11
3.256253191952547525e-11
3.716775975338927583e-11
4.115576434934508218e-11
4.449002607506118164e-11
4.758285898201330785e-11
4.937023004563567410e-11
5.041330178787187453e-11
5.069101187920238607e-11
4.670275998520709735e-11
2.614747007542183536e-11
-1.932229920077002125e-11
-7.212019757869323927e-11
-1.504886459944312091e-10
-2.262113281643152451e-10
-3.271023329459637118e-10
-4.177330709656354377e-10
-5.322335864153939953e-10
-6.508667045075685778e-10
-7.513794173241181218e-10
-8.723168056097492378e-10
-9.919434339549465159e-10
-1.108646324160663099e-09
-1.220955610187995175e-09
-1.327534622006567461e-09
-1.427170631649982812e-09
-1.518766216197685264e-09
-1.601331195643524120e-09
-1.673975106607502533e-09
-1.735900175618270800e-09
-1.786394758257162273e-09
-1.824827212827663131e-09
-1.850640179410492063e-09
-1.863345237199196715e-09
-1.861037912008821572e-09
-1.843971780034199432e-09
-1.813413708403064786e-09
-1.762862245476810089e-09
-1.708555418400097461e-09
-1.634437275364751860e-09
-1.563230257333974457e-09
-1.472958628402961922e-09
-1.390741657622355407e-09
-1.290682305065244247e-09
-1.187662489118751491e-09
-1.083129931834896765e-09
-9.933355587659096768e-10
-8.894287494188813348e-10
-7.875080292432475254e-10
-6.885990237288248993e-10
-5.936355182385479695e-10
-5.034657796437493766e-10
-4.188584600603099497e-10
-3.405081109353370658e-10
-2.690403337366466128e-10
-2.050165916481824082e-10
-1.489387049633632921e-10
-9.514953347305895482e-11
-5.753567069315888124e-11
-2.910177855291491581e-11
-8.225147047000494726e-12
-4.088813492578169334e-13
0.000000000000000000e+00
0.000000000000000000e+00
0.000000000000000000e+00
0.000000000000000000e+00
0.000000000000000000e+00
0.000000000000000000e+00
0.000000000000000000e+00
0.000000000000000000e+00
0.000000000000000000e+00
0.000000000000000000e+00
0.000000000000000000e+00
0.000000000000000000e+00
0.000000000000000000e+00
0.000000000000000000e+00
0.000000000000000000e+00
0.000000000000000000e+00
0.000000000000000000e+00
0.000000000000000000e+00
0.000000000000000000e+00
0.000000000000000000e+00
0.000000000000000000e+00
0.000000000000000000e+00
0.000000000000000000e+00
0.000000000000000000e+00
0.000000000000000000e+00
0.000000000000000000e+00
0.000000000000000000e+00
0.000000000000000000e+00
0.000000000000000000e+00
0.000000000000000000e+00
0.000000000000000000e+00
0.000000000000000000e+00
0.000000000000000000e+00
0.000000000000000000e+00
0.000000000000000000e+00
0.000000000000000000e+00
0.000000000000000000e+00
0.000000000000000000e+00
0.000000000000000000e+00
0.000000000000000000e+00
0.000000000000000000e+00
0.000000000000000000e+00
0.000000000000000000e+00
0.000000000000000000e+00
0.000000000000000000e+00
0.000000000000000000e+00
0.000000000000000000e+00
0.000000000000000000e+00
0.000000000000000000e+00
0.000000000000000000e+00
0.000000000000000000e+00
0.000000000000000000e+00
0.000000000000000000e+00
0.000000000000000000e+00
0.000000000000000000e+00
0.000000000000000000e+00
0.000000000000000000e+00
0.000000000000000000e+00
0.000000000000000000e+00
0.000000000000000000e+00
0.000000000000000000e+00
0.000000000000000000e+00
0.000000000000000000e+00
0.000000000000000000e+00
0.000000000000000000e+00
0.000000000000000000e+00
0.000000000000000000e+00
0.000000000000000000e+00
0.000000000000000000e+00
0.000000000000000000e+00
0.000000000000000000e+00
0.000000000000000000e+00
0.000000000000000000e+00
0.000000000000000000e+00
0.000000000000000000e+00
0.000000000000000000e+00
0.000000000000000000e+00
0.000000000000000000e+00
0.000000000000000000e+00
0.000000000000000000e+00
0.000000000000000000e+00
0.000000000000000000e+00
0.000000000000000000e+00
0.000000000000000000e+00
0.000000000000000000e+00
0.000000000000000000e+00
0.000000000000000000e+00
0.000000000000000000e+00
0.000000000000000000e+00
0.000000000000000000e+00
0.000000000000000000e+00
0.000000000000000000e+00
0.000000000000000000e+00
0.000000000000000000e+00
0.000000000000000000e+00
0.000000000000000000e+00
0.000000000000000000e+00
0.000000000000000000e+00
0.000000000000000000e+00
0.000000000000000000e+00
0.000000000000000000e+00
0.000000000000000000e+00
0.000000000000000000e+00
0.000000000000000000e+00
0.000000000000000000e+00
0.000000000000000000e+00
0.000000000000000000e+00
0.000000000000000000e+00
0.000000000000000000e+00
0.000000000000000000e+00
0.000000000000000000e+00
0.000000000000000000e+00
0.000000000000000000e+00
0.000000000000000000e+00
0.000000000000000000e+00
0.000000000000000000e+00
0.000000000000000000e+00
0.000000000000000000e+00
0.000000000000000000e+00
0.000000000000000000e+00
0.000000000000000000e+00
0.000000000000000000e+00
0.000000000000000000e+00
0.000000000000000000e+00
0.000000000000000000e+00
0.000000000000000000e+00
0.000000000000000000e+00
0.000000000000000000e+00
0.000000000000000000e+00
0.000000000000000000e+00
0.000000000000000000e+00
0.000000000000000000e+00
0.000000000000000000e+00
0.000000000000000000e+00
0.000000000000000000e+00
0.000000000000000000e+00
0.000000000000000000e+00
0.000000000000000000e+00
0.000000000000000000e+00
0.000000000000000000e+00
0.000000000000000000e+00
0.000000000000000000e+00
0.000000000000000000e+00
0.000000000000000000e+00
0.000000000000000000e+00
0.000000000000000000e+00
0.000000000000000000e+00
0.000000000000000000e+00
0.000000000000000000e+00
0.000000000000000000e+00
0.000000000000000000e+00
0.000000000000000000e+00
0.000000000000000000e+00
0.000000000000000000e+00
0.000000000000000000e+00
0.000000000000000000e+00
0.000000000000000000e+00
0.000000000000000000e+00
0.000000000000000000e+00
0.000000000000000000e+00
0.000000000000000000e+00
0.000000000000000000e+00
0.000000000000000000e+00
0.000000000000000000e+00
0.000000000000000000e+00
0.000000000000000000e+00
0.000000000000000000e+00
0.000000000000000000e+00
0.000000000000000000e+00
0.000000000000000000e+00
0.000000000000000000e+00
0.000000000000000000e+00
0.000000000000000000e+00
0.000000000000000000e+00
0.000000000000000000e+00
0.000000000000000000e+00
0.000000000000000000e+00
0.000000000000000000e+00
0.000000000000000000e+00
0.000000000000000000e+00
0.000000000000000000e+00
0.000000000000000000e+00
0.000000000000000000e+00
0.000000000000000000e+00
0.000000000000000000e+00
0.000000000000000000e+00
0.000000000000000000e+00
0.000000000000000000e+00
0.000000000000000000e+00
0.000000000000000000e+00
0.000000000000000000e+00
0.000000000000000000e+00
0.000000000000000000e+00
0.000000000000000000e+00
0.000000000000000000e+00
0.000000000000000000e+00
0.000000000000000000e+00
0.000000000000000000e+00
0.000000000000000000e+00
0.000000000000000000e+00
0.000000000000000000e+00
0.000000000000000000e+00
0.000000000000000000e+00
0.000000000000000000e+00
0.000000000000000000e+00
0.000000000000000000e+00
0.000000000000000000e+00
0.000000000000000000e+00
0.000000000000000000e+00
0.000000000000000000e+00
0.000000000000000000e+00
0.000000000000000000e+00
0.000000000000000000e+00
0.000000000000000000e+00
0.000000000000000000e+00
0.000000000000000000e+00
0.000000000000000000e+00
0.000000000000000000e+00
0.000000000000000000e+00
0.000000000000000000e+00
0.000000000000000000e+00
0.000000000000000000e+00
0.000000000000000000e+00
0.000000000000000000e+00
0.000000000000000000e+00
0.000000000000000000e+00
0.000000000000000000e+00
0.000000000000000000e+00
0.000000000000000000e+00
0.000000000000000000e+00
0.000000000000000000e+00
0.000000000000000000e+00
0.000000000000000000e+00
0.000000000000000000e+00
0.000000000000000000e+00
0.000000000000000000e+00
0.000000000000000000e+00
0.000000000000000000e+00
0.000000000000000000e+00
0.000000000000000000e+00
0.000000000000000000e+00
0.000000000000000000e+00
0.000000000000000000e+00
0.000000000000000000e+00
0.000000000000000000e+00
0.000000000000000000e+00
0.000000000000000000e+00
0.000000000000000000e+00
0.000000000000000000e+00
0.000000000000000000e+00
0.000000000000000000e+00
0.000000000000000000e+00
0.000000000000000000e+00
0.000000000000000000e+00
0.000000000000000000e+00
0.000000000000000000e+00
0.000000000000000000e+00
0.000000000000000000e+00
0.000000000000000000e+00
0.000000000000000000e+00
0.000000000000000000e+00
0.000000000000000000e+00
0.000000000000000000e+00
0.000000000000000000e+00
0.000000000000000000e+00
0.000000000000000000e+00
0.000000000000000000e+00
0.000000000000000000e+00
0.000000000000000000e+00
0.000000000000000000e+00
0.000000000000000000e+00
0.000000000000000000e+00
0.000000000000000000e+00
0.000000000000000000e+00
0.000000000000000000e+00
0.000000000000000000e+00
0.000000000000000000e+00
0.000000000000000000e+00
0.000000000000000000e+00
0.000000000000000000e+00
0.000000000000000000e+00
0.000000000000000000e+00
0.000000000000000000e+00
0.000000000000000000e+00
0.000000000000000000e+00
0.000000000000000000e+00
0.000000000000000000e+00
0.000000000000000000e+00
0.000000000000000000e+00
0.000000000000000000e+00
0.000000000000000000e+00
0.000000000000000000e+00
0.000000000000000000e+00
0.000000000000000000e+00
0.000000000000000000e+00
0.000000000000000000e+00
0.000000000000000000e+00
0.000000000000000000e+00
0.000000000000000000e+00
0.000000000000000000e+00
0.000000000000000000e+00
0.000000000000000000e+00
0.000000000000000000e+00
0.000000000000000000e+00
0.000000000000000000e+00
0.000000000000000000e+00
0.000000000000000000e+00
0.000000000000000000e+00
0.000000000000000000e+00
0.000000000000000000e+00
0.000000000000000000e+00
0.000000000000000000e+00
0.000000000000000000e+00
0.000000000000000000e+00
0.000000000000000000e+00
0.000000000000000000e+00
0.000000000000000000e+00
0.000000000000000000e+00
0.000000000000000000e+00
0.000000000000000000e+00
0.000000000000000000e+00
0.000000000000000000e+00
0.000000000000000000e+00
0.000000000000000000e+00
0.000000000000000000e+00
0.000000000000000000e+00
0.000000000000000000e+00
0.000000000000000000e+00
0.000000000000000000e+00
0.000000000000000000e+00
0.000000000000000000e+00
0.000000000000000000e+00
0.000000000000000000e+00
0.000000000000000000e+00
0.000000000000000000e+00
0.000000000000000000e+00
0.000000000000000000e+00
0.000000000000000000e+00
0.000000000000000000e+00
0.000000000000000000e+00
0.000000000000000000e+00
0.000000000000000000e+00
0.000000000000000000e+00
0.000000000000000000e+00
0.000000000000000000e+00
0.000000000000000000e+00
0.000000000000000000e+00
0.000000000000000000e+00
0.000000000000000000e+00
0.000000000000000000e+00
0.000000000000000000e+00
0.000000000000000000e+00
0.000000000000000000e+00
0.000000000000000000e+00
0.000000000000000000e+00
0.000000000000000000e+00
0.000000000000000000e+00
0.000000000000000000e+00
0.000000000000000000e+00
0.000000000000000000e+00
0.000000000000000000e+00
0.000000000000000000e+00
0.000000000000000000e+00
0.000000000000000000e+00
0.000000000000000000e+00
0.000000000000000000e+00
0.000000000000000000e+00
0.000000000000000000e+00
0.000000000000000000e+00
0.000000000000000000e+00
0.000000000000000000e+00
0.000000000000000000e+00
0.000000000000000000e+00
0.000000000000000000e+00
0.000000000000000000e+00
0.000000000000000000e+00
0.000000000000000000e+00
0.000000000000000000e+00
0.000000000000000000e+00
0.000000000000000000e+00
0.000000000000000000e+00
0.000000000000000000e+00
0.000000000000000000e+00
0.000000000000000000e+00
0.000000000000000000e+00
0.000000000000000000e+00
0.000000000000000000e+00
0.000000000000000000e+00
0.000000000000000000e+00
0.000000000000000000e+00
0.000000000000000000e+00
0.000000000000000000e+00
0.000000000000000000e+00
0.000000000000000000e+00
0.000000000000000000e+00
0.000000000000000000e+00
0.000000000000000000e+00
0.000000000000000000e+00
0.000000000000000000e+00
0.000000000000000000e+00
0.000000000000000000e+00
0.000000000000000000e+00
0.000000000000000000e+00
0.000000000000000000e+00
0.000000000000000000e+00
0.000000000000000000e+00
0.000000000000000000e+00
0.000000000000000000e+00
0.000000000000000000e+00
0.000000000000000000e+00
0.000000000000000000e+00
0.000000000000000000e+00
0.000000000000000000e+00
0.000000000000000000e+00
0.000000000000000000e+00
0.000000000000000000e+00
0.000000000000000000e+00
0.000000000000000000e+00
0.000000000000000000e+00
0.000000000000000000e+00
0.000000000000000000e+00
0.000000000000000000e+00
0.000000000000000000e+00
0.000000000000000000e+00
0.000000000000000000e+00
0.000000000000000000e+00
0.000000000000000000e+00
0.000000000000000000e+00
0.000000000000000000e+00
0.000000000000000000e+00
0.000000000000000000e+00
0.000000000000000000e+00
0.000000000000000000e+00
0.000000000000000000e+00
0.000000000000000000e+00
0.000000000000000000e+00
0.000000000000000000e+00
0.000000000000000000e+00
0.000000000000000000e+00
0.000000000000000000e+00
0.000000000000000000e+00
0.000000000000000000e+00
0.000000000000000000e+00
0.000000000000000000e+00
0.000000000000000000e+00
0.000000000000000000e+00
0.000000000000000000e+00
0.000000000000000000e+00
0.000000000000000000e+00
0.000000000000000000e+00
0.000000000000000000e+00
0.000000000000000000e+00
0.000000000000000000e+00
0.000000000000000000e+00
0.000000000000000000e+00
0.000000000000000000e+00
0.000000000000000000e+00
0.000000000000000000e+00
0.000000000000000000e+00
0.000000000000000000e+00
0.000000000000000000e+00
0.000000000000000000e+00
0.000000000000000000e+00
0.000000000000000000e+00
0.000000000000000000e+00
0.000000000000000000e+00
0.000000000000000000e+00
0.000000000000000000e+00
0.000000000000000000e+00
0.000000000000000000e+00
0.000000000000000000e+00
0.000000000000000000e+00
0.000000000000000000e+00
0.000000000000000000e+00
0.000000000000000000e+00
0.000000000000000000e+00
0.000000000000000000e+00
0.000000000000000000e+00
0.000000000000000000e+00
0.000000000000000000e+00
0.000000000000000000e+00
0.000000000000000000e+00
0.000000000000000000e+00
0.000000000000000000e+00
0.000000000000000000e+00
0.000000000000000000e+00
0.000000000000000000e+00
0.000000000000000000e+00
0.000000000000000000e+00
0.000000000000000000e+00
0.000000000000000000e+00
0.000000000000000000e+00
0.000000000000000000e+00
0.000000000000000000e+00
0.000000000000000000e+00
0.000000000000000000e+00
0.000000000000000000e+00
0.000000000000000000e+00
0.000000000000000000e+00
0.000000000000000000e+00
0.000000000000000000e+00
0.000000000000000000e+00
0.000000000000000000e+00
0.000000000000000000e+00
0.000000000000000000e+00
0.000000000000000000e+00
0.000000000000000000e+00
0.000000000000000000e+00
0.000000000000000000e+00
0.000000000000000000e+00
0.000000000000000000e+00
0.000000000000000000e+00
0.000000000000000000e+00
0.000000000000000000e+00
0.000000000000000000e+00
0.000000000000000000e+00
nan
