# bin_22_12
-5.833095381880377517e-10
-8.392688277662712347e-10
9.093797777087156683e-10
-7.150630038039379413e-10
1.756309885248736635e-09
1.684965976966318921e-11
1.146201029654028679e-09
1.340068887256017663e-09
-2.990579960128579595e-11
5.998685717032356638e-10
-5.366548409122528452e-09
1.387119791302254901e-10
-1.451814609096398896e-09
-1.147965120461730866e-09
-7.272448929939807759e-10
8.073462109485661416e-10
2.639076759634549942e-09
3.190809115121200110e-09
2.680887002845155658e-09
1.981955011871106482e-09
1.253596058019744419e-09
5.837844610753021633e-10
-1.822852175958430071e-10
-9.577016508900753113e-10
-1.469797336154212723e-09
-1.578623277422392513e-09
-1.094801587272381064e-09
-2.412911986304932265e-10
5.876508130817038913e-10
1.148408925527056776e-09
1.300045526901111160e-09
1.004257275672649175e-09
4.317882380920230095e-10
-2.412278533834113696e-10
-8.934006706775466619e-10
-1.443333786922807830e-09
-1.838767485670947613e-09
-2.165116779163536965e-09
-2.493911007021879591e-09
-2.781738128739554689e-09
-2.998924577128555364e-09
-3.126127400288120901e-09
-3.151732792600823405e-09
-3.069868175038909858e-09
-2.790517283122561605e-09
-2.314896830863463320e-09
-1.753652751728252945e-09
-1.191031309975090505e-09
-6.902664462531651033e-10
-2.978907188237849901e-10
-4.718991198470490859e-11
3.902542416960334354e-11
3.723018630943054197e-11
3.486381168579605158e-11
3.202556978807293435e-11
2.880082825383199009e-11
2.526300663937470094e-11
2.147524083120302232e-11
1.749180384209872398e-11
1.335932100302438905e-11
9.117811224281211351e-12
4.043185266342834297e-12
-2.285152954967261077e-12
-9.438434887749803896e-12
-1.706070852679509973e-11
-2.485794085004738909e-11
-3.258873941536920641e-11
-4.005644471024278487e-11
-4.710238477063416840e-11
-5.360011675419457367e-11
-5.945050777125848641e-11
-6.457753032279522114e-11
-6.974434439639810359e-11
-7.548452069253029688e-11
-8.144148772057023179e-11
-8.731661296212813502e-11
-9.286139136422079212e-11
-9.787066082757670294e-11
-1.021767062539375475e-10
-1.056441332070765474e-10
-1.081654088474347100e-10
-1.096569819698655278e-10
-1.100559060840375769e-10
-1.093168998426636406e-10
-1.074097880081335257e-10
-1.034692310664019830e-10
-9.708887819670633761e-11
-8.887408587659788015e-11
-7.935382404058786557e-11
-6.898917929536596647e-11
-5.818091666185929867e-11
-4.727620774598023228e-11
-3.657462024813793168e-11
-2.633345238147645382e-11
-1.677248585841322754e-11
-8.078222433986541945e-12
-4.076613991605927271e-13
6.108331243322092558e-12
1.136201703506746861e-11
1.526610300310559333e-11
1.775134805925213266e-11
1.933784194443620653e-11
2.061651903963303357e-11
2.163294758847218082e-11
2.242813889564034980e-11
2.303896732062087312e-11
2.349855119218465556e-11
2.383659843530271742e-11
2.407972031391552301e-11
2.425171634686159668e-11
2.437383314541489582e-11
2.446499964503768318e-11
2.454204095740340264e-11
2.461987284817830657e-11
2.471167864857835683e-11
2.482907023178193295e-11
2.498223452661694792e-11
2.518006689856210846e-11
2.543029260023628019e-11
2.574024420085549720e-11
2.610173984539275275e-11
2.649962973570270020e-11
2.692026499293631408e-11
2.735137181713391693e-11
2.778193602505288341e-11
2.820209708322438853e-11
2.860305083212079345e-11
2.897696016875466384e-11
2.931687301976419451e-11
2.961664699574009750e-11
2.987088017080359415e-11
3.007484747979371863e-11
3.022444226933887252e-11
3.031612257900317303e-11
3.034686176499666495e-11
3.031410311196819519e-11
3.021571810846753787e-11
3.004996808905313050e-11
2.981546897098368209e-11
2.951115883619104542e-11
2.913626812999704891e-11
2.856747636186020940e-11
2.771393651369568892e-11
2.662095375743243805e-11
2.533026007803308430e-11
2.388026265259171255e-11
2.230627501910785931e-11
2.064073227316292833e-11
1.891339143681473506e-11
1.715151805766183726e-11
1.538006001657476259e-11
1.362180944944449307e-11
1.189755362094840756e-11
1.022621552627957759e-11
8.624984939585620291e-12
7.109440575132071396e-12
5.693663978546346709e-12
4.390345720607161759e-12
3.210884424586205197e-12
2.165479119870281111e-12
1.263215379213883313e-12
5.121456642735042271e-13
-8.063572615434694425e-14
-5.089227387454358069e-13
-7.673323385398284919e-13
-8.512436555040330403e-13
-8.462676184839255485e-13
-8.407859309116400830e-13
-8.348674278089341926e-13
-8.285763365507106821e-13
-8.219725497480253951e-13
-8.151118819814341768e-13
-8.080463113788352043e-13
-7.934905426687570979e-13
-7.860870987515024124e-13
-7.786526515010722319e-13
-7.712231518206647365e-13
-7.638318934297083062e-13
-7.565096712849977640e-13
-7.492849308099008707e-13
-7.421839084802523115e-13
-7.284477065169905966e-13
-7.218551094263802347e-13
-7.154716240269817594e-13
-7.093142825874070425e-13
-7.033985971002062928e-13
-6.977386521064263773e-13
-6.923471922010037014e-13
-6.824144965575924501e-13
-6.778927694134411950e-13
-6.736786870141107183e-13
-6.697794412624820869e-13
-7.038013781086534671e-13
-8.188547823283682863e-13
-1.004768792047626433e-12
-1.255302320835054983e-12
-1.564548697475976591e-12
-2.337127933030693248e-12
-2.790176142667933988e-12
-3.281339035526823334e-12
-4.360397764703132352e-12
-4.940094719336832445e-12
-5.541484988227915690e-12
-6.161023693270811451e-12
-7.441369697864678137e-12
-8.096060793487260287e-12
-8.756649515878556178e-12
-1.008517109476426031e-11
-1.074831574876231683e-11
-1.140776652144671803e-11
-1.270755007023912074e-11
-1.334418023859097442e-11
-1.458254290254488319e-11
-1.518125420748011972e-11
-1.576447464001966407e-11
-1.687947990121131657e-11
-1.740900407804602047e-11
-1.840706044382212605e-11
-1.887380797986333447e-11
-1.986181012202699033e-11
-2.040588039959227802e-11
-2.097694786325567490e-11
-2.218239338488781077e-11
-2.280850433412460195e-11
-2.408844996077261181e-11
-2.473527004160830914e-11
-2.602647856257034142e-11
-2.666494599509225695e-11
-2.791403563528517946e-11
-2.851969122507218516e-11
-2.968188117783191645e-11
-3.076500531343625305e-11
-3.127229239593896728e-11
-3.221007138290063900e-11
-3.263758527803140306e-11
-3.340315976471191032e-11
-3.404159983026006228e-11
-3.431051557405257464e-11
-3.474317294398000464e-11
-3.490530829205109305e-11
-3.511768601173168866e-11
-3.517693187233772113e-11
-3.514787064297129743e-11
-3.497033140638296554e-11
-3.463141305878445848e-11
-3.440079841768401086e-11
-3.354319292461368267e-11
-3.204809739440559217e-11
-3.001879509122264685e-11
-2.883377578697063303e-11
-2.617858753787593382e-11
-2.321191423085014664e-11
-2.001015240243973174e-11
-1.834320301609008357e-11
-1.491801070570674547e-11
-1.142139306678851487e-11
-7.909044041481281176e-12
-4.431672950239083393e-12
-2.720677128586945166e-12
6.191693362282600907e-13
3.816766591116011315e-12
6.836172361864650257e-12
9.644993652646652186e-12
1.221412663475376224e-11
1.451751468982529910e-11
1.653192331632176506e-11
1.823673070391606001e-11
1.961373286884041039e-11
2.064696232475829972e-11
2.132251933890711614e-11
2.162841489264796694e-11
2.155442452962279250e-11
2.072043760187703229e-11
1.885156473535069438e-11
1.608893430907623750e-11
1.256388758367074377e-11
8.398578939527583398e-12
3.706539364601936732e-12
-1.406794469381873356e-12
-6.843583360511678465e-12
-1.251311892414378131e-11
-1.833138523382731645e-11
-2.422064698128229546e-11
-3.010906249809232599e-11
-3.879646982299779446e-11
-4.440391685390069365e-11
-4.980042748366959663e-11
-5.493648479526508219e-11
-5.976671719702878906e-11
-6.634889770218868358e-11
-7.024097597913053280e-11
-7.369747169308179656e-11
-7.668867749054360470e-11
-8.024517171732573296e-11
-8.196175667636750486e-11
-8.313072070341575895e-11
-8.381849250789729370e-11
-8.354411419328031422e-11
-8.256373948529689113e-11
-7.870194751352210249e-11
-7.464491609914236026e-11
-6.669043199297543537e-11
-6.033315902878042584e-11
-5.327547034518945358e-11
-4.162362977701857262e-11
-3.329949872118998479e-11
-2.022262725049587404e-11
-1.124199665903610369e-11
2.416046051529712348e-12
1.153508399504011241e-11
2.505924545735526181e-11
3.820727506591723490e-11
4.666659158736445656e-11
5.876467067163575451e-11
6.636602059174194203e-11
7.696266859584401929e-11
8.647502375985114570e-11
9.215501583073428991e-11
9.960348041876493129e-11
1.056818223170318805e-10
1.089310621798104000e-10
1.125454282522269358e-10
1.145909256534028254e-10
1.150117624804530420e-10
1.143662442528580415e-10
1.107811203013916875e-10
1.034759241752841733e-10
9.299840013912509296e-11
7.985532353988888618e-11
6.984527252527904457e-11
5.328301013350645485e-11
3.522634352035465621e-11
1.605368401965878029e-11
-3.886323207709812199e-12
-2.427282608373729660e-11
-4.481092116191014240e-11
-6.522992915470691298e-11
-8.528178239299515984e-11
-1.047395167373135105e-10
-1.233958609857853570e-10
-1.410619173091909787e-10
-1.575659266936427900e-10
-1.727521137883019569e-10
-1.907089531545317006e-10
-2.022962551766203073e-10
-2.121485525320725068e-10
-2.201676981679170987e-10
-2.262665088709663179e-10
-2.303680055695771895e-10
-2.326143758024620880e-10
-2.318081931720127602e-10
-2.292498026954494234e-10
-2.253215674466694757e-10
-2.221129518052345028e-10
-2.186933856147239046e-10
-2.138264569610026378e-10
-2.099603586645462585e-10
-2.059212140502852282e-10
-2.002842175137055818e-10
-1.958805085963557679e-10
-1.897918571325994858e-10
-1.850739477209641055e-10
-1.785972996667931164e-10
-1.736104426474918759e-10
-1.668029931647939694e-10
-1.615878438804860279e-10
-1.545009722660997913e-10
-1.472754617904359488e-10
-1.417738965461705746e-10
-1.343393245659093563e-10
-1.268030390710822609e-10
-1.210912875810580540e-10
-1.134053071532373130e-10
-1.056487489389353946e-10
-9.783167294060004653e-11
-8.996352620500850620e-11
-8.403425696828547012e-11
-7.588737098719960960e-11
-6.311968165004426672e-11
-4.467189470377740194e-11
-2.140324314776229690e-11
5.889488120162513995e-12
3.646797732710230451e-11
6.964863410665381157e-11
1.047991043279043492e-10
1.413349959237832488e-10
1.787168112472866832e-10
2.164470724821928431e-10
2.540676275595722150e-10
3.003004551458086231e-10
3.361858479879526171e-10
3.707146700310790623e-10
4.035695718242713924e-10
4.418454953182041502e-10
4.699143986075552176e-10
4.954602286201156595e-10
5.235243136746839412e-10
5.426516574656908991e-10
5.586426484146378009e-10
5.739958444247466336e-10
5.824113169004058122e-10
5.879114743616872043e-10
5.881780039186608388e-10
5.832090939554658903e-10
5.762095713906824805e-10
5.658160911043954823e-10
5.538253748504535140e-10
5.432370225915304297e-10
5.289359943236100505e-10
5.136358176714173902e-10
5.008002787293434321e-10
4.841553289320425083e-10
4.669910986730642581e-10
4.494543725922902180e-10
4.316803503862541172e-10
4.137934168067413231e-10
3.959078612801928589e-10
3.816711798418646461e-10
3.640464394790517435e-10
3.466949399898298166e-10
3.263483366420488917e-10
3.098753889055626129e-10
2.939123143551028475e-10
2.785193104576920745e-10
2.637507847905158648e-10
2.496557489307325052e-10
2.336923087843103334e-10
2.212272047513569561e-10
2.095603105029638976e-10
1.987217334918811145e-10
1.866528401786102995e-10
1.765654285204551797e-10
1.643241049615834243e-10
1.540785022646358873e-10
1.418114934629579462e-10
1.316704879564351307e-10
1.196673516332778072e-10
1.098521261505953004e-10
9.835578403881634796e-11
8.722349938512700272e-11
7.826393644124000121e-11
6.793577873718571986e-11
5.811115028193367285e-11
4.882966329871018354e-11
4.012649978658944115e-11
3.203273856394161613e-11
2.457565981421540518e-11
1.777902869921775905e-11
1.166335949175164474e-11
6.246161574789787288e-12
1.542168557610540104e-12
-2.436448330104251282e-12
-5.679881487962973027e-12
-8.180501836616579567e-12
-9.932686420685909505e-12
-1.102601829505261673e-11
-1.115521794238701640e-11
-1.097035505422608199e-11
-1.066454094559671349e-11
-1.033600853617501505e-11
-9.887626381959532424e-12
-9.456855253159464251e-12
-8.910751616627098410e-12
-8.413375117945801167e-12
-7.808060059963724684e-12
-7.184835501046444197e-12
-6.552459522627279931e-12
-6.009243074072963690e-12
-5.380652595349553827e-12
-4.764077082256208835e-12
-4.165721117742652124e-12
-3.591233692399593872e-12
-3.045746447570721591e-12
-2.533909390358842123e-12
-2.059924251424137232e-12
-1.627575644389293410e-12
-1.240260174479690781e-12
-9.010136336752328612e-13
-5.756128127886749426e-13
-3.480654926463656949e-13
-1.760529557902632817e-13
-4.975852066227159646e-14
-2.473552259823563881e-15
0.000000000000000000e+00
0.000000000000000000e+00
0.000000000000000000e+00
0.000000000000000000e+00
0.000000000000000000e+00
0.000000000000000000e+00
0.000000000000000000e+00
0.000000000000000000e+00
0.000000000000000000e+00
0.000000000000000000e+00
0.000000000000000000e+00
0.000000000000000000e+00
0.000000000000000000e+00
0.000000000000000000e+00
0.000000000000000000e+00
0.000000000000000000e+00
0.000000000000000000e+00
0.000000000000000000e+00
0.000000000000000000e+00
0.000000000000000000e+00
0.000000000000000000e+00
0.000000000000000000e+00
0.000000000000000000e+00
0.000000000000000000e+00
0.000000000000000000e+00
0.000000000000000000e+00
0.000000000000000000e+00
0.000000000000000000e+00
0.000000000000000000e+00
0.000000000000000000e+00
0.000000000000000000e+00
0.000000000000000000e+00
0.000000000000000000e+00
0.000000000000000000e+00
0.000000000000000000e+00
0.000000000000000000e+00
0.000000000000000000e+00
0.000000000000000000e+00
0.000000000000000000e+00
0.000000000000000000e+00
0.000000000000000000e+00
0.000000000000000000e+00
0.000000000000000000e+00
0.000000000000000000e+00
0.000000000000000000e+00
0.000000000000000000e+00
0.000000000000000000e+00
0.000000000000000000e+00
0.000000000000000000e+00
0.000000000000000000e+00
0.000000000000000000e+00
0.000000000000000000e+00
0.000000000000000000e+00
0.000000000000000000e+00
0.000000000000000000e+00
0.000000000000000000e+00
0.000000000000000000e+00
0.000000000000000000e+00
0.000000000000000000e+00
0.000000000000000000e+00
0.000000000000000000e+00
0.000000000000000000e+00
0.000000000000000000e+00
0.000000000000000000e+00
0.000000000000000000e+00
0.000000000000000000e+00
0.000000000000000000e+00
0.000000000000000000e+00
0.000000000000000000e+00
0.000000000000000000e+00
0.000000000000000000e+00
0.000000000000000000e+00
0.000000000000000000e+00
0.000000000000000000e+00
0.000000000000000000e+00
0.000000000000000000e+00
0.000000000000000000e+00
0.000000000000000000e+00
0.000000000000000000e+00
0.000000000000000000e+00
0.000000000000000000e+00
0.000000000000000000e+00
0.000000000000000000e+00
0.000000000000000000e+00
0.000000000000000000e+00
0.000000000000000000e+00
0.000000000000000000e+00
0.000000000000000000e+00
0.000000000000000000e+00
0.000000000000000000e+00
0.000000000000000000e+00
0.000000000000000000e+00
0.000000000000000000e+00
0.000000000000000000e+00
0.000000000000000000e+00
0.000000000000000000e+00
0.000000000000000000e+00
0.000000000000000000e+00
0.000000000000000000e+00
0.000000000000000000e+00
0.000000000000000000e+00
0.000000000000000000e+00
0.000000000000000000e+00
0.000000000000000000e+00
0.000000000000000000e+00
0.000000000000000000e+00
0.000000000000000000e+00
0.000000000000000000e+00
0.000000000000000000e+00
0.000000000000000000e+00
0.000000000000000000e+00
0.000000000000000000e+00
0.000000000000000000e+00
0.000000000000000000e+00
0.000000000000000000e+00
0.000000000000000000e+00
0.000000000000000000e+00
0.000000000000000000e+00
0.000000000000000000e+00
0.000000000000000000e+00
0.000000000000000000e+00
0.000000000000000000e+00
0.000000000000000000e+00
0.000000000000000000e+00
0.000000000000000000e+00
0.000000000000000000e+00
0.000000000000000000e+00
0.000000000000000000e+00
0.000000000000000000e+00
0.000000000000000000e+00
0.000000000000000000e+00
0.000000000000000000e+00
0.000000000000000000e+00
0.000000000000000000e+00
0.000000000000000000e+00
0.000000000000000000e+00
0.000000000000000000e+00
0.000000000000000000e+00
0.000000000000000000e+00
0.000000000000000000e+00
0.000000000000000000e+00
0.000000000000000000e+00
0.000000000000000000e+00
0.000000000000000000e+00
0.000000000000000000e+00
0.000000000000000000e+00
0.000000000000000000e+00
0.000000000000000000e+00
0.000000000000000000e+00
0.000000000000000000e+00
0.000000000000000000e+00
0.000000000000000000e+00
0.000000000000000000e+00
0.000000000000000000e+00
0.000000000000000000e+00
0.000000000000000000e+00
0.000000000000000000e+00
0.000000000000000000e+00
0.000000000000000000e+00
0.000000000000000000e+00
0.000000000000000000e+00
0.000000000000000000e+00
0.000000000000000000e+00
0.000000000000000000e+00
0.000000000000000000e+00
0.000000000000000000e+00
0.000000000000000000e+00
0.000000000000000000e+00
0.000000000000000000e+00
0.000000000000000000e+00
0.000000000000000000e+00
0.000000000000000000e+00
0.000000000000000000e+00
0.000000000000000000e+00
0.000000000000000000e+00
0.000000000000000000e+00
0.000000000000000000e+00
0.000000000000000000e+00
0.000000000000000000e+00
0.000000000000000000e+00
0.000000000000000000e+00
0.000000000000000000e+00
0.000000000000000000e+00
0.000000000000000000e+00
0.000000000000000000e+00
0.000000000000000000e+00
0.000000000000000000e+00
0.000000000000000000e+00
0.000000000000000000e+00
0.000000000000000000e+00
0.000000000000000000e+00
0.000000000000000000e+00
0.000000000000000000e+00
0.000000000000000000e+00
0.000000000000000000e+00
0.000000000000000000e+00
0.000000000000000000e+00
0.000000000000000000e+00
0.000000000000000000e+00
0.000000000000000000e+00
0.000000000000000000e+00
0.000000000000000000e+00
0.000000000000000000e+00
0.000000000000000000e+00
0.000000000000000000e+00
0.000000000000000000e+00
0.000000000000000000e+00
0.000000000000000000e+00
0.000000000000000000e+00
0.000000000000000000e+00
0.000000000000000000e+00
0.000000000000000000e+00
0.000000000000000000e+00
0.000000000000000000e+00
0.000000000000000000e+00
0.000000000000000000e+00
0.000000000000000000e+00
0.000000000000000000e+00
0.000000000000000000e+00
0.000000000000000000e+00
0.000000000000000000e+00
0.000000000000000000e+00
0.000000000000000000e+00
0.000000000000000000e+00
0.000000000000000000e+00
0.000000000000000000e+00
0.000000000000000000e+00
0.000000000000000000e+00
0.000000000000000000e+00
0.000000000000000000e+00
0.000000000000000000e+00
0.000000000000000000e+00
0.000000000000000000e+00
0.000000000000000000e+00
0.000000000000000000e+00
0.000000000000000000e+00
0.000000000000000000e+00
0.000000000000000000e+00
0.000000000000000000e+00
0.000000000000000000e+00
0.000000000000000000e+00
0.000000000000000000e+00
0.000000000000000000e+00
0.000000000000000000e+00
0.000000000000000000e+00
0.000000000000000000e+00
0.000000000000000000e+00
0.000000000000000000e+00
0.000000000000000000e+00
0.000000000000000000e+00
0.000000000000000000e+00
0.000000000000000000e+00
0.000000000000000000e+00
0.000000000000000000e+00
0.000000000000000000e+00
0.000000000000000000e+00
0.000000000000000000e+00
0.000000000000000000e+00
0.000000000000000000e+00
0.000000000000000000e+00
0.000000000000000000e+00
0.000000000000000000e+00
0.000000000000000000e+00
0.000000000000000000e+00
0.000000000000000000e+00
0.000000000000000000e+00
0.000000000000000000e+00
0.000000000000000000e+00
0.000000000000000000e+00
0.000000000000000000e+00
0.000000000000000000e+00
0.000000000000000000e+00
0.000000000000000000e+00
0.000000000000000000e+00
0.000000000000000000e+00
0.000000000000000000e+00
0.000000000000000000e+00
0.000000000000000000e+00
0.000000000000000000e+00
0.000000000000000000e+00
0.000000000000000000e+00
0.000000000000000000e+00
0.000000000000000000e+00
0.000000000000000000e+00
0.000000000000000000e+00
0.000000000000000000e+00
0.000000000000000000e+00
0.000000000000000000e+00
0.000000000000000000e+00
0.000000000000000000e+00
0.000000000000000000e+00
0.000000000000000000e+00
0.000000000000000000e+00
0.000000000000000000e+00
0.000000000000000000e+00
0.000000000000000000e+00
0.000000000000000000e+00
0.000000000000000000e+00
0.000000000000000000e+00
0.000000000000000000e+00
0.000000000000000000e+00
0.000000000000000000e+00
0.000000000000000000e+00
0.000000000000000000e+00
0.000000000000000000e+00
0.000000000000000000e+00
0.000000000000000000e+00
0.000000000000000000e+00
0.000000000000000000e+00
0.000000000000000000e+00
0.000000000000000000e+00
0.000000000000000000e+00
0.000000000000000000e+00
0.000000000000000000e+00
0.000000000000000000e+00
0.000000000000000000e+00
0.000000000000000000e+00
0.000000000000000000e+00
0.000000000000000000e+00
0.000000000000000000e+00
0.000000000000000000e+00
0.000000000000000000e+00
0.000000000000000000e+00
0.000000000000000000e+00
0.000000000000000000e+00
0.000000000000000000e+00
0.000000000000000000e+00
0.000000000000000000e+00
0.000000000000000000e+00
0.000000000000000000e+00
0.000000000000000000e+00
0.000000000000000000e+00
0.000000000000000000e+00
0.000000000000000000e+00
0.000000000000000000e+00
0.000000000000000000e+00
0.000000000000000000e+00
0.000000000000000000e+00
0.000000000000000000e+00
0.000000000000000000e+00
0.000000000000000000e+00
0.000000000000000000e+00
0.000000000000000000e+00
0.000000000000000000e+00
0.000000000000000000e+00
0.000000000000000000e+00
0.000000000000000000e+00
0.000000000000000000e+00
0.000000000000000000e+00
0.000000000000000000e+00
0.000000000000000000e+00
0.000000000000000000e+00
0.000000000000000000e+00
0.000000000000000000e+00
0.000000000000000000e+00
0.000000000000000000e+00
0.000000000000000000e+00
0.000000000000000000e+00
0.000000000000000000e+00
0.000000000000000000e+00
0.000000000000000000e+00
0.000000000000000000e+00
0.000000000000000000e+00
0.000000000000000000e+00
0.000000000000000000e+00
0.000000000000000000e+00
0.000000000000000000e+00
0.000000000000000000e+00
0.000000000000000000e+00
0.000000000000000000e+00
0.000000000000000000e+00
0.000000000000000000e+00
0.000000000000000000e+00
0.000000000000000000e+00
0.000000000000000000e+00
0.000000000000000000e+00
0.000000000000000000e+00
0.000000000000000000e+00
0.000000000000000000e+00
0.000000000000000000e+00
0.000000000000000000e+00
0.000000000000000000e+00
0.000000000000000000e+00
0.000000000000000000e+00
0.000000000000000000e+00
0.000000000000000000e+00
0.000000000000000000e+00
0.000000000000000000e+00
0.000000000000000000e+00
0.000000000000000000e+00
0.000000000000000000e+00
0.000000000000000000e+00
0.000000000000000000e+00
0.000000000000000000e+00
0.000000000000000000e+00
0.000000000000000000e+00
0.000000000000000000e+00
0.000000000000000000e+00
0.000000000000000000e+00
0.000000000000000000e+00
0.000000000000000000e+00
0.000000000000000000e+00
0.000000000000000000e+00
0.000000000000000000e+00
0.000000000000000000e+00
0.000000000000000000e+00
0.000000000000000000e+00
0.000000000000000000e+00
0.000000000000000000e+00
0.000000000000000000e+00
0.000000000000000000e+00
0.000000000000000000e+00
0.000000000000000000e+00
0.000000000000000000e+00
0.000000000000000000e+00
0.000000000000000000e+00
0.000000000000000000e+00
0.000000000000000000e+00
0.000000000000000000e+00
0.000000000000000000e+00
0.000000000000000000e+00
0.000000000000000000e+00
0.000000000000000000e+00
0.000000000000000000e+00
0.000000000000000000e+00
0.000000000000000000e+00
0.000000000000000000e+00
0.000000000000000000e+00
0.000000000000000000e+00
0.000000000000000000e+00
0.000000000000000000e+00
0.000000000000000000e+00
0.000000000000000000e+00
0.000000000000000000e+00
0.000000000000000000e+00
0.000000000000000000e+00
0.000000000000000000e+00
0.000000000000000000e+00
0.000000000000000000e+00
0.000000000000000000e+00
0.000000000000000000e+00
0.000000000000000000e+00
0.000000000000000000e+00
0.000000000000000000e+00
0.000000000000000000e+00
0.000000000000000000e+00
0.000000000000000000e+00
0.000000000000000000e+00
0.000000000000000000e+00
0.000000000000000000e+00
0.000000000000000000e+00
0.000000000000000000e+00
0.000000000000000000e+00
0.000000000000000000e+00
0.000000000000000000e+00
0.000000000000000000e+00
0.000000000000000000e+00
0.000000000000000000e+00
0.000000000000000000e+00
0.000000000000000000e+00
0.000000000000000000e+00
0.000000000000000000e+00
0.000000000000000000e+00
0.000000000000000000e+00
0.000000000000000000e+00
0.000000000000000000e+00
0.000000000000000000e+00
0.000000000000000000e+00
0.000000000000000000e+00
0.000000000000000000e+00
0.000000000000000000e+00
0.000000000000000000e+00
0.000000000000000000e+00
0.000000000000000000e+00
0.000000000000000000e+00
0.000000000000000000e+00
0.000000000000000000e+00
0.000000000000000000e+00
0.000000000000000000e+00
0.000000000000000000e+00
0.000000000000000000e+00
0.000000000000000000e+00
0.000000000000000000e+00
0.000000000000000000e+00
0.000000000000000000e+00
0.000000000000000000e+00
0.000000000000000000e+00
0.000000000000000000e+00
0.000000000000000000e+00
0.000000000000000000e+00
0.000000000000000000e+00
0.000000000000000000e+00
0.000000000000000000e+00
0.000000000000000000e+00
0.000000000000000000e+00
0.000000000000000000e+00
0.000000000000000000e+00
0.000000000000000000e+00
0.000000000000000000e+00
0.000000000000000000e+00
0.000000000000000000e+00
0.000000000000000000e+00
0.000000000000000000e+00
0.000000000000000000e+00
0.000000000000000000e+00
0.000000000000000000e+00
0.000000000000000000e+00
0.000000000000000000e+00
0.000000000000000000e+00
0.000000000000000000e+00
0.000000000000000000e+00
0.000000000000000000e+00
0.000000000000000000e+00
0.000000000000000000e+00
0.000000000000000000e+00
0.000000000000000000e+00
nan
