# bin_11_1
4.568690255221176709e-08
-2.123229886383781640e-08
-1.622328787499441532e-07
2.408768456622041779e-07
1.131281551449431914e-07
-6.381772313248353371e-08
-5.128594024796535847e-07
3.785084065947886604e-07
2.568208812541868177e-07
-3.351039171244696892e-07
-7.275799177483534212e-07
2.002574674205590493e-07
9.285595253479860382e-07
-9.576411089298765945e-08
-8.035135419682415690e-07
-5.159867833209502404e-07
-1.668319595970991785e-07
-2.092857222421200099e-08
-1.220037928968779493e-07
-2.993759478611103567e-07
-4.297701931774353782e-07
-4.534719736856408317e-07
-1.731254441646907924e-07
2.994786271872708068e-07
6.700603895273503657e-07
7.762195587316234208e-07
5.877242501929996163e-07
2.678957275940886544e-07
-4.181038607666093441e-08
-2.540308638203044118e-07
-3.182679303897635994e-07
-2.407605477384989287e-07
-9.611685310872460231e-08
6.073514687620099774e-08
1.927437881855121737e-07
2.758201136452888936e-07
2.952356915727726538e-07
2.777753414969691363e-07
2.574648086134057504e-07
2.355232327036632029e-07
2.128734979591573250e-07
1.902076448048546346e-07
1.680378139897634737e-07
1.467360315171016279e-07
1.233971188780993705e-07
9.728111830282133344e-08
7.126476430584919845e-08
4.749506582260435195e-08
2.754163017322532225e-08
1.251819224392514346e-08
3.179690555050637411e-09
-1.235715534731439423e-13
-1.156991557204975464e-13
-1.031148917035433754e-13
-8.799184623185772609e-14
-7.205992633672619738e-14
-5.668375765185200710e-14
-4.292711888645287696e-14
-3.160630267462309288e-14
-2.333434905932787117e-14
-1.855774168055348195e-14
-1.593408828158886097e-14
-1.381694079619948263e-14
-1.210389242472444842e-14
-1.070820453023314854e-14
-9.556555426267789464e-15
-8.587116691915600006e-15
-7.747907397374541322e-15
-6.995384530858367105e-15
-6.293234495425081531e-15
-5.611336028101807499e-15
-4.924869475407653329e-15
-4.243173252775319247e-15
-3.595667034722720965e-15
-2.989835331292332581e-15
-2.431602697609423110e-15
-1.925560265162412681e-15
-1.475161412413616807e-15
-1.082890822505654339e-15
-7.504105694661192484e-16
-4.786863586106028143e-16
-2.680966075552209313e-16
-1.185266794879518965e-16
-2.945026016147377435e-17
4.038731826131050816e-22
3.894747112779045795e-22
3.666848381761777822e-22
3.377033311932189782e-22
3.044492079573046528e-22
2.685921459417366159e-22
2.315804048508602464e-22
1.946656617659655527e-22
1.589251112440526767e-22
1.252811404239181381e-22
9.451885237360175557e-23
6.730167870216521131e-23
4.418529424797881830e-23
2.563002192078604800e-23
1.201189406414526410e-23
3.632517628543141424e-24
7.278736665204650407e-25
6.294160410530561831e-25
5.404412311383494208e-25
4.603065313749489270e-25
3.884126399497869078e-25
3.242005262117188378e-25
2.671485438594689473e-25
2.167697687887686882e-25
1.726095425822679319e-25
1.342432043712944826e-25
1.012739953706467933e-25
7.333112180583144914e-26
5.006796323169335106e-26
3.116041439751459964e-26
1.630534985883427285e-26
5.219201481867130336e-27
-2.363360157155112948e-27
-6.690648699294505565e-27
-7.995096774449163886e-27
-7.808003735743550848e-27
-7.525871117972430305e-27
-7.166352844127421941e-27
-6.745469223220910321e-27
-6.277740182626915183e-27
-5.776307676738636915e-27
-5.253048184113674705e-27
-4.718676124323036591e-27
-4.182838952370292933e-27
-3.654204622046753653e-27
-3.140542049257203110e-27
-2.648795151585727920e-27
-2.185150990626306887e-27
-1.755102498392613490e-27
-1.363506228008283620e-27
-1.014635531470329788e-27
-7.122295332200896853e-28
-4.595382372338789312e-28
-2.593640770703456391e-28
-1.141001925280282868e-28
-2.576569304385817175e-29
3.961853510621220445e-30
3.885310691909733721e-30
3.771492362179567428e-30
3.626339202297163713e-30
3.455323232105481255e-30
3.263480391309462192e-30
3.055440862690589541e-30
2.835457300088031182e-30
2.607431111263931014e-30
2.374936934440396211e-30
2.141245436872224507e-30
1.909344554223446133e-30
1.681959280680208468e-30
1.461570111591774000e-30
1.250430232927522346e-30
1.050581544920168508e-30
8.638696008819930320e-31
6.919575362917450526e-31
5.363390578111234511e-31
3.983505568681312769e-31
2.791824078034220570e-31
1.798895062861978344e-31
1.014010997405086917e-31
4.452995785279963186e-32
9.980927837051067123e-33
-1.641084009447790316e-33
-1.615407719767987076e-33
-1.578716002847733223e-33
-1.532475928247105510e-33
-1.478056077892384653e-33
-1.416732392379002253e-33
-1.349693670738284076e-33
-1.278046745024057816e-33
-1.124974704403409154e-33
-1.045395827850227355e-33
-9.649095987367054163e-34
-8.842805794319441982e-34
-8.042166164931405580e-34
-7.253722315201693214e-34
-6.483518149055765426e-34
-5.737126342587964649e-34
-4.335882782892925514e-34
-3.690067215518474897e-34
-3.086185247806650538e-34
-2.527847170821343643e-34
-2.018339359275561141e-34
-1.560644118201313675e-34
-1.157458389878157525e-34
-5.240812170124692715e-35
-2.980105483570236153e-35
-1.347213866863412894e-35
-3.572899973913972098e-36
-2.189218020544350888e-37
-2.031695591054365603e-37
-1.882183807797177623e-37
-1.740397027415597859e-37
-1.606059784715774120e-37
-1.358680624394973329e-37
-1.245135246225048944e-37
-1.138031784747586748e-37
-9.422382992787281552e-38
-8.531119994132960836e-38
-7.695544726055782167e-38
-6.913661505727297537e-38
-5.503332729863478432e-38
-4.871232482120888696e-38
-4.285510079847114054e-38
-3.246562466886652167e-38
-2.790160848960360438e-38
-2.373780164006421450e-38
-1.655309179977116164e-38
-1.350455045768540652e-38
-8.429487933788287773e-39
-6.378050334700155328e-39
-4.634764643999827193e-39
-2.027315061988110566e-39
-1.141434258437833557e-39
-1.537798347483544949e-40
-3.240580036129538696e-41
-2.865243261911494373e-41
-2.689446590298204803e-41
-2.521245867253616453e-41
-2.206719818156849786e-41
-2.059955426469561730e-41
-1.786375405391156974e-41
-1.659159156050736060e-41
-1.422917192795492408e-41
-1.313525716129823165e-41
-1.111327797064709852e-41
-1.018187223590722094e-41
-8.470242354089996315e-42
-6.950082476162198572e-42
-6.258180036336179306e-42
-5.003850419003614779e-42
-4.438791228072320038e-42
-3.426589083607256832e-42
-2.563637087998802182e-42
-2.185269584539875279e-42
-1.529317416531855585e-42
-1.249652574046772621e-42
-7.819674296725904885e-43
-4.301673750403263220e-43
-2.954598017278222237e-43
-1.041249614496292500e-43
-1.144097657246917624e-44
-1.337338892451410906e-46
-1.204076867736441835e-46
-1.080330774724989466e-46
-9.656172313448275372e-47
-9.115033614667865383e-47
-8.094856571293550516e-47
-7.153965915820989928e-47
-6.288330626463655189e-47
-5.882529625369602633e-47
-5.122658449373792621e-47
-4.428826012693336300e-47
-3.797662876940003599e-47
-3.225966572203545253e-47
-2.961461193675601332e-47
-2.473304262064090854e-47
-2.037282072590521965e-47
-1.650710604557064973e-47
-1.311037035979984942e-47
-1.015832984828329167e-47
-7.627881267356326409e-48
-5.497041663992181216e-48
-3.744891413753570815e-48
-2.351520383712813653e-48
-1.297977034244761094e-48
-5.662202856236375941e-49
-1.390739865261185784e-49
-1.838319412350804334e-52
-1.680448980505095504e-52
-1.532239158892169325e-52
-1.393271212482036284e-52
-1.263144561539806965e-52
-1.141475937473979844e-52
-1.027898581470818552e-52
-9.220614835474602331e-53
-8.236286597990347481e-53
-7.322784657479956773e-53
-6.477029438288178184e-53
-5.696072031573047284e-53
-4.977088298434579854e-53
-4.008927465246839299e-53
-3.433291246537004776e-53
-2.910648245136617152e-53
-2.438670211164436619e-53
-2.015126004952735125e-53
-1.465969970333718264e-53
-1.154348389437998677e-53
-8.840565296521220083e-54
-6.532502317112547246e-54
-3.772283054201589115e-54
-2.375583588245991972e-54
-1.314966951373590621e-54
-3.209649014810773403e-55
-3.510552400662252352e-56
-4.420165122549173648e-60
-3.940213834012726204e-60
-3.641094459763438413e-60
-3.222159055635079870e-60
-2.961847159847599784e-60
-2.716065456482207997e-60
-2.373469310032613760e-60
-2.161709564423643057e-60
-1.867804509248418276e-60
-1.687010241563803101e-60
-1.437418191974484953e-60
-1.284802240098631993e-60
-1.075529730996316615e-60
-8.886785681510989516e-61
-7.759514515003558982e-61
-6.237422823253287937e-61
-5.330337935802332755e-61
-4.123144335593439316e-61
-3.090899525034894951e-61
-2.495058292801659866e-61
-1.732822976166525884e-61
-1.120471697958940697e-61
-7.912833608606600344e-62
-4.100374634773719229e-62
-1.569414367958506674e-62
-2.460753553886320150e-63
-4.962734504210694414e-70
-4.507177502466727747e-70
-4.081527638051988897e-70
-3.684387900992303552e-70
-3.314426584409721205e-70
-3.082255370122587961e-70
-2.754799143195690356e-70
-2.451265048572185207e-70
-2.170534147344236335e-70
-1.911538980078724132e-70
-1.673261041973288166e-70
-1.454728392611890864e-70
-1.255013392500927819e-70
-1.073230559059419401e-70
-9.085345351973783979e-71
-7.601181640447851705e-71
-6.272106637936566635e-71
-5.090758969887646624e-71
-4.050107289499327020e-71
-2.869866131612113524e-71
-2.131899756590376480e-71
-1.513380976053143014e-71
-1.008538469471679797e-71
-6.118565157719569590e-72
-3.180631801400786196e-72
-7.770982282344367506e-73
-4.774412273311665029e-74
-3.872666342292398334e-82
-3.464883517479274557e-82
-3.179235938043455667e-82
-2.910129399226119949e-82
-2.575917240759177568e-82
-2.342891494008064392e-82
-2.124312112362965282e-82
-1.854353564299628453e-82
-1.667283038859380759e-82
-1.437389920256523235e-82
-1.278971876280388608e-82
-1.085508153118407843e-82
-9.531389663043934527e-83
-7.927894072348265642e-83
-6.840945121161006504e-83
-5.538347439323918639e-83
-4.395138606282255761e-83
-3.637169236863554156e-83
-2.752570663171598771e-83
-2.004865221131965768e-83
-1.529444573436935829e-83
-1.003672552875138618e-83
-5.952722539728127331e-84
-2.978004086218334835e-84
-1.051346871700613899e-84
-2.590351972776142520e-85
1.803456357005227949e-96
1.768737409875782417e-96
1.720494944293545780e-96
1.660712713024592306e-96
1.591231210919644326e-96
1.513756790856753608e-96
1.429870201262652637e-96
1.341034583339026814e-96
1.248602963469400832e-96
1.153825273827617800e-96
1.057854931933245524e-96
9.617550077907057366e-97
8.429309573214908823e-97
7.499970432018232869e-97
6.598320214826005985e-97
5.731752775248095452e-97
4.708114159552171049e-97
3.944281224924636625e-97
3.235367927534318829e-97
2.433961906068232631e-97
1.866013422312328633e-97
1.367389936538217124e-97
8.469125665312301886e-98
5.165299785497529447e-98
2.154577654929209491e-98
6.695016617756595287e-99
-3.613643954589977970e-114
-3.563036802580801826e-114
-3.471120245585198471e-114
-3.351864019414883473e-114
-3.239792873429003866e-114
-3.082368102557487012e-114
-2.909279757823590499e-114
-2.761938655832481130e-114
-2.569456300880073563e-114
-2.370600257491513615e-114
-2.168193195552039688e-114
-1.964825055377286833e-114
-1.762868804135576653e-114
-1.564495150540308008e-114
-1.409713734253692944e-114
-1.222665421991774527e-114
-1.044315235669084246e-114
-8.439064426029547325e-115
-6.898404311473270192e-115
-5.488434551765218504e-115
-4.220086101654804934e-115
-3.103144832694276292e-115
-2.146331483646641688e-115
-1.220343098671789327e-115
-6.417305845449200925e-116
-2.448346267390636031e-116
-3.466399051759092763e-117
1.327126950790285443e-138
1.301708807664393643e-138
1.260899444631235949e-138
1.219538271146275664e-138
1.162544185664025350e-138
1.109979888853967948e-138
1.042078001190955627e-138
9.823864941064065373e-139
9.081071179042234373e-139
8.320208287408392498e-139
7.679995145086640124e-139
6.912771816648039733e-139
6.155107386222222756e-139
5.415180879860971956e-139
4.700441488634824065e-139
4.017659210966345137e-139
3.372972111038431200e-139
2.771930424735879763e-139
2.219537728008895180e-139
1.720289367229164924e-139
1.278208336941965566e-139
8.968787773136041592e-140
5.794772514412226276e-140
3.288019514639663350e-140
1.472999720124927896e-140
2.578832444685989686e-141
-1.757029060179853889e-169
-1.727911792518650746e-169
-1.679743816003095208e-169
-1.627997539637533624e-169
-1.557374044956257269e-169
-1.489524416603210671e-169
-1.403509068071889714e-169
-1.325168602959780207e-169
-1.229827019054214871e-169
-1.131664556725745443e-169
-1.032060678363115852e-169
-9.465000832221664994e-170
-8.474924489676388585e-170
-7.503772603720050747e-170
-6.561317849889129636e-170
-5.656457804797383276e-170
-4.797275181856459476e-170
-3.991094085043414712e-170
-3.244532549892039285e-170
-2.563551621852951371e-170
-1.953501204547728666e-170
-1.419162894137832786e-170
-9.066326132801218105e-171
-5.482288096781175780e-171
-2.772963836759024480e-171
-7.837333815143598837e-172
-3.896027155026857012e-173
0.000000000000000000e+00
0.000000000000000000e+00
0.000000000000000000e+00
0.000000000000000000e+00
0.000000000000000000e+00
0.000000000000000000e+00
0.000000000000000000e+00
0.000000000000000000e+00
0.000000000000000000e+00
0.000000000000000000e+00
0.000000000000000000e+00
0.000000000000000000e+00
0.000000000000000000e+00
0.000000000000000000e+00
0.000000000000000000e+00
0.000000000000000000e+00
0.000000000000000000e+00
0.000000000000000000e+00
0.000000000000000000e+00
0.000000000000000000e+00
0.000000000000000000e+00
0.000000000000000000e+00
0.000000000000000000e+00
0.000000000000000000e+00
0.000000000000000000e+00
0.000000000000000000e+00
0.000000000000000000e+00
0.000000000000000000e+00
0.000000000000000000e+00
0.000000000000000000e+00
0.000000000000000000e+00
0.000000000000000000e+00
0.000000000000000000e+00
0.000000000000000000e+00
0.000000000000000000e+00
0.000000000000000000e+00
0.000000000000000000e+00
0.000000000000000000e+00
0.000000000000000000e+00
0.000000000000000000e+00
0.000000000000000000e+00
0.000000000000000000e+00
0.000000000000000000e+00
0.000000000000000000e+00
0.000000000000000000e+00
0.000000000000000000e+00
0.000000000000000000e+00
0.000000000000000000e+00
0.000000000000000000e+00
0.000000000000000000e+00
0.000000000000000000e+00
0.000000000000000000e+00
0.000000000000000000e+00
0.000000000000000000e+00
0.000000000000000000e+00
0.000000000000000000e+00
0.000000000000000000e+00
0.000000000000000000e+00
0.000000000000000000e+00
0.000000000000000000e+00
0.000000000000000000e+00
0.000000000000000000e+00
0.000000000000000000e+00
0.000000000000000000e+00
0.000000000000000000e+00
0.000000000000000000e+00
0.000000000000000000e+00
0.000000000000000000e+00
0.000000000000000000e+00
0.000000000000000000e+00
0.000000000000000000e+00
0.000000000000000000e+00
0.000000000000000000e+00
0.000000000000000000e+00
0.000000000000000000e+00
0.000000000000000000e+00
0.000000000000000000e+00
0.000000000000000000e+00
0.000000000000000000e+00
0.000000000000000000e+00
0.000000000000000000e+00
0.000000000000000000e+00
0.000000000000000000e+00
0.000000000000000000e+00
0.000000000000000000e+00
0.000000000000000000e+00
0.000000000000000000e+00
0.000000000000000000e+00
0.000000000000000000e+00
0.000000000000000000e+00
0.000000000000000000e+00
0.000000000000000000e+00
0.000000000000000000e+00
0.000000000000000000e+00
0.000000000000000000e+00
0.000000000000000000e+00
0.000000000000000000e+00
0.000000000000000000e+00
0.000000000000000000e+00
0.000000000000000000e+00
0.000000000000000000e+00
0.000000000000000000e+00
0.000000000000000000e+00
0.000000000000000000e+00
0.000000000000000000e+00
0.000000000000000000e+00
0.000000000000000000e+00
0.000000000000000000e+00
0.000000000000000000e+00
0.000000000000000000e+00
0.000000000000000000e+00
0.000000000000000000e+00
0.000000000000000000e+00
0.000000000000000000e+00
0.000000000000000000e+00
0.000000000000000000e+00
0.000000000000000000e+00
0.000000000000000000e+00
0.000000000000000000e+00
0.000000000000000000e+00
0.000000000000000000e+00
0.000000000000000000e+00
0.000000000000000000e+00
0.000000000000000000e+00
0.000000000000000000e+00
0.000000000000000000e+00
0.000000000000000000e+00
0.000000000000000000e+00
0.000000000000000000e+00
0.000000000000000000e+00
0.000000000000000000e+00
0.000000000000000000e+00
0.000000000000000000e+00
0.000000000000000000e+00
0.000000000000000000e+00
0.000000000000000000e+00
0.000000000000000000e+00
0.000000000000000000e+00
0.000000000000000000e+00
0.000000000000000000e+00
0.000000000000000000e+00
0.000000000000000000e+00
0.000000000000000000e+00
0.000000000000000000e+00
0.000000000000000000e+00
0.000000000000000000e+00
0.000000000000000000e+00
0.000000000000000000e+00
0.000000000000000000e+00
0.000000000000000000e+00
0.000000000000000000e+00
0.000000000000000000e+00
0.000000000000000000e+00
0.000000000000000000e+00
0.000000000000000000e+00
0.000000000000000000e+00
0.000000000000000000e+00
0.000000000000000000e+00
0.000000000000000000e+00
0.000000000000000000e+00
0.000000000000000000e+00
0.000000000000000000e+00
0.000000000000000000e+00
0.000000000000000000e+00
0.000000000000000000e+00
0.000000000000000000e+00
0.000000000000000000e+00
0.000000000000000000e+00
0.000000000000000000e+00
0.000000000000000000e+00
0.000000000000000000e+00
0.000000000000000000e+00
0.000000000000000000e+00
0.000000000000000000e+00
0.000000000000000000e+00
0.000000000000000000e+00
0.000000000000000000e+00
0.000000000000000000e+00
0.000000000000000000e+00
0.000000000000000000e+00
0.000000000000000000e+00
0.000000000000000000e+00
0.000000000000000000e+00
0.000000000000000000e+00
0.000000000000000000e+00
0.000000000000000000e+00
0.000000000000000000e+00
0.000000000000000000e+00
0.000000000000000000e+00
0.000000000000000000e+00
0.000000000000000000e+00
0.000000000000000000e+00
0.000000000000000000e+00
0.000000000000000000e+00
0.000000000000000000e+00
0.000000000000000000e+00
0.000000000000000000e+00
0.000000000000000000e+00
0.000000000000000000e+00
0.000000000000000000e+00
0.000000000000000000e+00
0.000000000000000000e+00
0.000000000000000000e+00
0.000000000000000000e+00
0.000000000000000000e+00
0.000000000000000000e+00
0.000000000000000000e+00
0.000000000000000000e+00
0.000000000000000000e+00
0.000000000000000000e+00
0.000000000000000000e+00
0.000000000000000000e+00
0.000000000000000000e+00
0.000000000000000000e+00
0.000000000000000000e+00
0.000000000000000000e+00
0.000000000000000000e+00
0.000000000000000000e+00
0.000000000000000000e+00
0.000000000000000000e+00
0.000000000000000000e+00
0.000000000000000000e+00
0.000000000000000000e+00
0.000000000000000000e+00
0.000000000000000000e+00
0.000000000000000000e+00
0.000000000000000000e+00
0.000000000000000000e+00
0.000000000000000000e+00
0.000000000000000000e+00
0.000000000000000000e+00
0.000000000000000000e+00
0.000000000000000000e+00
0.000000000000000000e+00
0.000000000000000000e+00
0.000000000000000000e+00
0.000000000000000000e+00
0.000000000000000000e+00
0.000000000000000000e+00
0.000000000000000000e+00
0.000000000000000000e+00
0.000000000000000000e+00
0.000000000000000000e+00
0.000000000000000000e+00
0.000000000000000000e+00
0.000000000000000000e+00
0.000000000000000000e+00
0.000000000000000000e+00
0.000000000000000000e+00
0.000000000000000000e+00
0.000000000000000000e+00
0.000000000000000000e+00
0.000000000000000000e+00
0.000000000000000000e+00
0.000000000000000000e+00
0.000000000000000000e+00
0.000000000000000000e+00
0.000000000000000000e+00
0.000000000000000000e+00
0.000000000000000000e+00
0.000000000000000000e+00
0.000000000000000000e+00
0.000000000000000000e+00
0.000000000000000000e+00
0.000000000000000000e+00
0.000000000000000000e+00
0.000000000000000000e+00
0.000000000000000000e+00
0.000000000000000000e+00
0.000000000000000000e+00
0.000000000000000000e+00
0.000000000000000000e+00
0.000000000000000000e+00
0.000000000000000000e+00
0.000000000000000000e+00
0.000000000000000000e+00
0.000000000000000000e+00
0.000000000000000000e+00
0.000000000000000000e+00
0.000000000000000000e+00
0.000000000000000000e+00
0.000000000000000000e+00
0.000000000000000000e+00
0.000000000000000000e+00
0.000000000000000000e+00
0.000000000000000000e+00
0.000000000000000000e+00
0.000000000000000000e+00
0.000000000000000000e+00
0.000000000000000000e+00
0.000000000000000000e+00
0.000000000000000000e+00
0.000000000000000000e+00
0.000000000000000000e+00
0.000000000000000000e+00
0.000000000000000000e+00
0.000000000000000000e+00
0.000000000000000000e+00
0.000000000000000000e+00
0.000000000000000000e+00
0.000000000000000000e+00
0.000000000000000000e+00
0.000000000000000000e+00
0.000000000000000000e+00
0.000000000000000000e+00
0.000000000000000000e+00
0.000000000000000000e+00
0.000000000000000000e+00
0.000000000000000000e+00
0.000000000000000000e+00
0.000000000000000000e+00
0.000000000000000000e+00
0.000000000000000000e+00
0.000000000000000000e+00
0.000000000000000000e+00
0.000000000000000000e+00
0.000000000000000000e+00
0.000000000000000000e+00
0.000000000000000000e+00
0.000000000000000000e+00
0.000000000000000000e+00
0.000000000000000000e+00
0.000000000000000000e+00
0.000000000000000000e+00
0.000000000000000000e+00
0.000000000000000000e+00
0.000000000000000000e+00
0.000000000000000000e+00
0.000000000000000000e+00
0.000000000000000000e+00
0.000000000000000000e+00
0.000000000000000000e+00
0.000000000000000000e+00
0.000000000000000000e+00
0.000000000000000000e+00
0.000000000000000000e+00
0.000000000000000000e+00
0.000000000000000000e+00
0.000000000000000000e+00
0.000000000000000000e+00
0.000000000000000000e+00
0.000000000000000000e+00
0.000000000000000000e+00
0.000000000000000000e+00
0.000000000000000000e+00
0.000000000000000000e+00
0.000000000000000000e+00
0.000000000000000000e+00
0.000000000000000000e+00
0.000000000000000000e+00
0.000000000000000000e+00
0.000000000000000000e+00
0.000000000000000000e+00
0.000000000000000000e+00
0.000000000000000000e+00
0.000000000000000000e+00
0.000000000000000000e+00
0.000000000000000000e+00
0.000000000000000000e+00
0.000000000000000000e+00
0.000000000000000000e+00
0.000000000000000000e+00
0.000000000000000000e+00
0.000000000000000000e+00
0.000000000000000000e+00
0.000000000000000000e+00
0.000000000000000000e+00
0.000000000000000000e+00
0.000000000000000000e+00
0.000000000000000000e+00
0.000000000000000000e+00
0.000000000000000000e+00
0.000000000000000000e+00
0.000000000000000000e+00
0.000000000000000000e+00
0.000000000000000000e+00
0.000000000000000000e+00
0.000000000000000000e+00
0.000000000000000000e+00
0.000000000000000000e+00
0.000000000000000000e+00
0.000000000000000000e+00
0.000000000000000000e+00
0.000000000000000000e+00
0.000000000000000000e+00
0.000000000000000000e+00
0.000000000000000000e+00
0.000000000000000000e+00
0.000000000000000000e+00
0.000000000000000000e+00
0.000000000000000000e+00
0.000000000000000000e+00
0.000000000000000000e+00
0.000000000000000000e+00
0.000000000000000000e+00
0.000000000000000000e+00
0.000000000000000000e+00
0.000000000000000000e+00
0.000000000000000000e+00
0.000000000000000000e+00
0.000000000000000000e+00
0.000000000000000000e+00
0.000000000000000000e+00
0.000000000000000000e+00
0.000000000000000000e+00
0.000000000000000000e+00
0.000000000000000000e+00
0.000000000000000000e+00
0.000000000000000000e+00
0.000000000000000000e+00
0.000000000000000000e+00
0.000000000000000000e+00
0.000000000000000000e+00
0.000000000000000000e+00
0.000000000000000000e+00
0.000000000000000000e+00
0.000000000000000000e+00
0.000000000000000000e+00
0.000000000000000000e+00
0.000000000000000000e+00
0.000000000000000000e+00
0.000000000000000000e+00
0.000000000000000000e+00
0.000000000000000000e+00
0.000000000000000000e+00
0.000000000000000000e+00
0.000000000000000000e+00
0.000000000000000000e+00
0.000000000000000000e+00
0.000000000000000000e+00
0.000000000000000000e+00
0.000000000000000000e+00
0.000000000000000000e+00
0.000000000000000000e+00
0.000000000000000000e+00
0.000000000000000000e+00
0.000000000000000000e+00
0.000000000000000000e+00
0.000000000000000000e+00
0.000000000000000000e+00
0.000000000000000000e+00
0.000000000000000000e+00
0.000000000000000000e+00
0.000000000000000000e+00
0.000000000000000000e+00
0.000000000000000000e+00
0.000000000000000000e+00
0.000000000000000000e+00
0.000000000000000000e+00
0.000000000000000000e+00
0.000000000000000000e+00
0.000000000000000000e+00
0.000000000000000000e+00
0.000000000000000000e+00
0.000000000000000000e+00
0.000000000000000000e+00
0.000000000000000000e+00
0.000000000000000000e+00
0.000000000000000000e+00
0.000000000000000000e+00
0.000000000000000000e+00
0.000000000000000000e+00
0.000000000000000000e+00
0.000000000000000000e+00
0.000000000000000000e+00
0.000000000000000000e+00
0.000000000000000000e+00
0.000000000000000000e+00
0.000000000000000000e+00
0.000000000000000000e+00
0.000000000000000000e+00
0.000000000000000000e+00
0.000000000000000000e+00
0.000000000000000000e+00
0.000000000000000000e+00
0.000000000000000000e+00
0.000000000000000000e+00
0.000000000000000000e+00
0.000000000000000000e+00
0.000000000000000000e+00
0.000000000000000000e+00
0.000000000000000000e+00
0.000000000000000000e+00
0.000000000000000000e+00
0.000000000000000000e+00
0.000000000000000000e+00
0.000000000000000000e+00
0.000000000000000000e+00
0.000000000000000000e+00
0.000000000000000000e+00
0.000000000000000000e+00
0.000000000000000000e+00
0.000000000000000000e+00
0.000000000000000000e+00
0.000000000000000000e+00
0.000000000000000000e+00
0.000000000000000000e+00
0.000000000000000000e+00
0.000000000000000000e+00
0.000000000000000000e+00
0.000000000000000000e+00
0.000000000000000000e+00
0.000000000000000000e+00
0.000000000000000000e+00
0.000000000000000000e+00
0.000000000000000000e+00
0.000000000000000000e+00
0.000000000000000000e+00
0.000000000000000000e+00
0.000000000000000000e+00
0.000000000000000000e+00
0.000000000000000000e+00
0.000000000000000000e+00
0.000000000000000000e+00
0.000000000000000000e+00
0.000000000000000000e+00
nan
