# bin_2_1
2.074303068741744065e-03
1.675912759573625023e-03
1.277742607770984695e-03
1.005647227683799470e-03
8.428967179741859517e-04
7.322023669334319293e-04
6.356315736829784005e-04
5.430704931702931126e-04
4.614332919086083134e-04
3.974275608990490509e-04
3.521667682064482719e-04
3.194100789311698748e-04
2.929113743743366814e-04
2.671312180690183966e-04
2.435680749547127616e-04
2.222169913217011473e-04
2.032994448744001150e-04
1.875679314724032530e-04
1.748095013285481188e-04
1.639431397570775730e-04
1.542004830589458516e-04
1.451285559298084917e-04
1.365679439048144805e-04
1.286727741229156763e-04
1.215380319766189312e-04
1.151866275453045986e-04
1.095097728466491428e-04
1.043544590872734430e-04
9.965212703315209171e-05
9.534556638390691351e-05
9.138670252957099816e-05
8.772369856346915547e-05
8.432236304595752392e-05
8.116613005976147861e-05
7.823809286466123808e-05
7.552157069868444732e-05
7.300046810170335364e-05
7.062956537973070776e-05
6.838447776569786822e-05
6.627565169171908770e-05
6.430800081449491003e-05
6.248241553336793025e-05
6.079690214768764087e-05
5.924744184565549222e-05
5.782492904100466365e-05
5.650713319693521789e-05
5.527293660200640973e-05
5.410539521888050154e-05
5.299094143018569930e-05
5.191874110174801027e-05
5.088017398448055058e-05
4.986841298765698916e-05
4.887912793293460877e-05
4.791539615823462578e-05
4.698156988962570707e-05
4.608079620931745046e-05
4.521524576395167670e-05
4.438630063432213606e-05
4.359470874132618964e-05
4.284071078281978474e-05
4.212414458596032261e-05
4.143868648771463405e-05
4.077774154908660057e-05
4.014047573239082367e-05
3.952604299687056391e-05
3.893359480295076379e-05
3.836228764892804949e-05
3.781128899213753345e-05
3.727978184471310335e-05
3.676696828325817979e-05
3.627207207000029146e-05
3.579434054864282324e-05
3.533214089221868841e-05
3.488382955854152714e-05
3.444869615252632404e-05
3.402607973109438960e-05
3.361536463263960271e-05
3.321597671003362437e-05
3.282737992359580071e-05
3.244907325561935808e-05
3.208058791254508109e-05
3.172148478480295519e-05
3.137135213777430452e-05
3.102980351033525735e-05
3.069647580007735553e-05
3.037094009770286213e-05
3.005278068090517485e-05
2.974168648110747892e-05
2.943736613128147123e-05
2.913954639503553654e-05
2.884797074011399785e-05
2.856239804157565068e-05
2.828260140155856609e-05
2.800836707397816433e-05
2.773949348377615100e-05
2.747579033145887775e-05
2.721707777465330540e-05
2.696318567928515181e-05
2.671395293375967230e-05
2.646922682021273155e-05
2.622886243751198709e-05
2.599290784318459088e-05
2.576134935775644823e-05
2.553396851359200599e-05
2.531056359598291201e-05
2.509094820522584613e-05
2.487494994961520541e-05
2.466240925673469784e-05
2.445317829172208548e-05
2.424711997232990867e-05
2.404410707163235820e-05
2.384402140014303805e-05
2.364675305992860433e-05
2.345219976403533577e-05
2.326026621520154285e-05
2.307086353841676237e-05
2.288390876241564817e-05
2.269932434566763072e-05
2.251703774284807358e-05
2.233733286356286767e-05
2.216043604125083718e-05
2.198620069755911286e-05
2.181449128057249244e-05
2.164518240129029671e-05
2.147815803978788080e-05
2.131331081518030588e-05
2.115054131402980701e-05
2.098975747231349544e-05
2.083087400649740299e-05
2.067381188965327881e-05
2.051849786890827982e-05
2.036486402083907758e-05
2.021284734171382552e-05
2.006238936975079587e-05
1.991343583680366632e-05
1.976593634710352920e-05
1.961984408088716917e-05
1.947511552092362979e-05
1.933171020011742298e-05
1.918959046851762584e-05
1.904872127820086004e-05
1.890928429317513342e-05
1.877145274872852275e-05
1.863518261215870171e-05
1.850043216126675611e-05
1.836716183574457905e-05
1.823533409882853920e-05
1.810491330847054339e-05
1.797586559733560605e-05
1.784815876098797750e-05
1.772176215367631655e-05
1.759664659117364126e-05
1.747278426016850354e-05
1.735014863374189904e-05
1.722871439249947374e-05
1.710845735096021375e-05
1.698935438883299978e-05
1.687138338683899760e-05
1.675452316676373808e-05
1.663875343544516283e-05
1.652405473242585980e-05
1.641040838101735766e-05
1.629779644254216933e-05
1.618620167353686617e-05
1.607560748571437554e-05
1.596599790849828040e-05
1.585747809801047543e-05
1.575014042827696103e-05
1.564395146808425456e-05
1.553887940456553492e-05
1.543489395330346374e-05
1.533196627372237158e-05
1.523006888944122475e-05
1.502926147664048465e-05
1.493030266296924935e-05
1.483227644509318067e-05
1.473516112615208538e-05
1.463893598393374659e-05
1.454358121839792361e-05
1.444907790219830646e-05
1.435540793402259291e-05
1.417049950509183987e-05
1.407922858809728487e-05
1.398872603050162242e-05
1.389897724867112526e-05
1.380996825549184965e-05
1.372168562926486606e-05
1.363411648433239999e-05
1.346106961099822012e-05
1.337556854938075364e-05
1.329073425446583215e-05
1.320655613405222320e-05
1.304020242300739809e-05
1.295815272699660765e-05
1.287686037425166445e-05
1.279631133408189837e-05
1.271649204792017486e-05
1.255899074087905696e-05
1.248128378233485846e-05
1.240425666595091202e-05
1.225219636684293747e-05
1.217714127780071419e-05
1.210272218830936332e-05
1.202892896910963030e-05
1.188318113701001667e-05
1.181120774074146830e-05
1.173982262451045396e-05
1.159878258078418198e-05
1.152911093639558402e-05
1.145999411882353924e-05
1.132339400411419585e-05
1.125589574466680118e-05
1.112246688497114399e-05
1.105652246617944637e-05
1.099108246818911623e-05
1.086168997235826122e-05
1.079772498727525954e-05
1.067122744544302526e-05
1.060868327513948702e-05
1.048502568191542140e-05
1.042391781444846401e-05
1.036328685334506683e-05
1.024344417314953613e-05
1.018422658985520728e-05
1.006718394144922903e-05
1.000935275993407034e-05
9.895055137353803677e-06
9.838582390260982696e-06
9.726973075005492219e-06
9.671830064878927217e-06
9.562851109886646935e-06
9.455593118390715509e-06
9.402601277215880596e-06
9.297875435580588879e-06
9.246134837663230537e-06
9.143881788774888854e-06
9.043244290956678420e-06
8.993523146789621323e-06
8.895259666743289410e-06
8.846710794035086983e-06
8.750762513019170896e-06
8.656325287240080861e-06
8.609665280518390270e-06
8.517446520912323255e-06
8.426674997481398442e-06
8.381824096285451061e-06
8.293251678787973697e-06
8.206190216229580201e-06
8.120580993680205357e-06
8.078303545081895232e-06
7.994769853581078052e-06
7.912555789610293047e-06
7.831613441969647381e-06
7.791604920388479937e-06
7.712486077048672691e-06
7.634530426875579191e-06
7.557698643817874605e-06
7.481953517774627245e-06
7.444477368990215929e-06
7.370296766500053414e-06
7.297118210905295866e-06
7.224910917675450925e-06
7.153645691168715665e-06
7.083294827915025540e-06
7.013832026220470398e-06
6.945232301654967568e-06
6.877471908017533543e-06
6.810528263402813279e-06
6.744379881020230890e-06
6.679006304442169750e-06
6.614388046980975733e-06
6.550506534916167344e-06
6.487339199527829555e-06
6.424880113851436099e-06
6.363135393805178579e-06
6.302109992067142621e-06
6.241807781699015061e-06
6.182231634361318053e-06
6.123383493472789911e-06
6.065264442642575026e-06
6.007874769681669205e-06
5.951214026479337358e-06
5.895281085011108848e-06
5.840074189727019038e-06
5.758619930757428186e-06
5.705216785883610617e-06
5.652529280386255496e-06
5.600553397245426566e-06
5.549284724984228172e-06
5.473697207368181854e-06
5.424174973242645550e-06
5.375341873068513717e-06
5.327192108915435268e-06
5.256235465827699390e-06
5.209767200277484709e-06
5.163960288258402612e-06
5.096475317704722484e-06
5.052292284501204919e-06
5.008744051186147164e-06
4.944557530297553304e-06
4.902499214394168450e-06
4.840474304612575532e-06
4.799812403610464665e-06
4.759685309482206013e-06
4.700469413001001237e-06
4.661624027636821808e-06
4.604274312791547312e-06
4.566636960090047925e-06
4.511047600009399916e-06
4.474550704130195967e-06
4.420624556586719610e-06
4.367652998009338208e-06
4.332853789642829851e-06
4.281405980786498345e-06
4.247595932043876159e-06
4.197593537798982470e-06
4.148423318836514543e-06
4.116093186413679797e-06
4.068255322979315782e-06
4.021185919050972739e-06
3.990222359210235946e-06
3.944385427811030294e-06
3.899260553652611395e-06
3.854828254526126179e-06
3.825582243269056117e-06
3.782293087632619894e-06
3.739708748694419983e-06
3.697813088408357153e-06
3.656590462787908972e-06
3.629475110592101721e-06
3.589340726293315457e-06
3.549839931271811169e-06
3.510958735209320322e-06
3.472683559457200417e-06
3.435001221634792560e-06
3.397898920929005414e-06
3.361364224057669333e-06
3.325385051861552410e-06
3.289949666491989772e-06
3.255046659163089548e-06
3.220664938439311528e-06
3.186793719030922110e-06
3.153422511071470714e-06
3.109687764785068394e-06
3.077444039742530834e-06
3.045667364956421007e-06
3.014348417532695491e-06
2.983478120008560685e-06
2.953047632170937948e-06
2.913142945999771557e-06
2.883705576700049356e-06
2.854713560196641260e-06
2.816887965476721945e-06
2.789113361427829335e-06
2.761818587476124155e-06
2.726128546818029308e-06
2.699857647072561896e-06
2.673987762978505602e-06
2.640082486398328816e-06
2.615069147505893134e-06
2.582237467004478782e-06
2.557981148350991523e-06
2.526098953291097863e-06
2.502512630087454079e-06
2.471471437662795247e-06
2.448479073632993800e-06
2.418184140232648665e-06
2.388277813913794764e-06
2.366088022740050626e-06
2.336802911285234413e-06
2.307842314901368974e-06
2.286322710823327074e-06
2.257882706223295423e-06
2.229715731716277328e-06
2.201805725854019008e-06
2.174137888053042342e-06
2.153537691827625134e-06
2.126271009846966509e-06
2.099429685853797533e-06
2.073086739808718225e-06
2.047229948921947789e-06
2.021847462581025077e-06
1.996927788831783282e-06
1.972459781429043650e-06
1.948432627429732992e-06
1.924835835302615492e-06
1.901659223530168017e-06
1.878892909679455449e-06
1.856527299920068957e-06
1.829119612333660445e-06
1.807621936535171104e-06
1.786495659238946292e-06
1.765732305778665391e-06
1.740275952993235172e-06
1.720299423327217500e-06
1.700659891664227737e-06
1.676572961565709831e-06
1.657664538026578762e-06
1.639069458788500712e-06
1.616255820163658332e-06
1.598340974187122486e-06
1.576356920146085932e-06
1.559089658902768983e-06
1.537895608424538290e-06
1.521239753779766923e-06
1.500777872550969818e-06
1.480706240690285101e-06
1.464924621684127546e-06
1.445535692665538829e-06
1.426515302959674614e-06
1.411559291391146889e-06
1.393183447255004188e-06
1.375155459663361984e-06
1.357468193026902456e-06
1.340114643832662142e-06
1.323087940228474183e-06
1.306381341394524729e-06
1.293242091084147926e-06
1.277095108988199097e-06
1.261250046860531637e-06
1.242625713108718337e-06
1.227423045769430062e-06
1.212502733369293341e-06
1.197858921218647749e-06
1.183485875360080360e-06
1.169377980854692174e-06
1.152790774635739510e-06
1.139247023645327974e-06
1.125951235126697627e-06
1.112898274223911524e-06
1.097625429611021303e-06
1.085538250112444758e-06
1.071798362279483222e-06
1.060923727497952320e-06
1.048490791693903100e-06
1.038590004851240847e-06
1.027197088140890495e-06
1.018062982243442579e-06
1.007478650153387018e-06
9.972491492632072791e-07
9.889558729752938430e-07
9.792373846432651551e-07
9.697290611943200226e-07
9.603873845583818261e-07
9.511723481640791300e-07
9.420472197436161720e-07
9.329783198093352403e-07
9.239348147363400693e-07
9.148885234615679441e-07
9.058137368799866938e-07
8.966870490836160817e-07
8.874871996492236675e-07
8.781949262362492742e-07
8.687928268080744811e-07
8.592652308375322542e-07
8.479724160694617489e-07
8.380421408641736508e-07
8.241542104480357515e-07
8.011797502782880935e-07
7.764985647418887130e-07
7.428135984431820320e-07
7.104516705215087975e-07
6.694253218605553522e-07
6.320596273556920376e-07
5.865849867248636748e-07
5.397648845725242786e-07
4.922572767855202042e-07
4.514478297760358586e-07
4.042246098231069062e-07
3.579040210487914502e-07
3.129521863029713985e-07
2.697934892411528605e-07
2.288134473601721527e-07
1.903613951084994379e-07
1.547529899099503123e-07
1.222725530318527457e-07
9.317525638832320866e-08
6.768916559163387346e-08
4.324324243861876325e-08
2.614861960786466048e-08
1.322607919790829602e-08
3.738137380856992605e-09
1.858270310869797134e-10
0.000000000000000000e+00
0.000000000000000000e+00
0.000000000000000000e+00
0.000000000000000000e+00
0.000000000000000000e+00
0.000000000000000000e+00
0.000000000000000000e+00
0.000000000000000000e+00
0.000000000000000000e+00
0.000000000000000000e+00
0.000000000000000000e+00
0.000000000000000000e+00
0.000000000000000000e+00
0.000000000000000000e+00
0.000000000000000000e+00
0.000000000000000000e+00
0.000000000000000000e+00
0.000000000000000000e+00
0.000000000000000000e+00
0.000000000000000000e+00
0.000000000000000000e+00
0.000000000000000000e+00
0.000000000000000000e+00
0.000000000000000000e+00
0.000000000000000000e+00
0.000000000000000000e+00
0.000000000000000000e+00
0.000000000000000000e+00
0.000000000000000000e+00
0.000000000000000000e+00
0.000000000000000000e+00
0.000000000000000000e+00
0.000000000000000000e+00
0.000000000000000000e+00
0.000000000000000000e+00
0.000000000000000000e+00
0.000000000000000000e+00
0.000000000000000000e+00
0.000000000000000000e+00
0.000000000000000000e+00
0.000000000000000000e+00
0.000000000000000000e+00
0.000000000000000000e+00
0.000000000000000000e+00
0.000000000000000000e+00
0.000000000000000000e+00
0.000000000000000000e+00
0.000000000000000000e+00
0.000000000000000000e+00
0.000000000000000000e+00
0.000000000000000000e+00
0.000000000000000000e+00
0.000000000000000000e+00
0.000000000000000000e+00
0.000000000000000000e+00
0.000000000000000000e+00
0.000000000000000000e+00
0.000000000000000000e+00
0.000000000000000000e+00
0.000000000000000000e+00
0.000000000000000000e+00
0.000000000000000000e+00
0.000000000000000000e+00
0.000000000000000000e+00
0.000000000000000000e+00
0.000000000000000000e+00
0.000000000000000000e+00
0.000000000000000000e+00
0.000000000000000000e+00
0.000000000000000000e+00
0.000000000000000000e+00
0.000000000000000000e+00
0.000000000000000000e+00
0.000000000000000000e+00
0.000000000000000000e+00
0.000000000000000000e+00
0.000000000000000000e+00
0.000000000000000000e+00
0.000000000000000000e+00
0.000000000000000000e+00
0.000000000000000000e+00
0.000000000000000000e+00
0.000000000000000000e+00
0.000000000000000000e+00
0.000000000000000000e+00
0.000000000000000000e+00
0.000000000000000000e+00
0.000000000000000000e+00
0.000000000000000000e+00
0.000000000000000000e+00
0.000000000000000000e+00
0.000000000000000000e+00
0.000000000000000000e+00
0.000000000000000000e+00
0.000000000000000000e+00
0.000000000000000000e+00
0.000000000000000000e+00
0.000000000000000000e+00
0.000000000000000000e+00
0.000000000000000000e+00
0.000000000000000000e+00
0.000000000000000000e+00
0.000000000000000000e+00
0.000000000000000000e+00
0.000000000000000000e+00
0.000000000000000000e+00
0.000000000000000000e+00
0.000000000000000000e+00
0.000000000000000000e+00
0.000000000000000000e+00
0.000000000000000000e+00
0.000000000000000000e+00
0.000000000000000000e+00
0.000000000000000000e+00
0.000000000000000000e+00
0.000000000000000000e+00
0.000000000000000000e+00
0.000000000000000000e+00
0.000000000000000000e+00
0.000000000000000000e+00
0.000000000000000000e+00
0.000000000000000000e+00
0.000000000000000000e+00
0.000000000000000000e+00
0.000000000000000000e+00
0.000000000000000000e+00
0.000000000000000000e+00
0.000000000000000000e+00
0.000000000000000000e+00
0.000000000000000000e+00
0.000000000000000000e+00
0.000000000000000000e+00
0.000000000000000000e+00
0.000000000000000000e+00
0.000000000000000000e+00
0.000000000000000000e+00
0.000000000000000000e+00
0.000000000000000000e+00
0.000000000000000000e+00
0.000000000000000000e+00
0.000000000000000000e+00
0.000000000000000000e+00
0.000000000000000000e+00
0.000000000000000000e+00
0.000000000000000000e+00
0.000000000000000000e+00
0.000000000000000000e+00
0.000000000000000000e+00
0.000000000000000000e+00
0.000000000000000000e+00
0.000000000000000000e+00
0.000000000000000000e+00
0.000000000000000000e+00
0.000000000000000000e+00
0.000000000000000000e+00
0.000000000000000000e+00
0.000000000000000000e+00
0.000000000000000000e+00
0.000000000000000000e+00
0.000000000000000000e+00
0.000000000000000000e+00
0.000000000000000000e+00
0.000000000000000000e+00
0.000000000000000000e+00
0.000000000000000000e+00
0.000000000000000000e+00
0.000000000000000000e+00
0.000000000000000000e+00
0.000000000000000000e+00
0.000000000000000000e+00
0.000000000000000000e+00
0.000000000000000000e+00
0.000000000000000000e+00
0.000000000000000000e+00
0.000000000000000000e+00
0.000000000000000000e+00
0.000000000000000000e+00
0.000000000000000000e+00
0.000000000000000000e+00
0.000000000000000000e+00
0.000000000000000000e+00
0.000000000000000000e+00
0.000000000000000000e+00
0.000000000000000000e+00
0.000000000000000000e+00
0.000000000000000000e+00
0.000000000000000000e+00
0.000000000000000000e+00
0.000000000000000000e+00
0.000000000000000000e+00
0.000000000000000000e+00
0.000000000000000000e+00
0.000000000000000000e+00
0.000000000000000000e+00
0.000000000000000000e+00
0.000000000000000000e+00
0.000000000000000000e+00
0.000000000000000000e+00
0.000000000000000000e+00
0.000000000000000000e+00
0.000000000000000000e+00
0.000000000000000000e+00
0.000000000000000000e+00
0.000000000000000000e+00
0.000000000000000000e+00
0.000000000000000000e+00
0.000000000000000000e+00
0.000000000000000000e+00
0.000000000000000000e+00
0.000000000000000000e+00
0.000000000000000000e+00
0.000000000000000000e+00
0.000000000000000000e+00
0.000000000000000000e+00
0.000000000000000000e+00
0.000000000000000000e+00
0.000000000000000000e+00
0.000000000000000000e+00
0.000000000000000000e+00
0.000000000000000000e+00
0.000000000000000000e+00
0.000000000000000000e+00
0.000000000000000000e+00
0.000000000000000000e+00
0.000000000000000000e+00
0.000000000000000000e+00
0.000000000000000000e+00
0.000000000000000000e+00
0.000000000000000000e+00
0.000000000000000000e+00
0.000000000000000000e+00
0.000000000000000000e+00
0.000000000000000000e+00
0.000000000000000000e+00
0.000000000000000000e+00
0.000000000000000000e+00
0.000000000000000000e+00
0.000000000000000000e+00
0.000000000000000000e+00
0.000000000000000000e+00
0.000000000000000000e+00
0.000000000000000000e+00
0.000000000000000000e+00
0.000000000000000000e+00
0.000000000000000000e+00
0.000000000000000000e+00
0.000000000000000000e+00
0.000000000000000000e+00
0.000000000000000000e+00
0.000000000000000000e+00
0.000000000000000000e+00
0.000000000000000000e+00
0.000000000000000000e+00
0.000000000000000000e+00
0.000000000000000000e+00
0.000000000000000000e+00
0.000000000000000000e+00
0.000000000000000000e+00
0.000000000000000000e+00
0.000000000000000000e+00
0.000000000000000000e+00
0.000000000000000000e+00
0.000000000000000000e+00
0.000000000000000000e+00
0.000000000000000000e+00
0.000000000000000000e+00
0.000000000000000000e+00
0.000000000000000000e+00
0.000000000000000000e+00
0.000000000000000000e+00
0.000000000000000000e+00
0.000000000000000000e+00
0.000000000000000000e+00
0.000000000000000000e+00
0.000000000000000000e+00
0.000000000000000000e+00
0.000000000000000000e+00
0.000000000000000000e+00
0.000000000000000000e+00
0.000000000000000000e+00
0.000000000000000000e+00
0.000000000000000000e+00
0.000000000000000000e+00
0.000000000000000000e+00
0.000000000000000000e+00
0.000000000000000000e+00
0.000000000000000000e+00
0.000000000000000000e+00
0.000000000000000000e+00
0.000000000000000000e+00
0.000000000000000000e+00
0.000000000000000000e+00
0.000000000000000000e+00
0.000000000000000000e+00
0.000000000000000000e+00
0.000000000000000000e+00
0.000000000000000000e+00
0.000000000000000000e+00
0.000000000000000000e+00
0.000000000000000000e+00
0.000000000000000000e+00
0.000000000000000000e+00
0.000000000000000000e+00
0.000000000000000000e+00
0.000000000000000000e+00
0.000000000000000000e+00
0.000000000000000000e+00
0.000000000000000000e+00
0.000000000000000000e+00
0.000000000000000000e+00
0.000000000000000000e+00
0.000000000000000000e+00
0.000000000000000000e+00
0.000000000000000000e+00
0.000000000000000000e+00
0.000000000000000000e+00
0.000000000000000000e+00
0.000000000000000000e+00
0.000000000000000000e+00
0.000000000000000000e+00
0.000000000000000000e+00
0.000000000000000000e+00
0.000000000000000000e+00
0.000000000000000000e+00
0.000000000000000000e+00
0.000000000000000000e+00
0.000000000000000000e+00
0.000000000000000000e+00
0.000000000000000000e+00
0.000000000000000000e+00
0.000000000000000000e+00
0.000000000000000000e+00
0.000000000000000000e+00
0.000000000000000000e+00
0.000000000000000000e+00
0.000000000000000000e+00
0.000000000000000000e+00
0.000000000000000000e+00
0.000000000000000000e+00
0.000000000000000000e+00
0.000000000000000000e+00
0.000000000000000000e+00
0.000000000000000000e+00
0.000000000000000000e+00
0.000000000000000000e+00
0.000000000000000000e+00
0.000000000000000000e+00
0.000000000000000000e+00
0.000000000000000000e+00
0.000000000000000000e+00
0.000000000000000000e+00
0.000000000000000000e+00
0.000000000000000000e+00
0.000000000000000000e+00
0.000000000000000000e+00
0.000000000000000000e+00
0.000000000000000000e+00
0.000000000000000000e+00
0.000000000000000000e+00
0.000000000000000000e+00
0.000000000000000000e+00
0.000000000000000000e+00
0.000000000000000000e+00
0.000000000000000000e+00
0.000000000000000000e+00
0.000000000000000000e+00
0.000000000000000000e+00
0.000000000000000000e+00
0.000000000000000000e+00
0.000000000000000000e+00
0.000000000000000000e+00
0.000000000000000000e+00
0.000000000000000000e+00
0.000000000000000000e+00
0.000000000000000000e+00
0.000000000000000000e+00
0.000000000000000000e+00
0.000000000000000000e+00
0.000000000000000000e+00
0.000000000000000000e+00
0.000000000000000000e+00
0.000000000000000000e+00
0.000000000000000000e+00
0.000000000000000000e+00
0.000000000000000000e+00
0.000000000000000000e+00
0.000000000000000000e+00
0.000000000000000000e+00
0.000000000000000000e+00
0.000000000000000000e+00
0.000000000000000000e+00
0.000000000000000000e+00
0.000000000000000000e+00
0.000000000000000000e+00
0.000000000000000000e+00
0.000000000000000000e+00
0.000000000000000000e+00
0.000000000000000000e+00
0.000000000000000000e+00
0.000000000000000000e+00
0.000000000000000000e+00
0.000000000000000000e+00
0.000000000000000000e+00
0.000000000000000000e+00
0.000000000000000000e+00
0.000000000000000000e+00
0.000000000000000000e+00
0.000000000000000000e+00
0.000000000000000000e+00
0.000000000000000000e+00
0.000000000000000000e+00
0.000000000000000000e+00
0.000000000000000000e+00
0.000000000000000000e+00
0.000000000000000000e+00
0.000000000000000000e+00
0.000000000000000000e+00
0.000000000000000000e+00
0.000000000000000000e+00
0.000000000000000000e+00
0.000000000000000000e+00
0.000000000000000000e+00
0.000000000000000000e+00
0.000000000000000000e+00
0.000000000000000000e+00
0.000000000000000000e+00
0.000000000000000000e+00
0.000000000000000000e+00
0.000000000000000000e+00
0.000000000000000000e+00
0.000000000000000000e+00
0.000000000000000000e+00
0.000000000000000000e+00
0.000000000000000000e+00
0.000000000000000000e+00
0.000000000000000000e+00
0.000000000000000000e+00
0.000000000000000000e+00
0.000000000000000000e+00
0.000000000000000000e+00
0.000000000000000000e+00
0.000000000000000000e+00
0.000000000000000000e+00
0.000000000000000000e+00
0.000000000000000000e+00
0.000000000000000000e+00
0.000000000000000000e+00
0.000000000000000000e+00
0.000000000000000000e+00
0.000000000000000000e+00
0.000000000000000000e+00
0.000000000000000000e+00
0.000000000000000000e+00
0.000000000000000000e+00
0.000000000000000000e+00
0.000000000000000000e+00
0.000000000000000000e+00
0.000000000000000000e+00
0.000000000000000000e+00
0.000000000000000000e+00
0.000000000000000000e+00
0.000000000000000000e+00
0.000000000000000000e+00
0.000000000000000000e+00
0.000000000000000000e+00
0.000000000000000000e+00
0.000000000000000000e+00
0.000000000000000000e+00
0.000000000000000000e+00
0.000000000000000000e+00
0.000000000000000000e+00
0.000000000000000000e+00
0.000000000000000000e+00
0.000000000000000000e+00
0.000000000000000000e+00
0.000000000000000000e+00
0.000000000000000000e+00
0.000000000000000000e+00
0.000000000000000000e+00
0.000000000000000000e+00
0.000000000000000000e+00
0.000000000000000000e+00
0.000000000000000000e+00
0.000000000000000000e+00
0.000000000000000000e+00
0.000000000000000000e+00
0.000000000000000000e+00
0.000000000000000000e+00
0.000000000000000000e+00
0.000000000000000000e+00
0.000000000000000000e+00
0.000000000000000000e+00
0.000000000000000000e+00
0.000000000000000000e+00
0.000000000000000000e+00
0.000000000000000000e+00
0.000000000000000000e+00
0.000000000000000000e+00
0.000000000000000000e+00
0.000000000000000000e+00
0.000000000000000000e+00
0.000000000000000000e+00
0.000000000000000000e+00
0.000000000000000000e+00
0.000000000000000000e+00
0.000000000000000000e+00
0.000000000000000000e+00
0.000000000000000000e+00
0.000000000000000000e+00
0.000000000000000000e+00
0.000000000000000000e+00
0.000000000000000000e+00
0.000000000000000000e+00
0.000000000000000000e+00
0.000000000000000000e+00
0.000000000000000000e+00
nan
