# bin_10_2
1.273461317402760443e-08
-2.431199066050312657e-08
5.563391614183761265e-08
-1.562824603785817568e-08
6.255217495106735936e-08
-6.137937848251729105e-09
2.358882961306009887e-08
1.018610804954331347e-08
-4.500380502703756959e-10
5.632739459935800407e-08
-3.336662253127303614e-08
9.383361883260236028e-08
-3.664665203357970015e-08
-2.688518607841672399e-08
-1.962338983711549972e-08
-3.989784402341342092e-08
-6.933208185107808981e-08
-7.703913166655999601e-08
-5.737967961768097110e-08
-2.957983602286274754e-08
-7.780201350055945215e-09
1.192338226131605714e-09
2.304277531603207742e-09
2.872086933575275538e-09
3.046994643735856217e-09
2.940438956962778649e-09
-4.311488815823302544e-09
-1.994695852506337227e-08
-3.769809166784726022e-08
-5.355466001220949316e-08
-6.506301010065192081e-08
-7.143008634283725310e-08
-7.501570839353283186e-08
-7.819022056689055564e-08
-8.253395376053189589e-08
-8.905721419796724015e-08
-9.836107386756198508e-08
-1.229204095542494110e-07
-1.643703530280988809e-07
-2.101201198238911731e-07
-2.511366865973606223e-07
-2.810970681849760618e-07
-2.957370941873502611e-07
-2.923502820682022570e-07
-2.658470755787895166e-07
-2.207757569758611059e-07
-1.675791900258137482e-07
-1.142096646881420208e-07
-6.663705240283924110e-08
-2.925544125655659959e-08
-5.209005487047013971e-09
3.346550310698373416e-09
3.602036252752839445e-09
3.785258268262407616e-09
3.905970378078887444e-09
3.972678608799592380e-09
3.992808240370961559e-09
3.972847010283185391e-09
3.918467997849746684e-09
3.834635292139370112e-09
3.725695037710478523e-09
3.471311065889226363e-09
3.009579456082491578e-09
2.420121289429647667e-09
1.768564211294452128e-09
1.108673196269621865e-09
4.841613492082262613e-10
-6.976981299506806209e-11
-5.251191430212589243e-10
-8.599688840258617303e-10
-1.057532622981560167e-09
-1.105343469487378783e-09
-1.054691727578043764e-09
-9.712333657751500863e-10
-8.655326518137619539e-10
-7.465658102445732009e-10
-6.219287783957481209e-10
-4.980180826397232045e-10
-3.801884221887358242e-10
-2.728900460476757579e-10
-1.797885810469413449e-10
-1.038696035815729392e-10
-4.752993519742612835e-11
-1.265737444460057003e-11
-7.003477100549537020e-13
-5.927616350305448006e-13
-4.970503589020615981e-13
-4.122726158030642731e-13
-3.375616553511738277e-13
-2.721189399526292381e-13
-2.152084207594605571e-13
-1.661513345424143249e-13
-1.243214699819357363e-13
-8.914085739230980798e-14
-6.007584077068990368e-14
-3.663349538212261271e-14
-1.835835792213158654e-14
-4.829439699125936491e-15
4.342503698308945683e-15
9.517470094325481719e-15
1.102849722786176150e-14
1.080150486932645400e-14
1.055511501947148088e-14
1.029224948170360513e-14
1.001555281709274494e-14
9.727416942721427697e-15
9.430003502490066225e-15
9.125264222191588446e-15
8.814959439315996918e-15
8.500674978980592947e-15
8.183837530342759794e-15
7.865728662613189672e-15
7.547497606143897331e-15
7.230172911841955475e-15
6.914673091199367001e-15
6.601816329392530095e-15
6.292329355070780890e-15
5.986855542512672295e-15
5.685962314686513164e-15
5.370961788367313995e-15
5.028206008099880639e-15
4.665183170966237098e-15
4.288651920518226031e-15
3.904702046252507741e-15
3.518810199435540483e-15
3.135891048051914670e-15
2.760344255958482789e-15
2.396097637188681227e-15
2.046646805412112395e-15
1.715091610494660688e-15
1.404169628642964557e-15
1.116286949497639963e-15
8.535464825354858998e-16
6.177739860472086614e-16
4.105420045905628444e-16
2.331918850132573050e-16
8.685402674925343778e-17
-2.753349101949035447e-17
-1.092077746951651001e-16
-1.575653543484400520e-16
-1.721476847591430355e-16
-1.689632471423993384e-16
-1.644109447396964075e-16
-1.587050741999029728e-16
-1.520430935056252504e-16
-1.446067904348300490e-16
-1.365633701413919074e-16
-1.280664676697672286e-16
-1.192570907781683843e-16
-1.102644980391965062e-16
-1.012070168138962434e-16
-9.219280535180402132e-17
-8.332056295336966593e-17
-7.468019183979336223e-17
-6.635341410676468392e-17
-5.841434689100751900e-17
-5.093003865006171575e-17
-4.396096924494695659e-17
-3.756151632067784351e-17
-3.178039029985087367e-17
-2.666104013838653351e-17
-2.224203183894910557e-17
-1.855740157560311451e-17
-1.563698515187135094e-17
-1.350672539283282213e-17
-1.218895895935918539e-17
-1.131405070985454913e-17
-1.049685560536566371e-17
-9.734039944793287183e-18
-9.022444589996228478e-18
-8.359075766950420255e-18
-7.741096375253851055e-18
-7.165817776071120522e-18
-6.133304562017293516e-18
-5.671367218592565325e-18
-5.242711710993391150e-18
-4.845283405976507163e-18
-4.477135453796866146e-18
-4.136423231009742581e-18
-3.821399080619727192e-18
-3.530407332729096557e-18
-3.014330262048965632e-18
-2.786352337796681075e-18
-2.576613377606127615e-18
-2.383851717851045919e-18
-2.206872873267222468e-18
-2.044546127134110837e-18
-1.895801298831500109e-18
-1.635061123589365109e-18
-1.521201296891060099e-18
-1.417189057583730922e-18
-1.322213977992713304e-18
-1.154940168482235514e-18
-1.078724048986828668e-18
-1.006668490544859729e-18
-9.385884729690844176e-19
-8.743067457415736218e-19
-7.564660105548620536e-19
-7.025884059042741483e-19
-6.518713009927776587e-19
-5.593520058070945129e-19
-5.172812003997954430e-19
-4.778331681378381274e-19
-4.408871812775105307e-19
-3.740433373101603562e-19
-3.439283042997701886e-19
-3.158805696843324812e-19
-2.656005125481145511e-19
-2.431849182097376889e-19
-2.224697484154984407e-19
-1.858145190871955075e-19
-1.697197942871901788e-19
-1.416332691379377388e-19
-1.295053060891632497e-19
-1.185681379011483869e-19
-1.000239440759285804e-19
-9.230207486172859633e-20
-7.968945319504843809e-20
-7.469767232161744180e-20
-6.592423155895084217e-20
-6.181547203542114294e-20
-5.788455958296418696e-20
-5.053490578742870843e-20
-4.710588130443028027e-20
-4.071488081489639389e-20
-3.774352218576817315e-20
-3.222667539949217135e-20
-2.967262107916408782e-20
-2.495278219171740600e-20
-2.277917236537461735e-20
-1.878586874990928658e-20
-1.524078680999480192e-20
-1.362784240146696443e-20
-1.070503498050914743e-20
-9.389008067899691307e-21
-7.032965708581334522e-21
-5.026270485854015973e-21
-4.147229643750337672e-21
-2.625035665215211134e-21
-1.977011149526251941e-21
-8.954497613337723668e-22
-8.510087012164643122e-23
2.236716821623205967e-22
6.584932196822100445e-22
8.624602126591242079e-22
8.824613761104110350e-22
8.652188383002432177e-22
8.401569468237733375e-22
8.085442173775353226e-22
7.906492768362124232e-22
7.513650678201846079e-22
7.082659141823244678e-22
6.622904360508896175e-22
6.384954996244984838e-22
5.897931408445864489e-22
5.402256435593645599e-22
4.904775599986136147e-22
4.411722610444133323e-22
4.168648253038677776e-22
3.692695014071364273e-22
3.234359979562693561e-22
2.798064085232800928e-22
2.387792493041434096e-22
2.007126496759074751e-22
1.659273201993270868e-22
1.347093138899905364e-22
1.073125954058218088e-22
8.396143171632485970e-23
6.485261682009317731e-23
5.015754215611558371e-23
4.002412350428545921e-23
3.457859438562360419e-23
3.160762748252430487e-23
2.881847409899321890e-23
2.620325352244892397e-23
2.375442672951592428e-23
2.146478049875206589e-23
1.932741232862830332e-23
1.733571611620603707e-23
1.548336855464171880e-23
1.376431621015038957e-23
1.217276324141094377e-23
1.070315972658144891e-23
9.350190565156847910e-24
7.528348880098655920e-24
6.445159205439970505e-24
5.461702447516526290e-24
4.573596785790142307e-24
3.776643164381429619e-24
2.743365471046411698e-24
2.157048968223102509e-24
1.648514421624006257e-24
1.214291085151768697e-24
6.950477589293395381e-25
4.323413403863431437e-25
2.328849771473146899e-25
4.603988704821728633e-26
-7.609112502828512736e-27
-1.405568078142972783e-26
-1.368508717044919155e-26
-1.335251834055042831e-26
-1.274623673381416085e-26
-1.228168138047611944e-26
-1.177722536278461719e-26
-1.096027851775307076e-26
-1.038450523066579926e-26
-9.488425719064274192e-27
-8.877112484866782643e-27
-7.951387051775661027e-27
-7.334908919578922835e-27
-6.421448827881718334e-27
-5.532676629159445443e-27
-4.959561392298603938e-27
-4.136704324099153135e-27
-3.616778194929228203e-27
-2.886249501171867038e-27
-2.221840021249588391e-27
-1.819090404060926240e-27
-1.279870583039681213e-27
-8.234513528601401339e-28
-5.676077270646063280e-28
-2.596968851183216332e-28
-4.615096483634337406e-29
6.979414731851758501e-29
9.150897196164041934e-29
8.986060858644150146e-29
8.744766978367179552e-29
8.438487151971730646e-29
8.077832993664477673e-29
7.812064067942862562e-29
7.382210353759550558e-29
6.922496547060378333e-29
6.440840083947218112e-29
5.944533736589093234e-29
5.440287055816891801e-29
4.934265110784892402e-29
4.432124707695876077e-29
3.939048256703084696e-29
3.459775444186437500e-29
2.998632856570709876e-29
2.559561691643156311e-29
2.146143683871674784e-29
1.761625361460299331e-29
1.298918136665422687e-29
9.927419581783780564e-30
7.241470079981199678e-30
4.951715444924251139e-30
3.076240200544794669e-30
1.630990303594111385e-30
3.970836112571019845e-31
6.791275942533701707e-33
-1.917475962478769915e-32
-1.866106017631724673e-32
-1.815197948861229296e-32
-1.755264111963019295e-32
-1.663595466789968573e-32
-1.587618665727444239e-32
-1.506716845764017573e-32
-1.393007489633805560e-32
-1.304612006538598273e-32
-1.184311659986706820e-32
-1.093330249500469242e-32
-9.724604843716545135e-33
-8.830423612577767546e-33
-7.666799282722953080e-33
-6.823125356030979190e-33
-5.747100894985935991e-33
-4.737422955011095837e-33
-4.029956819231826511e-33
-3.160554314977094585e-33
-2.383268548735724736e-33
-1.865285449658995217e-33
-1.266647626211522577e-33
-7.785766224194396668e-34
-4.062601772953540638e-34
-1.541738803968185835e-34
-4.633113892647120863e-35
-9.446538406619823535e-36
-8.606714051091498357e-36
-7.820139706038398602e-36
-7.084423667768924654e-36
-6.397281663691441172e-36
-5.756531678576805305e-36
-5.160089052368189343e-36
-4.605961833982270193e-36
-4.092246376515639343e-36
-3.617123160176632838e-36
-3.178852830101767672e-36
-2.775772437006474210e-36
-2.318992018335733817e-36
-1.989380633527490234e-36
-1.690040368745891504e-36
-1.419595314071858012e-36
-1.120172982870330399e-36
-9.100156680274391272e-37
-7.246794160551024114e-37
-5.261804246995732939e-37
-3.925946852090482614e-37
-2.802977541006542582e-37
-1.683601366134105170e-37
-1.004081247750119857e-37
-4.099296320811397721e-38
-1.283873129187447920e-38
-5.321800340579220301e-40
-4.921489733865951821e-40
-4.451185660235265142e-40
-4.012823556934451693e-40
-3.684108896223335765e-40
-3.299463104420321288e-40
-2.942685336380501997e-40
-2.676434737141243152e-40
-2.366519239074848618e-40
-2.080913196173983937e-40
-1.818457090270528506e-40
-1.578045394714909912e-40
-1.358623901071089056e-40
-1.159187189517040073e-40
-1.013380897895217787e-40
-8.475297764925992073e-41
-6.990879202768958769e-41
-5.427567970702473866e-41
-4.297096308706317872e-41
-3.315137260017368094e-41
-2.474447860832965424e-41
-1.768113340107842713e-41
-1.189531542357919970e-41
-6.550106299443883698e-42
-3.356922766610307701e-42
-1.249331338198492111e-42
-1.729114834295160712e-43
-2.836942495853738003e-46
-2.607206622197663716e-46
-2.348909923460046243e-46
-2.147526126582766913e-46
-1.921740020442185463e-46
-1.746242702470414400e-46
-1.550139417608639982e-46
-1.398276202738585132e-46
-1.229271736690289099e-46
-1.074039337946100914e-46
-9.547155530553095368e-47
-8.230166857923045106e-47
-7.032747999438470865e-47
-5.949062932778650847e-47
-4.973549363086780132e-47
-4.100905139825402556e-47
-3.326075403772099358e-47
-2.644240421462749434e-47
-2.050804067100268834e-47
-1.541382914470215043e-47
-1.111795903755495730e-47
-7.580545503362640023e-48
-4.763536647024909605e-48
-2.630625545161159757e-48
-1.147166816381778387e-48
-1.932755859048030209e-49
2.133673059419495176e-51
2.098314094118001335e-51
2.039820631404600910e-51
1.976981809720471428e-51
1.891219171310796834e-51
1.808825016661071089e-51
1.704371063099784651e-51
1.609237212635757505e-51
1.493457813403245848e-51
1.374252840609513467e-51
1.253297463892929871e-51
1.149395746535190253e-51
1.029164427273959595e-51
9.112312261317222403e-52
7.967829017673528466e-52
6.868999439658614638e-52
5.825638884482157012e-52
4.846641481270635888e-52
3.940043934962390057e-52
3.113085125307438929e-52
2.372261783342604376e-52
1.723380507912461380e-52
1.100982121234175262e-52
6.657493994368504011e-53
3.367387806683090921e-53
9.517377030371640721e-54
4.731195611880920620e-55
0.000000000000000000e+00
0.000000000000000000e+00
0.000000000000000000e+00
0.000000000000000000e+00
0.000000000000000000e+00
0.000000000000000000e+00
0.000000000000000000e+00
0.000000000000000000e+00
0.000000000000000000e+00
0.000000000000000000e+00
0.000000000000000000e+00
0.000000000000000000e+00
0.000000000000000000e+00
0.000000000000000000e+00
0.000000000000000000e+00
0.000000000000000000e+00
0.000000000000000000e+00
0.000000000000000000e+00
0.000000000000000000e+00
0.000000000000000000e+00
0.000000000000000000e+00
0.000000000000000000e+00
0.000000000000000000e+00
0.000000000000000000e+00
0.000000000000000000e+00
0.000000000000000000e+00
0.000000000000000000e+00
0.000000000000000000e+00
0.000000000000000000e+00
0.000000000000000000e+00
0.000000000000000000e+00
0.000000000000000000e+00
0.000000000000000000e+00
0.000000000000000000e+00
0.000000000000000000e+00
0.000000000000000000e+00
0.000000000000000000e+00
0.000000000000000000e+00
0.000000000000000000e+00
0.000000000000000000e+00
0.000000000000000000e+00
0.000000000000000000e+00
0.000000000000000000e+00
0.000000000000000000e+00
0.000000000000000000e+00
0.000000000000000000e+00
0.000000000000000000e+00
0.000000000000000000e+00
0.000000000000000000e+00
0.000000000000000000e+00
0.000000000000000000e+00
0.000000000000000000e+00
0.000000000000000000e+00
0.000000000000000000e+00
0.000000000000000000e+00
0.000000000000000000e+00
0.000000000000000000e+00
0.000000000000000000e+00
0.000000000000000000e+00
0.000000000000000000e+00
0.000000000000000000e+00
0.000000000000000000e+00
0.000000000000000000e+00
0.000000000000000000e+00
0.000000000000000000e+00
0.000000000000000000e+00
0.000000000000000000e+00
0.000000000000000000e+00
0.000000000000000000e+00
0.000000000000000000e+00
0.000000000000000000e+00
0.000000000000000000e+00
0.000000000000000000e+00
0.000000000000000000e+00
0.000000000000000000e+00
0.000000000000000000e+00
0.000000000000000000e+00
0.000000000000000000e+00
0.000000000000000000e+00
0.000000000000000000e+00
0.000000000000000000e+00
0.000000000000000000e+00
0.000000000000000000e+00
0.000000000000000000e+00
0.000000000000000000e+00
0.000000000000000000e+00
0.000000000000000000e+00
0.000000000000000000e+00
0.000000000000000000e+00
0.000000000000000000e+00
0.000000000000000000e+00
0.000000000000000000e+00
0.000000000000000000e+00
0.000000000000000000e+00
0.000000000000000000e+00
0.000000000000000000e+00
0.000000000000000000e+00
0.000000000000000000e+00
0.000000000000000000e+00
0.000000000000000000e+00
0.000000000000000000e+00
0.000000000000000000e+00
0.000000000000000000e+00
0.000000000000000000e+00
0.000000000000000000e+00
0.000000000000000000e+00
0.000000000000000000e+00
0.000000000000000000e+00
0.000000000000000000e+00
0.000000000000000000e+00
0.000000000000000000e+00
0.000000000000000000e+00
0.000000000000000000e+00
0.000000000000000000e+00
0.000000000000000000e+00
0.000000000000000000e+00
0.000000000000000000e+00
0.000000000000000000e+00
0.000000000000000000e+00
0.000000000000000000e+00
0.000000000000000000e+00
0.000000000000000000e+00
0.000000000000000000e+00
0.000000000000000000e+00
0.000000000000000000e+00
0.000000000000000000e+00
0.000000000000000000e+00
0.000000000000000000e+00
0.000000000000000000e+00
0.000000000000000000e+00
0.000000000000000000e+00
0.000000000000000000e+00
0.000000000000000000e+00
0.000000000000000000e+00
0.000000000000000000e+00
0.000000000000000000e+00
0.000000000000000000e+00
0.000000000000000000e+00
0.000000000000000000e+00
0.000000000000000000e+00
0.000000000000000000e+00
0.000000000000000000e+00
0.000000000000000000e+00
0.000000000000000000e+00
0.000000000000000000e+00
0.000000000000000000e+00
0.000000000000000000e+00
0.000000000000000000e+00
0.000000000000000000e+00
0.000000000000000000e+00
0.000000000000000000e+00
0.000000000000000000e+00
0.000000000000000000e+00
0.000000000000000000e+00
0.000000000000000000e+00
0.000000000000000000e+00
0.000000000000000000e+00
0.000000000000000000e+00
0.000000000000000000e+00
0.000000000000000000e+00
0.000000000000000000e+00
0.000000000000000000e+00
0.000000000000000000e+00
0.000000000000000000e+00
0.000000000000000000e+00
0.000000000000000000e+00
0.000000000000000000e+00
0.000000000000000000e+00
0.000000000000000000e+00
0.000000000000000000e+00
0.000000000000000000e+00
0.000000000000000000e+00
0.000000000000000000e+00
0.000000000000000000e+00
0.000000000000000000e+00
0.000000000000000000e+00
0.000000000000000000e+00
0.000000000000000000e+00
0.000000000000000000e+00
0.000000000000000000e+00
0.000000000000000000e+00
0.000000000000000000e+00
0.000000000000000000e+00
0.000000000000000000e+00
0.000000000000000000e+00
0.000000000000000000e+00
0.000000000000000000e+00
0.000000000000000000e+00
0.000000000000000000e+00
0.000000000000000000e+00
0.000000000000000000e+00
0.000000000000000000e+00
0.000000000000000000e+00
0.000000000000000000e+00
0.000000000000000000e+00
0.000000000000000000e+00
0.000000000000000000e+00
0.000000000000000000e+00
0.000000000000000000e+00
0.000000000000000000e+00
0.000000000000000000e+00
0.000000000000000000e+00
0.000000000000000000e+00
0.000000000000000000e+00
0.000000000000000000e+00
0.000000000000000000e+00
0.000000000000000000e+00
0.000000000000000000e+00
0.000000000000000000e+00
0.000000000000000000e+00
0.000000000000000000e+00
0.000000000000000000e+00
0.000000000000000000e+00
0.000000000000000000e+00
0.000000000000000000e+00
0.000000000000000000e+00
0.000000000000000000e+00
0.000000000000000000e+00
0.000000000000000000e+00
0.000000000000000000e+00
0.000000000000000000e+00
0.000000000000000000e+00
0.000000000000000000e+00
0.000000000000000000e+00
0.000000000000000000e+00
0.000000000000000000e+00
0.000000000000000000e+00
0.000000000000000000e+00
0.000000000000000000e+00
0.000000000000000000e+00
0.000000000000000000e+00
0.000000000000000000e+00
0.000000000000000000e+00
0.000000000000000000e+00
0.000000000000000000e+00
0.000000000000000000e+00
0.000000000000000000e+00
0.000000000000000000e+00
0.000000000000000000e+00
0.000000000000000000e+00
0.000000000000000000e+00
0.000000000000000000e+00
0.000000000000000000e+00
0.000000000000000000e+00
0.000000000000000000e+00
0.000000000000000000e+00
0.000000000000000000e+00
0.000000000000000000e+00
0.000000000000000000e+00
0.000000000000000000e+00
0.000000000000000000e+00
0.000000000000000000e+00
0.000000000000000000e+00
0.000000000000000000e+00
0.000000000000000000e+00
0.000000000000000000e+00
0.000000000000000000e+00
0.000000000000000000e+00
0.000000000000000000e+00
0.000000000000000000e+00
0.000000000000000000e+00
0.000000000000000000e+00
0.000000000000000000e+00
0.000000000000000000e+00
0.000000000000000000e+00
0.000000000000000000e+00
0.000000000000000000e+00
0.000000000000000000e+00
0.000000000000000000e+00
0.000000000000000000e+00
0.000000000000000000e+00
0.000000000000000000e+00
0.000000000000000000e+00
0.000000000000000000e+00
0.000000000000000000e+00
0.000000000000000000e+00
0.000000000000000000e+00
0.000000000000000000e+00
0.000000000000000000e+00
0.000000000000000000e+00
0.000000000000000000e+00
0.000000000000000000e+00
0.000000000000000000e+00
0.000000000000000000e+00
0.000000000000000000e+00
0.000000000000000000e+00
0.000000000000000000e+00
0.000000000000000000e+00
0.000000000000000000e+00
0.000000000000000000e+00
0.000000000000000000e+00
0.000000000000000000e+00
0.000000000000000000e+00
0.000000000000000000e+00
0.000000000000000000e+00
0.000000000000000000e+00
0.000000000000000000e+00
0.000000000000000000e+00
0.000000000000000000e+00
0.000000000000000000e+00
0.000000000000000000e+00
0.000000000000000000e+00
0.000000000000000000e+00
0.000000000000000000e+00
0.000000000000000000e+00
0.000000000000000000e+00
0.000000000000000000e+00
0.000000000000000000e+00
0.000000000000000000e+00
0.000000000000000000e+00
0.000000000000000000e+00
0.000000000000000000e+00
0.000000000000000000e+00
0.000000000000000000e+00
0.000000000000000000e+00
0.000000000000000000e+00
0.000000000000000000e+00
0.000000000000000000e+00
0.000000000000000000e+00
0.000000000000000000e+00
0.000000000000000000e+00
0.000000000000000000e+00
0.000000000000000000e+00
0.000000000000000000e+00
0.000000000000000000e+00
0.000000000000000000e+00
0.000000000000000000e+00
0.000000000000000000e+00
0.000000000000000000e+00
0.000000000000000000e+00
0.000000000000000000e+00
0.000000000000000000e+00
0.000000000000000000e+00
0.000000000000000000e+00
0.000000000000000000e+00
0.000000000000000000e+00
0.000000000000000000e+00
0.000000000000000000e+00
0.000000000000000000e+00
0.000000000000000000e+00
0.000000000000000000e+00
0.000000000000000000e+00
0.000000000000000000e+00
0.000000000000000000e+00
0.000000000000000000e+00
0.000000000000000000e+00
0.000000000000000000e+00
0.000000000000000000e+00
0.000000000000000000e+00
0.000000000000000000e+00
0.000000000000000000e+00
0.000000000000000000e+00
0.000000000000000000e+00
0.000000000000000000e+00
0.000000000000000000e+00
0.000000000000000000e+00
0.000000000000000000e+00
0.000000000000000000e+00
0.000000000000000000e+00
0.000000000000000000e+00
0.000000000000000000e+00
0.000000000000000000e+00
0.000000000000000000e+00
0.000000000000000000e+00
0.000000000000000000e+00
0.000000000000000000e+00
0.000000000000000000e+00
0.000000000000000000e+00
0.000000000000000000e+00
0.000000000000000000e+00
0.000000000000000000e+00
0.000000000000000000e+00
0.000000000000000000e+00
0.000000000000000000e+00
0.000000000000000000e+00
0.000000000000000000e+00
0.000000000000000000e+00
0.000000000000000000e+00
0.000000000000000000e+00
0.000000000000000000e+00
0.000000000000000000e+00
0.000000000000000000e+00
0.000000000000000000e+00
0.000000000000000000e+00
0.000000000000000000e+00
0.000000000000000000e+00
0.000000000000000000e+00
0.000000000000000000e+00
0.000000000000000000e+00
0.000000000000000000e+00
0.000000000000000000e+00
0.000000000000000000e+00
0.000000000000000000e+00
0.000000000000000000e+00
0.000000000000000000e+00
0.000000000000000000e+00
0.000000000000000000e+00
0.000000000000000000e+00
0.000000000000000000e+00
0.000000000000000000e+00
0.000000000000000000e+00
0.000000000000000000e+00
0.000000000000000000e+00
0.000000000000000000e+00
0.000000000000000000e+00
0.000000000000000000e+00
0.000000000000000000e+00
0.000000000000000000e+00
0.000000000000000000e+00
0.000000000000000000e+00
0.000000000000000000e+00
0.000000000000000000e+00
0.000000000000000000e+00
0.000000000000000000e+00
0.000000000000000000e+00
0.000000000000000000e+00
0.000000000000000000e+00
0.000000000000000000e+00
0.000000000000000000e+00
0.000000000000000000e+00
0.000000000000000000e+00
0.000000000000000000e+00
0.000000000000000000e+00
0.000000000000000000e+00
0.000000000000000000e+00
0.000000000000000000e+00
0.000000000000000000e+00
0.000000000000000000e+00
0.000000000000000000e+00
0.000000000000000000e+00
0.000000000000000000e+00
0.000000000000000000e+00
0.000000000000000000e+00
0.000000000000000000e+00
0.000000000000000000e+00
0.000000000000000000e+00
0.000000000000000000e+00
0.000000000000000000e+00
0.000000000000000000e+00
0.000000000000000000e+00
0.000000000000000000e+00
0.000000000000000000e+00
0.000000000000000000e+00
0.000000000000000000e+00
0.000000000000000000e+00
0.000000000000000000e+00
0.000000000000000000e+00
0.000000000000000000e+00
0.000000000000000000e+00
0.000000000000000000e+00
0.000000000000000000e+00
0.000000000000000000e+00
0.000000000000000000e+00
0.000000000000000000e+00
0.000000000000000000e+00
0.000000000000000000e+00
0.000000000000000000e+00
0.000000000000000000e+00
0.000000000000000000e+00
0.000000000000000000e+00
0.000000000000000000e+00
0.000000000000000000e+00
0.000000000000000000e+00
0.000000000000000000e+00
0.000000000000000000e+00
0.000000000000000000e+00
0.000000000000000000e+00
0.000000000000000000e+00
0.000000000000000000e+00
0.000000000000000000e+00
0.000000000000000000e+00
0.000000000000000000e+00
0.000000000000000000e+00
0.000000000000000000e+00
0.000000000000000000e+00
0.000000000000000000e+00
0.000000000000000000e+00
0.000000000000000000e+00
0.000000000000000000e+00
0.000000000000000000e+00
0.000000000000000000e+00
0.000000000000000000e+00
0.000000000000000000e+00
0.000000000000000000e+00
0.000000000000000000e+00
0.000000000000000000e+00
0.000000000000000000e+00
0.000000000000000000e+00
0.000000000000000000e+00
0.000000000000000000e+00
0.000000000000000000e+00
0.000000000000000000e+00
0.000000000000000000e+00
0.000000000000000000e+00
0.000000000000000000e+00
0.000000000000000000e+00
0.000000000000000000e+00
0.000000000000000000e+00
0.000000000000000000e+00
0.000000000000000000e+00
0.000000000000000000e+00
0.000000000000000000e+00
0.000000000000000000e+00
0.000000000000000000e+00
0.000000000000000000e+00
0.000000000000000000e+00
0.000000000000000000e+00
0.000000000000000000e+00
0.000000000000000000e+00
0.000000000000000000e+00
0.000000000000000000e+00
0.000000000000000000e+00
0.000000000000000000e+00
0.000000000000000000e+00
0.000000000000000000e+00
0.000000000000000000e+00
nan
