# bin_12_5
-6.942478171514201709e-08
-6.130017304556752976e-10
-2.152847902674950869e-08
1.452644830337177956e-08
-1.145937584057084754e-08
8.863402002507464473e-09
-2.297042038457201192e-09
3.231073049088551014e-09
1.619709688968128838e-09
-3.993903661580957010e-09
1.442380309570704587e-08
-2.111663053837551202e-08
2.871372583984725235e-08
2.473057885862380174e-08
2.105463634871658758e-08
3.801637590063995172e-09
-1.824307816077509047e-08
-2.582149705645131447e-08
-1.937994302513236473e-08
-9.201851056260858864e-09
1.064805945949333265e-09
9.490909740915274454e-09
1.800203591337626277e-08
2.631388079719075730e-08
3.154875263397113384e-08
3.224924245669478478e-08
3.045715440692824869e-08
2.871628415440869492e-08
2.703889775583972087e-08
2.543236218845876450e-08
2.390056585573371639e-08
1.819014711536649950e-08
7.567463446920728051e-09
-3.946292428741760160e-09
-1.363869259132308732e-08
-1.974633076342843251e-08
-2.119109561976448647e-08
-1.965464778377944466e-08
-1.754576118655322331e-08
-1.518896270778534542e-08
-1.282188572562421132e-08
-1.061547870013801656e-08
-8.689594649244604819e-09
-7.125042304371424901e-09
-5.711739554679947018e-09
-4.286311242939572009e-09
-2.951195825828624267e-09
-1.781221768033558629e-09
-8.294914358875159720e-10
-1.320630001889870731e-10
2.883205582108817532e-10
4.192597130565789898e-10
3.971205453710493563e-10
3.652767970319598648e-10
3.274835058179068228e-10
2.867584445850565823e-10
2.455094865734120837e-10
2.056401797494275803e-10
1.686373705787250693e-10
1.356440101988242963e-10
1.075197054222592609e-10
8.070847208096296015e-11
5.239972798800213879e-11
2.413468399613568460e-11
-2.842616993376156308e-12
-2.753846810127558723e-11
-4.916982615187895502e-11
-6.713068029812538926e-11
-8.096352503018896133e-11
-9.033515200979283738e-11
-9.501610065430660739e-11
-9.486321188797467315e-11
-8.468512598768965050e-11
-6.197470768409234147e-11
-3.024105254861178952e-11
7.520126657163198990e-12
4.876011711015108412e-11
9.131935536515930499e-11
1.333769752714832888e-10
1.734067785993478395e-10
2.101387874426381899e-10
2.425256526691472256e-10
2.697132912786959779e-10
2.910152100299391895e-10
3.058900452294872602e-10
3.165817421920283680e-10
3.256842526161953814e-10
3.332762315271988722e-10
3.394338642894200456e-10
3.442307948548711454e-10
3.477380830991388802e-10
3.500241863688028411e-10
3.511549610806525765e-10
3.511936808260867268e-10
3.502010679590962927e-10
3.482353360960093287e-10
3.453522413405956978e-10
3.416051403785189689e-10
3.370450538683565738e-10
3.317207337992275907e-10
3.256787336932525934e-10
3.144175222234920936e-10
2.947660551151813954e-10
2.685993363125844317e-10
2.375883868840678291e-10
2.032197101345432250e-10
1.668129111461469658e-10
1.295366519379506544e-10
9.242310473201890917e-11
5.638104915057373687e-11
2.220774431120163149e-11
-9.400306472048743513e-12
-3.783759251682425101e-11
-6.258073885119797433e-11
-8.318046973479469362e-11
-9.925431529323657025e-11
-1.104799915338790958e-10
-1.165893908228515675e-10
-1.173631260158571596e-10
-1.147360355016272696e-10
-1.108967839530323918e-10
-1.060274231211847384e-10
-1.002940017959651293e-10
-9.384784030752800422e-11
-8.682670291679754907e-11
-7.935587662158384564e-11
-7.154916415318367440e-11
-6.350979825683657713e-11
-5.533128373123409335e-11
-4.709817314115175687e-11
-3.888678160765340233e-11
-3.076584561715917044e-11
-2.279713036950489059e-11
-1.503598980191230175e-11
-7.531883076925947249e-12
-3.288510045583303065e-13
6.534044420740930254e-12
1.302231445181825024e-11
1.910566931379004766e-11
2.475767276677641779e-11
2.995542325188779929e-11
3.490008433782628816e-11
3.979713778459029378e-11
4.463362876171502419e-11
4.939785342191521363e-11
5.407926626425566653e-11
5.866839411001648809e-11
6.315675620733369264e-11
6.753679001780938140e-11
7.180178227238652521e-11
7.594580491511824937e-11
7.996365558232373643e-11
8.385080229114375304e-11
8.760333203594635897e-11
9.121790301355040166e-11
9.469170021894735126e-11
9.802239417234133600e-11
1.012081025559336738e-10
1.042473545551604970e-10
1.071390577140812894e-10
1.098824671284822506e-10
1.124771568130656238e-10
1.149229930908944748e-10
1.172201098642251613e-10
1.193688856359413855e-10
1.213699221601530074e-10
1.233442645373983221e-10
1.253942462048741826e-10
1.274940790373876329e-10
1.296199038948886960e-10
1.317496711951370583e-10
1.338630287264461765e-10
1.359412162479820287e-10
1.399244119127046644e-10
1.417989975928020623e-10
1.435773986615284866e-10
1.452474432018185177e-10
1.467980395638339242e-10
1.482191080620801976e-10
1.495015167540946788e-10
1.506370210527125389e-10
1.524384375626917200e-10
1.530918030129596698e-10
1.535730730905109065e-10
1.538776528797531147e-10
1.540015409662749828e-10
1.539412901376527238e-10
1.536939704203856391e-10
1.526287840938687820e-10
1.518073410553365479e-10
1.507916165930649820e-10
1.495807849991712648e-10
1.465098474668998629e-10
1.445491033959373804e-10
1.423268251157999451e-10
1.398757207001380496e-10
1.372266077192414656e-10
1.314487435821933678e-10
1.283730130185224797e-10
1.252054834349050542e-10
1.186844779267956637e-10
1.153723387647674349e-10
1.120512111925770021e-10
1.087386774782680588e-10
1.022041644894174034e-10
9.901196264157083208e-11
9.588801575195551754e-11
8.989408043162561173e-11
8.704657542028220349e-11
8.431237897607153985e-11
7.922049325016462599e-11
7.687938623889379801e-11
7.264354357503622965e-11
7.076172355676672954e-11
6.904500650167845897e-11
6.612695724160157224e-11
6.493449381286421442e-11
6.310161367728155381e-11
6.246756493815584322e-11
6.327469897461785628e-11
6.497135810017688907e-11
6.742845649720267312e-11
7.434075913028568076e-11
7.866284395347943017e-11
8.873003563497519450e-11
9.436061747741323443e-11
1.065504514329358555e-10
1.130114882333237389e-10
1.264386906087344766e-10
1.333209445676172432e-10
1.472291369733258078e-10
1.610941820741114603e-10
1.679295221510868692e-10
1.812591002639312066e-10
1.876995200126198708e-10
2.000084330407953163e-10
2.114069868445470128e-10
2.167143839263449605e-10
2.264551310211238401e-10
2.308557807487706227e-10
2.386438248590844000e-10
2.449939465278184578e-10
2.476006282760085900e-10
2.516263674974495837e-10
2.540099298105066561e-10
2.545666190306868750e-10
2.551152867987335866e-10
2.554056050506449240e-10
2.554528059656320010e-10
2.553897732213803389e-10
2.550990870774113611e-10
2.545998951291874420e-10
2.539047687083255470e-10
2.534874750411048711e-10
2.525205678503133858e-10
2.513863134352596287e-10
2.500951024356870639e-10
2.486567772198212749e-10
2.478853799515626864e-10
2.462437112095256740e-10
2.444773262754793065e-10
2.425943715244741862e-10
2.406025658909010516e-10
2.385092236285546526e-10
2.363212757787145597e-10
2.340452904253987658e-10
2.316874918117090871e-10
2.292537783863138768e-10
2.267497398445966711e-10
2.241806732247960661e-10
2.215515981155514238e-10
2.188672710276385576e-10
2.152516966984158912e-10
2.099872148760596691e-10
2.033033109143363649e-10
1.954135163740309243e-10
1.865163882242391013e-10
1.767964280695650161e-10
1.664249452207629092e-10
1.555608671700059012e-10
1.443515007938329661e-10
1.329332473856224448e-10
1.214322744137675768e-10
1.099651467106186620e-10
9.306086670040446465e-11
8.213056214770030360e-11
7.157470656064239842e-11
6.147349750284654973e-11
5.190038127299670847e-11
3.867606763898747861e-11
3.070394813890052945e-11
2.346969038471625467e-11
1.702123531744763220e-11
8.915264358133947881e-12
4.610824891775028471e-12
1.224751498688729568e-12
-2.070028025462891045e-12
-3.041059286124854602e-12
2.937572427139830375e-12
8.970069432562338118e-11
1.993965302061267181e-10
4.319195645915726133e-10
6.269371566413890179e-10
8.499732425159205715e-10
1.230122675426108974e-09
1.509624479313099195e-09
1.961094516732913035e-09
2.279828235937276357e-09
2.778642520462340494e-09
3.121799431825570094e-09
3.647389197501522786e-09
4.180430543856608976e-09
4.537073540031228529e-09
5.070042734023083859e-09
5.421921811746281077e-09
5.941275526516972938e-09
6.446853687351215086e-09
6.774412367033356013e-09
7.249010716254042156e-09
7.700812684616373352e-09
7.987981392541271872e-09
8.395844336729315171e-09
8.774264155376700796e-09
9.121263517478011057e-09
9.334276658374479833e-09
9.659409842277780735e-09
1.001341512719257667e-08
1.038934126968900459e-08
1.078079416576406942e-08
1.104746730310593217e-08
1.145198333442305688e-08
1.185741902014902068e-08
1.225911793387377432e-08
1.265282451238213890e-08
1.303465662062966972e-08
1.340107993505932501e-08
1.374888402160752327e-08
1.407515999356179523e-08
1.437727964257871184e-08
1.465287594370955771e-08
1.489982484225621535e-08
1.511622823673723947e-08
1.530039807822760791e-08
1.549326290977049652e-08
1.559672706837360425e-08
1.566366427530397790e-08
1.569313703287032216e-08
1.568434910245774266e-08
1.563663514734769995e-08
1.551154082373781320e-08
1.537107613074545491e-08
1.519098424260372413e-08
1.489619327161555065e-08
1.463927787370139766e-08
1.435572766629872180e-08
1.394210119327324074e-08
1.360931670160410968e-08
1.326046833604371162e-08
1.277506795798388894e-08
1.239910773147974321e-08
1.188640966129700456e-08
1.149613126395524383e-08
1.097188581988870309e-08
1.057818161745558762e-08
1.005576797928800760e-08
9.667867484433372489e-09
9.158591459734882616e-09
8.661191524477993634e-09
8.297625683069526017e-09
7.827557722123031816e-09
7.376380938171804462e-09
7.051649131443614833e-09
6.638373918985829615e-09
6.249145121242936322e-09
5.885449120000406133e-09
5.548589915760626798e-09
5.314246270191637127e-09
5.026324682216278490e-09
4.752461063241422739e-09
4.486656777954569310e-09
4.228809001715491208e-09
3.978810853158299342e-09
3.736551923303051049e-09
3.501918762325467020e-09
3.274795327123499255e-09
3.055063392585252502e-09
2.842602929247482477e-09
2.637292449832755717e-09
2.439009326970398430e-09
2.200849475876473694e-09
2.017925580331184130e-09
1.841625981246488659e-09
1.671826166405618071e-09
1.468527263702207190e-09
1.312897697440233115e-09
1.163365079584605705e-09
9.848361615714185212e-10
8.485739681799147945e-10
7.180127511876899457e-10
5.626458341686893489e-10
4.444755488466526396e-10
3.042245956247060374e-10
1.978524087599998607e-10
7.198571157646431520e-11
-2.274317932809455017e-11
-1.335079738022074603e-10
-2.364429353864672165e-10
-3.136040642601633486e-10
-4.040992903799715371e-10
-4.885250140892277103e-10
-5.520663928335856508e-10
-6.269277762200649743e-10
-6.971672178880411216e-10
-7.632361879297289801e-10
-8.255551365942288455e-10
-8.845154580504545159e-10
-9.404813286744436609e-10
-9.833264283678336585e-10
-1.034739658413580517e-09
-1.084047569151017311e-09
-1.140824589670485749e-09
-1.186442787418302834e-09
-1.230769142835513903e-09
-1.274019857123379443e-09
-1.316394993465180084e-09
-1.358079500218209392e-09
-1.407428810943607774e-09
-1.448176520265811661e-09
-1.488734662959201587e-09
-1.529234512122414274e-09
-1.578448272772213736e-09
-1.622103350078924865e-09
-1.677323618186969352e-09
-1.725039402499559368e-09
-1.783557499127508936e-09
-1.832808728041101821e-09
-1.891832994599140287e-09
-1.940479590702021503e-09
-1.997650487676311866e-09
-2.052952957270667091e-09
-2.097224407492862218e-09
-2.147752044799058455e-09
-2.195028982606309236e-09
-2.238656948742011793e-09
-2.278279042192182457e-09
-2.313576729963246193e-09
-2.344267049054858988e-09
-2.370099999330237146e-09
-2.390856114096880397e-09
-2.406344196158969331e-09
-2.416399207979411638e-09
-2.420880305399959231e-09
-2.419669005117850689e-09
-2.412667476811092641e-09
-2.399796951446796572e-09
-2.377282855434612982e-09
-2.351347658198254702e-09
-2.312381416443952562e-09
-2.247920525416683125e-09
-2.178670967449674645e-09
-2.084158934270441050e-09
-1.993359033259567502e-09
-1.878248820843658793e-09
-1.773409536532296950e-09
-1.645818470951221327e-09
-1.514452359171946345e-09
-1.381157269498552415e-09
-1.266655631717941657e-09
-1.134158466916181081e-09
-1.004193871307016605e-09
-8.780696751510739388e-10
-7.569765984204105852e-10
-6.419963118558860572e-10
-5.341089651388651892e-10
-4.342002181999055855e-10
-3.430678091401211964e-10
-2.614276898829774598e-10
-1.899197584922861543e-10
-1.213302910234262487e-10
-7.336683023680408306e-11
-3.710924407342772256e-11
-1.048832767220768773e-11
-5.213866141935590305e-13
0.000000000000000000e+00
0.000000000000000000e+00
0.000000000000000000e+00
0.000000000000000000e+00
0.000000000000000000e+00
0.000000000000000000e+00
0.000000000000000000e+00
0.000000000000000000e+00
0.000000000000000000e+00
0.000000000000000000e+00
0.000000000000000000e+00
0.000000000000000000e+00
0.000000000000000000e+00
0.000000000000000000e+00
0.000000000000000000e+00
0.000000000000000000e+00
0.000000000000000000e+00
0.000000000000000000e+00
0.000000000000000000e+00
0.000000000000000000e+00
0.000000000000000000e+00
0.000000000000000000e+00
0.000000000000000000e+00
0.000000000000000000e+00
0.000000000000000000e+00
0.000000000000000000e+00
0.000000000000000000e+00
0.000000000000000000e+00
0.000000000000000000e+00
0.000000000000000000e+00
0.000000000000000000e+00
0.000000000000000000e+00
0.000000000000000000e+00
0.000000000000000000e+00
0.000000000000000000e+00
0.000000000000000000e+00
0.000000000000000000e+00
0.000000000000000000e+00
0.000000000000000000e+00
0.000000000000000000e+00
0.000000000000000000e+00
0.000000000000000000e+00
0.000000000000000000e+00
0.000000000000000000e+00
0.000000000000000000e+00
0.000000000000000000e+00
0.000000000000000000e+00
0.000000000000000000e+00
0.000000000000000000e+00
0.000000000000000000e+00
0.000000000000000000e+00
0.000000000000000000e+00
0.000000000000000000e+00
0.000000000000000000e+00
0.000000000000000000e+00
0.000000000000000000e+00
0.000000000000000000e+00
0.000000000000000000e+00
0.000000000000000000e+00
0.000000000000000000e+00
0.000000000000000000e+00
0.000000000000000000e+00
0.000000000000000000e+00
0.000000000000000000e+00
0.000000000000000000e+00
0.000000000000000000e+00
0.000000000000000000e+00
0.000000000000000000e+00
0.000000000000000000e+00
0.000000000000000000e+00
0.000000000000000000e+00
0.000000000000000000e+00
0.000000000000000000e+00
0.000000000000000000e+00
0.000000000000000000e+00
0.000000000000000000e+00
0.000000000000000000e+00
0.000000000000000000e+00
0.000000000000000000e+00
0.000000000000000000e+00
0.000000000000000000e+00
0.000000000000000000e+00
0.000000000000000000e+00
0.000000000000000000e+00
0.000000000000000000e+00
0.000000000000000000e+00
0.000000000000000000e+00
0.000000000000000000e+00
0.000000000000000000e+00
0.000000000000000000e+00
0.000000000000000000e+00
0.000000000000000000e+00
0.000000000000000000e+00
0.000000000000000000e+00
0.000000000000000000e+00
0.000000000000000000e+00
0.000000000000000000e+00
0.000000000000000000e+00
0.000000000000000000e+00
0.000000000000000000e+00
0.000000000000000000e+00
0.000000000000000000e+00
0.000000000000000000e+00
0.000000000000000000e+00
0.000000000000000000e+00
0.000000000000000000e+00
0.000000000000000000e+00
0.000000000000000000e+00
0.000000000000000000e+00
0.000000000000000000e+00
0.000000000000000000e+00
0.000000000000000000e+00
0.000000000000000000e+00
0.000000000000000000e+00
0.000000000000000000e+00
0.000000000000000000e+00
0.000000000000000000e+00
0.000000000000000000e+00
0.000000000000000000e+00
0.000000000000000000e+00
0.000000000000000000e+00
0.000000000000000000e+00
0.000000000000000000e+00
0.000000000000000000e+00
0.000000000000000000e+00
0.000000000000000000e+00
0.000000000000000000e+00
0.000000000000000000e+00
0.000000000000000000e+00
0.000000000000000000e+00
0.000000000000000000e+00
0.000000000000000000e+00
0.000000000000000000e+00
0.000000000000000000e+00
0.000000000000000000e+00
0.000000000000000000e+00
0.000000000000000000e+00
0.000000000000000000e+00
0.000000000000000000e+00
0.000000000000000000e+00
0.000000000000000000e+00
0.000000000000000000e+00
0.000000000000000000e+00
0.000000000000000000e+00
0.000000000000000000e+00
0.000000000000000000e+00
0.000000000000000000e+00
0.000000000000000000e+00
0.000000000000000000e+00
0.000000000000000000e+00
0.000000000000000000e+00
0.000000000000000000e+00
0.000000000000000000e+00
0.000000000000000000e+00
0.000000000000000000e+00
0.000000000000000000e+00
0.000000000000000000e+00
0.000000000000000000e+00
0.000000000000000000e+00
0.000000000000000000e+00
0.000000000000000000e+00
0.000000000000000000e+00
0.000000000000000000e+00
0.000000000000000000e+00
0.000000000000000000e+00
0.000000000000000000e+00
0.000000000000000000e+00
0.000000000000000000e+00
0.000000000000000000e+00
0.000000000000000000e+00
0.000000000000000000e+00
0.000000000000000000e+00
0.000000000000000000e+00
0.000000000000000000e+00
0.000000000000000000e+00
0.000000000000000000e+00
0.000000000000000000e+00
0.000000000000000000e+00
0.000000000000000000e+00
0.000000000000000000e+00
0.000000000000000000e+00
0.000000000000000000e+00
0.000000000000000000e+00
0.000000000000000000e+00
0.000000000000000000e+00
0.000000000000000000e+00
0.000000000000000000e+00
0.000000000000000000e+00
0.000000000000000000e+00
0.000000000000000000e+00
0.000000000000000000e+00
0.000000000000000000e+00
0.000000000000000000e+00
0.000000000000000000e+00
0.000000000000000000e+00
0.000000000000000000e+00
0.000000000000000000e+00
0.000000000000000000e+00
0.000000000000000000e+00
0.000000000000000000e+00
0.000000000000000000e+00
0.000000000000000000e+00
0.000000000000000000e+00
0.000000000000000000e+00
0.000000000000000000e+00
0.000000000000000000e+00
0.000000000000000000e+00
0.000000000000000000e+00
0.000000000000000000e+00
0.000000000000000000e+00
0.000000000000000000e+00
0.000000000000000000e+00
0.000000000000000000e+00
0.000000000000000000e+00
0.000000000000000000e+00
0.000000000000000000e+00
0.000000000000000000e+00
0.000000000000000000e+00
0.000000000000000000e+00
0.000000000000000000e+00
0.000000000000000000e+00
0.000000000000000000e+00
0.000000000000000000e+00
0.000000000000000000e+00
0.000000000000000000e+00
0.000000000000000000e+00
0.000000000000000000e+00
0.000000000000000000e+00
0.000000000000000000e+00
0.000000000000000000e+00
0.000000000000000000e+00
0.000000000000000000e+00
0.000000000000000000e+00
0.000000000000000000e+00
0.000000000000000000e+00
0.000000000000000000e+00
0.000000000000000000e+00
0.000000000000000000e+00
0.000000000000000000e+00
0.000000000000000000e+00
0.000000000000000000e+00
0.000000000000000000e+00
0.000000000000000000e+00
0.000000000000000000e+00
0.000000000000000000e+00
0.000000000000000000e+00
0.000000000000000000e+00
0.000000000000000000e+00
0.000000000000000000e+00
0.000000000000000000e+00
0.000000000000000000e+00
0.000000000000000000e+00
0.000000000000000000e+00
0.000000000000000000e+00
0.000000000000000000e+00
0.000000000000000000e+00
0.000000000000000000e+00
0.000000000000000000e+00
0.000000000000000000e+00
0.000000000000000000e+00
0.000000000000000000e+00
0.000000000000000000e+00
0.000000000000000000e+00
0.000000000000000000e+00
0.000000000000000000e+00
0.000000000000000000e+00
0.000000000000000000e+00
0.000000000000000000e+00
0.000000000000000000e+00
0.000000000000000000e+00
0.000000000000000000e+00
0.000000000000000000e+00
0.000000000000000000e+00
0.000000000000000000e+00
0.000000000000000000e+00
0.000000000000000000e+00
0.000000000000000000e+00
0.000000000000000000e+00
0.000000000000000000e+00
0.000000000000000000e+00
0.000000000000000000e+00
0.000000000000000000e+00
0.000000000000000000e+00
0.000000000000000000e+00
0.000000000000000000e+00
0.000000000000000000e+00
0.000000000000000000e+00
0.000000000000000000e+00
0.000000000000000000e+00
0.000000000000000000e+00
0.000000000000000000e+00
0.000000000000000000e+00
0.000000000000000000e+00
0.000000000000000000e+00
0.000000000000000000e+00
0.000000000000000000e+00
0.000000000000000000e+00
0.000000000000000000e+00
0.000000000000000000e+00
0.000000000000000000e+00
0.000000000000000000e+00
0.000000000000000000e+00
0.000000000000000000e+00
0.000000000000000000e+00
0.000000000000000000e+00
0.000000000000000000e+00
0.000000000000000000e+00
0.000000000000000000e+00
0.000000000000000000e+00
0.000000000000000000e+00
0.000000000000000000e+00
0.000000000000000000e+00
0.000000000000000000e+00
0.000000000000000000e+00
0.000000000000000000e+00
0.000000000000000000e+00
0.000000000000000000e+00
0.000000000000000000e+00
0.000000000000000000e+00
0.000000000000000000e+00
0.000000000000000000e+00
0.000000000000000000e+00
0.000000000000000000e+00
0.000000000000000000e+00
0.000000000000000000e+00
0.000000000000000000e+00
0.000000000000000000e+00
0.000000000000000000e+00
0.000000000000000000e+00
0.000000000000000000e+00
0.000000000000000000e+00
0.000000000000000000e+00
0.000000000000000000e+00
0.000000000000000000e+00
0.000000000000000000e+00
0.000000000000000000e+00
0.000000000000000000e+00
0.000000000000000000e+00
0.000000000000000000e+00
0.000000000000000000e+00
0.000000000000000000e+00
0.000000000000000000e+00
0.000000000000000000e+00
0.000000000000000000e+00
0.000000000000000000e+00
0.000000000000000000e+00
0.000000000000000000e+00
0.000000000000000000e+00
0.000000000000000000e+00
0.000000000000000000e+00
0.000000000000000000e+00
0.000000000000000000e+00
0.000000000000000000e+00
0.000000000000000000e+00
0.000000000000000000e+00
0.000000000000000000e+00
0.000000000000000000e+00
0.000000000000000000e+00
0.000000000000000000e+00
0.000000000000000000e+00
0.000000000000000000e+00
0.000000000000000000e+00
0.000000000000000000e+00
0.000000000000000000e+00
0.000000000000000000e+00
0.000000000000000000e+00
0.000000000000000000e+00
0.000000000000000000e+00
0.000000000000000000e+00
0.000000000000000000e+00
0.000000000000000000e+00
0.000000000000000000e+00
0.000000000000000000e+00
0.000000000000000000e+00
0.000000000000000000e+00
0.000000000000000000e+00
0.000000000000000000e+00
0.000000000000000000e+00
0.000000000000000000e+00
0.000000000000000000e+00
0.000000000000000000e+00
0.000000000000000000e+00
0.000000000000000000e+00
0.000000000000000000e+00
0.000000000000000000e+00
0.000000000000000000e+00
0.000000000000000000e+00
0.000000000000000000e+00
0.000000000000000000e+00
0.000000000000000000e+00
0.000000000000000000e+00
0.000000000000000000e+00
0.000000000000000000e+00
0.000000000000000000e+00
0.000000000000000000e+00
0.000000000000000000e+00
0.000000000000000000e+00
0.000000000000000000e+00
0.000000000000000000e+00
0.000000000000000000e+00
0.000000000000000000e+00
0.000000000000000000e+00
0.000000000000000000e+00
0.000000000000000000e+00
0.000000000000000000e+00
0.000000000000000000e+00
0.000000000000000000e+00
0.000000000000000000e+00
0.000000000000000000e+00
0.000000000000000000e+00
0.000000000000000000e+00
0.000000000000000000e+00
0.000000000000000000e+00
0.000000000000000000e+00
0.000000000000000000e+00
0.000000000000000000e+00
0.000000000000000000e+00
0.000000000000000000e+00
0.000000000000000000e+00
0.000000000000000000e+00
0.000000000000000000e+00
0.000000000000000000e+00
0.000000000000000000e+00
0.000000000000000000e+00
0.000000000000000000e+00
0.000000000000000000e+00
0.000000000000000000e+00
0.000000000000000000e+00
0.000000000000000000e+00
0.000000000000000000e+00
0.000000000000000000e+00
0.000000000000000000e+00
0.000000000000000000e+00
0.000000000000000000e+00
0.000000000000000000e+00
0.000000000000000000e+00
0.000000000000000000e+00
0.000000000000000000e+00
0.000000000000000000e+00
0.000000000000000000e+00
0.000000000000000000e+00
0.000000000000000000e+00
0.000000000000000000e+00
0.000000000000000000e+00
0.000000000000000000e+00
0.000000000000000000e+00
0.000000000000000000e+00
0.000000000000000000e+00
0.000000000000000000e+00
0.000000000000000000e+00
0.000000000000000000e+00
0.000000000000000000e+00
0.000000000000000000e+00
0.000000000000000000e+00
0.000000000000000000e+00
0.000000000000000000e+00
0.000000000000000000e+00
0.000000000000000000e+00
0.000000000000000000e+00
0.000000000000000000e+00
0.000000000000000000e+00
0.000000000000000000e+00
0.000000000000000000e+00
0.000000000000000000e+00
0.000000000000000000e+00
0.000000000000000000e+00
0.000000000000000000e+00
0.000000000000000000e+00
0.000000000000000000e+00
0.000000000000000000e+00
0.000000000000000000e+00
0.000000000000000000e+00
0.000000000000000000e+00
0.000000000000000000e+00
0.000000000000000000e+00
0.000000000000000000e+00
0.000000000000000000e+00
0.000000000000000000e+00
0.000000000000000000e+00
0.000000000000000000e+00
0.000000000000000000e+00
0.000000000000000000e+00
0.000000000000000000e+00
0.000000000000000000e+00
0.000000000000000000e+00
0.000000000000000000e+00
0.000000000000000000e+00
0.000000000000000000e+00
0.000000000000000000e+00
0.000000000000000000e+00
0.000000000000000000e+00
0.000000000000000000e+00
0.000000000000000000e+00
0.000000000000000000e+00
0.000000000000000000e+00
0.000000000000000000e+00
0.000000000000000000e+00
0.000000000000000000e+00
0.000000000000000000e+00
0.000000000000000000e+00
0.000000000000000000e+00
0.000000000000000000e+00
0.000000000000000000e+00
0.000000000000000000e+00
0.000000000000000000e+00
0.000000000000000000e+00
0.000000000000000000e+00
0.000000000000000000e+00
0.000000000000000000e+00
0.000000000000000000e+00
0.000000000000000000e+00
0.000000000000000000e+00
0.000000000000000000e+00
0.000000000000000000e+00
0.000000000000000000e+00
0.000000000000000000e+00
nan
