# bin_17_4
2.239367514650932765e-08
-3.112746804173537550e-09
1.345935659506269736e-08
1.031923560236127998e-08
9.306458403460475603e-10
2.621101110350026189e-08
-2.143373527864698618e-08
4.579976197061259232e-08
-3.434760383718450851e-08
6.876903947791555771e-08
-3.569240643219775066e-08
7.770144828705250356e-08
-2.790995858142650950e-08
-1.072689474248638538e-08
1.375087886113082194e-09
-5.226789599385862419e-09
-1.647369694263579728e-08
-2.509610896511726106e-08
-3.224717093931126963e-08
-3.868744385564584944e-08
-4.182008524267194555e-08
-4.058771801349163540e-08
-3.038829768255771008e-08
-1.349467059397726516e-08
3.200501862673683770e-09
1.572478745742676446e-08
2.507710508385905819e-08
3.334918982602879373e-08
4.001104414331156985e-08
4.480289887424695265e-08
4.764152283269065837e-08
4.831042590366010439e-08
4.748178798507584843e-08
4.618238144036096975e-08
4.511144270793501119e-08
4.473012537789154783e-08
4.532714708746323582e-08
5.970188121934003464e-08
9.102584454370448042e-08
1.279704544980189303e-07
1.623621190016916735e-07
1.884346884591926140e-07
2.022546721637149068e-07
2.012784965401028661e-07
1.829762893855389040e-07
1.518244870634273258e-07
1.150673536288993092e-07
7.822069245273188789e-08
4.542457145784226909e-08
1.972557297130893634e-08
3.302976935950685500e-09
-2.349778398756896052e-09
-2.067180206001625842e-09
-1.501608471035911323e-09
-7.864667278245108389e-10
-2.778645957135256414e-11
6.909474825177536547e-10
1.304806865667697459e-09
1.764117080146488438e-09
2.031720262379259312e-09
2.080705782965012531e-09
2.012353399668446398e-09
1.941925389915704580e-09
1.869947892851233720e-09
1.796876516771112173e-09
1.723105301561138600e-09
1.648974501226225083e-09
1.574777351268781113e-09
1.500765961132062815e-09
1.427156451281109795e-09
1.354133437090110723e-09
1.281853947000366915e-09
1.193217512178714751e-09
1.078309091946623834e-09
9.468016989100985552e-10
8.068857424793401298e-10
6.654644641393651347e-10
5.283239852203378163e-10
4.002813637373715242e-10
2.853135811186764174e-10
1.866699740600765620e-10
1.069702804205578425e-10
4.829017188505630479e-11
1.223589242091743965e-11
9.403927549693069402e-15
8.100122408827905663e-15
6.950077955106309158e-15
5.938675650898343448e-15
5.052204286825982995e-15
4.278225648169173841e-15
3.605453726641716143e-15
3.023646020344230168e-15
2.523505632270014955e-15
2.096593024742830815e-15
1.735246416284689566e-15
1.432509920964569313e-15
1.182068630263110106e-15
9.781899256273079496e-16
8.156703876769266394e-16
6.897877367540728752e-16
5.962573002991884579e-16
5.215833897310148673e-16
4.544900647193856135e-16
3.943644558076671019e-16
3.406411250275549054e-16
2.927982685963064873e-16
2.503542426685141896e-16
2.128643826941460856e-16
1.799180898135503551e-16
1.511361602980643904e-16
1.261683363547811310e-16
1.046910586863654138e-16
8.640540305693686884e-17
7.103518478664747342e-17
5.832521660081790931e-17
4.803970661242864971e-17
3.996078443554206130e-17
3.388714452591553479e-17
2.963279683635456914e-17
2.636700989257172295e-17
2.336498976416088688e-17
2.061116448397689433e-17
1.809087975530213294e-17
1.579034121750441898e-17
1.369656065422975031e-17
1.179730585137119887e-17
1.008105383561920640e-17
8.536947245920210202e-18
7.154753609839274735e-18
5.924827314798907181e-18
4.838074080619305051e-18
3.885917754844397578e-18
3.060269266134668960e-18
2.353497583654335133e-18
1.758402541980759325e-18
1.268189401707233679e-18
8.764450256881601020e-19
5.771155598565210452e-19
3.644855158009620443e-19
2.331581598871359397e-19
1.780371206979103792e-19
1.600420658523500404e-19
1.433042112543996803e-19
1.277616985535822264e-19
1.133557092131534354e-19
1.000303044800848046e-19
8.773227453068420904e-20
7.641099621803718346e-20
6.601829888643434816e-20
5.650833775409310481e-20
4.783747439901061595e-20
3.996416391381146422e-20
3.284884832430764561e-20
2.645385589323415703e-20
2.074330595544956898e-20
1.568301895400427335e-20
1.124043136789868844e-20
7.384515242327902350e-21
4.085702050742225459e-21
1.315810635345993707e-21
-9.520210112800331495e-22
-2.743400345769701475e-21
-4.082741463144493448e-21
-4.993323070947231640e-21
-5.497343431567757405e-21
-5.615972444680215365e-21
-5.527188262916669311e-21
-5.399027280917755414e-21
-5.236728455384052239e-21
-5.045179082461633571e-21
-4.828935671815009239e-21
-4.592243583421603394e-21
-4.339055503337209251e-21
-3.797642035798415821e-21
-3.516010072121525612e-21
-3.231098866516385109e-21
-2.945638976329417973e-21
-2.662158444139717416e-21
-2.382994904841046832e-21
-2.110306988974570948e-21
-1.846085064367348455e-21
-1.350219477526462118e-21
-1.121803419698631490e-21
-9.083260105438266041e-22
-7.110768954536108066e-22
-5.312300552120683010e-22
-3.698508923624249852e-22
-2.279029106336362186e-22
-5.682427447815414412e-24
7.311767910740044916e-23
1.295309449989492860e-22
1.630158317212501409e-22
1.708614902406043859e-22
1.677310327952799305e-22
1.638093136441952869e-22
1.591913241581621850e-22
1.539665900468134782e-22
1.420293073924787859e-22
1.354709012470259724e-22
1.286145213740401826e-22
1.142681438310524948e-22
1.068984959102777116e-22
9.947196962025173276e-23
9.203981138697262239e-23
7.734750692374131965e-23
7.017426404978919505e-23
6.316950281578153579e-23
4.980923971831395256e-23
4.351952613317754606e-23
3.753012140606135805e-23
2.655953058557016943e-23
2.162704136053824417e-23
1.297563719016024364e-23
9.294794188533128460e-24
6.066605544506912860e-24
1.027650216541266353e-24
-7.567778516548147748e-25
-2.799109231862287848e-24
-3.037929469984498923e-24
-2.963148332818847061e-24
-2.910514149513050130e-24
-2.849036039830046988e-24
-2.703217448065605395e-24
-2.620599619905486853e-24
-2.439937426541257064e-24
-2.343370391205327174e-24
-2.141180800675167424e-24
-2.036820634823211524e-24
-1.824482907918626583e-24
-1.717579456824215111e-24
-1.504776174338085939e-24
-1.296300156745765333e-24
-1.194713601826754604e-24
-9.987005304933754795e-25
-9.049529303048524379e-25
-7.275241018783359361e-25
-5.653663281530775899e-25
-4.906431231368800230e-25
-3.550263168901112330e-25
-2.945354423392196359e-25
-1.890919987622339673e-25
-1.054209047603601235e-25
-7.210077553023806698e-26
-2.309610945999536234e-26
1.706746479498484821e-27
4.809975245894688861e-27
4.713349323259487419e-27
4.569415533777910948e-27
4.385930547005666557e-27
4.281606082810158151e-27
4.051966866859261472e-27
3.799499289732871542e-27
3.529937996187283338e-27
3.390405112571661633e-27
3.104899827495608351e-27
2.814582435567793057e-27
2.523630849343536590e-27
2.235848200867140512e-27
2.094237947760420166e-27
1.817586072570118729e-27
1.552144764799571881e-27
1.300606981922166700e-27
1.065398883267054074e-27
8.486993972751968510e-28
6.524584226436067844e-28
4.784137605382507177e-28
3.281068678363691918e-28
2.028975147078806547e-28
1.039774237089810577e-28
3.238296190274258301e-29
-1.099304770125333042e-29
-2.539033391801864962e-29
-2.497298159395419704e-29
-2.436814552084198633e-29
-2.360193123971025166e-29
-2.269862933258076296e-29
-2.168082682185952771e-29
-2.056951174668413332e-29
-1.938417135053758889e-29
-1.814288428527397581e-29
-1.686240720960920987e-29
-1.555825613496483366e-29
-1.424478284815388498e-29
-1.293524671865554978e-29
-1.100482294328161401e-29
-9.756568424153958356e-30
-8.550994350559122884e-30
-7.397222888773095602e-30
-6.303608173587986803e-30
-4.792493979914551174e-30
-3.881206003093808662e-30
-3.053934145365124552e-30
-2.316131039782655614e-30
-1.387795230163435776e-30
-8.940800106458139447e-31
-5.049100231246969010e-31
-1.242728797729411708e-31
-1.001299675375213018e-32
4.328146279524134919e-33
4.214447805115022887e-33
4.112562064105152427e-33
3.926960191843398129e-33
3.784810209432841885e-33
3.630489235713090424e-33
3.380627500268514920e-33
3.204556027470871084e-33
2.930565100341184535e-33
2.743660811486391535e-33
2.460641847980510631e-33
2.272173826494694888e-33
1.992916190730624010e-33
1.721203221415811409e-33
1.545987211417684043e-33
1.294406803385854170e-33
1.135433790828443763e-33
9.120458297404709807e-34
7.088451267474664512e-34
5.856480412734316042e-34
4.206670759441024403e-34
2.809634479325059337e-34
2.026138096974470317e-34
1.082451613457326718e-34
4.268239208485123863e-35
6.912801000470962593e-36
3.287855045462046662e-38
2.986057857882854374e-38
2.704074367797987414e-38
2.440978912901187795e-38
2.195889106493848908e-38
2.042081964218296635e-38
1.825151427771786477e-38
1.624068953673581058e-38
1.438093152214764137e-38
1.266516747607408541e-38
1.108664904656396332e-38
9.638936446451078301e-39
8.315883452520349371e-39
7.111623196418861166e-39
6.020554701800552557e-39
5.037330125032744284e-39
4.156842659444573819e-39
3.374215065570784479e-39
2.684788792146750586e-39
1.902870698012633018e-39
1.413949762395119698e-39
1.004152422787724952e-39
6.696550539602679038e-40
4.068033948334315204e-40
2.121047199451208998e-40
5.277307838108199815e-41
4.367623524393511204e-42
1.111621103298598761e-42
9.945681897368921029e-43
9.125738652761208180e-43
8.353276083483986870e-43
7.393929847687125236e-43
6.725036356878425327e-43
6.097610821695227979e-43
5.322703082810396430e-43
4.785722985497350392e-43
4.125822126585477262e-43
3.671088306864307301e-43
3.115757173067269737e-43
2.735795985285191147e-43
2.275518278816807858e-43
1.963513585709956168e-43
1.589607910731544078e-43
1.261454425272043737e-43
1.043882537810723519e-43
7.899625085959882796e-44
5.753373236703550893e-44
4.388703674517948762e-44
2.879506347265092106e-44
1.707221694129820840e-44
8.533544591260294373e-45
3.003306330584882752e-45
7.291330533657726879e-46
-1.423340216666085673e-47
-1.395939012464115561e-47
-1.357864652690464271e-47
-1.310682772936838712e-47
-1.255845945466281133e-47
-1.194700873781239161e-47
-1.128495130684635926e-47
-1.058383469924290240e-47
-9.854337394191439658e-48
-9.106324221284133240e-48
-8.348898288287790761e-48
-7.590449654006135766e-48
-6.652655585760396548e-48
-5.919194025995686814e-48
-5.207585372991037613e-48
-4.523665071856573076e-48
-3.715779617557223900e-48
-3.112940385948096003e-48
-2.553445334903551671e-48
-1.920952329934232753e-48
-1.472710824057437044e-48
-1.079182629972202665e-48
-6.684067161780928141e-49
-4.076591491386921411e-49
-1.700441891184813111e-49
-5.283767166360331940e-50
1.335415159097003293e-54
1.316713380982989850e-54
1.282745784474241620e-54
1.238674859456010862e-54
1.197259166311149485e-54
1.139083120071279730e-54
1.075118626521371023e-54
1.020668980606743247e-54
9.495374631803320213e-55
8.760505598329626227e-55
8.012513834295175460e-55
7.260970420177123925e-55
6.514644615871880940e-55
5.781558238590870175e-55
5.209566214605477418e-55
4.518332440827241464e-55
3.859242442076308331e-55
3.118635251748086325e-55
2.549287005239902656e-55
2.028235155838541698e-55
1.559519219334007574e-55
1.146755547965375283e-55
7.931668759582141474e-56
4.509695303699408725e-56
2.371443314067599507e-56
9.047217580803585391e-57
1.280404429572539254e-57
-5.884313306548415699e-61
-5.771612469731129967e-61
-5.590668907403527758e-61
-5.407278687190619338e-61
-5.154574109259455224e-61
-4.921510654903762688e-61
-4.620442259491228471e-61
-4.355777654769764961e-61
-4.026432280493496668e-61
-3.689075282314653891e-61
-3.405212859445790287e-61
-3.065035723900901927e-61
-2.729096883027049549e-61
-2.401022813694266115e-61
-2.084116393157952844e-61
-1.781379353229966076e-61
-1.495533234060097169e-61
-1.229038940153609412e-61
-9.841149939037691408e-62
-7.627545751264371454e-62
-5.667414288023089412e-62
-3.976647174221152725e-62
-2.569328889508332846e-62
-1.457866264485774582e-62
-6.531094077371346600e-63
-1.143421073553895582e-63
6.600701889667669211e-70
6.491315876636336903e-70
6.310361297788818202e-70
6.115963975666858845e-70
5.850649846627969912e-70
5.595756413028550006e-70
5.272619086242961568e-70
4.978314303344257693e-70
4.620140732222472153e-70
4.251369853430270496e-70
3.877183948924433783e-70
3.555755012529868870e-70
3.183809042297315992e-70
2.818972498948958350e-70
2.464916722893594565e-70
2.124984302600529644e-70
1.802211703595523048e-70
1.499350401540364451e-70
1.218886620518868627e-70
9.630597705022199495e-71
7.338796713474022230e-71
5.331426445572249632e-71
3.405983281289536103e-71
2.059553266376929114e-71
1.041730501338545251e-71
2.944282783705319360e-72
1.463636224762124303e-73
0.000000000000000000e+00
0.000000000000000000e+00
0.000000000000000000e+00
0.000000000000000000e+00
0.000000000000000000e+00
0.000000000000000000e+00
0.000000000000000000e+00
0.000000000000000000e+00
0.000000000000000000e+00
0.000000000000000000e+00
0.000000000000000000e+00
0.000000000000000000e+00
0.000000000000000000e+00
0.000000000000000000e+00
0.000000000000000000e+00
0.000000000000000000e+00
0.000000000000000000e+00
0.000000000000000000e+00
0.000000000000000000e+00
0.000000000000000000e+00
0.000000000000000000e+00
0.000000000000000000e+00
0.000000000000000000e+00
0.000000000000000000e+00
0.000000000000000000e+00
0.000000000000000000e+00
0.000000000000000000e+00
0.000000000000000000e+00
0.000000000000000000e+00
0.000000000000000000e+00
0.000000000000000000e+00
0.000000000000000000e+00
0.000000000000000000e+00
0.000000000000000000e+00
0.000000000000000000e+00
0.000000000000000000e+00
0.000000000000000000e+00
0.000000000000000000e+00
0.000000000000000000e+00
0.000000000000000000e+00
0.000000000000000000e+00
0.000000000000000000e+00
0.000000000000000000e+00
0.000000000000000000e+00
0.000000000000000000e+00
0.000000000000000000e+00
0.000000000000000000e+00
0.000000000000000000e+00
0.000000000000000000e+00
0.000000000000000000e+00
0.000000000000000000e+00
0.000000000000000000e+00
0.000000000000000000e+00
0.000000000000000000e+00
0.000000000000000000e+00
0.000000000000000000e+00
0.000000000000000000e+00
0.000000000000000000e+00
0.000000000000000000e+00
0.000000000000000000e+00
0.000000000000000000e+00
0.000000000000000000e+00
0.000000000000000000e+00
0.000000000000000000e+00
0.000000000000000000e+00
0.000000000000000000e+00
0.000000000000000000e+00
0.000000000000000000e+00
0.000000000000000000e+00
0.000000000000000000e+00
0.000000000000000000e+00
0.000000000000000000e+00
0.000000000000000000e+00
0.000000000000000000e+00
0.000000000000000000e+00
0.000000000000000000e+00
0.000000000000000000e+00
0.000000000000000000e+00
0.000000000000000000e+00
0.000000000000000000e+00
0.000000000000000000e+00
0.000000000000000000e+00
0.000000000000000000e+00
0.000000000000000000e+00
0.000000000000000000e+00
0.000000000000000000e+00
0.000000000000000000e+00
0.000000000000000000e+00
0.000000000000000000e+00
0.000000000000000000e+00
0.000000000000000000e+00
0.000000000000000000e+00
0.000000000000000000e+00
0.000000000000000000e+00
0.000000000000000000e+00
0.000000000000000000e+00
0.000000000000000000e+00
0.000000000000000000e+00
0.000000000000000000e+00
0.000000000000000000e+00
0.000000000000000000e+00
0.000000000000000000e+00
0.000000000000000000e+00
0.000000000000000000e+00
0.000000000000000000e+00
0.000000000000000000e+00
0.000000000000000000e+00
0.000000000000000000e+00
0.000000000000000000e+00
0.000000000000000000e+00
0.000000000000000000e+00
0.000000000000000000e+00
0.000000000000000000e+00
0.000000000000000000e+00
0.000000000000000000e+00
0.000000000000000000e+00
0.000000000000000000e+00
0.000000000000000000e+00
0.000000000000000000e+00
0.000000000000000000e+00
0.000000000000000000e+00
0.000000000000000000e+00
0.000000000000000000e+00
0.000000000000000000e+00
0.000000000000000000e+00
0.000000000000000000e+00
0.000000000000000000e+00
0.000000000000000000e+00
0.000000000000000000e+00
0.000000000000000000e+00
0.000000000000000000e+00
0.000000000000000000e+00
0.000000000000000000e+00
0.000000000000000000e+00
0.000000000000000000e+00
0.000000000000000000e+00
0.000000000000000000e+00
0.000000000000000000e+00
0.000000000000000000e+00
0.000000000000000000e+00
0.000000000000000000e+00
0.000000000000000000e+00
0.000000000000000000e+00
0.000000000000000000e+00
0.000000000000000000e+00
0.000000000000000000e+00
0.000000000000000000e+00
0.000000000000000000e+00
0.000000000000000000e+00
0.000000000000000000e+00
0.000000000000000000e+00
0.000000000000000000e+00
0.000000000000000000e+00
0.000000000000000000e+00
0.000000000000000000e+00
0.000000000000000000e+00
0.000000000000000000e+00
0.000000000000000000e+00
0.000000000000000000e+00
0.000000000000000000e+00
0.000000000000000000e+00
0.000000000000000000e+00
0.000000000000000000e+00
0.000000000000000000e+00
0.000000000000000000e+00
0.000000000000000000e+00
0.000000000000000000e+00
0.000000000000000000e+00
0.000000000000000000e+00
0.000000000000000000e+00
0.000000000000000000e+00
0.000000000000000000e+00
0.000000000000000000e+00
0.000000000000000000e+00
0.000000000000000000e+00
0.000000000000000000e+00
0.000000000000000000e+00
0.000000000000000000e+00
0.000000000000000000e+00
0.000000000000000000e+00
0.000000000000000000e+00
0.000000000000000000e+00
0.000000000000000000e+00
0.000000000000000000e+00
0.000000000000000000e+00
0.000000000000000000e+00
0.000000000000000000e+00
0.000000000000000000e+00
0.000000000000000000e+00
0.000000000000000000e+00
0.000000000000000000e+00
0.000000000000000000e+00
0.000000000000000000e+00
0.000000000000000000e+00
0.000000000000000000e+00
0.000000000000000000e+00
0.000000000000000000e+00
0.000000000000000000e+00
0.000000000000000000e+00
0.000000000000000000e+00
0.000000000000000000e+00
0.000000000000000000e+00
0.000000000000000000e+00
0.000000000000000000e+00
0.000000000000000000e+00
0.000000000000000000e+00
0.000000000000000000e+00
0.000000000000000000e+00
0.000000000000000000e+00
0.000000000000000000e+00
0.000000000000000000e+00
0.000000000000000000e+00
0.000000000000000000e+00
0.000000000000000000e+00
0.000000000000000000e+00
0.000000000000000000e+00
0.000000000000000000e+00
0.000000000000000000e+00
0.000000000000000000e+00
0.000000000000000000e+00
0.000000000000000000e+00
0.000000000000000000e+00
0.000000000000000000e+00
0.000000000000000000e+00
0.000000000000000000e+00
0.000000000000000000e+00
0.000000000000000000e+00
0.000000000000000000e+00
0.000000000000000000e+00
0.000000000000000000e+00
0.000000000000000000e+00
0.000000000000000000e+00
0.000000000000000000e+00
0.000000000000000000e+00
0.000000000000000000e+00
0.000000000000000000e+00
0.000000000000000000e+00
0.000000000000000000e+00
0.000000000000000000e+00
0.000000000000000000e+00
0.000000000000000000e+00
0.000000000000000000e+00
0.000000000000000000e+00
0.000000000000000000e+00
0.000000000000000000e+00
0.000000000000000000e+00
0.000000000000000000e+00
0.000000000000000000e+00
0.000000000000000000e+00
0.000000000000000000e+00
0.000000000000000000e+00
0.000000000000000000e+00
0.000000000000000000e+00
0.000000000000000000e+00
0.000000000000000000e+00
0.000000000000000000e+00
0.000000000000000000e+00
0.000000000000000000e+00
0.000000000000000000e+00
0.000000000000000000e+00
0.000000000000000000e+00
0.000000000000000000e+00
0.000000000000000000e+00
0.000000000000000000e+00
0.000000000000000000e+00
0.000000000000000000e+00
0.000000000000000000e+00
0.000000000000000000e+00
0.000000000000000000e+00
0.000000000000000000e+00
0.000000000000000000e+00
0.000000000000000000e+00
0.000000000000000000e+00
0.000000000000000000e+00
0.000000000000000000e+00
0.000000000000000000e+00
0.000000000000000000e+00
0.000000000000000000e+00
0.000000000000000000e+00
0.000000000000000000e+00
0.000000000000000000e+00
0.000000000000000000e+00
0.000000000000000000e+00
0.000000000000000000e+00
0.000000000000000000e+00
0.000000000000000000e+00
0.000000000000000000e+00
0.000000000000000000e+00
0.000000000000000000e+00
0.000000000000000000e+00
0.000000000000000000e+00
0.000000000000000000e+00
0.000000000000000000e+00
0.000000000000000000e+00
0.000000000000000000e+00
0.000000000000000000e+00
0.000000000000000000e+00
0.000000000000000000e+00
0.000000000000000000e+00
0.000000000000000000e+00
0.000000000000000000e+00
0.000000000000000000e+00
0.000000000000000000e+00
0.000000000000000000e+00
0.000000000000000000e+00
0.000000000000000000e+00
0.000000000000000000e+00
0.000000000000000000e+00
0.000000000000000000e+00
0.000000000000000000e+00
0.000000000000000000e+00
0.000000000000000000e+00
0.000000000000000000e+00
0.000000000000000000e+00
0.000000000000000000e+00
0.000000000000000000e+00
0.000000000000000000e+00
0.000000000000000000e+00
0.000000000000000000e+00
0.000000000000000000e+00
0.000000000000000000e+00
0.000000000000000000e+00
0.000000000000000000e+00
0.000000000000000000e+00
0.000000000000000000e+00
0.000000000000000000e+00
0.000000000000000000e+00
0.000000000000000000e+00
0.000000000000000000e+00
0.000000000000000000e+00
0.000000000000000000e+00
0.000000000000000000e+00
0.000000000000000000e+00
0.000000000000000000e+00
0.000000000000000000e+00
0.000000000000000000e+00
0.000000000000000000e+00
0.000000000000000000e+00
0.000000000000000000e+00
0.000000000000000000e+00
0.000000000000000000e+00
0.000000000000000000e+00
0.000000000000000000e+00
0.000000000000000000e+00
0.000000000000000000e+00
0.000000000000000000e+00
0.000000000000000000e+00
0.000000000000000000e+00
0.000000000000000000e+00
0.000000000000000000e+00
0.000000000000000000e+00
0.000000000000000000e+00
0.000000000000000000e+00
0.000000000000000000e+00
0.000000000000000000e+00
0.000000000000000000e+00
0.000000000000000000e+00
0.000000000000000000e+00
0.000000000000000000e+00
0.000000000000000000e+00
0.000000000000000000e+00
0.000000000000000000e+00
0.000000000000000000e+00
0.000000000000000000e+00
0.000000000000000000e+00
0.000000000000000000e+00
0.000000000000000000e+00
0.000000000000000000e+00
0.000000000000000000e+00
0.000000000000000000e+00
0.000000000000000000e+00
0.000000000000000000e+00
0.000000000000000000e+00
0.000000000000000000e+00
0.000000000000000000e+00
0.000000000000000000e+00
0.000000000000000000e+00
0.000000000000000000e+00
0.000000000000000000e+00
0.000000000000000000e+00
0.000000000000000000e+00
0.000000000000000000e+00
0.000000000000000000e+00
0.000000000000000000e+00
0.000000000000000000e+00
0.000000000000000000e+00
0.000000000000000000e+00
0.000000000000000000e+00
0.000000000000000000e+00
0.000000000000000000e+00
0.000000000000000000e+00
0.000000000000000000e+00
0.000000000000000000e+00
0.000000000000000000e+00
0.000000000000000000e+00
0.000000000000000000e+00
0.000000000000000000e+00
0.000000000000000000e+00
0.000000000000000000e+00
0.000000000000000000e+00
0.000000000000000000e+00
0.000000000000000000e+00
0.000000000000000000e+00
0.000000000000000000e+00
0.000000000000000000e+00
0.000000000000000000e+00
0.000000000000000000e+00
0.000000000000000000e+00
0.000000000000000000e+00
0.000000000000000000e+00
0.000000000000000000e+00
0.000000000000000000e+00
0.000000000000000000e+00
0.000000000000000000e+00
0.000000000000000000e+00
0.000000000000000000e+00
0.000000000000000000e+00
0.000000000000000000e+00
0.000000000000000000e+00
0.000000000000000000e+00
0.000000000000000000e+00
0.000000000000000000e+00
0.000000000000000000e+00
0.000000000000000000e+00
0.000000000000000000e+00
0.000000000000000000e+00
0.000000000000000000e+00
0.000000000000000000e+00
0.000000000000000000e+00
0.000000000000000000e+00
0.000000000000000000e+00
0.000000000000000000e+00
0.000000000000000000e+00
0.000000000000000000e+00
0.000000000000000000e+00
0.000000000000000000e+00
0.000000000000000000e+00
0.000000000000000000e+00
0.000000000000000000e+00
0.000000000000000000e+00
0.000000000000000000e+00
0.000000000000000000e+00
0.000000000000000000e+00
0.000000000000000000e+00
0.000000000000000000e+00
0.000000000000000000e+00
0.000000000000000000e+00
0.000000000000000000e+00
0.000000000000000000e+00
0.000000000000000000e+00
0.000000000000000000e+00
0.000000000000000000e+00
0.000000000000000000e+00
0.000000000000000000e+00
0.000000000000000000e+00
0.000000000000000000e+00
0.000000000000000000e+00
0.000000000000000000e+00
0.000000000000000000e+00
0.000000000000000000e+00
0.000000000000000000e+00
0.000000000000000000e+00
0.000000000000000000e+00
0.000000000000000000e+00
0.000000000000000000e+00
0.000000000000000000e+00
0.000000000000000000e+00
0.000000000000000000e+00
0.000000000000000000e+00
0.000000000000000000e+00
0.000000000000000000e+00
0.000000000000000000e+00
0.000000000000000000e+00
0.000000000000000000e+00
0.000000000000000000e+00
0.000000000000000000e+00
0.000000000000000000e+00
0.000000000000000000e+00
0.000000000000000000e+00
0.000000000000000000e+00
0.000000000000000000e+00
0.000000000000000000e+00
0.000000000000000000e+00
0.000000000000000000e+00
0.000000000000000000e+00
0.000000000000000000e+00
0.000000000000000000e+00
0.000000000000000000e+00
0.000000000000000000e+00
0.000000000000000000e+00
0.000000000000000000e+00
0.000000000000000000e+00
0.000000000000000000e+00
0.000000000000000000e+00
0.000000000000000000e+00
0.000000000000000000e+00
0.000000000000000000e+00
0.000000000000000000e+00
0.000000000000000000e+00
0.000000000000000000e+00
0.000000000000000000e+00
0.000000000000000000e+00
0.000000000000000000e+00
0.000000000000000000e+00
0.000000000000000000e+00
0.000000000000000000e+00
0.000000000000000000e+00
0.000000000000000000e+00
0.000000000000000000e+00
0.000000000000000000e+00
0.000000000000000000e+00
0.000000000000000000e+00
0.000000000000000000e+00
0.000000000000000000e+00
0.000000000000000000e+00
0.000000000000000000e+00
nan
