# bin_18_8
-1.016041873938686739e-08
7.313357155479375470e-09
-7.191211015239078047e-09
9.282822557203661172e-09
-7.024916820277953028e-09
-6.596476070121500447e-09
-8.603758842990748304e-09
8.051460632183536314e-09
-8.686809780682643584e-09
7.886564450512362993e-09
-1.003036820515366714e-08
8.417262677814290926e-09
-8.497647788379362715e-09
-6.934625056772969893e-09
-5.130151349376743115e-09
-2.918746774496353178e-09
-9.721628862298089256e-10
-2.196926847317399621e-10
-1.771697578465240579e-09
-4.486549091315658331e-09
-6.483458989468391817e-09
-6.851443002618605039e-09
-5.340162853279059724e-09
-3.125278293176995819e-09
-1.350976057891495988e-09
-6.467252818456251978e-10
-1.760555477922750436e-09
-4.062650654816510608e-09
-6.322809888175767033e-09
-7.779719668353225336e-09
-7.991772339686181822e-09
-6.035893774657235268e-09
-2.335194247664613727e-09
1.772694862525869976e-09
5.380878179657790306e-09
7.895330411792579628e-09
8.948410143488999352e-09
9.113165561377282961e-09
9.141547799726783749e-09
9.059986117475530738e-09
8.890260946921439066e-09
8.650347261488448864e-09
8.355095347986916178e-09
8.016782508631689322e-09
7.285904143743633412e-09
6.040576976362964218e-09
4.570781512001564201e-09
3.097310967763256793e-09
1.785890175787815683e-09
7.584735013312500507e-10
1.022985272485674713e-10
-1.228504137290792863e-10
-1.089013474848454041e-10
-8.136728239821153937e-11
-4.666050778216325182e-11
-9.877460357980569080e-12
2.496929520198587879e-11
5.475924826912581561e-11
7.710515294225543202e-11
9.022145505917109153e-11
9.281518787422543990e-11
8.123868648063878748e-11
5.636125726080543462e-11
2.322305832072236677e-11
-1.402028078505550818e-11
-5.196303357935025736e-11
-8.783496298910871734e-11
-1.194039964428147288e-10
-1.448933712679609112e-10
-1.629110507675851007e-10
-1.723895598205961477e-10
-1.725346793759699162e-10
-1.644091002088437191e-10
-1.508077112316199783e-10
-1.334908718953365352e-10
-1.139543649114860239e-10
-9.346400790804312593e-11
-7.308578707642219010e-11
-5.371211041555680967e-11
-3.608469461749340505e-11
-2.081452838642404405e-11
-8.399294127517498554e-12
7.614221157941307788e-13
6.352847197647705068e-12
8.133416867968897853e-12
5.683208758519658255e-12
-5.744657818361141741e-13
-9.669326673798145805e-12
-2.075452084252437782e-11
-3.309282747429627308e-11
-4.604439431554822026e-11
-5.905582925594198930e-11
-7.165049262411813042e-11
-8.341985411575932645e-11
-9.401579443117248649e-11
-1.031437458347061618e-10
-1.105565782281877816e-10
-1.160491481852680897e-10
-1.194534379212572840e-10
-1.206342195447894623e-10
-1.194851873013248749e-10
-1.149991523653312891e-10
-1.068232831401493413e-10
-9.577976944325899380e-11
-8.260138476451905932e-11
-6.794001793064223445e-11
-5.237439588435194356e-11
-3.641707698924287282e-11
-2.052078607427252333e-11
-5.084155129170312272e-12
9.543072949644288239e-12
2.305532597407303403e-11
3.518692304212585068e-11
4.570819231992131689e-11
5.442194841996974088e-11
6.116029548394930141e-11
6.578172540774679081e-11
6.816848363206148097e-11
6.822417760078173014e-11
6.651358625474425460e-11
6.378998053776139461e-11
6.024051510220225880e-11
5.603503739746557597e-11
5.132749889933929526e-11
4.625725170294756481e-11
4.095024013983086398e-11
3.552009622236320379e-11
3.006914694190457037e-11
2.468934074281893483e-11
1.946309985555128750e-11
1.446410459196910090e-11
9.758015179350562185e-12
5.403136230602108748e-12
1.451028512874609902e-12
-2.052927719428893052e-12
-5.069013921961186695e-12
-7.562695411305343444e-12
-9.504181192120422368e-12
-1.086801845632732774e-11
-1.163271899922763986e-11
-1.178041502487280963e-11
-1.155194808018234224e-11
-1.121107663597556510e-11
-1.077570867987771037e-11
-1.026233949376950456e-11
-9.686149862532404843e-12
-9.061097477523238515e-12
-8.400002024410276880e-12
-7.714624407866835597e-12
-7.015740531466922719e-12
-6.313210019708059858e-12
-5.616040240161636692e-12
-4.932445957118266547e-12
-4.269904923557215487e-12
-3.635209695650236463e-12
-3.034515933158281189e-12
-2.473387429838254481e-12
-1.956838100225450827e-12
-1.489371132763445869e-12
-1.075015504116640644e-12
-7.173600355109096248e-13
-4.195851590178620594e-13
-1.844925497444608536e-13
-1.453276882737562769e-14
8.816894810058783528e-14
1.217886317793717334e-13
-5.703081394345163838e-14
-5.609428476629226110e-13
-1.347728561339702013e-12
-2.377994553757260177e-12
-3.615005370979576397e-12
-5.024525874394907123e-12
-6.574672924683874801e-12
-9.980244882344109214e-12
-1.178244790525001815e-11
-1.361859363874966322e-11
-1.546662222912581560e-11
-1.730610198960116505e-11
-1.911813218878255070e-11
-2.088525148664024849e-11
-2.259135168063069479e-11
-2.576234477180188447e-11
-2.720107882053433498e-11
-2.852633594066304726e-11
-2.972764459725964854e-11
-3.079546398514538556e-11
-3.172112711096327988e-11
-3.249678714149549044e-11
-3.357051082903805036e-11
-3.385654076098206489e-11
-3.396841282364506268e-11
-3.390167784775891384e-11
-3.329907369870355182e-11
-3.292305177683465688e-11
-3.252552614653973593e-11
-3.210759867643687439e-11
-3.167032671757683528e-11
-3.074176696287112666e-11
-3.025238722870055051e-11
-2.974748238044807540e-11
-2.869450449110704498e-11
-2.814804957846498886e-11
-2.758930853827302983e-11
-2.701901102921595317e-11
-2.584651889605698853e-11
-2.524564071652378966e-11
-2.463584115830820533e-11
-2.339182737165798212e-11
-2.275872855565813054e-11
-2.211894104346386564e-11
-2.082128938303732069e-11
-2.016436940802399777e-11
-1.883655813496259802e-11
-1.816649933774617611e-11
-1.749286490535864266e-11
-1.613635136489535873e-11
-1.545417505396568830e-11
-1.408363153171119733e-11
-1.339588239505368272e-11
-1.170846609985408407e-11
-1.064164225725987946e-11
-9.434484223018927897e-12
-6.623072124722432422e-12
-5.030247737326974459e-12
-1.497443126012665076e-12
4.322726739063505183e-13
4.594010584142257472e-12
6.816814332315779191e-12
1.152444944118233617e-11
1.400100215809310628e-11
1.917996340238506881e-11
2.463550382807097262e-11
2.745826373784338770e-11
3.327737381014244577e-11
3.626751375252590805e-11
4.239425446988467267e-11
4.869786572907373399e-11
5.190945907211993512e-11
5.843994989799421055e-11
6.175420033811947279e-11
6.846971218309292500e-11
7.528748380674878000e-11
7.872983596929239783e-11
8.567232267729362052e-11
9.268041908140258522e-11
9.620501673534894841e-11
1.039581837787690918e-10
1.129113507270308879e-10
1.228065449120053822e-10
1.280328313986300813e-10
1.389049330178377662e-10
1.501666659327623764e-10
1.616300986275450503e-10
1.673833567338731595e-10
1.788334156017564779e-10
1.900862443763466958e-10
2.010075605170920036e-10
2.114759488940083176e-10
2.165056354895969386e-10
2.260927983772987046e-10
2.349737036656628341e-10
2.430649020405963551e-10
2.502920266926712115e-10
2.565891092404504040e-10
2.618979440249692196e-10
2.661674973084213931e-10
2.693533581689792397e-10
2.714172281220448714e-10
2.723264467181418274e-10
2.720535505703279018e-10
2.705758634510403470e-10
2.678751152708986141e-10
2.643405713289727687e-10
2.603887057034862345e-10
2.560442146017028016e-10
2.513305951757631758e-10
2.462702046884299130e-10
2.408843165669122489e-10
2.351931735213933762e-10
2.292160378940535553e-10
2.229712393942587379e-10
2.164762203661449072e-10
2.097475787259759795e-10
2.028011086984272425e-10
1.920056516619461876e-10
1.845787796919138578e-10
1.769835707080818023e-10
1.692326532738363517e-10
1.613380420441434783e-10
1.492515490146223148e-10
1.410464972095437264e-10
1.327353754756315900e-10
1.243277756292689013e-10
1.115553084221706310e-10
1.029454420398920351e-10
9.426910353056437923e-11
8.114656845140733184e-11
7.233664822713462897e-11
6.353831881590153262e-11
5.092419237310064901e-11
4.287338560704392035e-11
3.119916335033075232e-11
2.361149405295572424e-11
1.612600141993021463e-11
4.996653110197911421e-12
-2.414043062760377546e-12
-1.360616586074971491e-11
-2.116584514032622649e-11
-3.272694972616316685e-11
-4.062136790926923308e-11
-5.280453074120678675e-11
-6.546297866390547301e-11
-7.419870586268768460e-11
-8.779093698546430993e-11
-9.720081764215642430e-11
-1.118726740234516977e-10
-1.272489829237109555e-10
-1.379087339376260821e-10
-1.545341503158728366e-10
-1.719452877223963046e-10
-1.839999189900624036e-10
-2.027657349869620711e-10
-2.223645835117001414e-10
-2.428070201949340794e-10
-2.569076456340853270e-10
-2.808603022617465511e-10
-3.092693197695102360e-10
-3.413174349242982039e-10
-3.762507046776673668e-10
-4.007969599095162681e-10
-4.390220362409632561e-10
-4.783999099334464278e-10
-5.183745671573335738e-10
-5.584357695127115850e-10
-5.981159691574231119e-10
-6.369874267907414868e-10
-6.746595187642174526e-10
-7.107762205665112014e-10
-7.450137548307640915e-10
-7.770783928476455996e-10
-8.067043993395572568e-10
-8.336521109666772830e-10
-8.577061396982823544e-10
-8.849467284023468049e-10
-9.015352054846884577e-10
-9.146665922764324940e-10
-9.242126262052305513e-10
-9.300615303761119764e-10
-9.321168378483690878e-10
-9.288158426790609682e-10
-9.217221804129948290e-10
-9.082734684922678681e-10
-8.700232528139376070e-10
-8.276421697732458026e-10
-7.752511424800529098e-10
-6.923120792431238687e-10
-6.220289663279867876e-10
-5.462026572379617294e-10
-4.384622020689314115e-10
-3.540583036354197507e-10
-2.385873418153171204e-10
-1.509553132766333566e-10
-3.431879991185537173e-11
5.201666375946451652e-11
1.642811584403493761e-10
2.455150003219118674e-10
3.487661102826354836e-10
4.450878129824815122e-10
5.120984872000731539e-10
5.936524549072080051e-10
6.654598359228812577e-10
7.124234152466900943e-10
7.652646574930045523e-10
8.063385392301431475e-10
8.350757879489095498e-10
8.509846388566251340e-10
8.542422398259960334e-10
8.469486495236903163e-10
8.311707935200136801e-10
8.096471735159219897e-10
7.831985395709140719e-10
7.525867128193604448e-10
7.185183255230513234e-10
6.816483241688343436e-10
6.425832512145903111e-10
6.018843200028124200e-10
5.600702963571350493e-10
5.176201994464082159e-10
4.749758336385038323e-10
4.220140331278018541e-10
3.803710354416986890e-10
3.397403180725457016e-10
3.004302806371574996e-10
2.535773479334581396e-10
2.182329773187599799e-10
1.850386192486916694e-10
1.468838520634578990e-10
1.192569254093384549e-10
9.438514399183493706e-11
6.739405833552472496e-11
4.923908819549308032e-11
3.102982297589398883e-11
2.017039093367381446e-11
1.137014000216564473e-11
6.779942573900895635e-12
1.808334124596578793e-12
-2.408269959390950968e-12
-5.302656002632953511e-12
-8.397200063482881450e-12
-1.098775447277047124e-11
-1.274940813797990453e-11
-1.462339008998565311e-11
-1.619505680384830516e-11
-1.752617232958889709e-11
-1.867366817230522701e-11
-1.968996506568421959e-11
-2.062327363686001314e-11
-2.134005129704903122e-11
-2.223309802797942492e-11
-2.315807065447984224e-11
-2.435871475191115237e-11
-2.547156272661948405e-11
-2.671679139241461333e-11
-2.812006235824705955e-11
-2.970462459092728163e-11
-3.149147870910809530e-11
-3.392920967441031998e-11
-3.622491780017964101e-11
-3.877673890448505931e-11
-4.159779788482831437e-11
-4.573762637565996653e-11
-5.139364611496564022e-11
-6.078718767700393256e-11
-7.046090903643767710e-11
-8.389848114889762636e-11
-9.634020691159291057e-11
-1.124314891198071272e-10
-1.265681211250802583e-10
-1.441213126669561127e-10
-1.620327673304241033e-10
-1.770321619140044706e-10
-1.948984531582686016e-10
-2.123989386199252939e-10
-2.293197922429102195e-10
-2.454665490322525716e-10
-2.606627548058957897e-10
-2.747487064070164667e-10
-2.875802761793593120e-10
-2.990278149522592572e-10
-3.089751281926069191e-10
-3.173185203607189067e-10
-3.239659028582709648e-10
-3.288359612815774117e-10
-3.318573779943691782e-10
-3.329681063129440038e-10
-3.317781938633431403e-10
-3.285707498244081829e-10
-3.231257161109075836e-10
-3.141181313646311244e-10
-3.044413916843476326e-10
-2.912345443256182246e-10
-2.785464199408194779e-10
-2.624612405867279805e-10
-2.478112920190908030e-10
-2.299820731272349749e-10
-2.116253398307612461e-10
-1.929990565547872486e-10
-1.769989177192880569e-10
-1.584841342347047701e-10
-1.403232448906549357e-10
-1.226990022324198701e-10
-1.057777941408752836e-10
-8.971077026211810225e-11
-7.463489397313909276e-11
-6.067392491724651829e-11
-4.793933678704110716e-11
-3.653117470324765166e-11
-2.653885623281125808e-11
-1.695435575380977987e-11
-1.025207579963664928e-11
-5.185542047817011099e-12
-1.465609594415295167e-12
-7.285710821046619139e-14
0.000000000000000000e+00
0.000000000000000000e+00
0.000000000000000000e+00
0.000000000000000000e+00
0.000000000000000000e+00
0.000000000000000000e+00
0.000000000000000000e+00
0.000000000000000000e+00
0.000000000000000000e+00
0.000000000000000000e+00
0.000000000000000000e+00
0.000000000000000000e+00
0.000000000000000000e+00
0.000000000000000000e+00
0.000000000000000000e+00
0.000000000000000000e+00
0.000000000000000000e+00
0.000000000000000000e+00
0.000000000000000000e+00
0.000000000000000000e+00
0.000000000000000000e+00
0.000000000000000000e+00
0.000000000000000000e+00
0.000000000000000000e+00
0.000000000000000000e+00
0.000000000000000000e+00
0.000000000000000000e+00
0.000000000000000000e+00
0.000000000000000000e+00
0.000000000000000000e+00
0.000000000000000000e+00
0.000000000000000000e+00
0.000000000000000000e+00
0.000000000000000000e+00
0.000000000000000000e+00
0.000000000000000000e+00
0.000000000000000000e+00
0.000000000000000000e+00
0.000000000000000000e+00
0.000000000000000000e+00
0.000000000000000000e+00
0.000000000000000000e+00
0.000000000000000000e+00
0.000000000000000000e+00
0.000000000000000000e+00
0.000000000000000000e+00
0.000000000000000000e+00
0.000000000000000000e+00
0.000000000000000000e+00
0.000000000000000000e+00
0.000000000000000000e+00
0.000000000000000000e+00
0.000000000000000000e+00
0.000000000000000000e+00
0.000000000000000000e+00
0.000000000000000000e+00
0.000000000000000000e+00
0.000000000000000000e+00
0.000000000000000000e+00
0.000000000000000000e+00
0.000000000000000000e+00
0.000000000000000000e+00
0.000000000000000000e+00
0.000000000000000000e+00
0.000000000000000000e+00
0.000000000000000000e+00
0.000000000000000000e+00
0.000000000000000000e+00
0.000000000000000000e+00
0.000000000000000000e+00
0.000000000000000000e+00
0.000000000000000000e+00
0.000000000000000000e+00
0.000000000000000000e+00
0.000000000000000000e+00
0.000000000000000000e+00
0.000000000000000000e+00
0.000000000000000000e+00
0.000000000000000000e+00
0.000000000000000000e+00
0.000000000000000000e+00
0.000000000000000000e+00
0.000000000000000000e+00
0.000000000000000000e+00
0.000000000000000000e+00
0.000000000000000000e+00
0.000000000000000000e+00
0.000000000000000000e+00
0.000000000000000000e+00
0.000000000000000000e+00
0.000000000000000000e+00
0.000000000000000000e+00
0.000000000000000000e+00
0.000000000000000000e+00
0.000000000000000000e+00
0.000000000000000000e+00
0.000000000000000000e+00
0.000000000000000000e+00
0.000000000000000000e+00
0.000000000000000000e+00
0.000000000000000000e+00
0.000000000000000000e+00
0.000000000000000000e+00
0.000000000000000000e+00
0.000000000000000000e+00
0.000000000000000000e+00
0.000000000000000000e+00
0.000000000000000000e+00
0.000000000000000000e+00
0.000000000000000000e+00
0.000000000000000000e+00
0.000000000000000000e+00
0.000000000000000000e+00
0.000000000000000000e+00
0.000000000000000000e+00
0.000000000000000000e+00
0.000000000000000000e+00
0.000000000000000000e+00
0.000000000000000000e+00
0.000000000000000000e+00
0.000000000000000000e+00
0.000000000000000000e+00
0.000000000000000000e+00
0.000000000000000000e+00
0.000000000000000000e+00
0.000000000000000000e+00
0.000000000000000000e+00
0.000000000000000000e+00
0.000000000000000000e+00
0.000000000000000000e+00
0.000000000000000000e+00
0.000000000000000000e+00
0.000000000000000000e+00
0.000000000000000000e+00
0.000000000000000000e+00
0.000000000000000000e+00
0.000000000000000000e+00
0.000000000000000000e+00
0.000000000000000000e+00
0.000000000000000000e+00
0.000000000000000000e+00
0.000000000000000000e+00
0.000000000000000000e+00
0.000000000000000000e+00
0.000000000000000000e+00
0.000000000000000000e+00
0.000000000000000000e+00
0.000000000000000000e+00
0.000000000000000000e+00
0.000000000000000000e+00
0.000000000000000000e+00
0.000000000000000000e+00
0.000000000000000000e+00
0.000000000000000000e+00
0.000000000000000000e+00
0.000000000000000000e+00
0.000000000000000000e+00
0.000000000000000000e+00
0.000000000000000000e+00
0.000000000000000000e+00
0.000000000000000000e+00
0.000000000000000000e+00
0.000000000000000000e+00
0.000000000000000000e+00
0.000000000000000000e+00
0.000000000000000000e+00
0.000000000000000000e+00
0.000000000000000000e+00
0.000000000000000000e+00
0.000000000000000000e+00
0.000000000000000000e+00
0.000000000000000000e+00
0.000000000000000000e+00
0.000000000000000000e+00
0.000000000000000000e+00
0.000000000000000000e+00
0.000000000000000000e+00
0.000000000000000000e+00
0.000000000000000000e+00
0.000000000000000000e+00
0.000000000000000000e+00
0.000000000000000000e+00
0.000000000000000000e+00
0.000000000000000000e+00
0.000000000000000000e+00
0.000000000000000000e+00
0.000000000000000000e+00
0.000000000000000000e+00
0.000000000000000000e+00
0.000000000000000000e+00
0.000000000000000000e+00
0.000000000000000000e+00
0.000000000000000000e+00
0.000000000000000000e+00
0.000000000000000000e+00
0.000000000000000000e+00
0.000000000000000000e+00
0.000000000000000000e+00
0.000000000000000000e+00
0.000000000000000000e+00
0.000000000000000000e+00
0.000000000000000000e+00
0.000000000000000000e+00
0.000000000000000000e+00
0.000000000000000000e+00
0.000000000000000000e+00
0.000000000000000000e+00
0.000000000000000000e+00
0.000000000000000000e+00
0.000000000000000000e+00
0.000000000000000000e+00
0.000000000000000000e+00
0.000000000000000000e+00
0.000000000000000000e+00
0.000000000000000000e+00
0.000000000000000000e+00
0.000000000000000000e+00
0.000000000000000000e+00
0.000000000000000000e+00
0.000000000000000000e+00
0.000000000000000000e+00
0.000000000000000000e+00
0.000000000000000000e+00
0.000000000000000000e+00
0.000000000000000000e+00
0.000000000000000000e+00
0.000000000000000000e+00
0.000000000000000000e+00
0.000000000000000000e+00
0.000000000000000000e+00
0.000000000000000000e+00
0.000000000000000000e+00
0.000000000000000000e+00
0.000000000000000000e+00
0.000000000000000000e+00
0.000000000000000000e+00
0.000000000000000000e+00
0.000000000000000000e+00
0.000000000000000000e+00
0.000000000000000000e+00
0.000000000000000000e+00
0.000000000000000000e+00
0.000000000000000000e+00
0.000000000000000000e+00
0.000000000000000000e+00
0.000000000000000000e+00
0.000000000000000000e+00
0.000000000000000000e+00
0.000000000000000000e+00
0.000000000000000000e+00
0.000000000000000000e+00
0.000000000000000000e+00
0.000000000000000000e+00
0.000000000000000000e+00
0.000000000000000000e+00
0.000000000000000000e+00
0.000000000000000000e+00
0.000000000000000000e+00
0.000000000000000000e+00
0.000000000000000000e+00
0.000000000000000000e+00
0.000000000000000000e+00
0.000000000000000000e+00
0.000000000000000000e+00
0.000000000000000000e+00
0.000000000000000000e+00
0.000000000000000000e+00
0.000000000000000000e+00
0.000000000000000000e+00
0.000000000000000000e+00
0.000000000000000000e+00
0.000000000000000000e+00
0.000000000000000000e+00
0.000000000000000000e+00
0.000000000000000000e+00
0.000000000000000000e+00
0.000000000000000000e+00
0.000000000000000000e+00
0.000000000000000000e+00
0.000000000000000000e+00
0.000000000000000000e+00
0.000000000000000000e+00
0.000000000000000000e+00
0.000000000000000000e+00
0.000000000000000000e+00
0.000000000000000000e+00
0.000000000000000000e+00
0.000000000000000000e+00
0.000000000000000000e+00
0.000000000000000000e+00
0.000000000000000000e+00
0.000000000000000000e+00
0.000000000000000000e+00
0.000000000000000000e+00
0.000000000000000000e+00
0.000000000000000000e+00
0.000000000000000000e+00
0.000000000000000000e+00
0.000000000000000000e+00
0.000000000000000000e+00
0.000000000000000000e+00
0.000000000000000000e+00
0.000000000000000000e+00
0.000000000000000000e+00
0.000000000000000000e+00
0.000000000000000000e+00
0.000000000000000000e+00
0.000000000000000000e+00
0.000000000000000000e+00
0.000000000000000000e+00
0.000000000000000000e+00
0.000000000000000000e+00
0.000000000000000000e+00
0.000000000000000000e+00
0.000000000000000000e+00
0.000000000000000000e+00
0.000000000000000000e+00
0.000000000000000000e+00
0.000000000000000000e+00
0.000000000000000000e+00
0.000000000000000000e+00
0.000000000000000000e+00
0.000000000000000000e+00
0.000000000000000000e+00
0.000000000000000000e+00
0.000000000000000000e+00
0.000000000000000000e+00
0.000000000000000000e+00
0.000000000000000000e+00
0.000000000000000000e+00
0.000000000000000000e+00
0.000000000000000000e+00
0.000000000000000000e+00
0.000000000000000000e+00
0.000000000000000000e+00
0.000000000000000000e+00
0.000000000000000000e+00
0.000000000000000000e+00
0.000000000000000000e+00
0.000000000000000000e+00
0.000000000000000000e+00
0.000000000000000000e+00
0.000000000000000000e+00
0.000000000000000000e+00
0.000000000000000000e+00
0.000000000000000000e+00
0.000000000000000000e+00
0.000000000000000000e+00
0.000000000000000000e+00
0.000000000000000000e+00
0.000000000000000000e+00
0.000000000000000000e+00
0.000000000000000000e+00
0.000000000000000000e+00
0.000000000000000000e+00
0.000000000000000000e+00
0.000000000000000000e+00
0.000000000000000000e+00
0.000000000000000000e+00
0.000000000000000000e+00
0.000000000000000000e+00
0.000000000000000000e+00
0.000000000000000000e+00
0.000000000000000000e+00
0.000000000000000000e+00
0.000000000000000000e+00
0.000000000000000000e+00
0.000000000000000000e+00
0.000000000000000000e+00
0.000000000000000000e+00
0.000000000000000000e+00
0.000000000000000000e+00
0.000000000000000000e+00
0.000000000000000000e+00
0.000000000000000000e+00
0.000000000000000000e+00
0.000000000000000000e+00
0.000000000000000000e+00
0.000000000000000000e+00
0.000000000000000000e+00
0.000000000000000000e+00
0.000000000000000000e+00
0.000000000000000000e+00
0.000000000000000000e+00
0.000000000000000000e+00
0.000000000000000000e+00
0.000000000000000000e+00
0.000000000000000000e+00
0.000000000000000000e+00
0.000000000000000000e+00
0.000000000000000000e+00
0.000000000000000000e+00
0.000000000000000000e+00
0.000000000000000000e+00
0.000000000000000000e+00
0.000000000000000000e+00
0.000000000000000000e+00
0.000000000000000000e+00
0.000000000000000000e+00
0.000000000000000000e+00
0.000000000000000000e+00
0.000000000000000000e+00
0.000000000000000000e+00
0.000000000000000000e+00
0.000000000000000000e+00
0.000000000000000000e+00
0.000000000000000000e+00
0.000000000000000000e+00
0.000000000000000000e+00
0.000000000000000000e+00
0.000000000000000000e+00
0.000000000000000000e+00
0.000000000000000000e+00
0.000000000000000000e+00
0.000000000000000000e+00
0.000000000000000000e+00
0.000000000000000000e+00
0.000000000000000000e+00
0.000000000000000000e+00
0.000000000000000000e+00
0.000000000000000000e+00
0.000000000000000000e+00
0.000000000000000000e+00
0.000000000000000000e+00
0.000000000000000000e+00
0.000000000000000000e+00
0.000000000000000000e+00
0.000000000000000000e+00
0.000000000000000000e+00
0.000000000000000000e+00
0.000000000000000000e+00
0.000000000000000000e+00
0.000000000000000000e+00
0.000000000000000000e+00
0.000000000000000000e+00
0.000000000000000000e+00
0.000000000000000000e+00
0.000000000000000000e+00
0.000000000000000000e+00
0.000000000000000000e+00
0.000000000000000000e+00
0.000000000000000000e+00
0.000000000000000000e+00
0.000000000000000000e+00
0.000000000000000000e+00
0.000000000000000000e+00
0.000000000000000000e+00
0.000000000000000000e+00
0.000000000000000000e+00
0.000000000000000000e+00
0.000000000000000000e+00
0.000000000000000000e+00
0.000000000000000000e+00
0.000000000000000000e+00
0.000000000000000000e+00
0.000000000000000000e+00
0.000000000000000000e+00
0.000000000000000000e+00
0.000000000000000000e+00
0.000000000000000000e+00
0.000000000000000000e+00
0.000000000000000000e+00
0.000000000000000000e+00
0.000000000000000000e+00
0.000000000000000000e+00
0.000000000000000000e+00
0.000000000000000000e+00
0.000000000000000000e+00
0.000000000000000000e+00
0.000000000000000000e+00
0.000000000000000000e+00
0.000000000000000000e+00
0.000000000000000000e+00
0.000000000000000000e+00
0.000000000000000000e+00
0.000000000000000000e+00
0.000000000000000000e+00
0.000000000000000000e+00
0.000000000000000000e+00
0.000000000000000000e+00
0.000000000000000000e+00
0.000000000000000000e+00
0.000000000000000000e+00
0.000000000000000000e+00
0.000000000000000000e+00
0.000000000000000000e+00
0.000000000000000000e+00
0.000000000000000000e+00
0.000000000000000000e+00
0.000000000000000000e+00
0.000000000000000000e+00
0.000000000000000000e+00
0.000000000000000000e+00
0.000000000000000000e+00
0.000000000000000000e+00
0.000000000000000000e+00
0.000000000000000000e+00
0.000000000000000000e+00
0.000000000000000000e+00
0.000000000000000000e+00
0.000000000000000000e+00
0.000000000000000000e+00
0.000000000000000000e+00
0.000000000000000000e+00
0.000000000000000000e+00
0.000000000000000000e+00
0.000000000000000000e+00
0.000000000000000000e+00
0.000000000000000000e+00
0.000000000000000000e+00
0.000000000000000000e+00
0.000000000000000000e+00
0.000000000000000000e+00
0.000000000000000000e+00
0.000000000000000000e+00
0.000000000000000000e+00
nan
