# bin_7_2
-7.247517247036593149e-07
-1.049295316005816769e-07
-1.168838961354733606e-07
6.840337027512045632e-08
-4.557927049239187983e-08
8.196098636091192837e-08
-3.673326343318001765e-08
6.684745785527496799e-08
-3.506283180150662381e-08
4.149190758291128456e-08
-1.636406401230748207e-08
8.914780120116645099e-10
1.801459423114361396e-08
4.981020301716251130e-08
6.332610836859951808e-08
1.756216458486103462e-08
-4.208545425553853936e-08
-6.312343148003295098e-08
-4.574994542244712271e-08
-2.048166454740199028e-08
-1.774695523187054606e-10
8.908298649753082784e-09
1.069132902299765613e-08
1.140666912525980254e-08
1.135890261756952604e-08
1.077171546569744278e-08
8.016021745899855887e-09
2.484619558180568010e-09
-4.516468183516810048e-09
-1.209258751958062442e-08
-1.964095724837732054e-08
-2.790573077805640589e-08
-3.687757522874973884e-08
-4.537933327531039342e-08
-5.263762521734183250e-08
-5.816998227220395547e-08
-6.170234085527508877e-08
-6.403865745732917697e-08
-6.589660745628542701e-08
-6.706696644177455669e-08
-6.742062012239910966e-08
-6.688751715882478355e-08
-6.544074381269293880e-08
-6.308447495721096616e-08
-5.741100323757135545e-08
-4.779363751208912515e-08
-3.645096052432167322e-08
-2.507243417588726217e-08
-1.492635602500276993e-08
-6.946248182906677760e-09
-1.800087801417647215e-09
5.414940689907224446e-11
1.425315428097013260e-10
2.118552772653915290e-10
2.647532892645058082e-10
3.035085788644934509e-10
3.301029788208142973e-10
3.462584787194433511e-10
3.534725041891668160e-10
3.530480991573194188e-10
3.461197998888067408e-10
3.363176787407873867e-10
3.266525027229569549e-10
3.172031552495955908e-10
3.080322624770756383e-10
2.991887782370299312e-10
2.907101736626220123e-10
2.826242931795079822e-10
2.749509285122449169e-10
2.677031540446349908e-10
2.608884599624925094e-10
2.545097138510110310e-10
4.313378075985525062e-10
9.046141938120404430e-10
1.581677978734939293e-09
2.383751101964582185e-09
3.244123984179993969e-09
4.106575809947413903e-09
4.923998140199591590e-09
5.657194925702946668e-09
6.273835724881069420e-09
6.747542116904654972e-09
7.057090027726673592e-09
7.185713022932915072e-09
7.120493625804692884e-09
6.884168159151341118e-09
6.529434296144263412e-09
6.087583051639501673e-09
5.585907902208233867e-09
5.048152174385939221e-09
4.494906748103289682e-09
3.943963780845326454e-09
3.410631470164006725e-09
2.908014271794882634e-09
2.447262466027846983e-09
2.037794506055644134e-09
1.687495180093878432e-09
1.402892266660713724e-09
1.189314053088126770e-09
1.051029815554282501e-09
9.913751198765671976e-10
9.898876774776297533e-10
1.019433040504262083e-09
1.073297456893319788e-09
1.145494771977425601e-09
1.230697081415994573e-09
1.324171955633315028e-09
1.421725590791586836e-09
1.519651307892126316e-09
1.614682880900501343e-09
1.703952227671661630e-09
1.784951044642089005e-09
1.855496008407565717e-09
1.913697204984056070e-09
1.957929481257711826e-09
1.986806443310331265e-09
1.999156853347806507e-09
1.994003201206587811e-09
1.970542248170813320e-09
1.928340217304717308e-09
1.869638945684465407e-09
1.797538057486715334e-09
1.714849966425701700e-09
1.624123309692212745e-09
1.527664477773198128e-09
1.427557400639389498e-09
1.325681736544198233e-09
1.223729596771217472e-09
1.123220927966912044e-09
1.025517663079850167e-09
9.318367422920228839e-10
8.432620965753220161e-10
7.607556785516856971e-10
6.851676181017086602e-10
6.172455735847134617e-10
5.576433435408916161e-10
5.069287982880274609e-10
4.655911858505030706e-10
4.340478621219235626e-10
4.126504910241021015e-10
4.016907566470460412e-10
3.974156732582547691e-10
3.956742801906492897e-10
3.961391591514721513e-10
3.985076504853321746e-10
4.025001628818118943e-10
4.078585990296972315e-10
4.143448889298347783e-10
4.217396232043453329e-10
4.298407793155381803e-10
4.384625341375833288e-10
4.474341568118219055e-10
4.565989762658773384e-10
4.658134181908266517e-10
4.749461066525106339e-10
4.838770258651447603e-10
4.924967379804192613e-10
5.007056530451961277e-10
5.084133475580256623e-10
5.155379283105981034e-10
5.220054384368748255e-10
5.277493028114104506e-10
5.327098101406534763e-10
5.368336292783482313e-10
5.400733574694213996e-10
5.423870983872469228e-10
5.443425605814826726e-10
5.464911423847213327e-10
5.487738479487009018e-10
5.511360851085160196e-10
5.535273926824363038e-10
5.559011843105417735e-10
5.582145077980661051e-10
5.625047693252798606e-10
5.644120060725541833e-10
5.661189847147287047e-10
5.675977924874638956e-10
5.688229825347880172e-10
5.697714179840752401e-10
5.704221253425854700e-10
5.707561566489677350e-10
5.704077568987544521e-10
5.696964291284735386e-10
5.686104094320101565e-10
5.671390808711114555e-10
5.652731813115927306e-10
5.630047137311708391e-10
5.603268618613108951e-10
5.537211726216957714e-10
5.497849157344431329e-10
5.454222993401567572e-10
5.406313111338403166e-10
5.292690342022138873e-10
5.218207705562503008e-10
5.132173488579557704e-10
5.036015202519748759e-10
4.931077956853512593e-10
4.699859838815737979e-10
4.575893685697157003e-10
4.447785347057953035e-10
4.183048346481825840e-10
4.048225079151868238e-10
3.912876388651525908e-10
3.777770430304648993e-10
3.511117089608721994e-10
3.380871144444311606e-10
3.253475435521196423e-10
3.009385822260472833e-10
2.893675310901418598e-10
2.782785602949895023e-10
2.577069707928334660e-10
2.482969566557117960e-10
2.313892578086258328e-10
2.239481852886493716e-10
2.172160766584017341e-10
2.059668698104444056e-10
2.014887301638635721e-10
1.949086056150432085e-10
1.928346679331302035e-10
1.957078285960133600e-10
2.016161332279436876e-10
2.103537482384415014e-10
2.358839446789424726e-10
2.524689927086482623e-10
2.927857309494163825e-10
3.163298648665803693e-10
3.697438307327324663e-10
3.994441207458726545e-10
4.644282658899964943e-10
4.995588357796205815e-10
5.747325433732842926e-10
6.559981247504700402e-10
6.987519677130301489e-10
7.881936003490028596e-10
8.347641843483271063e-10
9.313262292601978735e-10
1.032099074366815883e-09
1.083939612706879280e-09
1.190293336474049397e-09
1.244716933195694416e-09
1.355844642019632122e-09
1.469745363124975057e-09
1.527640186145437533e-09
1.645138910411365264e-09
1.764690426886080120e-09
1.825155456380517966e-09
2.029173008248500373e-09
2.380923450768801460e-09
2.855645513086295872e-09
3.131942158375290251e-09
3.749094599205575475e-09
4.435879570496847003e-09
5.174023427444946687e-09
5.557074713793538191e-09
6.341379915267869629e-09
7.137949600990634420e-09
7.933501278065767455e-09
8.715953434931458548e-09
9.098798513917961892e-09
9.841362504518723895e-09
1.054531992756055342e-08
1.120214488176266416e-08
1.180416542042376344e-08
1.234450069177948769e-08
1.281700247632041875e-08
1.321620080791719893e-08
1.353725338888326706e-08
1.377589853055392876e-08
1.392841137074920228e-08
1.399156313773296879e-08
1.396258324712093272e-08
1.383912403373625410e-08
1.348367266257571541e-08
1.279240501308008764e-08
1.181128813042852857e-08
1.058309983488289457e-08
9.147624343430224315e-09
7.541835913437338554e-09
5.800071270634435000e-09
3.954191532558307882e-09
2.033734291038218013e-09
6.605647313944168950e-11
-1.923531441087155702e-09
-3.911639303861410344e-09
-6.844266658257297119e-09
-8.737894443338440396e-09
-1.056165131617045642e-08
-1.229942097419832096e-08
-1.393643768755821469e-08
-1.617384734852862428e-08
-1.750249691570032285e-08
-1.868817556851246145e-08
-1.972122085551234827e-08
-2.096577400972020734e-08
-2.158101342414872813e-08
-2.201685207334853387e-08
-2.232159935051122091e-08
-2.228480112647172694e-08
-2.207107920431062843e-08
-2.165180956591106287e-08
-2.133265973927910042e-08
-2.080474957620166597e-08
-2.042556294250434989e-08
-2.002871253025461354e-08
-1.940747861449960598e-08
-1.898046015881813459e-08
-1.832766402576021332e-08
-1.788806248588069482e-08
-1.722800866873821912e-08
-1.679072969036697831e-08
-1.614396627224232303e-08
-1.551365782147507042e-08
-1.510537114045073282e-08
-1.451458441064618619e-08
-1.413715358070869108e-08
-1.359875712092549091e-08
-1.309700321229894729e-08
-1.278453220985275815e-08
-1.235110496681782304e-08
-1.196238028855380255e-08
-1.172923463854753043e-08
-1.142005280309041557e-08
-1.116110367831296194e-08
-1.095391735299043590e-08
-1.084518801203778165e-08
-1.075045942344440904e-08
-1.074753067261037138e-08
-1.082331517012013682e-08
-1.096570121545933011e-08
-1.109205902617782284e-08
-1.132097841198999852e-08
-1.158849133933407798e-08
-1.188554128365610791e-08
-1.220378035365588346e-08
-1.253552239078856022e-08
-1.287369912447439170e-08
-1.321181917738122399e-08
-1.354392972969629963e-08
-1.386458066476321673e-08
-1.416879103091834096e-08
-1.445201766589416874e-08
-1.471012584083882776e-08
-1.493936179090130624e-08
-1.519427155453174866e-08
-1.534349173053569992e-08
-1.545376060120545401e-08
-1.552269855045483200e-08
-1.554818753308671152e-08
-1.552835300189283592e-08
-1.542858601633980398e-08
-1.529694992588686890e-08
-1.510140525350155314e-08
-1.468157106501509014e-08
-1.426060686213895393e-08
-1.376227370051864454e-08
-1.299700285706364326e-08
-1.236104688166167287e-08
-1.168279031173846096e-08
-1.072821951649144263e-08
-9.985453262912940651e-09
-8.973952275205583246e-09
-8.208649413940766026e-09
-7.191718693684518681e-09
-6.439367084481584824e-09
-5.460428996135840683e-09
-4.750858403974913220e-09
-3.846289312892092657e-09
-2.998151511105202569e-09
-2.404430158968815998e-09
-1.675724210847640529e-09
-1.025497411705590450e-09
-5.932051694330134464e-10
-9.524354390480169877e-11
3.084500890147790791e-10
6.134352066181607461e-10
8.158802298773464550e-10
8.984347066811649158e-10
9.167506023735913021e-10
8.920373650702150200e-10
8.520800248300609399e-10
7.990830282117019480e-10
7.350918949203048250e-10
6.620033254138778696e-10
5.815746673199368920e-10
4.954327829206156052e-10
4.050823570266933725e-10
3.119136818404757936e-10
2.172099528853881136e-10
1.221541077432696134e-10
4.489854359299353051e-12
-8.750953461521156677e-11
-1.766340908469777433e-10
-2.620601122794343136e-10
-3.625008843939952846e-10
-4.369526897377358366e-10
-5.054943878544743253e-10
-5.820228747512765180e-10
-6.353251164375154875e-10
-6.811086922913202763e-10
-7.271707943216589659e-10
-7.546659659516238938e-10
-7.768479497007794370e-10
-7.845268979505288448e-10
-7.811773309099727911e-10
-7.638950751963784681e-10
-7.195574764844734920e-10
-6.530611704663322289e-10
-5.859943011428890711e-10
-4.872443033035171995e-10
-3.744182679967735237e-10
-2.756980738832007548e-10
-1.436654988441517016e-10
-4.040616005001980466e-12
1.411935434579821582e-10
2.902105636256321826e-10
4.413302160717355177e-10
5.930087153244266121e-10
7.137979718051952422e-10
8.629930611676215983e-10
1.009075001982813814e-09
1.178717268402554051e-09
1.314203365978001972e-09
1.443380302350529794e-09
1.565435006345872388e-09
1.679632573639989252e-09
1.785310938046315157e-09
1.900047472989670171e-09
1.984980615322901796e-09
2.059709362359965061e-09
2.123826725220124224e-09
2.188214899330271300e-09
2.239724969379322761e-09
2.300481169837970561e-09
2.349920723487853778e-09
2.407458594743065216e-09
2.453658301263976498e-09
2.506702454456551349e-09
2.548698936018031042e-09
2.596204238224006474e-09
2.640320376924534909e-09
2.674333812119462572e-09
2.711678950883862713e-09
2.745073602691480094e-09
2.774366269411185063e-09
2.799426799439398950e-09
2.820144729560711593e-09
2.836427743521789038e-09
2.848200239090737823e-09
2.855401995974862729e-09
2.857986937524570188e-09
2.855921979663710475e-09
2.849185960960071268e-09
2.837768648187705385e-09
2.821669812137371443e-09
2.800898368805924764e-09
2.770782822132682932e-09
2.739736780629546505e-09
2.694334202510168321e-09
2.619225839251419267e-09
2.538537830252387958e-09
2.428414560045871651e-09
2.322616581763224868e-09
2.188492781872398730e-09
2.066336433668743031e-09
1.917670227702395469e-09
1.764605423816374191e-09
1.609293018786764418e-09
1.475878316211374487e-09
1.321495635083447563e-09
1.170063845943888824e-09
1.023106802849483158e-09
8.820119056139071304e-10
7.480394923683314552e-10
6.223316112157635914e-10
5.059202129519181458e-10
3.997348038577190214e-10
3.046095948211401329e-10
2.212901805036795740e-10
1.413712939311076255e-10
8.548536094913239670e-11
4.323884668217586106e-11
1.222076071594590370e-11
6.075078174216285705e-13
0.000000000000000000e+00
0.000000000000000000e+00
0.000000000000000000e+00
0.000000000000000000e+00
0.000000000000000000e+00
0.000000000000000000e+00
0.000000000000000000e+00
0.000000000000000000e+00
0.000000000000000000e+00
0.000000000000000000e+00
0.000000000000000000e+00
0.000000000000000000e+00
0.000000000000000000e+00
0.000000000000000000e+00
0.000000000000000000e+00
0.000000000000000000e+00
0.000000000000000000e+00
0.000000000000000000e+00
0.000000000000000000e+00
0.000000000000000000e+00
0.000000000000000000e+00
0.000000000000000000e+00
0.000000000000000000e+00
0.000000000000000000e+00
0.000000000000000000e+00
0.000000000000000000e+00
0.000000000000000000e+00
0.000000000000000000e+00
0.000000000000000000e+00
0.000000000000000000e+00
0.000000000000000000e+00
0.000000000000000000e+00
0.000000000000000000e+00
0.000000000000000000e+00
0.000000000000000000e+00
0.000000000000000000e+00
0.000000000000000000e+00
0.000000000000000000e+00
0.000000000000000000e+00
0.000000000000000000e+00
0.000000000000000000e+00
0.000000000000000000e+00
0.000000000000000000e+00
0.000000000000000000e+00
0.000000000000000000e+00
0.000000000000000000e+00
0.000000000000000000e+00
0.000000000000000000e+00
0.000000000000000000e+00
0.000000000000000000e+00
0.000000000000000000e+00
0.000000000000000000e+00
0.000000000000000000e+00
0.000000000000000000e+00
0.000000000000000000e+00
0.000000000000000000e+00
0.000000000000000000e+00
0.000000000000000000e+00
0.000000000000000000e+00
0.000000000000000000e+00
0.000000000000000000e+00
0.000000000000000000e+00
0.000000000000000000e+00
0.000000000000000000e+00
0.000000000000000000e+00
0.000000000000000000e+00
0.000000000000000000e+00
0.000000000000000000e+00
0.000000000000000000e+00
0.000000000000000000e+00
0.000000000000000000e+00
0.000000000000000000e+00
0.000000000000000000e+00
0.000000000000000000e+00
0.000000000000000000e+00
0.000000000000000000e+00
0.000000000000000000e+00
0.000000000000000000e+00
0.000000000000000000e+00
0.000000000000000000e+00
0.000000000000000000e+00
0.000000000000000000e+00
0.000000000000000000e+00
0.000000000000000000e+00
0.000000000000000000e+00
0.000000000000000000e+00
0.000000000000000000e+00
0.000000000000000000e+00
0.000000000000000000e+00
0.000000000000000000e+00
0.000000000000000000e+00
0.000000000000000000e+00
0.000000000000000000e+00
0.000000000000000000e+00
0.000000000000000000e+00
0.000000000000000000e+00
0.000000000000000000e+00
0.000000000000000000e+00
0.000000000000000000e+00
0.000000000000000000e+00
0.000000000000000000e+00
0.000000000000000000e+00
0.000000000000000000e+00
0.000000000000000000e+00
0.000000000000000000e+00
0.000000000000000000e+00
0.000000000000000000e+00
0.000000000000000000e+00
0.000000000000000000e+00
0.000000000000000000e+00
0.000000000000000000e+00
0.000000000000000000e+00
0.000000000000000000e+00
0.000000000000000000e+00
0.000000000000000000e+00
0.000000000000000000e+00
0.000000000000000000e+00
0.000000000000000000e+00
0.000000000000000000e+00
0.000000000000000000e+00
0.000000000000000000e+00
0.000000000000000000e+00
0.000000000000000000e+00
0.000000000000000000e+00
0.000000000000000000e+00
0.000000000000000000e+00
0.000000000000000000e+00
0.000000000000000000e+00
0.000000000000000000e+00
0.000000000000000000e+00
0.000000000000000000e+00
0.000000000000000000e+00
0.000000000000000000e+00
0.000000000000000000e+00
0.000000000000000000e+00
0.000000000000000000e+00
0.000000000000000000e+00
0.000000000000000000e+00
0.000000000000000000e+00
0.000000000000000000e+00
0.000000000000000000e+00
0.000000000000000000e+00
0.000000000000000000e+00
0.000000000000000000e+00
0.000000000000000000e+00
0.000000000000000000e+00
0.000000000000000000e+00
0.000000000000000000e+00
0.000000000000000000e+00
0.000000000000000000e+00
0.000000000000000000e+00
0.000000000000000000e+00
0.000000000000000000e+00
0.000000000000000000e+00
0.000000000000000000e+00
0.000000000000000000e+00
0.000000000000000000e+00
0.000000000000000000e+00
0.000000000000000000e+00
0.000000000000000000e+00
0.000000000000000000e+00
0.000000000000000000e+00
0.000000000000000000e+00
0.000000000000000000e+00
0.000000000000000000e+00
0.000000000000000000e+00
0.000000000000000000e+00
0.000000000000000000e+00
0.000000000000000000e+00
0.000000000000000000e+00
0.000000000000000000e+00
0.000000000000000000e+00
0.000000000000000000e+00
0.000000000000000000e+00
0.000000000000000000e+00
0.000000000000000000e+00
0.000000000000000000e+00
0.000000000000000000e+00
0.000000000000000000e+00
0.000000000000000000e+00
0.000000000000000000e+00
0.000000000000000000e+00
0.000000000000000000e+00
0.000000000000000000e+00
0.000000000000000000e+00
0.000000000000000000e+00
0.000000000000000000e+00
0.000000000000000000e+00
0.000000000000000000e+00
0.000000000000000000e+00
0.000000000000000000e+00
0.000000000000000000e+00
0.000000000000000000e+00
0.000000000000000000e+00
0.000000000000000000e+00
0.000000000000000000e+00
0.000000000000000000e+00
0.000000000000000000e+00
0.000000000000000000e+00
0.000000000000000000e+00
0.000000000000000000e+00
0.000000000000000000e+00
0.000000000000000000e+00
0.000000000000000000e+00
0.000000000000000000e+00
0.000000000000000000e+00
0.000000000000000000e+00
0.000000000000000000e+00
0.000000000000000000e+00
0.000000000000000000e+00
0.000000000000000000e+00
0.000000000000000000e+00
0.000000000000000000e+00
0.000000000000000000e+00
0.000000000000000000e+00
0.000000000000000000e+00
0.000000000000000000e+00
0.000000000000000000e+00
0.000000000000000000e+00
0.000000000000000000e+00
0.000000000000000000e+00
0.000000000000000000e+00
0.000000000000000000e+00
0.000000000000000000e+00
0.000000000000000000e+00
0.000000000000000000e+00
0.000000000000000000e+00
0.000000000000000000e+00
0.000000000000000000e+00
0.000000000000000000e+00
0.000000000000000000e+00
0.000000000000000000e+00
0.000000000000000000e+00
0.000000000000000000e+00
0.000000000000000000e+00
0.000000000000000000e+00
0.000000000000000000e+00
0.000000000000000000e+00
0.000000000000000000e+00
0.000000000000000000e+00
0.000000000000000000e+00
0.000000000000000000e+00
0.000000000000000000e+00
0.000000000000000000e+00
0.000000000000000000e+00
0.000000000000000000e+00
0.000000000000000000e+00
0.000000000000000000e+00
0.000000000000000000e+00
0.000000000000000000e+00
0.000000000000000000e+00
0.000000000000000000e+00
0.000000000000000000e+00
0.000000000000000000e+00
0.000000000000000000e+00
0.000000000000000000e+00
0.000000000000000000e+00
0.000000000000000000e+00
0.000000000000000000e+00
0.000000000000000000e+00
0.000000000000000000e+00
0.000000000000000000e+00
0.000000000000000000e+00
0.000000000000000000e+00
0.000000000000000000e+00
0.000000000000000000e+00
0.000000000000000000e+00
0.000000000000000000e+00
0.000000000000000000e+00
0.000000000000000000e+00
0.000000000000000000e+00
0.000000000000000000e+00
0.000000000000000000e+00
0.000000000000000000e+00
0.000000000000000000e+00
0.000000000000000000e+00
0.000000000000000000e+00
0.000000000000000000e+00
0.000000000000000000e+00
0.000000000000000000e+00
0.000000000000000000e+00
0.000000000000000000e+00
0.000000000000000000e+00
0.000000000000000000e+00
0.000000000000000000e+00
0.000000000000000000e+00
0.000000000000000000e+00
0.000000000000000000e+00
0.000000000000000000e+00
0.000000000000000000e+00
0.000000000000000000e+00
0.000000000000000000e+00
0.000000000000000000e+00
0.000000000000000000e+00
0.000000000000000000e+00
0.000000000000000000e+00
0.000000000000000000e+00
0.000000000000000000e+00
0.000000000000000000e+00
0.000000000000000000e+00
0.000000000000000000e+00
0.000000000000000000e+00
0.000000000000000000e+00
0.000000000000000000e+00
0.000000000000000000e+00
0.000000000000000000e+00
0.000000000000000000e+00
0.000000000000000000e+00
0.000000000000000000e+00
0.000000000000000000e+00
0.000000000000000000e+00
0.000000000000000000e+00
0.000000000000000000e+00
0.000000000000000000e+00
0.000000000000000000e+00
0.000000000000000000e+00
0.000000000000000000e+00
0.000000000000000000e+00
0.000000000000000000e+00
0.000000000000000000e+00
0.000000000000000000e+00
0.000000000000000000e+00
0.000000000000000000e+00
0.000000000000000000e+00
0.000000000000000000e+00
0.000000000000000000e+00
0.000000000000000000e+00
0.000000000000000000e+00
0.000000000000000000e+00
0.000000000000000000e+00
0.000000000000000000e+00
0.000000000000000000e+00
0.000000000000000000e+00
0.000000000000000000e+00
0.000000000000000000e+00
0.000000000000000000e+00
0.000000000000000000e+00
0.000000000000000000e+00
0.000000000000000000e+00
0.000000000000000000e+00
0.000000000000000000e+00
0.000000000000000000e+00
0.000000000000000000e+00
0.000000000000000000e+00
0.000000000000000000e+00
0.000000000000000000e+00
0.000000000000000000e+00
0.000000000000000000e+00
0.000000000000000000e+00
0.000000000000000000e+00
0.000000000000000000e+00
0.000000000000000000e+00
0.000000000000000000e+00
0.000000000000000000e+00
0.000000000000000000e+00
0.000000000000000000e+00
0.000000000000000000e+00
0.000000000000000000e+00
0.000000000000000000e+00
0.000000000000000000e+00
0.000000000000000000e+00
0.000000000000000000e+00
0.000000000000000000e+00
0.000000000000000000e+00
0.000000000000000000e+00
0.000000000000000000e+00
0.000000000000000000e+00
0.000000000000000000e+00
0.000000000000000000e+00
0.000000000000000000e+00
0.000000000000000000e+00
0.000000000000000000e+00
0.000000000000000000e+00
0.000000000000000000e+00
0.000000000000000000e+00
0.000000000000000000e+00
0.000000000000000000e+00
0.000000000000000000e+00
0.000000000000000000e+00
0.000000000000000000e+00
0.000000000000000000e+00
0.000000000000000000e+00
0.000000000000000000e+00
0.000000000000000000e+00
0.000000000000000000e+00
0.000000000000000000e+00
0.000000000000000000e+00
0.000000000000000000e+00
0.000000000000000000e+00
0.000000000000000000e+00
0.000000000000000000e+00
0.000000000000000000e+00
0.000000000000000000e+00
0.000000000000000000e+00
0.000000000000000000e+00
0.000000000000000000e+00
0.000000000000000000e+00
0.000000000000000000e+00
0.000000000000000000e+00
0.000000000000000000e+00
0.000000000000000000e+00
0.000000000000000000e+00
0.000000000000000000e+00
0.000000000000000000e+00
0.000000000000000000e+00
0.000000000000000000e+00
0.000000000000000000e+00
0.000000000000000000e+00
0.000000000000000000e+00
0.000000000000000000e+00
0.000000000000000000e+00
0.000000000000000000e+00
0.000000000000000000e+00
0.000000000000000000e+00
0.000000000000000000e+00
0.000000000000000000e+00
0.000000000000000000e+00
0.000000000000000000e+00
0.000000000000000000e+00
0.000000000000000000e+00
0.000000000000000000e+00
0.000000000000000000e+00
0.000000000000000000e+00
0.000000000000000000e+00
0.000000000000000000e+00
0.000000000000000000e+00
0.000000000000000000e+00
0.000000000000000000e+00
0.000000000000000000e+00
0.000000000000000000e+00
0.000000000000000000e+00
0.000000000000000000e+00
0.000000000000000000e+00
0.000000000000000000e+00
0.000000000000000000e+00
0.000000000000000000e+00
0.000000000000000000e+00
0.000000000000000000e+00
0.000000000000000000e+00
0.000000000000000000e+00
0.000000000000000000e+00
0.000000000000000000e+00
0.000000000000000000e+00
0.000000000000000000e+00
0.000000000000000000e+00
0.000000000000000000e+00
0.000000000000000000e+00
0.000000000000000000e+00
0.000000000000000000e+00
0.000000000000000000e+00
0.000000000000000000e+00
0.000000000000000000e+00
0.000000000000000000e+00
0.000000000000000000e+00
0.000000000000000000e+00
0.000000000000000000e+00
0.000000000000000000e+00
0.000000000000000000e+00
0.000000000000000000e+00
0.000000000000000000e+00
0.000000000000000000e+00
0.000000000000000000e+00
0.000000000000000000e+00
0.000000000000000000e+00
0.000000000000000000e+00
0.000000000000000000e+00
0.000000000000000000e+00
0.000000000000000000e+00
0.000000000000000000e+00
0.000000000000000000e+00
0.000000000000000000e+00
0.000000000000000000e+00
0.000000000000000000e+00
0.000000000000000000e+00
0.000000000000000000e+00
0.000000000000000000e+00
0.000000000000000000e+00
0.000000000000000000e+00
0.000000000000000000e+00
0.000000000000000000e+00
0.000000000000000000e+00
0.000000000000000000e+00
0.000000000000000000e+00
0.000000000000000000e+00
0.000000000000000000e+00
0.000000000000000000e+00
0.000000000000000000e+00
0.000000000000000000e+00
0.000000000000000000e+00
0.000000000000000000e+00
0.000000000000000000e+00
0.000000000000000000e+00
0.000000000000000000e+00
0.000000000000000000e+00
0.000000000000000000e+00
0.000000000000000000e+00
0.000000000000000000e+00
0.000000000000000000e+00
0.000000000000000000e+00
0.000000000000000000e+00
0.000000000000000000e+00
0.000000000000000000e+00
0.000000000000000000e+00
0.000000000000000000e+00
0.000000000000000000e+00
0.000000000000000000e+00
0.000000000000000000e+00
0.000000000000000000e+00
0.000000000000000000e+00
0.000000000000000000e+00
0.000000000000000000e+00
0.000000000000000000e+00
0.000000000000000000e+00
0.000000000000000000e+00
0.000000000000000000e+00
0.000000000000000000e+00
nan
