# bin_8_2
-2.415425877004315470e-07
6.333054223194411823e-09
-5.726407083909193224e-08
5.722808883646865597e-08
-4.437969735337102536e-08
6.326272129482901698e-08
-5.908817859818803783e-08
6.318348893297786069e-08
-5.369176148819900169e-08
3.898392404457630244e-08
-4.058997987604834351e-08
8.095618194070298759e-09
2.152285166163714090e-08
7.319684792569260014e-08
9.840452985788518512e-08
2.983722751327826300e-08
-5.930932692707288547e-08
-9.094939711773641515e-08
-5.873565638371035898e-08
-1.054851170890552132e-08
2.593273738046456184e-08
3.737020562791673271e-08
3.328033392253191991e-08
2.870829045292737116e-08
2.486116798270961309e-08
2.239144495920831075e-08
2.612597485882563125e-08
3.607748695020954960e-08
4.723364748946426979e-08
5.641830651694594904e-08
6.171686026864384895e-08
6.454572242378004493e-08
6.676412257865081665e-08
6.798065573724551057e-08
6.797218734677762936e-08
6.663314052404721768e-08
6.393895982221437682e-08
4.393692161657704998e-08
2.471061768495029838e-09
-4.636735998704086888e-08
-9.239873032876263571e-08
-1.284295507555567520e-07
-1.495406350254254954e-07
-1.525386828988015345e-07
-1.384686617001410843e-07
-1.143832320903270182e-07
-8.592337094689630533e-08
-5.738426261604299645e-08
-3.198992540567390641e-08
-1.211296773378672512e-08
5.493078649038397784e-10
4.833620682603996655e-09
4.627029673428670126e-09
4.383774882406648362e-09
4.118865961707689207e-09
3.844366529797968665e-09
3.569901954074079634e-09
3.303080427644870990e-09
3.049842597265911534e-09
2.814752192491918880e-09
2.601237841759947003e-09
2.389916353073275859e-09
2.167603066915712399e-09
1.944607019837296396e-09
1.729267162117460080e-09
1.528261643055593105e-09
1.346869916066481127e-09
1.189195024882825166e-09
1.058352235025656764e-09
9.566291818908121487e-10
8.856218816467244743e-10
8.463502638934026570e-10
8.496761925656047826e-10
9.003051947692228800e-10
9.904502236703786094e-10
1.113287773874923218e-09
1.262843452287783690e-09
1.433891507060069205e-09
1.621866525003207013e-09
1.822785750877153446e-09
2.033180689980594525e-09
2.250036833829189827e-09
2.470740501880879098e-09
2.693031924023836248e-09
2.914963802049429307e-09
3.171419590005482789e-09
3.483923360994289890e-09
3.832860154976517485e-09
4.201231214309470982e-09
4.574356044143071875e-09
4.939607875385262070e-09
5.286178671437221878e-09
5.604870287089623488e-09
5.887908795523032399e-09
6.128779355309155990e-09
6.322079300557948971e-09
6.463387409820370071e-09
6.549147548135390471e-09
6.576565086091059181e-09
6.543514683739777064e-09
6.448458188940690881e-09
6.166310018162680139e-09
5.615944287262779353e-09
4.856901342946961857e-09
3.942249145139474154e-09
2.919200744241672165e-09
1.829673219170371784e-09
7.107938229738113313e-10
-4.046415103696668256e-10
-1.487752672830724821e-09
-2.513198748975008637e-09
-3.458836508989696473e-09
-4.305410670317318281e-09
-5.036272905876352816e-09
-5.637126877217017531e-09
-6.095796839887250699e-09
-6.402017609235387006e-09
-6.547243890930861897e-09
-6.524477174350996286e-09
-6.402853441807131653e-09
-6.258112465011717564e-09
-6.093961706103580493e-09
-5.913779205381168030e-09
-5.720639922171063174e-09
-5.517339961014183529e-09
-5.306418859968701814e-09
-5.090180102228249957e-09
-4.870709998112611683e-09
-4.649895071661479528e-09
-4.429438074419567949e-09
-4.210872738428400431e-09
-3.995577370831728905e-09
-3.784787383764888600e-09
-3.579606845249560510e-09
-3.381019129579604919e-09
-3.189896739092057889e-09
-3.007010363211064567e-09
-2.833037235174892615e-09
-2.668568841858668447e-09
-2.514118037544326535e-09
-2.370125608322524091e-09
-2.228259452880131375e-09
-2.081158874382820207e-09
-1.930553335686538594e-09
-1.778023935696656972e-09
-1.625014056384665527e-09
-1.472839259598500453e-09
-1.322696488204444080e-09
-1.175672621932637628e-09
-1.032752434469009362e-09
-8.948259948153531721e-10
-7.626955526987990583e-10
-6.370819448300767493e-10
-5.186305560636762936e-10
-4.079168669826499960e-10
-3.054516170996233700e-10
-2.116856107150127052e-10
-1.270141904908004413e-10
-5.178140196775679963e-11
1.371612943489673268e-11
6.922558895880609157e-11
1.145346120475490081e-10
1.494681556839600312e-10
1.738855855502413036e-10
1.876779641760743430e-10
1.907655262939464305e-10
1.844473315433083151e-10
1.706860966764942085e-10
1.503719914129472112e-10
1.243367393526859980e-10
9.335705396703689804e-11
5.815787203553003951e-11
1.941539696750645342e-11
-6.622126436903593953e-11
-1.119817549682251581e-10
-1.590132156390002834e-10
-2.068433404940182104e-10
-2.550336879578743862e-10
-3.031776812438163768e-10
-3.508987242947572403e-10
-3.978484263169947755e-10
-4.881713266333444156e-10
-5.309741846998995023e-10
-5.718621328875361493e-10
-6.106045462732195826e-10
-6.469902987516926890e-10
-6.808265880612244299e-10
-7.119378277425722806e-10
-7.653626808943168432e-10
-7.874020892245858956e-10
-8.061662312463946885e-10
-8.215510628351934870e-10
-8.426078228268712940e-10
-8.498650170190180139e-10
-8.554165189808873632e-10
-8.594329107998167912e-10
-8.620752345615270212e-10
-8.638369876153583582e-10
-8.632349804987371573e-10
-8.618168727375451825e-10
-8.570055231787866651e-10
-8.538316913285620978e-10
-8.502812637921184381e-10
-8.464482833643567548e-10
-8.382825914182829300e-10
-8.341105681040604526e-10
-8.299779002335587004e-10
-8.220991948042393496e-10
-8.184766463480659597e-10
-8.151408666519151138e-10
-8.095336845761813691e-10
-8.073555564288567367e-10
-8.044589831541149872e-10
-8.038149641752655975e-10
-8.037520595305753289e-10
-8.054887539722714260e-10
-8.073418844191923896e-10
-8.131347037442180628e-10
-8.171149456196423292e-10
-8.309427651416966999e-10
-8.413157587181158049e-10
-8.536687723704389814e-10
-8.834087002855739237e-10
-9.003707048638129853e-10
-9.374959544274950548e-10
-9.572959212991994573e-10
-9.985318660340506246e-10
-1.019658504496560128e-09
-1.062216596717846829e-09
-1.083385903521243818e-09
-1.124902878015170319e-09
-1.164598514089070238e-09
-1.183514199021481809e-09
-1.219033095414310069e-09
-1.235472986815597581e-09
-1.265342473687865996e-09
-1.290757022750898479e-09
-1.301644285338530517e-09
-1.319514756673573852e-09
-1.326403431567261865e-09
-1.335877041876878383e-09
-1.339368646563762159e-09
-1.338790887452656896e-09
-1.332851587186377462e-09
-1.320381021720411740e-09
-1.311647908543985219e-09
-1.200730249389091059e-09
-9.250067994633286381e-10
-5.108694089353952592e-10
-2.595518116747193768e-10
3.173739797896505118e-10
9.757892234153551691e-10
1.696162975655115031e-09
2.073936197817704402e-09
2.854210530863140112e-09
3.654590299160267319e-09
4.460828125030642505e-09
5.259948898297002084e-09
5.653110770267041664e-09
6.419785833787082292e-09
7.151884090917613518e-09
7.840199955550381352e-09
8.476433964787912589e-09
9.053126422717505364e-09
9.563595674137447704e-09
1.000188067897811547e-08
1.036268758261725394e-08
1.064133999981944962e-08
1.083373275081771728e-08
1.093628880722320303e-08
1.094591922314169775e-08
1.085998584321039789e-08
1.070008690840786519e-08
1.049349665644672182e-08
1.024609344039969258e-08
9.963356677373692776e-09
9.650391062028188932e-09
9.311949306737111124e-09
8.952453501772008141e-09
8.576015182633197501e-09
8.186454185847800493e-09
7.787316369157926113e-09
7.381890267004133591e-09
6.973222747546174177e-09
6.360253759032174729e-09
5.955357272259411208e-09
5.556185028138037129e-09
5.164866354738795975e-09
4.783359752592818553e-09
4.233389613586734254e-09
3.883953725145958461e-09
3.549985608267483181e-09
3.232796449194656489e-09
2.791047544428117017e-09
2.520771846502375495e-09
2.270966019077976636e-09
1.936422079791739062e-09
1.741213337929512351e-09
1.566492223912815346e-09
1.314768157445375796e-09
1.151779608238187235e-09
9.151655350857522818e-10
7.629946690057570160e-10
6.155153112244210265e-10
4.034798119394335838e-10
2.684742569203727764e-10
7.583472685773226921e-11
-4.584078600919948425e-11
-2.179772346880440248e-10
-3.256944404182405793e-10
-4.765367830583189739e-10
-6.143368010880199044e-10
-6.988886353831890117e-10
-8.146722385671596980e-10
-8.844720610290062943e-10
-9.780667855953975359e-10
-1.058339421431960678e-09
-1.104469040382803757e-09
-1.162629124125270436e-09
-1.207622676126472588e-09
-1.230355241937911472e-09
-1.253651923613860879e-09
-1.264113338404226614e-09
-1.261899129440502486e-09
-1.253467087905331442e-09
-1.229582936175924873e-09
-1.192859653186808690e-09
-1.145214695870747539e-09
-1.088421856578758719e-09
-1.046292751074805773e-09
-9.778348534530894745e-10
-9.043271379483388571e-10
-8.270933071371227768e-10
-7.473527036559751889e-10
-6.662272323739772870e-10
-5.847478311348239955e-10
-5.038605204630813449e-10
-4.244320604777733455e-10
-3.472552412664676886e-10
-2.730538311310365224e-10
-2.024872054111388780e-10
-1.361546770122237341e-10
-7.459954830118040669e-11
-7.992649819960825984e-13
4.778246869112662245e-11
9.013342391351015241e-11
1.259122036823374809e-10
1.548158150318542950e-10
1.765770047224818567e-10
1.940815277320679215e-10
1.983201449257613086e-10
1.960507499961908245e-10
1.896300690147048187e-10
1.828914610014509633e-10
1.747486087627613780e-10
1.620585255624538415e-10
1.514113642587650590e-10
1.399911957553324003e-10
1.238421938787036007e-10
1.112339070739521828e-10
9.402438643440722475e-11
8.098374628937752309e-11
6.364111343744239744e-11
5.080724495142232205e-11
3.411361439885648560e-11
2.202387405109837696e-11
6.634625289455701829e-12
-7.758136327586963945e-12
-1.780234107544202875e-11
-3.007849306990254912e-11
-4.096062907606479025e-11
-4.813748612237543678e-11
-5.631078713500142642e-11
-6.280514544822156312e-11
-6.754035677906938950e-11
-7.044717383704094425e-11
-7.139146096223375908e-11
-7.090899568664800195e-11
-6.734666356307742837e-11
-6.054609837061771439e-11
-5.084070916147425493e-11
-3.854186176260402940e-11
-2.394022493698544960e-11
-7.307033164664634348e-12
1.110472854778842282e-11
3.105921279250759682e-11
5.233666612777682347e-11
7.473244931487450263e-11
9.805611734775777640e-11
1.282469202512166412e-10
1.530297516001952268e-10
1.782094593821251851e-10
2.036468970430880720e-10
2.356106130887162964e-10
2.611710412910461493e-10
2.866042841018983526e-10
3.180655592248823832e-10
3.428592594535810876e-10
3.672289400921317548e-10
3.969792306560299033e-10
4.201257558287264447e-10
4.481392033696732213e-10
4.697455071347136822e-10
4.956647449954661874e-10
5.163789323604459249e-10
5.434578693918195143e-10
5.715673700526533457e-10
5.946050462334712873e-10
6.238683942541395368e-10
6.534231368232661401e-10
6.771258471776063328e-10
7.066544820524185644e-10
7.358953960104851521e-10
7.646748557152362171e-10
7.928346391897550126e-10
8.202309594864652918e-10
8.467334603536236801e-10
8.672123101023450915e-10
8.918167572855883827e-10
9.152260975187324244e-10
9.416174475512003647e-10
9.621033553693487282e-10
9.811470077660417842e-10
9.986890375530771761e-10
1.014677541451830040e-09
1.029067539078936090e-09
1.044171635295284524e-09
1.054917518737724689e-09
1.063961806221578665e-09
1.071283451568279341e-09
1.077978179118608651e-09
1.082719617653883472e-09
1.087615636443090309e-09
1.091040491829721136e-09
1.094373013729064602e-09
1.096509966604296036e-09
1.098316546661013828e-09
1.099199229860624587e-09
1.099522704422883012e-09
1.099056778569249532e-09
1.098075954609657263e-09
1.096200839911434618e-09
1.093578599093367687e-09
1.090224859637713010e-09
1.086155513336030946e-09
1.081386659645932924e-09
1.075934554129587361e-09
1.069815561572330969e-09
1.063046113411067031e-09
1.055642669131030419e-09
1.047621681316042064e-09
1.038999564061830212e-09
1.029792664484512829e-09
1.020017237077042605e-09
1.009689420685538915e-09
9.969634839503915059e-10
9.853984418821638790e-10
9.690685411221395234e-10
9.420543897442526934e-10
9.130334126531801511e-10
8.734254840216073593e-10
8.353732288958257552e-10
7.871330532825444487e-10
7.431971992848339264e-10
6.897265707355799529e-10
6.346739027848921745e-10
5.788128423344127994e-10
5.308277070573835015e-10
4.753010394911317047e-10
4.208357163533149990e-10
3.679798207385682479e-10
3.172323573776857400e-10
2.690466308506838614e-10
2.238334004791207586e-10
1.819638269939778441e-10
1.437722250080381501e-10
1.095586343335277863e-10
7.959122227137541927e-11
5.084687468938844212e-11
3.074643596369629147e-11
1.555167359530354048e-11
4.395429025609078192e-12
2.185017410985176060e-13
0.000000000000000000e+00
0.000000000000000000e+00
0.000000000000000000e+00
0.000000000000000000e+00
0.000000000000000000e+00
0.000000000000000000e+00
0.000000000000000000e+00
0.000000000000000000e+00
0.000000000000000000e+00
0.000000000000000000e+00
0.000000000000000000e+00
0.000000000000000000e+00
0.000000000000000000e+00
0.000000000000000000e+00
0.000000000000000000e+00
0.000000000000000000e+00
0.000000000000000000e+00
0.000000000000000000e+00
0.000000000000000000e+00
0.000000000000000000e+00
0.000000000000000000e+00
0.000000000000000000e+00
0.000000000000000000e+00
0.000000000000000000e+00
0.000000000000000000e+00
0.000000000000000000e+00
0.000000000000000000e+00
0.000000000000000000e+00
0.000000000000000000e+00
0.000000000000000000e+00
0.000000000000000000e+00
0.000000000000000000e+00
0.000000000000000000e+00
0.000000000000000000e+00
0.000000000000000000e+00
0.000000000000000000e+00
0.000000000000000000e+00
0.000000000000000000e+00
0.000000000000000000e+00
0.000000000000000000e+00
0.000000000000000000e+00
0.000000000000000000e+00
0.000000000000000000e+00
0.000000000000000000e+00
0.000000000000000000e+00
0.000000000000000000e+00
0.000000000000000000e+00
0.000000000000000000e+00
0.000000000000000000e+00
0.000000000000000000e+00
0.000000000000000000e+00
0.000000000000000000e+00
0.000000000000000000e+00
0.000000000000000000e+00
0.000000000000000000e+00
0.000000000000000000e+00
0.000000000000000000e+00
0.000000000000000000e+00
0.000000000000000000e+00
0.000000000000000000e+00
0.000000000000000000e+00
0.000000000000000000e+00
0.000000000000000000e+00
0.000000000000000000e+00
0.000000000000000000e+00
0.000000000000000000e+00
0.000000000000000000e+00
0.000000000000000000e+00
0.000000000000000000e+00
0.000000000000000000e+00
0.000000000000000000e+00
0.000000000000000000e+00
0.000000000000000000e+00
0.000000000000000000e+00
0.000000000000000000e+00
0.000000000000000000e+00
0.000000000000000000e+00
0.000000000000000000e+00
0.000000000000000000e+00
0.000000000000000000e+00
0.000000000000000000e+00
0.000000000000000000e+00
0.000000000000000000e+00
0.000000000000000000e+00
0.000000000000000000e+00
0.000000000000000000e+00
0.000000000000000000e+00
0.000000000000000000e+00
0.000000000000000000e+00
0.000000000000000000e+00
0.000000000000000000e+00
0.000000000000000000e+00
0.000000000000000000e+00
0.000000000000000000e+00
0.000000000000000000e+00
0.000000000000000000e+00
0.000000000000000000e+00
0.000000000000000000e+00
0.000000000000000000e+00
0.000000000000000000e+00
0.000000000000000000e+00
0.000000000000000000e+00
0.000000000000000000e+00
0.000000000000000000e+00
0.000000000000000000e+00
0.000000000000000000e+00
0.000000000000000000e+00
0.000000000000000000e+00
0.000000000000000000e+00
0.000000000000000000e+00
0.000000000000000000e+00
0.000000000000000000e+00
0.000000000000000000e+00
0.000000000000000000e+00
0.000000000000000000e+00
0.000000000000000000e+00
0.000000000000000000e+00
0.000000000000000000e+00
0.000000000000000000e+00
0.000000000000000000e+00
0.000000000000000000e+00
0.000000000000000000e+00
0.000000000000000000e+00
0.000000000000000000e+00
0.000000000000000000e+00
0.000000000000000000e+00
0.000000000000000000e+00
0.000000000000000000e+00
0.000000000000000000e+00
0.000000000000000000e+00
0.000000000000000000e+00
0.000000000000000000e+00
0.000000000000000000e+00
0.000000000000000000e+00
0.000000000000000000e+00
0.000000000000000000e+00
0.000000000000000000e+00
0.000000000000000000e+00
0.000000000000000000e+00
0.000000000000000000e+00
0.000000000000000000e+00
0.000000000000000000e+00
0.000000000000000000e+00
0.000000000000000000e+00
0.000000000000000000e+00
0.000000000000000000e+00
0.000000000000000000e+00
0.000000000000000000e+00
0.000000000000000000e+00
0.000000000000000000e+00
0.000000000000000000e+00
0.000000000000000000e+00
0.000000000000000000e+00
0.000000000000000000e+00
0.000000000000000000e+00
0.000000000000000000e+00
0.000000000000000000e+00
0.000000000000000000e+00
0.000000000000000000e+00
0.000000000000000000e+00
0.000000000000000000e+00
0.000000000000000000e+00
0.000000000000000000e+00
0.000000000000000000e+00
0.000000000000000000e+00
0.000000000000000000e+00
0.000000000000000000e+00
0.000000000000000000e+00
0.000000000000000000e+00
0.000000000000000000e+00
0.000000000000000000e+00
0.000000000000000000e+00
0.000000000000000000e+00
0.000000000000000000e+00
0.000000000000000000e+00
0.000000000000000000e+00
0.000000000000000000e+00
0.000000000000000000e+00
0.000000000000000000e+00
0.000000000000000000e+00
0.000000000000000000e+00
0.000000000000000000e+00
0.000000000000000000e+00
0.000000000000000000e+00
0.000000000000000000e+00
0.000000000000000000e+00
0.000000000000000000e+00
0.000000000000000000e+00
0.000000000000000000e+00
0.000000000000000000e+00
0.000000000000000000e+00
0.000000000000000000e+00
0.000000000000000000e+00
0.000000000000000000e+00
0.000000000000000000e+00
0.000000000000000000e+00
0.000000000000000000e+00
0.000000000000000000e+00
0.000000000000000000e+00
0.000000000000000000e+00
0.000000000000000000e+00
0.000000000000000000e+00
0.000000000000000000e+00
0.000000000000000000e+00
0.000000000000000000e+00
0.000000000000000000e+00
0.000000000000000000e+00
0.000000000000000000e+00
0.000000000000000000e+00
0.000000000000000000e+00
0.000000000000000000e+00
0.000000000000000000e+00
0.000000000000000000e+00
0.000000000000000000e+00
0.000000000000000000e+00
0.000000000000000000e+00
0.000000000000000000e+00
0.000000000000000000e+00
0.000000000000000000e+00
0.000000000000000000e+00
0.000000000000000000e+00
0.000000000000000000e+00
0.000000000000000000e+00
0.000000000000000000e+00
0.000000000000000000e+00
0.000000000000000000e+00
0.000000000000000000e+00
0.000000000000000000e+00
0.000000000000000000e+00
0.000000000000000000e+00
0.000000000000000000e+00
0.000000000000000000e+00
0.000000000000000000e+00
0.000000000000000000e+00
0.000000000000000000e+00
0.000000000000000000e+00
0.000000000000000000e+00
0.000000000000000000e+00
0.000000000000000000e+00
0.000000000000000000e+00
0.000000000000000000e+00
0.000000000000000000e+00
0.000000000000000000e+00
0.000000000000000000e+00
0.000000000000000000e+00
0.000000000000000000e+00
0.000000000000000000e+00
0.000000000000000000e+00
0.000000000000000000e+00
0.000000000000000000e+00
0.000000000000000000e+00
0.000000000000000000e+00
0.000000000000000000e+00
0.000000000000000000e+00
0.000000000000000000e+00
0.000000000000000000e+00
0.000000000000000000e+00
0.000000000000000000e+00
0.000000000000000000e+00
0.000000000000000000e+00
0.000000000000000000e+00
0.000000000000000000e+00
0.000000000000000000e+00
0.000000000000000000e+00
0.000000000000000000e+00
0.000000000000000000e+00
0.000000000000000000e+00
0.000000000000000000e+00
0.000000000000000000e+00
0.000000000000000000e+00
0.000000000000000000e+00
0.000000000000000000e+00
0.000000000000000000e+00
0.000000000000000000e+00
0.000000000000000000e+00
0.000000000000000000e+00
0.000000000000000000e+00
0.000000000000000000e+00
0.000000000000000000e+00
0.000000000000000000e+00
0.000000000000000000e+00
0.000000000000000000e+00
0.000000000000000000e+00
0.000000000000000000e+00
0.000000000000000000e+00
0.000000000000000000e+00
0.000000000000000000e+00
0.000000000000000000e+00
0.000000000000000000e+00
0.000000000000000000e+00
0.000000000000000000e+00
0.000000000000000000e+00
0.000000000000000000e+00
0.000000000000000000e+00
0.000000000000000000e+00
0.000000000000000000e+00
0.000000000000000000e+00
0.000000000000000000e+00
0.000000000000000000e+00
0.000000000000000000e+00
0.000000000000000000e+00
0.000000000000000000e+00
0.000000000000000000e+00
0.000000000000000000e+00
0.000000000000000000e+00
0.000000000000000000e+00
0.000000000000000000e+00
0.000000000000000000e+00
0.000000000000000000e+00
0.000000000000000000e+00
0.000000000000000000e+00
0.000000000000000000e+00
0.000000000000000000e+00
0.000000000000000000e+00
0.000000000000000000e+00
0.000000000000000000e+00
0.000000000000000000e+00
0.000000000000000000e+00
0.000000000000000000e+00
0.000000000000000000e+00
0.000000000000000000e+00
0.000000000000000000e+00
0.000000000000000000e+00
0.000000000000000000e+00
0.000000000000000000e+00
0.000000000000000000e+00
0.000000000000000000e+00
0.000000000000000000e+00
0.000000000000000000e+00
0.000000000000000000e+00
0.000000000000000000e+00
0.000000000000000000e+00
0.000000000000000000e+00
0.000000000000000000e+00
0.000000000000000000e+00
0.000000000000000000e+00
0.000000000000000000e+00
0.000000000000000000e+00
0.000000000000000000e+00
0.000000000000000000e+00
0.000000000000000000e+00
0.000000000000000000e+00
0.000000000000000000e+00
0.000000000000000000e+00
0.000000000000000000e+00
0.000000000000000000e+00
0.000000000000000000e+00
0.000000000000000000e+00
0.000000000000000000e+00
0.000000000000000000e+00
0.000000000000000000e+00
0.000000000000000000e+00
0.000000000000000000e+00
0.000000000000000000e+00
0.000000000000000000e+00
0.000000000000000000e+00
0.000000000000000000e+00
0.000000000000000000e+00
0.000000000000000000e+00
0.000000000000000000e+00
0.000000000000000000e+00
0.000000000000000000e+00
0.000000000000000000e+00
0.000000000000000000e+00
0.000000000000000000e+00
0.000000000000000000e+00
0.000000000000000000e+00
0.000000000000000000e+00
0.000000000000000000e+00
0.000000000000000000e+00
0.000000000000000000e+00
0.000000000000000000e+00
0.000000000000000000e+00
0.000000000000000000e+00
0.000000000000000000e+00
0.000000000000000000e+00
0.000000000000000000e+00
0.000000000000000000e+00
0.000000000000000000e+00
0.000000000000000000e+00
0.000000000000000000e+00
0.000000000000000000e+00
0.000000000000000000e+00
0.000000000000000000e+00
0.000000000000000000e+00
0.000000000000000000e+00
0.000000000000000000e+00
0.000000000000000000e+00
0.000000000000000000e+00
0.000000000000000000e+00
0.000000000000000000e+00
0.000000000000000000e+00
0.000000000000000000e+00
0.000000000000000000e+00
0.000000000000000000e+00
0.000000000000000000e+00
0.000000000000000000e+00
0.000000000000000000e+00
0.000000000000000000e+00
0.000000000000000000e+00
0.000000000000000000e+00
0.000000000000000000e+00
0.000000000000000000e+00
0.000000000000000000e+00
0.000000000000000000e+00
0.000000000000000000e+00
0.000000000000000000e+00
0.000000000000000000e+00
0.000000000000000000e+00
0.000000000000000000e+00
0.000000000000000000e+00
0.000000000000000000e+00
0.000000000000000000e+00
0.000000000000000000e+00
0.000000000000000000e+00
0.000000000000000000e+00
0.000000000000000000e+00
0.000000000000000000e+00
0.000000000000000000e+00
0.000000000000000000e+00
0.000000000000000000e+00
0.000000000000000000e+00
0.000000000000000000e+00
0.000000000000000000e+00
0.000000000000000000e+00
0.000000000000000000e+00
0.000000000000000000e+00
0.000000000000000000e+00
0.000000000000000000e+00
0.000000000000000000e+00
0.000000000000000000e+00
0.000000000000000000e+00
0.000000000000000000e+00
0.000000000000000000e+00
0.000000000000000000e+00
0.000000000000000000e+00
0.000000000000000000e+00
0.000000000000000000e+00
0.000000000000000000e+00
0.000000000000000000e+00
0.000000000000000000e+00
0.000000000000000000e+00
0.000000000000000000e+00
0.000000000000000000e+00
0.000000000000000000e+00
0.000000000000000000e+00
0.000000000000000000e+00
0.000000000000000000e+00
0.000000000000000000e+00
0.000000000000000000e+00
0.000000000000000000e+00
0.000000000000000000e+00
0.000000000000000000e+00
0.000000000000000000e+00
0.000000000000000000e+00
0.000000000000000000e+00
0.000000000000000000e+00
0.000000000000000000e+00
0.000000000000000000e+00
0.000000000000000000e+00
0.000000000000000000e+00
0.000000000000000000e+00
0.000000000000000000e+00
0.000000000000000000e+00
0.000000000000000000e+00
0.000000000000000000e+00
0.000000000000000000e+00
0.000000000000000000e+00
0.000000000000000000e+00
0.000000000000000000e+00
0.000000000000000000e+00
0.000000000000000000e+00
0.000000000000000000e+00
0.000000000000000000e+00
0.000000000000000000e+00
0.000000000000000000e+00
0.000000000000000000e+00
0.000000000000000000e+00
0.000000000000000000e+00
0.000000000000000000e+00
0.000000000000000000e+00
0.000000000000000000e+00
0.000000000000000000e+00
0.000000000000000000e+00
0.000000000000000000e+00
0.000000000000000000e+00
0.000000000000000000e+00
0.000000000000000000e+00
0.000000000000000000e+00
0.000000000000000000e+00
0.000000000000000000e+00
0.000000000000000000e+00
0.000000000000000000e+00
0.000000000000000000e+00
0.000000000000000000e+00
0.000000000000000000e+00
0.000000000000000000e+00
0.000000000000000000e+00
0.000000000000000000e+00
0.000000000000000000e+00
0.000000000000000000e+00
0.000000000000000000e+00
0.000000000000000000e+00
0.000000000000000000e+00
0.000000000000000000e+00
0.000000000000000000e+00
0.000000000000000000e+00
0.000000000000000000e+00
0.000000000000000000e+00
0.000000000000000000e+00
0.000000000000000000e+00
0.000000000000000000e+00
0.000000000000000000e+00
0.000000000000000000e+00
0.000000000000000000e+00
0.000000000000000000e+00
nan
