# bin_21_20
-1.291460903552271614e-07
-1.256148794996976256e-07
-1.200772278304723944e-07
-1.158460681438485604e-07
-1.095297411841624085e-07
-1.055072543449458575e-07
-9.807974251355753765e-08
-9.435638178346853136e-08
-8.749315045777799303e-08
-8.264785478091057730e-08
-7.730482474288732133e-08
-7.217557549355429690e-08
-6.706078270901819036e-08
-6.228579285321262755e-08
-5.752728143075349315e-08
-5.282507366937527584e-08
-4.828665878012564042e-08
-4.372225699957213443e-08
-3.923394075547585883e-08
-3.501243815235266973e-08
-3.108932404799709420e-08
-2.747238271349127013e-08
-2.414459416499905857e-08
-2.093792611215292752e-08
-1.770395407873167222e-08
-1.436939897913568191e-08
-1.096356694716058827e-08
-7.638281494228581240e-09
-4.498207795594382334e-09
-1.604977267736350783e-09
1.009102101822321910e-09
3.225381224751836159e-09
5.109457084514133955e-09
6.859391175929756582e-09
8.609054693192629894e-09
1.044591493187302994e-08
1.242403847140103266e-08
1.464731849489302596e-08
1.701476825462041938e-08
1.931273436863712315e-08
2.139062511702391703e-08
2.314569367189869025e-08
2.451136745569011497e-08
2.544828391272780506e-08
2.590897001351594026e-08
2.600562061142321824e-08
2.591673156944300208e-08
2.577871296952224239e-08
2.569445666693195946e-08
2.574019283914761566e-08
2.597098537462405433e-08
2.642514151824268473e-08
2.706163473419670076e-08
2.778644950575006081e-08
2.855575015778677719e-08
2.933454149149330309e-08
3.009513019048847278e-08
3.081585016433222148e-08
3.148000526712178553e-08
3.207499140865774371e-08
3.259156699526453912e-08
3.304709630466437285e-08
3.346526237948329351e-08
3.384833737370918731e-08
3.419845215381492781e-08
3.451760517200824612e-08
3.480767085177579948e-08
3.507040749229242856e-08
3.530746470370253388e-08
3.552039038910082519e-08
3.571063729161696105e-08
3.587956912662908231e-08
3.603873697275013103e-08
3.619436833871245268e-08
3.634065162120474431e-08
3.647281046965927907e-08
3.658696033210346942e-08
3.667998409210707382e-08
3.674942420657308811e-08
3.679338912023609416e-08
3.681047204450441632e-08
3.679968045420881426e-08
3.676037488298220978e-08
3.669221579234557624e-08
3.659511745608183190e-08
3.647876791880963292e-08
3.635245545271720953e-08
3.621577096866917240e-08
3.606843627806571875e-08
3.591028567695945515e-08
3.574124980688376970e-08
3.556134151405827657e-08
3.537064346360751734e-08
3.516929729581467052e-08
3.495749413786650894e-08
3.473546630756763167e-08
3.450348006556947108e-08
3.426182929017396074e-08
3.401082996406894644e-08
3.375081537572691398e-08
3.348213194990537701e-08
3.320865470184435855e-08
3.293383527714984140e-08
3.265743284583640529e-08
3.237925512857488996e-08
3.209915269083294206e-08
3.181701383905546569e-08
3.153276005577581407e-08
3.124634191736077617e-08
3.095773544413362935e-08
3.066693883798840158e-08
3.037396956737558779e-08
3.007886176378304153e-08
2.978166389761072387e-08
2.948243670470032890e-08
2.918125133777910617e-08
2.887818771974986442e-08
2.857333307814589728e-08
2.826678064220022084e-08
2.795991909728996697e-08
2.765413737759451754e-08
2.734952841986790748e-08
2.704617942383432962e-08
2.674417210634017865e-08
2.644358294735299258e-08
2.614448342772312792e-08
2.584694025868371039e-08
2.555101560311443424e-08
2.525676728863633772e-08
2.496424901263976415e-08
2.467351053937596859e-08
2.438459788926659256e-08
2.409755352060341476e-08
2.381241650382614096e-08
2.352922268857688883e-08
2.324800486373883124e-08
2.296879291067228813e-08
2.269161394986533913e-08
2.241649248121831512e-08
2.214345051818162987e-08
2.187250771596601217e-08
2.160349452226161942e-08
2.133643557496244045e-08
2.107161819581041862e-08
2.080930218020274722e-08
2.054972180369256341e-08
2.029308768694103328e-08
2.003958852938947467e-08
1.978939272113797239e-08
1.954264984179785580e-08
1.929949205442398871e-08
1.906003540202384094e-08
1.882438101358006503e-08
1.859261622600686274e-08
1.836481562798478087e-08
1.814104203118008708e-08
1.792134737395021675e-08
1.770577356226392499e-08
1.749435325222005214e-08
1.728711057823098531e-08
1.708406183064306709e-08
1.688521608629471878e-08
1.669057579526214517e-08
1.650013732681040723e-08
1.631389147735296929e-08
1.613182394302416860e-08
1.595296561591975224e-08
1.577640772168716130e-08
1.560221679722362383e-08
1.543045168459514737e-08
1.526116405239790758e-08
1.509439888439083959e-08
1.493019493748091636e-08
1.460959714911933183e-08
1.445325341800402956e-08
1.429957185944701868e-08
1.414856602230814176e-08
1.400024543323580940e-08
1.385461588793484182e-08
1.371167972419578178e-08
1.357143607781865187e-08
1.329900829461439065e-08
1.316680850400328604e-08
1.303727033133473783e-08
1.291038021315547043e-08
1.278612261521475703e-08
1.266448019483679750e-08
1.254543395300331019e-08
1.231504657264021184e-08
1.220366039134616273e-08
1.209478054472656359e-08
1.198838171501636763e-08
1.178396062775959457e-08
1.168782358052676567e-08
1.159579891828740542e-08
1.150766962505460107e-08
1.142322877889399624e-08
1.126463244992485205e-08
1.119010952930234193e-08
1.111853935890285368e-08
1.098361296448083638e-08
1.091995329709190214e-08
1.085863881635554331e-08
1.079953501413410934e-08
1.068745277810699295e-08
1.063423584821276647e-08
1.058275207151198731e-08
1.048456664905654187e-08
1.043766867797034808e-08
1.039211076792768170e-08
1.030467211581078647e-08
1.026263013487745033e-08
1.018152666386895544e-08
1.014232633550835127e-08
1.010394003461198778e-08
1.002936785782262949e-08
9.993068607508900006e-09
9.922181327815656387e-09
9.887496188523759519e-09
9.823185645782095348e-09
9.794181489582387945e-09
9.767025148632365667e-09
9.717551945870299150e-09
9.694904571836352520e-09
9.653022564372134324e-09
9.633504420574244621e-09
9.596658131718258829e-09
9.579087647283308840e-09
9.545092615702323422e-09
9.528461784740584978e-09
9.495458465292799078e-09
9.462225187645370607e-09
9.445324554459570165e-09
9.410598119940283817e-09
9.392641681853447449e-09
9.355244241148827638e-09
9.315511100519631718e-09
9.294647360717561582e-09
9.250709722265107747e-09
9.227558018726136273e-09
9.178714133505796609e-09
9.126278621536141501e-09
9.098645927336468577e-09
9.040433009846747363e-09
8.978155857191568075e-09
8.945449625370140001e-09
8.879730815799426960e-09
8.815258547235523071e-09
8.751667404126639706e-09
8.720097360205835554e-09
8.657215856434291741e-09
8.594444005029919850e-09
8.531523680016916440e-09
8.499934220626147819e-09
8.436362582310828642e-09
8.372104752282012570e-09
8.306983814468213780e-09
8.240842160862700529e-09
8.207344220708440999e-09
8.139414545125633019e-09
8.070145016506189309e-09
7.999434476089186900e-09
7.927195126375651178e-09
7.853351463147504397e-09
7.777839285340773303e-09
7.700604777086615966e-09
7.621603656663984306e-09
7.540800387503367633e-09
7.458167446745908814e-09
7.373684647198112567e-09
7.287338508832061884e-09
7.199121676266700517e-09
7.108266053905761857e-09
7.014376332769812127e-09
6.917979347579786501e-09
6.819564846486199900e-09
6.719587768925628608e-09
6.618470384111105671e-09
6.516604299016083697e-09
6.414352344117487090e-09
6.312050344611197113e-09
6.210008784300621696e-09
6.108514368882034651e-09
6.007831494907292973e-09
5.858856008477400355e-09
5.761224552753915754e-09
5.665173538107042500e-09
5.570882901215112389e-09
5.478516906736387334e-09
5.343900028422693598e-09
5.256970162719662097e-09
5.172430122031516098e-09
5.090384997707676446e-09
4.972198415569072887e-09
4.896780274282810219e-09
4.824143213657670122e-09
4.720533614821460208e-09
4.655099083993956201e-09
4.592402314446912773e-09
4.500936013964896892e-09
4.441446535104399472e-09
4.354425089844683266e-09
4.297873486010953966e-09
4.242481252075408979e-09
4.161545017086335403e-09
4.109007008755662462e-09
4.032301709925116363e-09
3.982549245529784689e-09
3.909967417177378485e-09
3.862926238458320025e-09
3.794353120503449909e-09
3.728127829330054096e-09
3.685260203544420754e-09
3.622849462271227268e-09
3.582483222570204528e-09
3.523761477005607233e-09
3.467192099908299734e-09
3.430652215235059067e-09
3.377567790066404229e-09
3.326512882301151873e-09
3.293581070286456083e-09
3.245806588487174642e-09
3.199939452566863290e-09
3.155934351770884111e-09
3.127609876748275671e-09
3.089739929612701652e-09
3.059216525419668675e-09
3.035063473043868329e-09
3.016376631555521373e-09
3.006539635376041237e-09
2.995134736063769442e-09
2.987102155505493317e-09
2.981763660106796067e-09
2.978493443913707192e-09
2.976714671090779573e-09
2.975896243316162766e-09
2.975549776970398873e-09
2.975226776065326405e-09
2.974515987848861712e-09
2.973040928937251283e-09
2.970457570674236808e-09
2.966452173201843040e-09
2.960739258455338502e-09
2.950021624470093432e-09
2.939359096788153835e-09
2.926218105143475707e-09
2.910415215688746820e-09
2.891786442386694270e-09
2.870185912126102091e-09
2.836541773172682708e-09
2.807532400529149570e-09
2.775622461142827124e-09
2.730945393368865825e-09
2.696214685379724935e-09
2.660650900597867314e-09
2.612245526398243950e-09
2.575416152697873761e-09
2.538307182032759490e-09
2.488637986671916706e-09
2.451412644031786759e-09
2.402042451326294844e-09
2.365355094833904569e-09
2.317083713074260804e-09
2.281483160295664418e-09
2.234979045884660003e-09
2.200922193957876342e-09
2.156739440869507162e-09
2.114093111837245570e-09
2.083196397571840359e-09
2.043546218245676226e-09
2.005758232159850557e-09
1.978695297782024740e-09
1.944380831021889454e-09
1.912153488478742780e-09
1.882074178115752362e-09
1.854194059523912555e-09
1.834752891200220197e-09
1.810777553552134067e-09
1.788142357762369486e-09
1.766415413335752657e-09
1.745522851150150041e-09
1.725395604997005423e-09
1.705969117178149919e-09
1.687183062447706783e-09
1.668981089102414174e-09
1.651310576106330428e-09
1.634122405212449553e-09
1.617370747114755353e-09
1.601012860730051160e-09
1.581058810181919548e-09
1.565445372603300404e-09
1.550105925920252783e-09
1.535008886041507403e-09
1.516433934868303910e-09
1.501778105124526555e-09
1.487276668710698302e-09
1.469332038344873551e-09
1.455096288955075554e-09
1.440946068682691859e-09
1.423351421420426658e-09
1.409330264200317326e-09
1.391847533439258649e-09
1.377879766472265157e-09
1.360422837166351755e-09
1.346526241407696693e-09
1.329364370034453391e-09
1.312439854608072669e-09
1.299074454431909763e-09
1.282589023673824868e-09
1.266352845131302962e-09
1.253545385312982909e-09
1.237764970281079991e-09
1.222240700398191849e-09
1.206974026971075096e-09
1.191965936660678359e-09
1.177216989193170126e-09
1.162727352406323367e-09
1.151322229280422473e-09
1.137298647099812930e-09
1.123533029203102884e-09
1.107353313375362361e-09
1.094151186723109443e-09
1.081202819448358728e-09
1.068506429758424677e-09
1.056060048282159473e-09
1.043861536128682016e-09
1.029547272585879986e-09
1.017885814194221814e-09
1.006464429157496634e-09
9.952804361254096989e-10
9.821732980228711919e-10
9.715226021656396726e-10
9.590525586575966473e-10
9.489046922094150362e-10
9.370017004554765557e-10
9.272978704381881931e-10
9.158956482884511987e-10
9.065839719624923004e-10
8.956240370143125277e-10
8.848832016990471092e-10
8.760895171119631561e-10
8.657138756764081238e-10
8.555192060327725629e-10
8.454937368217876835e-10
8.356264862364126019e-10
8.259072114969137798e-10
8.163263615919283523e-10
8.068750330657897375e-10
7.975449286479784156e-10
7.883283185349729396e-10
7.792180041481104981e-10
7.702072842034086027e-10
7.612899229407301855e-10
7.524601203702625051e-10
7.437124844040857642e-10
7.336040943924817201e-10
7.249417364305790452e-10
7.129280918888855498e-10
6.930542165347923294e-10
6.717039518792794758e-10
6.425650377728732925e-10
6.145706075672667883e-10
5.790810886189608863e-10
5.467581896423563480e-10
5.074207108510452387e-10
4.669193511948664027e-10
4.258232702182470262e-10
3.905213803308001327e-10
3.496713068044044630e-10
3.096020472515229234e-10
2.707168175627489501e-10
2.333827274681709952e-10
1.979332658342231761e-10
1.646706216670667784e-10
1.338678519286131237e-10
1.057709064860470949e-10
8.060051978873325181e-11
5.855397819366825214e-11
3.740722540517379916e-11
2.261965691157330447e-11
1.144111537161210063e-11
3.233646223446477565e-12
1.607482058751678776e-13
0.000000000000000000e+00
0.000000000000000000e+00
0.000000000000000000e+00
0.000000000000000000e+00
0.000000000000000000e+00
0.000000000000000000e+00
0.000000000000000000e+00
0.000000000000000000e+00
0.000000000000000000e+00
0.000000000000000000e+00
0.000000000000000000e+00
0.000000000000000000e+00
0.000000000000000000e+00
0.000000000000000000e+00
0.000000000000000000e+00
0.000000000000000000e+00
0.000000000000000000e+00
0.000000000000000000e+00
0.000000000000000000e+00
0.000000000000000000e+00
0.000000000000000000e+00
0.000000000000000000e+00
0.000000000000000000e+00
0.000000000000000000e+00
0.000000000000000000e+00
0.000000000000000000e+00
0.000000000000000000e+00
0.000000000000000000e+00
0.000000000000000000e+00
0.000000000000000000e+00
0.000000000000000000e+00
0.000000000000000000e+00
0.000000000000000000e+00
0.000000000000000000e+00
0.000000000000000000e+00
0.000000000000000000e+00
0.000000000000000000e+00
0.000000000000000000e+00
0.000000000000000000e+00
0.000000000000000000e+00
0.000000000000000000e+00
0.000000000000000000e+00
0.000000000000000000e+00
0.000000000000000000e+00
0.000000000000000000e+00
0.000000000000000000e+00
0.000000000000000000e+00
0.000000000000000000e+00
0.000000000000000000e+00
0.000000000000000000e+00
0.000000000000000000e+00
0.000000000000000000e+00
0.000000000000000000e+00
0.000000000000000000e+00
0.000000000000000000e+00
0.000000000000000000e+00
0.000000000000000000e+00
0.000000000000000000e+00
0.000000000000000000e+00
0.000000000000000000e+00
0.000000000000000000e+00
0.000000000000000000e+00
0.000000000000000000e+00
0.000000000000000000e+00
0.000000000000000000e+00
0.000000000000000000e+00
0.000000000000000000e+00
0.000000000000000000e+00
0.000000000000000000e+00
0.000000000000000000e+00
0.000000000000000000e+00
0.000000000000000000e+00
0.000000000000000000e+00
0.000000000000000000e+00
0.000000000000000000e+00
0.000000000000000000e+00
0.000000000000000000e+00
0.000000000000000000e+00
0.000000000000000000e+00
0.000000000000000000e+00
0.000000000000000000e+00
0.000000000000000000e+00
0.000000000000000000e+00
0.000000000000000000e+00
0.000000000000000000e+00
0.000000000000000000e+00
0.000000000000000000e+00
0.000000000000000000e+00
0.000000000000000000e+00
0.000000000000000000e+00
0.000000000000000000e+00
0.000000000000000000e+00
0.000000000000000000e+00
0.000000000000000000e+00
0.000000000000000000e+00
0.000000000000000000e+00
0.000000000000000000e+00
0.000000000000000000e+00
0.000000000000000000e+00
0.000000000000000000e+00
0.000000000000000000e+00
0.000000000000000000e+00
0.000000000000000000e+00
0.000000000000000000e+00
0.000000000000000000e+00
0.000000000000000000e+00
0.000000000000000000e+00
0.000000000000000000e+00
0.000000000000000000e+00
0.000000000000000000e+00
0.000000000000000000e+00
0.000000000000000000e+00
0.000000000000000000e+00
0.000000000000000000e+00
0.000000000000000000e+00
0.000000000000000000e+00
0.000000000000000000e+00
0.000000000000000000e+00
0.000000000000000000e+00
0.000000000000000000e+00
0.000000000000000000e+00
0.000000000000000000e+00
0.000000000000000000e+00
0.000000000000000000e+00
0.000000000000000000e+00
0.000000000000000000e+00
0.000000000000000000e+00
0.000000000000000000e+00
0.000000000000000000e+00
0.000000000000000000e+00
0.000000000000000000e+00
0.000000000000000000e+00
0.000000000000000000e+00
0.000000000000000000e+00
0.000000000000000000e+00
0.000000000000000000e+00
0.000000000000000000e+00
0.000000000000000000e+00
0.000000000000000000e+00
0.000000000000000000e+00
0.000000000000000000e+00
0.000000000000000000e+00
0.000000000000000000e+00
0.000000000000000000e+00
0.000000000000000000e+00
0.000000000000000000e+00
0.000000000000000000e+00
0.000000000000000000e+00
0.000000000000000000e+00
0.000000000000000000e+00
0.000000000000000000e+00
0.000000000000000000e+00
0.000000000000000000e+00
0.000000000000000000e+00
0.000000000000000000e+00
0.000000000000000000e+00
0.000000000000000000e+00
0.000000000000000000e+00
0.000000000000000000e+00
0.000000000000000000e+00
0.000000000000000000e+00
0.000000000000000000e+00
0.000000000000000000e+00
0.000000000000000000e+00
0.000000000000000000e+00
0.000000000000000000e+00
0.000000000000000000e+00
0.000000000000000000e+00
0.000000000000000000e+00
0.000000000000000000e+00
0.000000000000000000e+00
0.000000000000000000e+00
0.000000000000000000e+00
0.000000000000000000e+00
0.000000000000000000e+00
0.000000000000000000e+00
0.000000000000000000e+00
0.000000000000000000e+00
0.000000000000000000e+00
0.000000000000000000e+00
0.000000000000000000e+00
0.000000000000000000e+00
0.000000000000000000e+00
0.000000000000000000e+00
0.000000000000000000e+00
0.000000000000000000e+00
0.000000000000000000e+00
0.000000000000000000e+00
0.000000000000000000e+00
0.000000000000000000e+00
0.000000000000000000e+00
0.000000000000000000e+00
0.000000000000000000e+00
0.000000000000000000e+00
0.000000000000000000e+00
0.000000000000000000e+00
0.000000000000000000e+00
0.000000000000000000e+00
0.000000000000000000e+00
0.000000000000000000e+00
0.000000000000000000e+00
0.000000000000000000e+00
0.000000000000000000e+00
0.000000000000000000e+00
0.000000000000000000e+00
0.000000000000000000e+00
0.000000000000000000e+00
0.000000000000000000e+00
0.000000000000000000e+00
0.000000000000000000e+00
0.000000000000000000e+00
0.000000000000000000e+00
0.000000000000000000e+00
0.000000000000000000e+00
0.000000000000000000e+00
0.000000000000000000e+00
0.000000000000000000e+00
0.000000000000000000e+00
0.000000000000000000e+00
0.000000000000000000e+00
0.000000000000000000e+00
0.000000000000000000e+00
0.000000000000000000e+00
0.000000000000000000e+00
0.000000000000000000e+00
0.000000000000000000e+00
0.000000000000000000e+00
0.000000000000000000e+00
0.000000000000000000e+00
0.000000000000000000e+00
0.000000000000000000e+00
0.000000000000000000e+00
0.000000000000000000e+00
0.000000000000000000e+00
0.000000000000000000e+00
0.000000000000000000e+00
0.000000000000000000e+00
0.000000000000000000e+00
0.000000000000000000e+00
0.000000000000000000e+00
0.000000000000000000e+00
0.000000000000000000e+00
0.000000000000000000e+00
0.000000000000000000e+00
0.000000000000000000e+00
0.000000000000000000e+00
0.000000000000000000e+00
0.000000000000000000e+00
0.000000000000000000e+00
0.000000000000000000e+00
0.000000000000000000e+00
0.000000000000000000e+00
0.000000000000000000e+00
0.000000000000000000e+00
0.000000000000000000e+00
0.000000000000000000e+00
0.000000000000000000e+00
0.000000000000000000e+00
0.000000000000000000e+00
0.000000000000000000e+00
0.000000000000000000e+00
0.000000000000000000e+00
0.000000000000000000e+00
0.000000000000000000e+00
0.000000000000000000e+00
0.000000000000000000e+00
0.000000000000000000e+00
0.000000000000000000e+00
0.000000000000000000e+00
0.000000000000000000e+00
0.000000000000000000e+00
0.000000000000000000e+00
0.000000000000000000e+00
0.000000000000000000e+00
0.000000000000000000e+00
0.000000000000000000e+00
0.000000000000000000e+00
0.000000000000000000e+00
0.000000000000000000e+00
0.000000000000000000e+00
0.000000000000000000e+00
0.000000000000000000e+00
0.000000000000000000e+00
0.000000000000000000e+00
0.000000000000000000e+00
0.000000000000000000e+00
0.000000000000000000e+00
0.000000000000000000e+00
0.000000000000000000e+00
0.000000000000000000e+00
0.000000000000000000e+00
0.000000000000000000e+00
0.000000000000000000e+00
0.000000000000000000e+00
0.000000000000000000e+00
0.000000000000000000e+00
0.000000000000000000e+00
0.000000000000000000e+00
0.000000000000000000e+00
0.000000000000000000e+00
0.000000000000000000e+00
0.000000000000000000e+00
0.000000000000000000e+00
0.000000000000000000e+00
0.000000000000000000e+00
0.000000000000000000e+00
0.000000000000000000e+00
0.000000000000000000e+00
0.000000000000000000e+00
0.000000000000000000e+00
0.000000000000000000e+00
0.000000000000000000e+00
0.000000000000000000e+00
0.000000000000000000e+00
0.000000000000000000e+00
0.000000000000000000e+00
0.000000000000000000e+00
0.000000000000000000e+00
0.000000000000000000e+00
0.000000000000000000e+00
0.000000000000000000e+00
0.000000000000000000e+00
0.000000000000000000e+00
0.000000000000000000e+00
0.000000000000000000e+00
0.000000000000000000e+00
0.000000000000000000e+00
0.000000000000000000e+00
0.000000000000000000e+00
0.000000000000000000e+00
0.000000000000000000e+00
0.000000000000000000e+00
0.000000000000000000e+00
0.000000000000000000e+00
0.000000000000000000e+00
0.000000000000000000e+00
0.000000000000000000e+00
0.000000000000000000e+00
0.000000000000000000e+00
0.000000000000000000e+00
0.000000000000000000e+00
0.000000000000000000e+00
0.000000000000000000e+00
0.000000000000000000e+00
0.000000000000000000e+00
0.000000000000000000e+00
0.000000000000000000e+00
0.000000000000000000e+00
0.000000000000000000e+00
0.000000000000000000e+00
0.000000000000000000e+00
0.000000000000000000e+00
0.000000000000000000e+00
0.000000000000000000e+00
0.000000000000000000e+00
0.000000000000000000e+00
0.000000000000000000e+00
0.000000000000000000e+00
0.000000000000000000e+00
0.000000000000000000e+00
0.000000000000000000e+00
0.000000000000000000e+00
0.000000000000000000e+00
0.000000000000000000e+00
0.000000000000000000e+00
0.000000000000000000e+00
0.000000000000000000e+00
0.000000000000000000e+00
0.000000000000000000e+00
0.000000000000000000e+00
0.000000000000000000e+00
0.000000000000000000e+00
0.000000000000000000e+00
0.000000000000000000e+00
0.000000000000000000e+00
0.000000000000000000e+00
0.000000000000000000e+00
0.000000000000000000e+00
0.000000000000000000e+00
0.000000000000000000e+00
0.000000000000000000e+00
0.000000000000000000e+00
0.000000000000000000e+00
0.000000000000000000e+00
0.000000000000000000e+00
0.000000000000000000e+00
0.000000000000000000e+00
0.000000000000000000e+00
0.000000000000000000e+00
0.000000000000000000e+00
0.000000000000000000e+00
0.000000000000000000e+00
0.000000000000000000e+00
0.000000000000000000e+00
0.000000000000000000e+00
0.000000000000000000e+00
0.000000000000000000e+00
0.000000000000000000e+00
0.000000000000000000e+00
0.000000000000000000e+00
0.000000000000000000e+00
0.000000000000000000e+00
0.000000000000000000e+00
0.000000000000000000e+00
0.000000000000000000e+00
0.000000000000000000e+00
0.000000000000000000e+00
0.000000000000000000e+00
0.000000000000000000e+00
0.000000000000000000e+00
0.000000000000000000e+00
0.000000000000000000e+00
0.000000000000000000e+00
0.000000000000000000e+00
0.000000000000000000e+00
0.000000000000000000e+00
0.000000000000000000e+00
0.000000000000000000e+00
0.000000000000000000e+00
0.000000000000000000e+00
0.000000000000000000e+00
0.000000000000000000e+00
0.000000000000000000e+00
0.000000000000000000e+00
0.000000000000000000e+00
0.000000000000000000e+00
0.000000000000000000e+00
0.000000000000000000e+00
0.000000000000000000e+00
0.000000000000000000e+00
0.000000000000000000e+00
0.000000000000000000e+00
0.000000000000000000e+00
0.000000000000000000e+00
0.000000000000000000e+00
0.000000000000000000e+00
0.000000000000000000e+00
0.000000000000000000e+00
0.000000000000000000e+00
0.000000000000000000e+00
0.000000000000000000e+00
0.000000000000000000e+00
0.000000000000000000e+00
0.000000000000000000e+00
0.000000000000000000e+00
0.000000000000000000e+00
0.000000000000000000e+00
0.000000000000000000e+00
0.000000000000000000e+00
0.000000000000000000e+00
0.000000000000000000e+00
0.000000000000000000e+00
0.000000000000000000e+00
0.000000000000000000e+00
0.000000000000000000e+00
0.000000000000000000e+00
0.000000000000000000e+00
0.000000000000000000e+00
0.000000000000000000e+00
0.000000000000000000e+00
0.000000000000000000e+00
0.000000000000000000e+00
0.000000000000000000e+00
0.000000000000000000e+00
0.000000000000000000e+00
0.000000000000000000e+00
0.000000000000000000e+00
0.000000000000000000e+00
0.000000000000000000e+00
0.000000000000000000e+00
0.000000000000000000e+00
0.000000000000000000e+00
0.000000000000000000e+00
0.000000000000000000e+00
0.000000000000000000e+00
0.000000000000000000e+00
0.000000000000000000e+00
0.000000000000000000e+00
0.000000000000000000e+00
0.000000000000000000e+00
0.000000000000000000e+00
0.000000000000000000e+00
0.000000000000000000e+00
0.000000000000000000e+00
0.000000000000000000e+00
0.000000000000000000e+00
0.000000000000000000e+00
0.000000000000000000e+00
0.000000000000000000e+00
0.000000000000000000e+00
0.000000000000000000e+00
0.000000000000000000e+00
0.000000000000000000e+00
0.000000000000000000e+00
0.000000000000000000e+00
0.000000000000000000e+00
0.000000000000000000e+00
0.000000000000000000e+00
0.000000000000000000e+00
0.000000000000000000e+00
0.000000000000000000e+00
0.000000000000000000e+00
0.000000000000000000e+00
0.000000000000000000e+00
0.000000000000000000e+00
0.000000000000000000e+00
0.000000000000000000e+00
0.000000000000000000e+00
0.000000000000000000e+00
0.000000000000000000e+00
0.000000000000000000e+00
0.000000000000000000e+00
0.000000000000000000e+00
0.000000000000000000e+00
0.000000000000000000e+00
0.000000000000000000e+00
nan
