# bin_21_10
8.254122255577089838e-10
-1.918757015097733602e-09
2.002261521869112428e-09
-1.215492632623805983e-09
2.376847721274141343e-09
-3.311407012781535081e-10
9.795046055820312848e-10
2.046207813516781612e-09
4.897271985300985628e-10
1.648191192774365428e-09
-8.197532898039186572e-10
3.083902067291651431e-09
-1.024634268649342897e-08
-5.889562861878654143e-09
-1.496162644663415480e-09
7.176715216930645022e-10
1.982713789736560966e-09
2.233727871062424701e-09
1.828688110684718270e-09
1.184641393119254812e-09
4.123779666059386504e-10
-4.161479416179379606e-10
-1.537682571867006904e-09
-2.731389631722891713e-09
-3.510149135880610995e-09
-3.620700785328905002e-09
-3.365795131608944995e-09
-3.135266779216685806e-09
-2.926169780346573261e-09
-2.735985048325268060e-09
-2.562548843801847216e-09
-2.257896829757346952e-09
-1.779076540546668897e-09
-1.245622409110808210e-09
-7.394853873151915922e-10
-3.152048382183518701e-10
-7.389673541069425684e-12
2.351042517894744626e-10
4.630970731524975629e-10
6.586650095132643484e-10
8.099367521370005313e-10
9.095624290228088179e-10
9.535482552103463040e-10
9.403689395023199226e-10
8.731961732059559535e-10
7.705490601514841103e-10
6.513512644131768559e-10
5.300633508099072828e-10
4.175887609743387423e-10
3.219993291764206610e-10
2.491171582514594319e-10
2.029818559502511528e-10
1.750370081489462791e-10
1.534898016253140983e-10
1.366840646990272071e-10
1.232662422858357439e-10
1.121344827004800985e-10
1.023963218602042918e-10
9.333346123246235125e-11
8.437241148709577687e-11
7.505999628197827894e-11
6.526969107526157785e-11
5.541015207380708006e-11
4.584575391506611585e-11
3.686781692947750620e-11
2.870626819045386518e-11
2.153950859550676276e-11
1.550276733021657764e-11
1.069517915170026004e-11
7.185781869809993757e-12
5.018599789836759301e-12
4.216952564201450728e-12
7.427639441795922245e-12
1.602712051367063663e-11
2.833134804143450449e-11
4.290857621518679931e-11
5.854638821870735828e-11
7.422298737478300066e-11
8.908218345296127707e-11
1.024115847604721102e-10
1.136235744600147189e-10
1.222387074856125274e-10
1.278712139815976707e-10
1.302163376456609348e-10
1.290392737854174410e-10
1.243808053581501354e-10
1.169436837426513090e-10
1.074560198872915617e-10
9.655299726705917386e-11
8.478726872543054563e-11
7.263819885364073828e-11
6.052008446974002241e-11
4.878946977743800054e-11
3.775165883625810509e-11
2.766651578643455616e-11
1.875363260966379582e-11
1.119693486866219508e-11
5.148787680896019194e-12
7.336569953357505791e-13
-1.948625073411009401e-12
-2.819947653272953120e-12
-2.478000776596863475e-12
-1.641696418143052706e-12
-4.198611960603665667e-13
1.090496746853998062e-12
2.803060589190683975e-12
4.641184520565409619e-12
6.536969786814490266e-12
8.430427685246593942e-12
1.026872106886952992e-11
1.200547677848058822e-11
1.360016218894953278e-11
1.501751974150456579e-11
1.622705394657226923e-11
1.720256588989016052e-11
1.792173076539937291e-11
1.836571439816065225e-11
1.851882511483899149e-11
1.836819767311135390e-11
1.805897721341649902e-11
1.774466397165042573e-11
1.742675750635044057e-11
1.710661681141338784e-11
1.678547172266584833e-11
1.646443340346306665e-11
1.614450398651540587e-11
1.582658544232053932e-11
1.551148773839718045e-11
1.519993634790882952e-11
1.489257916117717852e-11
1.458999284896330898e-11
1.429268872219557846e-11
1.400111812900506166e-11
1.371567742645585293e-11
1.343671256119614633e-11
1.316452329037590869e-11
1.289936707155330411e-11
1.264146264791925186e-11
1.239099335298669737e-11
1.214811015689936254e-11
1.191293447469515079e-11
1.168035910452368356e-11
1.144607054688279877e-11
1.121127573234116475e-11
1.097707550693461751e-11
1.074447228870550615e-11
1.051437718366389323e-11
1.028761660050246678e-11
1.006493840039139821e-11
9.847017615416833130e-12
9.634461766686433714e-12
9.427815810787675260e-12
9.227566741133395449e-12
9.034147868747966393e-12
8.847942805222072351e-12
8.669289168882443646e-12
8.498482033671542682e-12
8.335777138802083474e-12
8.181393875930845118e-12
8.035518069378078856e-12
7.898304563793251437e-12
7.769879632628301809e-12
7.650343219819019804e-12
7.539771026186603592e-12
7.438216451250214183e-12
7.345712400381205035e-12
7.353665961949632672e-12
7.537554032518761402e-12
7.874694128339742330e-12
8.343920414766471333e-12
8.925493791323195201e-12
9.601017303361709139e-12
1.035335655214815963e-11
1.202581245945636494e-11
1.291732077021280467e-11
1.382829929230667055e-11
1.474688710070474852e-11
1.566209738894161605e-11
1.656376529966297673e-11
1.744249878546056373e-11
1.828963231898081592e-11
1.985781087883168182e-11
2.056477741157810162e-11
2.121191179947246119e-11
2.179357518884700644e-11
2.230462854381611206e-11
2.274040209758231255e-11
2.309666655640378956e-11
2.355579206226111698e-11
2.365216026326229198e-11
2.365598680631404635e-11
2.356486736222411470e-11
2.309227340775690725e-11
2.272058310718475255e-11
2.227157045397514370e-11
2.175461114529561725e-11
2.117854080883172259e-11
1.988187180882324944e-11
1.917648318905243355e-11
1.844245167739895039e-11
1.691413936191416639e-11
1.613172983218201775e-11
1.534445908572086992e-11
1.455738067824926915e-11
1.300242677664728467e-11
1.224311833680249640e-11
1.150116667427572871e-11
1.008350511370227725e-11
9.414276530144548605e-12
8.775392126021433404e-12
7.599219918086086341e-12
7.066725352822573967e-12
6.123541488146960280e-12
5.716596159987655280e-12
5.354984548384100724e-12
4.773602873591841955e-12
4.556418216030280702e-12
4.274594654818161998e-12
4.211824851284758604e-12
4.978435556701653538e-12
5.934209386796991461e-12
7.223444465673070804e-12
1.066816437615004091e-11
1.276066391503427269e-11
1.753999478265823137e-11
2.017277833438179551e-11
2.579955378132920721e-11
2.874732974385926226e-11
3.480496015441841194e-11
3.787546023372099264e-11
4.400918883640024635e-11
5.002359266828731870e-11
5.294829751776787010e-11
5.856451661069353792e-11
6.123108368735537481e-11
6.622419125586337877e-11
7.069586594108399974e-11
7.271299201966589139e-11
7.626857549491603847e-11
7.779216076506364278e-11
8.029751786360679483e-11
8.204138818347248084e-11
8.261474660222504436e-11
8.314180684105256596e-11
8.281698783968112469e-11
8.232678903402146307e-11
8.053951839218497246e-11
7.769071247091586406e-11
7.393458696950932310e-11
7.176109874531976255e-11
6.690659752023546983e-11
6.147862153062288511e-11
5.559219460609769664e-11
5.251040087390061334e-11
4.613145336851650305e-11
3.954167471662693834e-11
3.282581045472142548e-11
2.606129823187591685e-11
2.268312921573823524e-11
1.597612870107035289e-11
9.385434936000111067e-12
2.966781303713393049e-12
-3.229330476878069359e-12
-9.157253425198971612e-12
-1.477584444922500923e-11
-2.004813772732363893e-11
-2.494104061371649275e-11
-2.942505048531707682e-11
-3.347399106379730499e-11
-3.706476685378609896e-11
-4.017713443694474634e-11
-4.279348945294965309e-11
-4.511893791583074978e-11
-4.736499975532583234e-11
-4.952602608578758237e-11
-5.159696685483574977e-11
-5.357332890040113217e-11
-5.545113675001454521e-11
-5.722689598080991764e-11
-5.889755897122205483e-11
-6.046049288697446510e-11
-6.191344975471172291e-11
-6.325453848663694318e-11
-6.448219872877518295e-11
-6.610834549748981355e-11
-6.704756210454446760e-11
-6.787015466678807422e-11
-6.857577070433648338e-11
-6.916427231038269129e-11
-6.982761614451336420e-11
-7.012398728655850611e-11
-7.030421741928123476e-11
-7.036894087153290654e-11
-7.025116680117749605e-11
-7.003075319847683544e-11
-6.969803820777782493e-11
-6.899094773680613813e-11
-6.838271519659465666e-11
-6.767520619557552500e-11
-6.653484203485169647e-11
-6.573754685473316112e-11
-6.449748027111209330e-11
-6.364752815696703620e-11
-6.278358094509302515e-11
-6.146937225977397250e-11
-6.058596777579661745e-11
-5.925773852237058978e-11
-5.837434024894866393e-11
-5.705893779196283080e-11
-5.619197512663495868e-11
-5.491199493134943977e-11
-5.366255062198709170e-11
-5.284957912147794145e-11
-5.166419652222906524e-11
-5.089881883951211395e-11
-4.979141644132213732e-11
-4.873639099576485008e-11
-4.806392238639017363e-11
-4.710390188278704792e-11
-4.620478270179422996e-11
-4.564041923206696170e-11
-4.484801986861641508e-11
-4.412220391583456436e-11
-4.346449268297605740e-11
-4.306447390125371379e-11
-4.277772523709786643e-11
-4.301756559738743478e-11
-4.370832428191049922e-11
-4.477997338801524852e-11
-4.567382651756431866e-11
-4.723883083519015049e-11
-4.902281396150265068e-11
-5.097343084967728416e-11
-5.304243765537747064e-11
-5.518542019611387140e-11
-5.736154010526401910e-11
-5.953329748987491566e-11
-6.166630898564831361e-11
-6.372910018045863356e-11
-6.569291144990607002e-11
-6.753151631520209139e-11
-6.922105149554652162e-11
-7.073985788449368985e-11
-7.246575045418673967e-11
-7.351324566261383662e-11
-7.433189356008530215e-11
-7.490798469094907329e-11
-7.522932262555003056e-11
-7.528511934479032061e-11
-7.493024712384268999e-11
-7.433168456019831783e-11
-7.225262324709444067e-11
-6.169640599314014974e-11
-4.846327371711056001e-11
-3.133781359799352135e-11
-3.405456802157792799e-12
2.070052305236449262e-11
4.698086186166574157e-11
8.464040805690253717e-11
1.143182759427801422e-10
1.550818492105851883e-10
1.860988908650929897e-10
2.274401033001011068e-10
2.580548305511415109e-10
2.978420185954519004e-10
3.265894392933887616e-10
3.630352863973056535e-10
3.968865154558574231e-10
4.203089498454218075e-10
4.486016620074278980e-10
4.732138072266743136e-10
4.890663028914191441e-10
5.065007116816584100e-10
5.194746883113477669e-10
5.277682811487003587e-10
5.311913340147303395e-10
5.304634825774690833e-10
5.249344058752258929e-10
5.132135039235272405e-10
4.956426808376378329e-10
4.730728091728150524e-10
4.462933766153318008e-10
4.160363908564177141e-10
3.829800367309266195e-10
3.477521019487631917e-10
3.109331866120269511e-10
2.730597106596126250e-10
2.346267324064763420e-10
1.960905904418083673e-10
1.484120668733663437e-10
1.111283137940213171e-10
7.498598839713451906e-11
4.030269923966167525e-11
-5.598727368887223943e-13
-3.093776089817371622e-11
-5.900412271584210650e-11
-9.051377601240155842e-11
-1.126310971368262551e-10
-1.318172415662983362e-10
-1.514491797745728066e-10
-1.635122653347889920e-10
-1.738480768008214427e-10
-1.782003986436897734e-10
-1.786051834500758301e-10
-1.760481453794182966e-10
-1.712920181353367251e-10
-1.650472397298986961e-10
-1.591435088117615927e-10
-1.508188693437432939e-10
-1.416396887336420877e-10
-1.338118203130267200e-10
-1.235724306254705910e-10
-1.129830575326470008e-10
-1.021970172713623225e-10
-9.135499034328110276e-11
-8.058587689101635099e-11
-7.000759552409897386e-11
-6.175505851532798223e-11
-5.178520452336435989e-11
-4.228409784254576528e-11
-3.161724318019787907e-11
-2.342711640682443351e-11
-1.594324470490501717e-11
-9.225036003465880862e-12
-3.325680521333252457e-12
1.707415185267918203e-12
6.544846713794371300e-12
9.531242580025418640e-12
1.153398373547246786e-11
1.252582035664524939e-11
1.249302579282170618e-11
1.208416346495750438e-11
1.132018386320224417e-11
1.048796766332305769e-11
9.292773354345473097e-12
8.160755965301614434e-12
6.671920312741247031e-12
5.346382650045696478e-12
3.682057466140712998e-12
1.965625007440114711e-12
5.154045515913711047e-13
-1.226698028479561181e-12
-2.948786306179846448e-12
-4.629496231992131319e-12
-6.249363068950547167e-12
-7.790689724396209488e-12
-9.237423876443155770e-12
-1.057504329372194838e-11
-1.179044879001823164e-11
-1.287186429522244238e-11
-1.380874356081535946e-11
-1.459168305216158977e-11
-1.521234061140516843e-11
-1.566335950393435022e-11
-1.593829748840984396e-11
-1.602909305798650965e-11
-1.590538054668845082e-11
-1.564179855301111497e-11
-1.520576137297412968e-11
-1.473733188815722938e-11
-1.409801772773705547e-11
-1.348381379488000833e-11
-1.270516597268254625e-11
-1.199599448653471640e-11
-1.113292158221586836e-11
-1.024431287669197779e-11
-9.342655855082144495e-12
-8.568124655593255458e-12
-7.671865091346540599e-12
-6.792736756770868057e-12
-5.939586296858613222e-12
-5.120468179529087340e-12
-4.342699223586011908e-12
-3.612909522040288324e-12
-2.937090004468564933e-12
-2.320636864849459412e-12
-1.768393065369419117e-12
-1.284687111930381742e-12
-8.207227220694327982e-13
-4.962802290643970857e-13
-2.510205782330351247e-13
-7.094690669973472339e-14
-3.526850860096487107e-15
0.000000000000000000e+00
0.000000000000000000e+00
0.000000000000000000e+00
0.000000000000000000e+00
0.000000000000000000e+00
0.000000000000000000e+00
0.000000000000000000e+00
0.000000000000000000e+00
0.000000000000000000e+00
0.000000000000000000e+00
0.000000000000000000e+00
0.000000000000000000e+00
0.000000000000000000e+00
0.000000000000000000e+00
0.000000000000000000e+00
0.000000000000000000e+00
0.000000000000000000e+00
0.000000000000000000e+00
0.000000000000000000e+00
0.000000000000000000e+00
0.000000000000000000e+00
0.000000000000000000e+00
0.000000000000000000e+00
0.000000000000000000e+00
0.000000000000000000e+00
0.000000000000000000e+00
0.000000000000000000e+00
0.000000000000000000e+00
0.000000000000000000e+00
0.000000000000000000e+00
0.000000000000000000e+00
0.000000000000000000e+00
0.000000000000000000e+00
0.000000000000000000e+00
0.000000000000000000e+00
0.000000000000000000e+00
0.000000000000000000e+00
0.000000000000000000e+00
0.000000000000000000e+00
0.000000000000000000e+00
0.000000000000000000e+00
0.000000000000000000e+00
0.000000000000000000e+00
0.000000000000000000e+00
0.000000000000000000e+00
0.000000000000000000e+00
0.000000000000000000e+00
0.000000000000000000e+00
0.000000000000000000e+00
0.000000000000000000e+00
0.000000000000000000e+00
0.000000000000000000e+00
0.000000000000000000e+00
0.000000000000000000e+00
0.000000000000000000e+00
0.000000000000000000e+00
0.000000000000000000e+00
0.000000000000000000e+00
0.000000000000000000e+00
0.000000000000000000e+00
0.000000000000000000e+00
0.000000000000000000e+00
0.000000000000000000e+00
0.000000000000000000e+00
0.000000000000000000e+00
0.000000000000000000e+00
0.000000000000000000e+00
0.000000000000000000e+00
0.000000000000000000e+00
0.000000000000000000e+00
0.000000000000000000e+00
0.000000000000000000e+00
0.000000000000000000e+00
0.000000000000000000e+00
0.000000000000000000e+00
0.000000000000000000e+00
0.000000000000000000e+00
0.000000000000000000e+00
0.000000000000000000e+00
0.000000000000000000e+00
0.000000000000000000e+00
0.000000000000000000e+00
0.000000000000000000e+00
0.000000000000000000e+00
0.000000000000000000e+00
0.000000000000000000e+00
0.000000000000000000e+00
0.000000000000000000e+00
0.000000000000000000e+00
0.000000000000000000e+00
0.000000000000000000e+00
0.000000000000000000e+00
0.000000000000000000e+00
0.000000000000000000e+00
0.000000000000000000e+00
0.000000000000000000e+00
0.000000000000000000e+00
0.000000000000000000e+00
0.000000000000000000e+00
0.000000000000000000e+00
0.000000000000000000e+00
0.000000000000000000e+00
0.000000000000000000e+00
0.000000000000000000e+00
0.000000000000000000e+00
0.000000000000000000e+00
0.000000000000000000e+00
0.000000000000000000e+00
0.000000000000000000e+00
0.000000000000000000e+00
0.000000000000000000e+00
0.000000000000000000e+00
0.000000000000000000e+00
0.000000000000000000e+00
0.000000000000000000e+00
0.000000000000000000e+00
0.000000000000000000e+00
0.000000000000000000e+00
0.000000000000000000e+00
0.000000000000000000e+00
0.000000000000000000e+00
0.000000000000000000e+00
0.000000000000000000e+00
0.000000000000000000e+00
0.000000000000000000e+00
0.000000000000000000e+00
0.000000000000000000e+00
0.000000000000000000e+00
0.000000000000000000e+00
0.000000000000000000e+00
0.000000000000000000e+00
0.000000000000000000e+00
0.000000000000000000e+00
0.000000000000000000e+00
0.000000000000000000e+00
0.000000000000000000e+00
0.000000000000000000e+00
0.000000000000000000e+00
0.000000000000000000e+00
0.000000000000000000e+00
0.000000000000000000e+00
0.000000000000000000e+00
0.000000000000000000e+00
0.000000000000000000e+00
0.000000000000000000e+00
0.000000000000000000e+00
0.000000000000000000e+00
0.000000000000000000e+00
0.000000000000000000e+00
0.000000000000000000e+00
0.000000000000000000e+00
0.000000000000000000e+00
0.000000000000000000e+00
0.000000000000000000e+00
0.000000000000000000e+00
0.000000000000000000e+00
0.000000000000000000e+00
0.000000000000000000e+00
0.000000000000000000e+00
0.000000000000000000e+00
0.000000000000000000e+00
0.000000000000000000e+00
0.000000000000000000e+00
0.000000000000000000e+00
0.000000000000000000e+00
0.000000000000000000e+00
0.000000000000000000e+00
0.000000000000000000e+00
0.000000000000000000e+00
0.000000000000000000e+00
0.000000000000000000e+00
0.000000000000000000e+00
0.000000000000000000e+00
0.000000000000000000e+00
0.000000000000000000e+00
0.000000000000000000e+00
0.000000000000000000e+00
0.000000000000000000e+00
0.000000000000000000e+00
0.000000000000000000e+00
0.000000000000000000e+00
0.000000000000000000e+00
0.000000000000000000e+00
0.000000000000000000e+00
0.000000000000000000e+00
0.000000000000000000e+00
0.000000000000000000e+00
0.000000000000000000e+00
0.000000000000000000e+00
0.000000000000000000e+00
0.000000000000000000e+00
0.000000000000000000e+00
0.000000000000000000e+00
0.000000000000000000e+00
0.000000000000000000e+00
0.000000000000000000e+00
0.000000000000000000e+00
0.000000000000000000e+00
0.000000000000000000e+00
0.000000000000000000e+00
0.000000000000000000e+00
0.000000000000000000e+00
0.000000000000000000e+00
0.000000000000000000e+00
0.000000000000000000e+00
0.000000000000000000e+00
0.000000000000000000e+00
0.000000000000000000e+00
0.000000000000000000e+00
0.000000000000000000e+00
0.000000000000000000e+00
0.000000000000000000e+00
0.000000000000000000e+00
0.000000000000000000e+00
0.000000000000000000e+00
0.000000000000000000e+00
0.000000000000000000e+00
0.000000000000000000e+00
0.000000000000000000e+00
0.000000000000000000e+00
0.000000000000000000e+00
0.000000000000000000e+00
0.000000000000000000e+00
0.000000000000000000e+00
0.000000000000000000e+00
0.000000000000000000e+00
0.000000000000000000e+00
0.000000000000000000e+00
0.000000000000000000e+00
0.000000000000000000e+00
0.000000000000000000e+00
0.000000000000000000e+00
0.000000000000000000e+00
0.000000000000000000e+00
0.000000000000000000e+00
0.000000000000000000e+00
0.000000000000000000e+00
0.000000000000000000e+00
0.000000000000000000e+00
0.000000000000000000e+00
0.000000000000000000e+00
0.000000000000000000e+00
0.000000000000000000e+00
0.000000000000000000e+00
0.000000000000000000e+00
0.000000000000000000e+00
0.000000000000000000e+00
0.000000000000000000e+00
0.000000000000000000e+00
0.000000000000000000e+00
0.000000000000000000e+00
0.000000000000000000e+00
0.000000000000000000e+00
0.000000000000000000e+00
0.000000000000000000e+00
0.000000000000000000e+00
0.000000000000000000e+00
0.000000000000000000e+00
0.000000000000000000e+00
0.000000000000000000e+00
0.000000000000000000e+00
0.000000000000000000e+00
0.000000000000000000e+00
0.000000000000000000e+00
0.000000000000000000e+00
0.000000000000000000e+00
0.000000000000000000e+00
0.000000000000000000e+00
0.000000000000000000e+00
0.000000000000000000e+00
0.000000000000000000e+00
0.000000000000000000e+00
0.000000000000000000e+00
0.000000000000000000e+00
0.000000000000000000e+00
0.000000000000000000e+00
0.000000000000000000e+00
0.000000000000000000e+00
0.000000000000000000e+00
0.000000000000000000e+00
0.000000000000000000e+00
0.000000000000000000e+00
0.000000000000000000e+00
0.000000000000000000e+00
0.000000000000000000e+00
0.000000000000000000e+00
0.000000000000000000e+00
0.000000000000000000e+00
0.000000000000000000e+00
0.000000000000000000e+00
0.000000000000000000e+00
0.000000000000000000e+00
0.000000000000000000e+00
0.000000000000000000e+00
0.000000000000000000e+00
0.000000000000000000e+00
0.000000000000000000e+00
0.000000000000000000e+00
0.000000000000000000e+00
0.000000000000000000e+00
0.000000000000000000e+00
0.000000000000000000e+00
0.000000000000000000e+00
0.000000000000000000e+00
0.000000000000000000e+00
0.000000000000000000e+00
0.000000000000000000e+00
0.000000000000000000e+00
0.000000000000000000e+00
0.000000000000000000e+00
0.000000000000000000e+00
0.000000000000000000e+00
0.000000000000000000e+00
0.000000000000000000e+00
0.000000000000000000e+00
0.000000000000000000e+00
0.000000000000000000e+00
0.000000000000000000e+00
0.000000000000000000e+00
0.000000000000000000e+00
0.000000000000000000e+00
0.000000000000000000e+00
0.000000000000000000e+00
0.000000000000000000e+00
0.000000000000000000e+00
0.000000000000000000e+00
0.000000000000000000e+00
0.000000000000000000e+00
0.000000000000000000e+00
0.000000000000000000e+00
0.000000000000000000e+00
0.000000000000000000e+00
0.000000000000000000e+00
0.000000000000000000e+00
0.000000000000000000e+00
0.000000000000000000e+00
0.000000000000000000e+00
0.000000000000000000e+00
0.000000000000000000e+00
0.000000000000000000e+00
0.000000000000000000e+00
0.000000000000000000e+00
0.000000000000000000e+00
0.000000000000000000e+00
0.000000000000000000e+00
0.000000000000000000e+00
0.000000000000000000e+00
0.000000000000000000e+00
0.000000000000000000e+00
0.000000000000000000e+00
0.000000000000000000e+00
0.000000000000000000e+00
0.000000000000000000e+00
0.000000000000000000e+00
0.000000000000000000e+00
0.000000000000000000e+00
0.000000000000000000e+00
0.000000000000000000e+00
0.000000000000000000e+00
0.000000000000000000e+00
0.000000000000000000e+00
0.000000000000000000e+00
0.000000000000000000e+00
0.000000000000000000e+00
0.000000000000000000e+00
0.000000000000000000e+00
0.000000000000000000e+00
0.000000000000000000e+00
0.000000000000000000e+00
0.000000000000000000e+00
0.000000000000000000e+00
0.000000000000000000e+00
0.000000000000000000e+00
0.000000000000000000e+00
0.000000000000000000e+00
0.000000000000000000e+00
0.000000000000000000e+00
0.000000000000000000e+00
0.000000000000000000e+00
0.000000000000000000e+00
0.000000000000000000e+00
0.000000000000000000e+00
0.000000000000000000e+00
0.000000000000000000e+00
0.000000000000000000e+00
0.000000000000000000e+00
0.000000000000000000e+00
0.000000000000000000e+00
0.000000000000000000e+00
0.000000000000000000e+00
0.000000000000000000e+00
0.000000000000000000e+00
0.000000000000000000e+00
0.000000000000000000e+00
0.000000000000000000e+00
0.000000000000000000e+00
0.000000000000000000e+00
0.000000000000000000e+00
0.000000000000000000e+00
0.000000000000000000e+00
0.000000000000000000e+00
0.000000000000000000e+00
0.000000000000000000e+00
0.000000000000000000e+00
0.000000000000000000e+00
0.000000000000000000e+00
0.000000000000000000e+00
0.000000000000000000e+00
0.000000000000000000e+00
0.000000000000000000e+00
0.000000000000000000e+00
0.000000000000000000e+00
0.000000000000000000e+00
0.000000000000000000e+00
0.000000000000000000e+00
0.000000000000000000e+00
0.000000000000000000e+00
0.000000000000000000e+00
0.000000000000000000e+00
0.000000000000000000e+00
0.000000000000000000e+00
0.000000000000000000e+00
0.000000000000000000e+00
0.000000000000000000e+00
0.000000000000000000e+00
0.000000000000000000e+00
0.000000000000000000e+00
0.000000000000000000e+00
0.000000000000000000e+00
0.000000000000000000e+00
0.000000000000000000e+00
0.000000000000000000e+00
0.000000000000000000e+00
0.000000000000000000e+00
0.000000000000000000e+00
0.000000000000000000e+00
0.000000000000000000e+00
0.000000000000000000e+00
0.000000000000000000e+00
0.000000000000000000e+00
0.000000000000000000e+00
0.000000000000000000e+00
0.000000000000000000e+00
0.000000000000000000e+00
0.000000000000000000e+00
0.000000000000000000e+00
0.000000000000000000e+00
0.000000000000000000e+00
0.000000000000000000e+00
0.000000000000000000e+00
0.000000000000000000e+00
0.000000000000000000e+00
0.000000000000000000e+00
0.000000000000000000e+00
0.000000000000000000e+00
0.000000000000000000e+00
0.000000000000000000e+00
0.000000000000000000e+00
0.000000000000000000e+00
0.000000000000000000e+00
0.000000000000000000e+00
0.000000000000000000e+00
0.000000000000000000e+00
0.000000000000000000e+00
0.000000000000000000e+00
0.000000000000000000e+00
0.000000000000000000e+00
0.000000000000000000e+00
0.000000000000000000e+00
0.000000000000000000e+00
0.000000000000000000e+00
0.000000000000000000e+00
0.000000000000000000e+00
0.000000000000000000e+00
0.000000000000000000e+00
0.000000000000000000e+00
0.000000000000000000e+00
0.000000000000000000e+00
0.000000000000000000e+00
0.000000000000000000e+00
0.000000000000000000e+00
0.000000000000000000e+00
0.000000000000000000e+00
0.000000000000000000e+00
0.000000000000000000e+00
0.000000000000000000e+00
0.000000000000000000e+00
0.000000000000000000e+00
0.000000000000000000e+00
0.000000000000000000e+00
0.000000000000000000e+00
0.000000000000000000e+00
0.000000000000000000e+00
0.000000000000000000e+00
0.000000000000000000e+00
0.000000000000000000e+00
0.000000000000000000e+00
0.000000000000000000e+00
0.000000000000000000e+00
0.000000000000000000e+00
0.000000000000000000e+00
0.000000000000000000e+00
0.000000000000000000e+00
0.000000000000000000e+00
0.000000000000000000e+00
0.000000000000000000e+00
0.000000000000000000e+00
0.000000000000000000e+00
0.000000000000000000e+00
0.000000000000000000e+00
0.000000000000000000e+00
0.000000000000000000e+00
0.000000000000000000e+00
0.000000000000000000e+00
0.000000000000000000e+00
0.000000000000000000e+00
nan
