# bin_13_5
-2.454563438875978295e-08
-3.165623995681948982e-09
-2.219960731659199403e-09
4.012523481316548840e-09
5.754299975035188123e-09
4.804305889583777213e-09
1.851752575701397310e-08
-3.331205201782372634e-09
1.427141673506604040e-08
-1.087528741321787716e-09
8.759049644395898658e-09
-7.242609070978044985e-09
8.032670287293702419e-09
1.017542063187333715e-08
9.794617196338256480e-09
5.810544009196318712e-09
1.509395138971066304e-10
-3.828735650824937313e-09
-5.726583412376056436e-09
-6.885683570895405775e-09
-7.902429821572158912e-09
-9.089412455866142705e-09
-1.002782230542853337e-08
-1.077103742221440483e-08
-1.190212737863794211e-08
-1.372438853139808771e-08
-1.706312492511329648e-08
-2.119272107261132069e-08
-2.457608849730556628e-08
-2.629573205500309685e-08
-2.585250914012892105e-08
-1.888636647551253942e-08
-5.678773776923107439e-09
8.677134040351063315e-09
2.074538320888374561e-08
2.829169396649607620e-08
2.994957408206138246e-08
2.557042029399224675e-08
1.759726066213274431e-08
8.429570360833731293e-09
-2.003548065773085107e-10
-7.069457788831671064e-09
-1.134246043111809568e-08
-1.247828877857798293e-08
-1.135275337259781575e-08
-9.443260691620406591e-09
-7.192033786353858333e-09
-4.935776692975298797e-09
-2.927207959225958171e-09
-1.352291685486227569e-09
-3.440457306648846429e-10
6.380362196045820344e-12
-8.135639160080748515e-13
-1.818896785189127836e-11
-4.100705072260671956e-11
-6.550005506162286773e-11
-8.870014915168065507e-11
-1.082979305725450914e-10
-1.225252884347631150e-10
-1.300583381721928163e-10
-1.299369278372814273e-10
-1.257437593793081697e-10
-1.215577164356879368e-10
-1.173926453182306923e-10
-1.132602437540445822e-10
-1.091703481713600315e-10
-1.051311821857851149e-10
-1.011495717880465416e-10
-9.723113190653490193e-11
-9.338042832266311704e-11
-8.960111833167044064e-11
-8.589607304761551142e-11
-3.276190444221788896e-11
1.004637892359556651e-10
2.886710292747389313e-10
5.105134627465992864e-10
7.479164204170481429e-10
9.856485981298705438e-10
1.210948872544860417e-09
1.413200948978304075e-09
1.583649551148072786e-09
1.715152727013642220e-09
1.801965584335978707e-09
1.839551403099105322e-09
1.824416615510750434e-09
1.760058355556014918e-09
1.658949608150928177e-09
1.530739512260870852e-09
1.383845419991930234e-09
1.225590720512492989e-09
1.062327359538477490e-09
8.995448117618219135e-10
7.419670517210403200e-10
5.936388836958234390e-10
4.580028296286981785e-10
3.379676327252914518e-10
2.359693105879272439e-10
1.540255831938780815e-10
9.378440575757162056e-11
5.656725280451336452e-11
4.340772615465954339e-11
4.397880735209905903e-11
4.700626417943377256e-11
5.195514207542525674e-11
5.834850785839289813e-11
6.576191833548073621e-11
7.381841314027364209e-11
8.218398034426847801e-11
9.056344869834240664e-11
9.869676509155978761e-11
1.063556200334679343e-10
1.133403877309346362e-10
1.194773506934269220e-10
1.246161818066386330e-10
1.286276595036158089e-10
1.314015940702868121e-10
1.328449452796182554e-10
1.328801134830437944e-10
1.314433880235977098e-10
1.275835163659966353e-10
1.207728528479982463e-10
1.115525336267985652e-10
1.004136978154875620e-10
8.780156308351011320e-11
7.411917023212210266e-11
5.973082463875460195e-11
4.496525998880962097e-11
3.011854747055056084e-11
1.545677157531670908e-11
1.218491800485708117e-12
-1.238299212200154737e-11
-2.515755536984922897e-11
-3.693632882809872856e-11
-4.756993207824292668e-11
-5.692684626060321890e-11
-6.489191553328305209e-11
-7.136496679963881688e-11
-7.625953824084818377e-11
-7.950170797860160069e-11
-8.102901491226233248e-11
-8.078946443151184678e-11
-7.966101028898521553e-11
-7.855117321108448662e-11
-7.745960638266799628e-11
-7.638596899069699705e-11
-7.532992621341735030e-11
-7.429114919944400588e-11
-7.326931503783216009e-11
-7.226410672012217658e-11
-7.127521309525930286e-11
-7.030232881820787935e-11
-6.934515429300739889e-11
-6.840339561095072082e-11
-6.747676448450359751e-11
-6.656497817752893945e-11
-6.566775943232808933e-11
-6.478483639396439425e-11
-6.391594253229233403e-11
-6.306081656207530649e-11
-6.221920236154061007e-11
-6.139084888968626264e-11
-6.057551010262529224e-11
-5.977294486922543795e-11
-5.898291688627682796e-11
-5.820519459339777083e-11
-5.743955108786791015e-11
-5.664976690408316775e-11
-5.580180851911517222e-11
-5.489863585586881903e-11
-5.394308581070428674e-11
-5.293787748079489492e-11
-5.188561715353735991e-11
-5.078880306974479999e-11
-4.847099344674904288e-11
-4.725449407589591622e-11
-4.600244139765581863e-11
-4.471685769527979122e-11
-4.339968161631657422e-11
-4.205277163237770070e-11
-4.067790934674404133e-11
-3.927680265703547477e-11
-3.640233714350535763e-11
-3.493205215615114728e-11
-3.344167585328603250e-11
-3.193259043206196238e-11
-3.040612067656938667e-11
-2.886353627948339757e-11
-2.730605406478712883e-11
-2.415101181495567865e-11
-2.255563979300937153e-11
-2.094974980226318590e-11
-1.933432450681952065e-11
-1.566440599786530978e-11
-1.284629613436665690e-11
-9.347207475253235073e-12
-5.253112231811631700e-12
-6.449900285053773460e-13
9.812871288429560274e-12
1.552339566820418923e-11
2.146907189956296289e-11
3.383123756104265412e-11
4.013934658639135448e-11
4.646548392374776354e-11
5.276359979095905580e-11
6.510621912899655820e-11
7.107282690159359578e-11
7.685534080556221327e-11
8.773960241404828182e-11
9.278267543569209541e-11
9.752407582411355259e-11
1.060065919915972292e-10
1.097045716899453021e-10
1.159186498702768526e-10
1.184012597758825506e-10
1.204476466285321348e-10
1.231799068755193339e-10
1.238429307718063576e-10
1.237141738304973518e-10
1.229061118259520452e-10
1.205454272475064657e-10
1.191983374290694945e-10
1.177523434949867874e-10
1.145978833624707089e-10
1.129055398143898325e-10
1.093281146087443615e-10
1.074569672415585785e-10
1.035821619762771451e-10
1.015905148648693210e-10
9.752658170582488875e-11
9.546461579185843080e-11
9.130457238306599762e-11
8.712545122287558774e-11
8.503880469465104565e-11
8.088966118619320807e-11
7.883391224089528334e-11
7.477557595132275189e-11
7.080684444580211471e-11
6.886251234360976453e-11
6.506549714668150138e-11
6.321703702215174623e-11
5.962981443102426318e-11
5.620027484316314461e-11
5.454850405429073041e-11
5.137779564554716414e-11
4.839220379764307759e-11
4.697149737895890220e-11
4.429895635785378104e-11
4.184185007054802056e-11
3.956604163518249381e-11
3.848623667534259565e-11
3.642450836311449798e-11
3.447068242844127216e-11
3.259966724524013396e-11
3.168797144427758992e-11
2.989883766325765112e-11
2.813895312248824826e-11
2.639016578700541023e-11
2.463599015896174464e-11
2.375215539460827744e-11
2.196233337361025388e-11
2.013241807057231226e-11
1.825084810003810528e-11
1.630724205433547560e-11
1.429231052388537414e-11
1.219777432379026704e-11
1.001628848205861030e-11
7.741371578006641444e-12
5.367340049989400998e-12
2.889247119793965936e-12
3.028260070394857334e-13
-2.395562869081394264e-12
-5.208980981254142613e-12
-3.556859092204202771e-11
-1.160990534309667936e-10
-2.399670605019625949e-10
-4.008131834664554892e-10
-5.927228091369983339e-10
-8.101988554865921191e-10
-1.048136153609385102e-09
-1.301797390312962283e-09
-1.566790512756401880e-09
-1.839047503110128795e-09
-2.114804437314681501e-09
-2.390582747684843348e-09
-2.797335744030043617e-09
-3.059665374320668220e-09
-3.311843729892340252e-09
-3.551473148054199585e-09
-3.776356670160924916e-09
-4.081687702858994573e-09
-4.261300797571650017e-09
-4.419884803657231553e-09
-4.556001171575414719e-09
-4.715245295161982702e-09
-4.789798176778399419e-09
-4.837896449568488121e-09
-4.858558289079751492e-09
-4.836922167884798496e-09
-4.779688949896660057e-09
-4.559194841117934497e-09
-4.327620018583764303e-09
-3.872636343022456137e-09
-3.507972194558423477e-09
-3.102004931771467335e-09
-2.429096483054575190e-09
-1.946233424631975419e-09
-1.183831065928722330e-09
-6.573076903609694448e-10
1.485552370217761618e-10
6.904421633661308031e-10
1.500660798080912765e-09
2.297275198543126773e-09
2.815459365401943685e-09
3.566138369086082293e-09
4.044991822651037296e-09
4.724828621200548190e-09
5.352000320867008019e-09
5.737565772074403586e-09
6.262675057197394672e-09
6.719177459714782139e-09
6.983046821961895492e-09
7.315043542163640253e-09
7.567203328257721712e-09
7.736330443472872511e-09
7.801595032910440375e-09
7.865252982393954522e-09
7.918689840680077492e-09
7.962436481888212726e-09
7.996997994800284535e-09
8.015174466926493802e-09
8.035483962026430278e-09
8.047838961645536152e-09
8.052660740799956209e-09
8.050350347267796925e-09
8.041289614723537310e-09
8.025842121189499784e-09
8.004354096006817477e-09
7.977155278325542681e-09
7.944559729923724799e-09
7.906866604989192562e-09
7.864360879332855379e-09
7.817314041349113351e-09
7.765984746895902969e-09
7.691308356569153142e-09
7.630925049512893921e-09
7.567036526962012534e-09
7.499852611996162337e-09
7.429573257326292177e-09
7.356389014214416155e-09
7.254603939066335524e-09
7.175333134857294265e-09
7.083346991400395664e-09
6.893259676386496709e-09
6.704779159566519373e-09
6.482825797759277677e-09
6.143287192759782114e-09
5.861838319382867074e-09
5.562125562392144059e-09
5.140851359400205491e-09
4.813350869969589199e-09
4.367638356915111134e-09
4.030551928704709213e-09
3.582733839290220136e-09
3.251449992197828951e-09
2.820354821960161266e-09
2.507807639317904054e-09
2.109207407584464528e-09
1.735217021152584255e-09
1.473193277672836419e-09
1.151233681661278129e-09
8.634412955657786635e-10
6.716991107245704419e-10
4.501685563875751414e-10
2.696476428915645934e-10
1.320602700359482822e-10
3.906621308128468520e-11
-5.542536098522301511e-13
-1.366930714508844913e-11
-1.203584373445290076e-11
-8.551015632311392433e-12
-3.320392754812472709e-12
3.555659907385983497e-12
1.198171866962051773e-11
2.186705181883856876e-11
3.312538372766546966e-11
4.567467163327074653e-11
5.943689434669175827e-11
7.433785220438427010e-11
9.030697761660388941e-11
1.116685644214205906e-10
1.298006630357613783e-10
1.487945627643087282e-10
1.685932405517977294e-10
1.943909389482491699e-10
2.158061031565275246e-10
2.378592898444508931e-10
2.662530221740122127e-10
2.895767419336826974e-10
3.133968464650315053e-10
3.438106083367228565e-10
3.686074766620921104e-10
4.001285992143080901e-10
4.257253320798423741e-10
4.581449385247040576e-10
4.914723924798284948e-10
5.515538410982773401e-10
6.290351509853079077e-10
7.014921827605371572e-10
8.027739299909105688e-10
9.135100286063242397e-10
1.007271264505400098e-09
1.129051208921530352e-09
1.253984013048774038e-09
1.380159976708056322e-09
1.505829486569511769e-09
1.629392110650916474e-09
1.749386416194850969e-09
1.841913485429244509e-09
1.952209658737204527e-09
2.055506425148910466e-09
2.168801571538757731e-09
2.253266214256299084e-09
2.327822149960365015e-09
2.391747080218363229e-09
2.444397048419201856e-09
2.485200920482560650e-09
2.517824310286916142e-09
2.530882718665561599e-09
2.530698809587017497e-09
2.516954760217774101e-09
2.484679168085857296e-09
2.455539630202458852e-09
2.420387777035884084e-09
2.390965690705916035e-09
2.355534318980632083e-09
2.325926114693868120e-09
2.290324197476159973e-09
2.260615359131806951e-09
2.224939437119099042e-09
2.189259807613648585e-09
2.159541118338900763e-09
2.123915192595251999e-09
2.088348799214851495e-09
2.052861470072303459e-09
2.017471416421224360e-09
1.982195605005981555e-09
1.947049829730118759e-09
1.912048779155320147e-09
1.877206100086744333e-09
1.842534457483796669e-09
1.808045590919818820e-09
1.773750367799695430e-09
1.739658833530847046e-09
1.705780258830552520e-09
1.672123184340835521e-09
1.633146988959552707e-09
1.599860334540970841e-09
1.560734038801418035e-09
1.504890229758149710e-09
1.449608830244833137e-09
1.377971489139166545e-09
1.311584631478458870e-09
1.229614238616752312e-09
1.156455970768701211e-09
1.068831140797083057e-09
9.798556724307390003e-10
8.905892815525499955e-10
8.145810791972489741e-10
7.272835626069361450e-10
6.422479622084531640e-10
5.602196632632263690e-10
4.818757416074322097e-10
4.078296988735502337e-10
3.386358836122032615e-10
2.747936195902981512e-10
2.167510610351605395e-10
1.649087931998961278e-10
1.196231953349468452e-10
7.629951801833946383e-11
4.607691401414196412e-11
2.327707823691522511e-11
6.570131309980870665e-12
3.262495391797673767e-13
0.000000000000000000e+00
0.000000000000000000e+00
0.000000000000000000e+00
0.000000000000000000e+00
0.000000000000000000e+00
0.000000000000000000e+00
0.000000000000000000e+00
0.000000000000000000e+00
0.000000000000000000e+00
0.000000000000000000e+00
0.000000000000000000e+00
0.000000000000000000e+00
0.000000000000000000e+00
0.000000000000000000e+00
0.000000000000000000e+00
0.000000000000000000e+00
0.000000000000000000e+00
0.000000000000000000e+00
0.000000000000000000e+00
0.000000000000000000e+00
0.000000000000000000e+00
0.000000000000000000e+00
0.000000000000000000e+00
0.000000000000000000e+00
0.000000000000000000e+00
0.000000000000000000e+00
0.000000000000000000e+00
0.000000000000000000e+00
0.000000000000000000e+00
0.000000000000000000e+00
0.000000000000000000e+00
0.000000000000000000e+00
0.000000000000000000e+00
0.000000000000000000e+00
0.000000000000000000e+00
0.000000000000000000e+00
0.000000000000000000e+00
0.000000000000000000e+00
0.000000000000000000e+00
0.000000000000000000e+00
0.000000000000000000e+00
0.000000000000000000e+00
0.000000000000000000e+00
0.000000000000000000e+00
0.000000000000000000e+00
0.000000000000000000e+00
0.000000000000000000e+00
0.000000000000000000e+00
0.000000000000000000e+00
0.000000000000000000e+00
0.000000000000000000e+00
0.000000000000000000e+00
0.000000000000000000e+00
0.000000000000000000e+00
0.000000000000000000e+00
0.000000000000000000e+00
0.000000000000000000e+00
0.000000000000000000e+00
0.000000000000000000e+00
0.000000000000000000e+00
0.000000000000000000e+00
0.000000000000000000e+00
0.000000000000000000e+00
0.000000000000000000e+00
0.000000000000000000e+00
0.000000000000000000e+00
0.000000000000000000e+00
0.000000000000000000e+00
0.000000000000000000e+00
0.000000000000000000e+00
0.000000000000000000e+00
0.000000000000000000e+00
0.000000000000000000e+00
0.000000000000000000e+00
0.000000000000000000e+00
0.000000000000000000e+00
0.000000000000000000e+00
0.000000000000000000e+00
0.000000000000000000e+00
0.000000000000000000e+00
0.000000000000000000e+00
0.000000000000000000e+00
0.000000000000000000e+00
0.000000000000000000e+00
0.000000000000000000e+00
0.000000000000000000e+00
0.000000000000000000e+00
0.000000000000000000e+00
0.000000000000000000e+00
0.000000000000000000e+00
0.000000000000000000e+00
0.000000000000000000e+00
0.000000000000000000e+00
0.000000000000000000e+00
0.000000000000000000e+00
0.000000000000000000e+00
0.000000000000000000e+00
0.000000000000000000e+00
0.000000000000000000e+00
0.000000000000000000e+00
0.000000000000000000e+00
0.000000000000000000e+00
0.000000000000000000e+00
0.000000000000000000e+00
0.000000000000000000e+00
0.000000000000000000e+00
0.000000000000000000e+00
0.000000000000000000e+00
0.000000000000000000e+00
0.000000000000000000e+00
0.000000000000000000e+00
0.000000000000000000e+00
0.000000000000000000e+00
0.000000000000000000e+00
0.000000000000000000e+00
0.000000000000000000e+00
0.000000000000000000e+00
0.000000000000000000e+00
0.000000000000000000e+00
0.000000000000000000e+00
0.000000000000000000e+00
0.000000000000000000e+00
0.000000000000000000e+00
0.000000000000000000e+00
0.000000000000000000e+00
0.000000000000000000e+00
0.000000000000000000e+00
0.000000000000000000e+00
0.000000000000000000e+00
0.000000000000000000e+00
0.000000000000000000e+00
0.000000000000000000e+00
0.000000000000000000e+00
0.000000000000000000e+00
0.000000000000000000e+00
0.000000000000000000e+00
0.000000000000000000e+00
0.000000000000000000e+00
0.000000000000000000e+00
0.000000000000000000e+00
0.000000000000000000e+00
0.000000000000000000e+00
0.000000000000000000e+00
0.000000000000000000e+00
0.000000000000000000e+00
0.000000000000000000e+00
0.000000000000000000e+00
0.000000000000000000e+00
0.000000000000000000e+00
0.000000000000000000e+00
0.000000000000000000e+00
0.000000000000000000e+00
0.000000000000000000e+00
0.000000000000000000e+00
0.000000000000000000e+00
0.000000000000000000e+00
0.000000000000000000e+00
0.000000000000000000e+00
0.000000000000000000e+00
0.000000000000000000e+00
0.000000000000000000e+00
0.000000000000000000e+00
0.000000000000000000e+00
0.000000000000000000e+00
0.000000000000000000e+00
0.000000000000000000e+00
0.000000000000000000e+00
0.000000000000000000e+00
0.000000000000000000e+00
0.000000000000000000e+00
0.000000000000000000e+00
0.000000000000000000e+00
0.000000000000000000e+00
0.000000000000000000e+00
0.000000000000000000e+00
0.000000000000000000e+00
0.000000000000000000e+00
0.000000000000000000e+00
0.000000000000000000e+00
0.000000000000000000e+00
0.000000000000000000e+00
0.000000000000000000e+00
0.000000000000000000e+00
0.000000000000000000e+00
0.000000000000000000e+00
0.000000000000000000e+00
0.000000000000000000e+00
0.000000000000000000e+00
0.000000000000000000e+00
0.000000000000000000e+00
0.000000000000000000e+00
0.000000000000000000e+00
0.000000000000000000e+00
0.000000000000000000e+00
0.000000000000000000e+00
0.000000000000000000e+00
0.000000000000000000e+00
0.000000000000000000e+00
0.000000000000000000e+00
0.000000000000000000e+00
0.000000000000000000e+00
0.000000000000000000e+00
0.000000000000000000e+00
0.000000000000000000e+00
0.000000000000000000e+00
0.000000000000000000e+00
0.000000000000000000e+00
0.000000000000000000e+00
0.000000000000000000e+00
0.000000000000000000e+00
0.000000000000000000e+00
0.000000000000000000e+00
0.000000000000000000e+00
0.000000000000000000e+00
0.000000000000000000e+00
0.000000000000000000e+00
0.000000000000000000e+00
0.000000000000000000e+00
0.000000000000000000e+00
0.000000000000000000e+00
0.000000000000000000e+00
0.000000000000000000e+00
0.000000000000000000e+00
0.000000000000000000e+00
0.000000000000000000e+00
0.000000000000000000e+00
0.000000000000000000e+00
0.000000000000000000e+00
0.000000000000000000e+00
0.000000000000000000e+00
0.000000000000000000e+00
0.000000000000000000e+00
0.000000000000000000e+00
0.000000000000000000e+00
0.000000000000000000e+00
0.000000000000000000e+00
0.000000000000000000e+00
0.000000000000000000e+00
0.000000000000000000e+00
0.000000000000000000e+00
0.000000000000000000e+00
0.000000000000000000e+00
0.000000000000000000e+00
0.000000000000000000e+00
0.000000000000000000e+00
0.000000000000000000e+00
0.000000000000000000e+00
0.000000000000000000e+00
0.000000000000000000e+00
0.000000000000000000e+00
0.000000000000000000e+00
0.000000000000000000e+00
0.000000000000000000e+00
0.000000000000000000e+00
0.000000000000000000e+00
0.000000000000000000e+00
0.000000000000000000e+00
0.000000000000000000e+00
0.000000000000000000e+00
0.000000000000000000e+00
0.000000000000000000e+00
0.000000000000000000e+00
0.000000000000000000e+00
0.000000000000000000e+00
0.000000000000000000e+00
0.000000000000000000e+00
0.000000000000000000e+00
0.000000000000000000e+00
0.000000000000000000e+00
0.000000000000000000e+00
0.000000000000000000e+00
0.000000000000000000e+00
0.000000000000000000e+00
0.000000000000000000e+00
0.000000000000000000e+00
0.000000000000000000e+00
0.000000000000000000e+00
0.000000000000000000e+00
0.000000000000000000e+00
0.000000000000000000e+00
0.000000000000000000e+00
0.000000000000000000e+00
0.000000000000000000e+00
0.000000000000000000e+00
0.000000000000000000e+00
0.000000000000000000e+00
0.000000000000000000e+00
0.000000000000000000e+00
0.000000000000000000e+00
0.000000000000000000e+00
0.000000000000000000e+00
0.000000000000000000e+00
0.000000000000000000e+00
0.000000000000000000e+00
0.000000000000000000e+00
0.000000000000000000e+00
0.000000000000000000e+00
0.000000000000000000e+00
0.000000000000000000e+00
0.000000000000000000e+00
0.000000000000000000e+00
0.000000000000000000e+00
0.000000000000000000e+00
0.000000000000000000e+00
0.000000000000000000e+00
0.000000000000000000e+00
0.000000000000000000e+00
0.000000000000000000e+00
0.000000000000000000e+00
0.000000000000000000e+00
0.000000000000000000e+00
0.000000000000000000e+00
0.000000000000000000e+00
0.000000000000000000e+00
0.000000000000000000e+00
0.000000000000000000e+00
0.000000000000000000e+00
0.000000000000000000e+00
0.000000000000000000e+00
0.000000000000000000e+00
0.000000000000000000e+00
0.000000000000000000e+00
0.000000000000000000e+00
0.000000000000000000e+00
0.000000000000000000e+00
0.000000000000000000e+00
0.000000000000000000e+00
0.000000000000000000e+00
0.000000000000000000e+00
0.000000000000000000e+00
0.000000000000000000e+00
0.000000000000000000e+00
0.000000000000000000e+00
0.000000000000000000e+00
0.000000000000000000e+00
0.000000000000000000e+00
0.000000000000000000e+00
0.000000000000000000e+00
0.000000000000000000e+00
0.000000000000000000e+00
0.000000000000000000e+00
0.000000000000000000e+00
0.000000000000000000e+00
0.000000000000000000e+00
0.000000000000000000e+00
0.000000000000000000e+00
0.000000000000000000e+00
0.000000000000000000e+00
0.000000000000000000e+00
0.000000000000000000e+00
0.000000000000000000e+00
0.000000000000000000e+00
0.000000000000000000e+00
0.000000000000000000e+00
0.000000000000000000e+00
0.000000000000000000e+00
0.000000000000000000e+00
0.000000000000000000e+00
0.000000000000000000e+00
0.000000000000000000e+00
0.000000000000000000e+00
0.000000000000000000e+00
0.000000000000000000e+00
0.000000000000000000e+00
0.000000000000000000e+00
0.000000000000000000e+00
0.000000000000000000e+00
0.000000000000000000e+00
0.000000000000000000e+00
0.000000000000000000e+00
0.000000000000000000e+00
0.000000000000000000e+00
0.000000000000000000e+00
0.000000000000000000e+00
0.000000000000000000e+00
0.000000000000000000e+00
0.000000000000000000e+00
0.000000000000000000e+00
0.000000000000000000e+00
0.000000000000000000e+00
0.000000000000000000e+00
0.000000000000000000e+00
0.000000000000000000e+00
0.000000000000000000e+00
0.000000000000000000e+00
0.000000000000000000e+00
0.000000000000000000e+00
0.000000000000000000e+00
0.000000000000000000e+00
0.000000000000000000e+00
0.000000000000000000e+00
0.000000000000000000e+00
0.000000000000000000e+00
0.000000000000000000e+00
0.000000000000000000e+00
0.000000000000000000e+00
0.000000000000000000e+00
0.000000000000000000e+00
0.000000000000000000e+00
0.000000000000000000e+00
0.000000000000000000e+00
0.000000000000000000e+00
0.000000000000000000e+00
0.000000000000000000e+00
0.000000000000000000e+00
0.000000000000000000e+00
0.000000000000000000e+00
0.000000000000000000e+00
0.000000000000000000e+00
0.000000000000000000e+00
0.000000000000000000e+00
0.000000000000000000e+00
0.000000000000000000e+00
0.000000000000000000e+00
0.000000000000000000e+00
0.000000000000000000e+00
0.000000000000000000e+00
0.000000000000000000e+00
0.000000000000000000e+00
0.000000000000000000e+00
0.000000000000000000e+00
0.000000000000000000e+00
0.000000000000000000e+00
0.000000000000000000e+00
0.000000000000000000e+00
0.000000000000000000e+00
0.000000000000000000e+00
0.000000000000000000e+00
0.000000000000000000e+00
0.000000000000000000e+00
0.000000000000000000e+00
0.000000000000000000e+00
0.000000000000000000e+00
0.000000000000000000e+00
0.000000000000000000e+00
0.000000000000000000e+00
0.000000000000000000e+00
0.000000000000000000e+00
0.000000000000000000e+00
0.000000000000000000e+00
0.000000000000000000e+00
0.000000000000000000e+00
0.000000000000000000e+00
0.000000000000000000e+00
0.000000000000000000e+00
0.000000000000000000e+00
0.000000000000000000e+00
0.000000000000000000e+00
0.000000000000000000e+00
0.000000000000000000e+00
0.000000000000000000e+00
0.000000000000000000e+00
0.000000000000000000e+00
0.000000000000000000e+00
0.000000000000000000e+00
0.000000000000000000e+00
0.000000000000000000e+00
0.000000000000000000e+00
0.000000000000000000e+00
0.000000000000000000e+00
0.000000000000000000e+00
0.000000000000000000e+00
0.000000000000000000e+00
0.000000000000000000e+00
0.000000000000000000e+00
0.000000000000000000e+00
0.000000000000000000e+00
0.000000000000000000e+00
0.000000000000000000e+00
0.000000000000000000e+00
0.000000000000000000e+00
0.000000000000000000e+00
0.000000000000000000e+00
0.000000000000000000e+00
0.000000000000000000e+00
0.000000000000000000e+00
0.000000000000000000e+00
0.000000000000000000e+00
0.000000000000000000e+00
0.000000000000000000e+00
0.000000000000000000e+00
0.000000000000000000e+00
0.000000000000000000e+00
0.000000000000000000e+00
0.000000000000000000e+00
0.000000000000000000e+00
0.000000000000000000e+00
0.000000000000000000e+00
0.000000000000000000e+00
0.000000000000000000e+00
0.000000000000000000e+00
0.000000000000000000e+00
0.000000000000000000e+00
0.000000000000000000e+00
0.000000000000000000e+00
0.000000000000000000e+00
0.000000000000000000e+00
0.000000000000000000e+00
0.000000000000000000e+00
0.000000000000000000e+00
0.000000000000000000e+00
0.000000000000000000e+00
0.000000000000000000e+00
0.000000000000000000e+00
0.000000000000000000e+00
0.000000000000000000e+00
0.000000000000000000e+00
0.000000000000000000e+00
0.000000000000000000e+00
0.000000000000000000e+00
0.000000000000000000e+00
0.000000000000000000e+00
0.000000000000000000e+00
0.000000000000000000e+00
0.000000000000000000e+00
0.000000000000000000e+00
nan
