# bin_7_5
-9.705869486878915438e-06
-6.749245441351808876e-06
-4.654909307439107900e-06
-3.180758190242325387e-06
-2.187069973126171927e-06
-1.495674893013833120e-06
-1.042978694050145423e-06
-7.039337857206125351e-07
-4.902276786541640852e-07
-3.392780607243503975e-07
-2.302002561326187166e-07
-1.663710205779915078e-07
-1.142443241343460143e-07
-6.508415328304777365e-08
-3.783408367089148286e-08
-3.134109623524583181e-08
-2.702667163748809232e-08
-2.308562881209303630e-08
-1.952804336243080174e-08
-1.649578177153469105e-08
-1.348073001734710079e-08
-1.023537204313050554e-08
-2.068533485052838442e-09
9.441616691438185692e-09
1.804516000885080129e-08
2.033918608418241322e-08
1.376343557323460469e-08
2.075221620112763716e-09
-9.282890336796164309e-09
-1.694758046363359422e-08
-1.897278014362405788e-08
-1.546389102462351614e-08
-9.215049718844311982e-09
-2.406265943565785279e-09
3.488311788891651014e-09
7.506816340860859443e-09
9.057681759855123530e-09
9.176417487211765880e-09
9.170326299370093869e-09
9.063853946634493153e-09
8.877131595745953651e-09
8.626759847725786486e-09
8.326441457571657801e-09
7.987493971195451135e-09
7.314890296344260652e-09
6.201267417255357771e-09
4.886838528496793953e-09
3.554868500893110305e-09
2.343262662387284082e-09
1.353843819486847969e-09
6.597896661085340109e-10
3.116023792327105654e-10
1.795094351680182695e-10
9.580965257669593399e-11
4.308458699354837874e-11
7.357986137248114239e-12
-2.250308012099985144e-11
-5.528407557480718928e-11
-9.783406860783416555e-11
-1.554068789023849047e-10
-2.319444454424769295e-10
-3.709278476092549527e-10
-5.881822814639207278e-10
-8.504139654090933856e-10
-1.130276153316458411e-09
-1.405457608730496060e-09
-1.657908448351428458e-09
-1.873182078715183057e-09
-2.039875392997625333e-09
-2.149152252310583520e-09
-2.194337652532208893e-09
-2.170571958701902907e-09
-2.059476064035878141e-09
-1.865082285299145815e-09
-1.613982254468550786e-09
-1.328774822359350427e-09
-1.028588203822069194e-09
-7.295345808654259229e-10
-4.451061764323008128e-10
-1.865205514227309436e-10
3.697819695729195167e-11
2.178565751770168108e-10
3.500621964136842739e-10
4.288233439670825448e-10
4.504738695007916609e-10
4.426127765258155901e-10
4.347993647485467636e-10
4.270424206788529445e-10
4.193496467288996850e-10
4.117277699693065084e-10
4.041826399507199065e-10
3.967193167451610476e-10
3.893421502318787171e-10
3.820548515383187291e-10
3.748605574462648357e-10
3.677618884844715513e-10
3.607610013507297038e-10
3.538596362369914103e-10
3.470591595698184358e-10
3.403606026240306633e-10
3.337646964191856817e-10
3.272491690786016092e-10
3.207941086492872060e-10
3.144032051151726767e-10
3.080796846194109204e-10
3.018263512742140954e-10
2.956456252842967641e-10
2.895395777222975464e-10
2.835099622616296822e-10
2.775582441427042849e-10
2.716856266219920666e-10
2.658930751296216804e-10
2.601813393398447288e-10
2.545509733394833780e-10
2.490023540621840988e-10
2.435356981407157827e-10
2.381510773155091949e-10
2.328484325249594761e-10
2.276275867915747095e-10
2.210231788084184136e-10
2.119144304284018603e-10
2.007820576681176536e-10
1.880620478184599255e-10
1.741493154402523921e-10
1.594010609963721913e-10
1.441398571995273577e-10
1.286564859279356104e-10
1.132125465435186270e-10
9.804285461807320314e-11
8.335764841347947336e-11
6.934461895576593559e-11
5.617077817474163454e-11
4.398417833756173961e-11
3.291549487396693454e-11
2.307948366224014393e-11
1.457632290838817999e-11
7.492848898051789019e-12
1.903694123205800316e-12
-2.127664423185419356e-12
-4.547939638102804538e-12
-5.313144828899600902e-12
-5.217431804804627437e-12
-5.081723651562797790e-12
-4.908559667456716692e-12
-4.700341571938532501e-12
-4.459341138135986892e-12
-4.187707373020932655e-12
-3.887473274186207017e-12
-3.560562190174999084e-12
-3.208793809454140727e-12
-2.833889801408442246e-12
-2.437479131143197910e-12
-2.021103068410238285e-12
-1.586219909607660025e-12
-1.134209430535638003e-12
-6.663770864172406406e-13
-1.839579745999163283e-13
3.118794256585088741e-13
8.200297228594141281e-13
1.339447279802161256e-12
1.869143065221192380e-12
2.408181679509224154e-12
2.955678544216398145e-12
3.510797245676041355e-12
4.072747023716478513e-12
4.640780396988120856e-12
8.906964934531973643e-12
1.994437300175982219e-11
3.687034356351397664e-11
5.886132829081860398e-11
8.514938504462012404e-11
1.150188791458616168e-10
1.478033796284472538e-10
2.196803418461194756e-10
2.576605222104296776e-10
2.963261226063952728e-10
3.352162028297721420e-10
3.739038795761134535e-10
4.119942922870978597e-10
4.491226871937176887e-10
4.849526124942783615e-10
5.515026533771052906e-10
5.816765581618368448e-10
6.094566397622878410e-10
6.346243326525556199e-10
6.569805349560800645e-10
6.763444175717842277e-10
6.925523016545023226e-10
7.149248218963493092e-10
7.208386280341956192e-10
7.230929486701926437e-10
7.215951454483109574e-10
7.083518010391646637e-10
6.992431208908548033e-10
6.890605945387951719e-10
6.779198270282576339e-10
6.659299570559550355e-10
6.398090527708818542e-10
6.258667884360728814e-10
6.114535295634342365e-10
5.815346188892904744e-10
5.661776093615450968e-10
5.506473532069057595e-10
5.350075411196510987e-10
5.036348354790363996e-10
4.880107195718942819e-10
4.724949630915962849e-10
4.419702065252784064e-10
4.270447109039354232e-10
4.123948783604727953e-10
3.840600427797490694e-10
3.704380016923925580e-10
3.444254609391795326e-10
3.320851006465961012e-10
3.202189205114869287e-10
2.979891693105938622e-10
2.876615135890745595e-10
2.686589628208642497e-10
2.600111423026573363e-10
2.432194748211968475e-10
2.347996300546478027e-10
2.263922295858815786e-10
2.096929832081983599e-10
2.014374635054100882e-10
1.851976185494505592e-10
1.772435551431287324e-10
1.617359972409138571e-10
1.542074945734285526e-10
1.396576125055687097e-10
1.326566491163103393e-10
1.192485912003293887e-10
1.066861857553716388e-10
1.007400878283438719e-10
8.954931831113288268e-11
8.431562555737539046e-11
7.459558445293392728e-11
6.589893473225275000e-11
6.194299215017333798e-11
5.482988440433830779e-11
5.167730986081316908e-11
4.618925794375986967e-11
4.179950306151742001e-11
4.001880897127318563e-11
3.728830602645512864e-11
3.566643410379508957e-11
3.527077034155343114e-11
3.741559022990396757e-11
4.433883494788335471e-11
5.527828164605667851e-11
6.203295023861941637e-11
7.770182823608632542e-11
9.574274848786017181e-11
1.155915457335846788e-10
1.260307410782353995e-10
1.476369893327236113e-10
1.698420392179216106e-10
1.922342560992026005e-10
2.144387355377682478e-10
2.253628018667637049e-10
2.466565855727589758e-10
2.669690890322299495e-10
2.860342374369333721e-10
3.036121176993480687e-10
3.194870630919448645e-10
3.334658715156137170e-10
3.453761478947541142e-10
3.550647619023434273e-10
3.623964128685193581e-10
3.672522943261501208e-10
3.695288512000412799e-10
3.691366231570451507e-10
3.659991681057426989e-10
3.602606275202499069e-10
3.522944324698824852e-10
3.423633813580722710e-10
3.307126996858901781e-10
3.175710995611716993e-10
3.031517749850097603e-10
2.876533369756476385e-10
2.712606923185052366e-10
2.541458694789704123e-10
2.364687949803643036e-10
2.183780233316170975e-10
2.000114233867304497e-10
1.722213754595145981e-10
1.537039775923659681e-10
1.353181223033274854e-10
1.171610479393174583e-10
9.932241534964055057e-11
7.334027346190814707e-11
5.664437595495466192e-11
4.052748366759272383e-11
2.505049313355288881e-11
3.154944992291605596e-12
-1.049018193991415039e-11
-2.332229148906566875e-11
-4.096119213023863406e-11
-5.159753652350531724e-11
-6.146479957104485785e-11
-7.662176692944399635e-11
-8.701646803880666504e-11
-1.028634761018829418e-10
-1.135016356530822831e-10
-1.241271819364097446e-10
-1.399192367320778400e-10
-1.502743396485471778e-10
-1.654295484547788748e-10
-1.752186659619538107e-10
-1.893330540690995915e-10
-1.983114223815367650e-10
-2.110519928903261301e-10
-2.228344031508645701e-10
-2.301142475242194802e-10
-2.401146530756565006e-10
-2.461392662223822010e-10
-2.541681023153774616e-10
-2.609408537954545918e-10
-2.647357641784928251e-10
-2.693191917798901914e-10
-2.725432556252740920e-10
-2.739241452170667501e-10
-2.748268267721464631e-10
-2.743124236466361043e-10
-2.723689408088639847e-10
-2.702754962546767167e-10
-2.623905320750612977e-10
-2.467792387824176168e-10
-2.245802731185997967e-10
-1.968471157735429058e-10
-1.757678619892809778e-10
-1.409384667326491842e-10
-1.030094106034477572e-10
-6.276730182453864242e-11
-2.093686430368136426e-11
2.181496010990676479e-11
6.487517682703310980e-11
1.076811531727281429e-10
1.497172657622778170e-10
1.905117650469370723e-10
2.296338425682559629e-10
2.666908874699642033e-10
3.013259197518224533e-10
3.332151886168440941e-10
3.709612036955603903e-10
3.953547726815769453e-10
4.161356029520186633e-10
4.330997484980621640e-10
4.460660559584665266e-10
4.548745851645680537e-10
4.599119733799976613e-10
4.585053040475572810e-10
4.528862975722223004e-10
4.408532147546369654e-10
4.289605228288784673e-10
4.149773335424579918e-10
3.936104546244080019e-10
3.759124301557354309e-10
3.570744688275057544e-10
3.306060272025188072e-10
3.100349488260604043e-10
2.820439153772138570e-10
2.608773000727274775e-10
2.327594190541538216e-10
2.119590044793444483e-10
1.848909896968197557e-10
1.652651006507591731e-10
1.402326234038858350e-10
1.167408523392345786e-10
1.002780210238403177e-10
8.004263264047413163e-11
6.194519690706193136e-11
4.988012287008550729e-11
3.592834650363261948e-11
2.454207759104251345e-11
1.584152311664213793e-11
9.930381722416171834e-12
7.381349840500283191e-12
6.771922148567969531e-12
1.376462885128706337e-11
2.914557396152509135e-11
5.171625406275987265e-11
8.036444556991381424e-11
1.140587199217343831e-10
1.518433066374174682e-10
1.928332813138318028e-10
2.362100572331234122e-10
2.812171607261863588e-10
3.271562718055485571e-10
3.733835128488281026e-10
4.306740649585604081e-10
4.754541296876426838e-10
5.187651159750078304e-10
5.601582403554449630e-10
6.085809697393757175e-10
6.442131144271791958e-10
6.767216744108862404e-10
7.125078210803163481e-10
7.369286455807318892e-10
7.573477453375209785e-10
7.769193729111536264e-10
7.875847868405546167e-10
7.944062858676205882e-10
7.944814618314687841e-10
7.876475473584863010e-10
7.712766492313987833e-10
7.308327991499971760e-10
6.712742438336368598e-10
6.119337997809332573e-10
5.255386225047967605e-10
4.280335783981745078e-10
3.436814815078082116e-10
2.322147198672245639e-10
1.160107340478250812e-10
-2.993259605876996156e-12
-1.230192694048267317e-10
-2.424377577026073248e-10
-3.597575821146625554e-10
-4.511829366214736427e-10
-5.613736366782201712e-10
-6.659491065231859981e-10
-7.825620699176721122e-10
-8.712410808417291016e-10
-9.512957626159513932e-10
-1.021972534927361093e-09
-1.082596220655165177e-09
-1.132564579059028491e-09
-1.177713609999640810e-09
-1.202447557802354000e-09
-1.215031702526207538e-09
-1.215118057181891895e-09
-1.190464298981446156e-09
-1.117169149742813746e-09
-9.674713800791267691e-10
-7.985077991683151697e-10
-5.512616644213284216e-10
-3.143838623499962190e-10
-4.947585295885555002e-13
2.804202430943777576e-10
6.344067589244532648e-10
1.000464495599135957e-09
1.310251799482549572e-09
1.682740610755646602e-09
2.051091959396435921e-09
2.410503507763082789e-09
2.756599342169600583e-09
3.085400420387708161e-09
3.393296992844875430e-09
3.677022862554636177e-09
3.933631358475509079e-09
4.160472905925585970e-09
4.355174085939463210e-09
4.515618083094428794e-09
4.639926428406156696e-09
4.726441950440626568e-09
4.773712853853689437e-09
4.777588653136860194e-09
4.735838224383512534e-09
4.657356500714459319e-09
4.527526124232111677e-09
4.388050916260051260e-09
4.197694676155008470e-09
4.014815023935890938e-09
3.782972088215407688e-09
3.571815780330588931e-09
3.314835217136588069e-09
3.050251351206000696e-09
2.781782340000060762e-09
2.551165131581190492e-09
2.284303217094483776e-09
2.022542138269562919e-09
1.768515989863824289e-09
1.524622995355000956e-09
1.293041742678781411e-09
1.075746346683917924e-09
8.745206108578762753e-10
6.909712557462679249e-10
5.265402767401809120e-10
3.825164895108069019e-10
2.443707666966667062e-10
1.477677866247794676e-10
7.474155340158482986e-11
2.112449127916818181e-11
1.050122319671118218e-12
0.000000000000000000e+00
0.000000000000000000e+00
0.000000000000000000e+00
0.000000000000000000e+00
0.000000000000000000e+00
0.000000000000000000e+00
0.000000000000000000e+00
0.000000000000000000e+00
0.000000000000000000e+00
0.000000000000000000e+00
0.000000000000000000e+00
0.000000000000000000e+00
0.000000000000000000e+00
0.000000000000000000e+00
0.000000000000000000e+00
0.000000000000000000e+00
0.000000000000000000e+00
0.000000000000000000e+00
0.000000000000000000e+00
0.000000000000000000e+00
0.000000000000000000e+00
0.000000000000000000e+00
0.000000000000000000e+00
0.000000000000000000e+00
0.000000000000000000e+00
0.000000000000000000e+00
0.000000000000000000e+00
0.000000000000000000e+00
0.000000000000000000e+00
0.000000000000000000e+00
0.000000000000000000e+00
0.000000000000000000e+00
0.000000000000000000e+00
0.000000000000000000e+00
0.000000000000000000e+00
0.000000000000000000e+00
0.000000000000000000e+00
0.000000000000000000e+00
0.000000000000000000e+00
0.000000000000000000e+00
0.000000000000000000e+00
0.000000000000000000e+00
0.000000000000000000e+00
0.000000000000000000e+00
0.000000000000000000e+00
0.000000000000000000e+00
0.000000000000000000e+00
0.000000000000000000e+00
0.000000000000000000e+00
0.000000000000000000e+00
0.000000000000000000e+00
0.000000000000000000e+00
0.000000000000000000e+00
0.000000000000000000e+00
0.000000000000000000e+00
0.000000000000000000e+00
0.000000000000000000e+00
0.000000000000000000e+00
0.000000000000000000e+00
0.000000000000000000e+00
0.000000000000000000e+00
0.000000000000000000e+00
0.000000000000000000e+00
0.000000000000000000e+00
0.000000000000000000e+00
0.000000000000000000e+00
0.000000000000000000e+00
0.000000000000000000e+00
0.000000000000000000e+00
0.000000000000000000e+00
0.000000000000000000e+00
0.000000000000000000e+00
0.000000000000000000e+00
0.000000000000000000e+00
0.000000000000000000e+00
0.000000000000000000e+00
0.000000000000000000e+00
0.000000000000000000e+00
0.000000000000000000e+00
0.000000000000000000e+00
0.000000000000000000e+00
0.000000000000000000e+00
0.000000000000000000e+00
0.000000000000000000e+00
0.000000000000000000e+00
0.000000000000000000e+00
0.000000000000000000e+00
0.000000000000000000e+00
0.000000000000000000e+00
0.000000000000000000e+00
0.000000000000000000e+00
0.000000000000000000e+00
0.000000000000000000e+00
0.000000000000000000e+00
0.000000000000000000e+00
0.000000000000000000e+00
0.000000000000000000e+00
0.000000000000000000e+00
0.000000000000000000e+00
0.000000000000000000e+00
0.000000000000000000e+00
0.000000000000000000e+00
0.000000000000000000e+00
0.000000000000000000e+00
0.000000000000000000e+00
0.000000000000000000e+00
0.000000000000000000e+00
0.000000000000000000e+00
0.000000000000000000e+00
0.000000000000000000e+00
0.000000000000000000e+00
0.000000000000000000e+00
0.000000000000000000e+00
0.000000000000000000e+00
0.000000000000000000e+00
0.000000000000000000e+00
0.000000000000000000e+00
0.000000000000000000e+00
0.000000000000000000e+00
0.000000000000000000e+00
0.000000000000000000e+00
0.000000000000000000e+00
0.000000000000000000e+00
0.000000000000000000e+00
0.000000000000000000e+00
0.000000000000000000e+00
0.000000000000000000e+00
0.000000000000000000e+00
0.000000000000000000e+00
0.000000000000000000e+00
0.000000000000000000e+00
0.000000000000000000e+00
0.000000000000000000e+00
0.000000000000000000e+00
0.000000000000000000e+00
0.000000000000000000e+00
0.000000000000000000e+00
0.000000000000000000e+00
0.000000000000000000e+00
0.000000000000000000e+00
0.000000000000000000e+00
0.000000000000000000e+00
0.000000000000000000e+00
0.000000000000000000e+00
0.000000000000000000e+00
0.000000000000000000e+00
0.000000000000000000e+00
0.000000000000000000e+00
0.000000000000000000e+00
0.000000000000000000e+00
0.000000000000000000e+00
0.000000000000000000e+00
0.000000000000000000e+00
0.000000000000000000e+00
0.000000000000000000e+00
0.000000000000000000e+00
0.000000000000000000e+00
0.000000000000000000e+00
0.000000000000000000e+00
0.000000000000000000e+00
0.000000000000000000e+00
0.000000000000000000e+00
0.000000000000000000e+00
0.000000000000000000e+00
0.000000000000000000e+00
0.000000000000000000e+00
0.000000000000000000e+00
0.000000000000000000e+00
0.000000000000000000e+00
0.000000000000000000e+00
0.000000000000000000e+00
0.000000000000000000e+00
0.000000000000000000e+00
0.000000000000000000e+00
0.000000000000000000e+00
0.000000000000000000e+00
0.000000000000000000e+00
0.000000000000000000e+00
0.000000000000000000e+00
0.000000000000000000e+00
0.000000000000000000e+00
0.000000000000000000e+00
0.000000000000000000e+00
0.000000000000000000e+00
0.000000000000000000e+00
0.000000000000000000e+00
0.000000000000000000e+00
0.000000000000000000e+00
0.000000000000000000e+00
0.000000000000000000e+00
0.000000000000000000e+00
0.000000000000000000e+00
0.000000000000000000e+00
0.000000000000000000e+00
0.000000000000000000e+00
0.000000000000000000e+00
0.000000000000000000e+00
0.000000000000000000e+00
0.000000000000000000e+00
0.000000000000000000e+00
0.000000000000000000e+00
0.000000000000000000e+00
0.000000000000000000e+00
0.000000000000000000e+00
0.000000000000000000e+00
0.000000000000000000e+00
0.000000000000000000e+00
0.000000000000000000e+00
0.000000000000000000e+00
0.000000000000000000e+00
0.000000000000000000e+00
0.000000000000000000e+00
0.000000000000000000e+00
0.000000000000000000e+00
0.000000000000000000e+00
0.000000000000000000e+00
0.000000000000000000e+00
0.000000000000000000e+00
0.000000000000000000e+00
0.000000000000000000e+00
0.000000000000000000e+00
0.000000000000000000e+00
0.000000000000000000e+00
0.000000000000000000e+00
0.000000000000000000e+00
0.000000000000000000e+00
0.000000000000000000e+00
0.000000000000000000e+00
0.000000000000000000e+00
0.000000000000000000e+00
0.000000000000000000e+00
0.000000000000000000e+00
0.000000000000000000e+00
0.000000000000000000e+00
0.000000000000000000e+00
0.000000000000000000e+00
0.000000000000000000e+00
0.000000000000000000e+00
0.000000000000000000e+00
0.000000000000000000e+00
0.000000000000000000e+00
0.000000000000000000e+00
0.000000000000000000e+00
0.000000000000000000e+00
0.000000000000000000e+00
0.000000000000000000e+00
0.000000000000000000e+00
0.000000000000000000e+00
0.000000000000000000e+00
0.000000000000000000e+00
0.000000000000000000e+00
0.000000000000000000e+00
0.000000000000000000e+00
0.000000000000000000e+00
0.000000000000000000e+00
0.000000000000000000e+00
0.000000000000000000e+00
0.000000000000000000e+00
0.000000000000000000e+00
0.000000000000000000e+00
0.000000000000000000e+00
0.000000000000000000e+00
0.000000000000000000e+00
0.000000000000000000e+00
0.000000000000000000e+00
0.000000000000000000e+00
0.000000000000000000e+00
0.000000000000000000e+00
0.000000000000000000e+00
0.000000000000000000e+00
0.000000000000000000e+00
0.000000000000000000e+00
0.000000000000000000e+00
0.000000000000000000e+00
0.000000000000000000e+00
0.000000000000000000e+00
0.000000000000000000e+00
0.000000000000000000e+00
0.000000000000000000e+00
0.000000000000000000e+00
0.000000000000000000e+00
0.000000000000000000e+00
0.000000000000000000e+00
0.000000000000000000e+00
0.000000000000000000e+00
0.000000000000000000e+00
0.000000000000000000e+00
0.000000000000000000e+00
0.000000000000000000e+00
0.000000000000000000e+00
0.000000000000000000e+00
0.000000000000000000e+00
0.000000000000000000e+00
0.000000000000000000e+00
0.000000000000000000e+00
0.000000000000000000e+00
0.000000000000000000e+00
0.000000000000000000e+00
0.000000000000000000e+00
0.000000000000000000e+00
0.000000000000000000e+00
0.000000000000000000e+00
0.000000000000000000e+00
0.000000000000000000e+00
0.000000000000000000e+00
0.000000000000000000e+00
0.000000000000000000e+00
0.000000000000000000e+00
0.000000000000000000e+00
0.000000000000000000e+00
0.000000000000000000e+00
0.000000000000000000e+00
0.000000000000000000e+00
0.000000000000000000e+00
0.000000000000000000e+00
0.000000000000000000e+00
0.000000000000000000e+00
0.000000000000000000e+00
0.000000000000000000e+00
0.000000000000000000e+00
0.000000000000000000e+00
0.000000000000000000e+00
0.000000000000000000e+00
0.000000000000000000e+00
0.000000000000000000e+00
0.000000000000000000e+00
0.000000000000000000e+00
0.000000000000000000e+00
0.000000000000000000e+00
0.000000000000000000e+00
0.000000000000000000e+00
0.000000000000000000e+00
0.000000000000000000e+00
0.000000000000000000e+00
0.000000000000000000e+00
0.000000000000000000e+00
0.000000000000000000e+00
0.000000000000000000e+00
0.000000000000000000e+00
0.000000000000000000e+00
0.000000000000000000e+00
0.000000000000000000e+00
0.000000000000000000e+00
0.000000000000000000e+00
0.000000000000000000e+00
0.000000000000000000e+00
0.000000000000000000e+00
0.000000000000000000e+00
0.000000000000000000e+00
0.000000000000000000e+00
0.000000000000000000e+00
0.000000000000000000e+00
0.000000000000000000e+00
0.000000000000000000e+00
0.000000000000000000e+00
0.000000000000000000e+00
0.000000000000000000e+00
0.000000000000000000e+00
0.000000000000000000e+00
0.000000000000000000e+00
0.000000000000000000e+00
0.000000000000000000e+00
0.000000000000000000e+00
0.000000000000000000e+00
0.000000000000000000e+00
0.000000000000000000e+00
0.000000000000000000e+00
0.000000000000000000e+00
0.000000000000000000e+00
0.000000000000000000e+00
0.000000000000000000e+00
0.000000000000000000e+00
0.000000000000000000e+00
0.000000000000000000e+00
0.000000000000000000e+00
0.000000000000000000e+00
0.000000000000000000e+00
0.000000000000000000e+00
0.000000000000000000e+00
0.000000000000000000e+00
0.000000000000000000e+00
0.000000000000000000e+00
0.000000000000000000e+00
0.000000000000000000e+00
0.000000000000000000e+00
0.000000000000000000e+00
0.000000000000000000e+00
0.000000000000000000e+00
0.000000000000000000e+00
0.000000000000000000e+00
0.000000000000000000e+00
0.000000000000000000e+00
0.000000000000000000e+00
0.000000000000000000e+00
0.000000000000000000e+00
0.000000000000000000e+00
0.000000000000000000e+00
0.000000000000000000e+00
0.000000000000000000e+00
0.000000000000000000e+00
0.000000000000000000e+00
0.000000000000000000e+00
0.000000000000000000e+00
0.000000000000000000e+00
0.000000000000000000e+00
0.000000000000000000e+00
0.000000000000000000e+00
0.000000000000000000e+00
0.000000000000000000e+00
0.000000000000000000e+00
0.000000000000000000e+00
0.000000000000000000e+00
0.000000000000000000e+00
0.000000000000000000e+00
0.000000000000000000e+00
0.000000000000000000e+00
0.000000000000000000e+00
0.000000000000000000e+00
0.000000000000000000e+00
0.000000000000000000e+00
0.000000000000000000e+00
0.000000000000000000e+00
0.000000000000000000e+00
0.000000000000000000e+00
0.000000000000000000e+00
0.000000000000000000e+00
0.000000000000000000e+00
0.000000000000000000e+00
0.000000000000000000e+00
0.000000000000000000e+00
0.000000000000000000e+00
0.000000000000000000e+00
0.000000000000000000e+00
0.000000000000000000e+00
0.000000000000000000e+00
0.000000000000000000e+00
0.000000000000000000e+00
0.000000000000000000e+00
0.000000000000000000e+00
0.000000000000000000e+00
0.000000000000000000e+00
0.000000000000000000e+00
0.000000000000000000e+00
0.000000000000000000e+00
0.000000000000000000e+00
0.000000000000000000e+00
0.000000000000000000e+00
0.000000000000000000e+00
0.000000000000000000e+00
0.000000000000000000e+00
0.000000000000000000e+00
0.000000000000000000e+00
0.000000000000000000e+00
0.000000000000000000e+00
0.000000000000000000e+00
0.000000000000000000e+00
0.000000000000000000e+00
0.000000000000000000e+00
0.000000000000000000e+00
0.000000000000000000e+00
0.000000000000000000e+00
0.000000000000000000e+00
0.000000000000000000e+00
0.000000000000000000e+00
0.000000000000000000e+00
0.000000000000000000e+00
0.000000000000000000e+00
0.000000000000000000e+00
0.000000000000000000e+00
0.000000000000000000e+00
0.000000000000000000e+00
0.000000000000000000e+00
0.000000000000000000e+00
0.000000000000000000e+00
0.000000000000000000e+00
0.000000000000000000e+00
0.000000000000000000e+00
0.000000000000000000e+00
0.000000000000000000e+00
0.000000000000000000e+00
0.000000000000000000e+00
0.000000000000000000e+00
0.000000000000000000e+00
0.000000000000000000e+00
0.000000000000000000e+00
0.000000000000000000e+00
0.000000000000000000e+00
0.000000000000000000e+00
0.000000000000000000e+00
0.000000000000000000e+00
0.000000000000000000e+00
0.000000000000000000e+00
0.000000000000000000e+00
0.000000000000000000e+00
0.000000000000000000e+00
0.000000000000000000e+00
0.000000000000000000e+00
0.000000000000000000e+00
0.000000000000000000e+00
0.000000000000000000e+00
0.000000000000000000e+00
0.000000000000000000e+00
0.000000000000000000e+00
0.000000000000000000e+00
0.000000000000000000e+00
0.000000000000000000e+00
0.000000000000000000e+00
0.000000000000000000e+00
0.000000000000000000e+00
0.000000000000000000e+00
0.000000000000000000e+00
0.000000000000000000e+00
0.000000000000000000e+00
0.000000000000000000e+00
0.000000000000000000e+00
0.000000000000000000e+00
nan
