# bin_22_11
-1.992880335173714744e-09
4.802640625015565538e-10
-2.070571426380036138e-09
1.566436939335972116e-09
-1.874192214387374488e-09
8.701351352762405804e-10
-2.441428107317234042e-09
2.916388508404296094e-09
-1.993008603834368324e-09
7.756302680901919619e-10
-7.876332576716580332e-09
8.713926703790835674e-10
-1.857587371542631523e-09
-1.768606056755041369e-09
-1.594740696004117968e-09
-1.041850288603501086e-09
-3.735875980263054506e-10
-9.134737365080665704e-11
-1.560101800177938569e-10
-2.863508068640909740e-10
-4.025912475896278908e-10
-4.644810506844596518e-10
-4.711207281030806413e-10
-4.593824398365800599e-10
-4.533538198229680446e-10
-4.664088479252666120e-10
-6.377046210421579102e-10
-9.523747201665621485e-10
-1.249654100025818360e-09
-1.430645582459765247e-09
-1.438562916465081934e-09
-1.256276597850514392e-09
-9.217314667973848810e-10
-4.755811777219678673e-10
5.038648998302817608e-11
6.313190046740788040e-10
1.247808122325423239e-09
2.074391679333763864e-09
3.114305316366812242e-09
4.152770714010969405e-09
5.037612374089999036e-09
5.664168974769583855e-09
5.963723106685314981e-09
5.894615489025085787e-09
5.363606045021424299e-09
4.463210271402086545e-09
3.401814481154170033e-09
2.338081402571423993e-09
1.391097421949346207e-09
6.484923639444528015e-10
1.729463277382931157e-10
7.409932206456095981e-12
7.679365345624489173e-12
8.811029695599216275e-12
1.050211677361445050e-11
1.250841589068354290e-11
1.463424416379032666e-11
1.672409488146786826e-11
1.865570185683260114e-11
2.033427304223724165e-11
2.168769156151932220e-11
2.301575832025304786e-11
2.454468048205940315e-11
2.612995260159285869e-11
2.765442173829869116e-11
2.902400124447918478e-11
3.016403810607933533e-11
3.101623187223289675e-11
3.153601979255627098e-11
3.169035653346781632e-11
3.145582827448753928e-11
3.081705050474323147e-11
2.982771363547503684e-11
2.860871047768926580e-11
2.724042441386148283e-11
2.579104830465951796e-11
2.431818370464484674e-11
2.287023291432605052e-11
2.148761153411161905e-11
2.020380531569028965e-11
1.904629180659123992e-11
1.803734446553156657e-11
1.719473451555432721e-11
1.653234373679376502e-11
1.606069962885524630e-11
1.576352464802584595e-11
1.560918727004768108e-11
1.558391071007606312e-11
1.567510154125564010e-11
1.587124494904816610e-11
1.616180988830104254e-11
1.653716313436922112e-11
1.698849133030369306e-11
1.750773022976781441e-11
1.808750042158840632e-11
1.872104889811535526e-11
1.940219589708440798e-11
2.012528650652849286e-11
2.088514657539390171e-11
2.167704251969708498e-11
2.249664465602406561e-11
2.395330282508384064e-11
2.647649172907947887e-11
2.981479924723655892e-11
3.374444195465639825e-11
3.806661727828106729e-11
4.260510731025266949e-11
4.720410953380895878e-11
5.172627227391652868e-11
5.605091496264680593e-11
6.007241534019947924e-11
6.369874752465536008e-11
6.685015650201713523e-11
6.945795603465901745e-11
7.146343828028128294e-11
7.281688457186287474e-11
7.347666784688070367e-11
7.340843814450837367e-11
7.258438342429799114e-11
7.054264903132105854e-11
6.703034920039079899e-11
6.231758938430270548e-11
5.664951451546771562e-11
5.024834383125769618e-11
4.331524042396080282e-11
3.603202944252970360e-11
2.856277763735558978e-11
2.105524581944999370e-11
1.364222479013390094e-11
6.442764376231297525e-12
-4.366956303587898824e-13
-6.901284589318317142e-12
-1.286674283565314539e-11
-1.825853948908578841e-11
-2.301106009880483181e-11
-2.706685849327616140e-11
-3.037596767846493896e-11
-3.289526505952330072e-11
-3.458788765466380647e-11
-3.542269332908788972e-11
-3.537376440470952518e-11
-3.452430214101421205e-11
-3.304287235453653826e-11
-3.102901601667008274e-11
-2.857443228261114887e-11
-2.576352340571697319e-11
-2.267390189993101891e-11
-1.937686266619954572e-11
-1.593782259282899873e-11
-1.241672995031093925e-11
-8.868445726872279087e-12
-5.343098890574767143e-12
-1.886417416066507224e-12
1.459963222017226510e-12
4.658212512464408652e-12
7.674036866826818297e-12
1.047642972053468545e-11
1.303743852009253916e-11
1.533194743159524597e-11
1.733747468976235505e-11
1.903398358428700643e-11
2.040370615201539073e-11
2.143097870977850277e-11
2.210208842405909123e-11
2.240513017043283289e-11
2.232987298827834642e-11
2.175628039708491141e-11
2.062181726503914793e-11
1.899981676786406863e-11
1.695870013011764094e-11
1.456226799396953341e-11
1.186997452283930806e-11
8.937185303711807322e-12
2.552580984432752673e-12
-8.068320755324189538e-13
-4.221519369197988790e-12
-7.653190564964318415e-12
-1.106638529206830503e-11
-1.442830411252657820e-11
-1.770864931433432116e-11
-2.087947493913651960e-11
-2.679170283421760501e-11
-2.948774072588730644e-11
-3.198328664748852256e-11
-3.426019039208656975e-11
-3.630191907844751143e-11
-3.809345819361114826e-11
-3.962121831528915741e-11
-4.183764681103730974e-11
-4.250549534069610786e-11
-4.286777337563884308e-11
-4.291679452464784313e-11
-4.199946974131195685e-11
-4.095708718235813617e-11
-3.956295179300394043e-11
-3.785879733249490447e-11
-3.588395947906565269e-11
-3.126830731057993825e-11
-2.869523497687540742e-11
-2.598717640819340560e-11
-2.028053034114583370e-11
-1.733485641968152701e-11
-1.436019704107650485e-11
-1.137909079940379725e-11
-5.480636013882221308e-12
-2.601522779789776808e-12
2.074320961272901988e-13
5.551560160999568603e-12
8.057765923447018055e-12
1.043576852220716121e-11
1.475988969943116818e-11
1.668454375742324327e-11
2.001142757828673582e-11
2.139685771427778730e-11
2.258690305191852624e-11
2.435456665758094530e-11
2.492053770086278153e-11
2.539177783659879787e-11
2.528858641860043131e-11
2.450796854303728454e-11
2.387778697415840073e-11
2.310346014869354443e-11
2.116647917852709210e-11
2.002462291314313617e-11
1.744262219918476010e-11
1.602051681110529176e-11
1.295606824548964417e-11
1.132933614846204755e-11
7.923133310106543890e-12
6.157136726086832408e-12
2.530617699904641040e-12
-1.183768282845652537e-12
-3.060654829339482236e-12
-6.829604134406879536e-12
-8.712719576279902271e-12
-1.245558445573869502e-11
-1.614226432884457998e-11
-1.795589860102905737e-11
-2.150811716814848058e-11
-2.324096874688125177e-11
-2.660704416815468913e-11
-2.982456955120769960e-11
-3.137226418545110699e-11
-3.433594831073029510e-11
-3.711268930249491876e-11
-3.842713102508983699e-11
-4.103130433517481463e-11
-4.367477320465690279e-11
-4.633982409248314834e-11
-4.767534149030754303e-11
-5.034296779865919016e-11
-5.299453420369726103e-11
-5.561735090915172920e-11
-5.691434408404491135e-11
-5.947285035794615705e-11
-6.197595242988647987e-11
-6.441479368116839177e-11
-6.678143416341415867e-11
-6.793543143641103598e-11
-7.018071985503547226e-11
-7.233752695676301707e-11
-7.440060889004035339e-11
-7.636536436844007703e-11
-7.822778520622329201e-11
-7.998441037860723962e-11
-8.163228335321898134e-11
-8.316891245819781817e-11
-8.459223406984700087e-11
-8.590057841886039629e-11
-8.709263782898387623e-11
-8.816743721566507999e-11
-8.912430668489172023e-11
-9.003987447626607695e-11
-9.098156258204446416e-11
-9.193594455507610484e-11
-9.289065532301888755e-11
-9.383432273935429855e-11
-9.475650343880392982e-11
-9.564762271860431451e-11
-9.649891818601280752e-11
-9.730238692998333990e-11
-9.805073599124894450e-11
-9.873733592020316578e-11
-9.935617722602916055e-11
-1.001456616964058980e-10
-1.005725216868164986e-10
-1.009149047969809245e-10
-1.011691211228531501e-10
-1.013319052545113463e-10
-1.013984702956193734e-10
-1.013209190868789989e-10
-1.011434506333602917e-10
-1.008643789300891009e-10
-1.002522783175809384e-10
-9.971365589279404628e-11
-9.906965930865046800e-11
-9.790495019234293172e-11
-9.699557465231409341e-11
-9.599295349782808062e-11
-9.446786344731617745e-11
-9.345083559346426701e-11
-9.192587784277394045e-11
-9.091019386357070553e-11
-8.989569907612786138e-11
-8.837693226940616853e-11
-8.736687206704444433e-11
-8.585620611003444271e-11
-8.485245179865807699e-11
-8.335250456355707817e-11
-8.235668200688158488e-11
-8.086972399939225161e-11
-7.939151929126752350e-11
-7.841123314815503817e-11
-7.694902166347859684e-11
-7.597993107957099882e-11
-7.453524853825333158e-11
-7.310172440671200053e-11
-7.215245252480044655e-11
-7.073844996286498308e-11
-6.933664822229386206e-11
-6.840905137307929186e-11
-6.702827790619588452e-11
-6.566048230628360628e-11
-6.430589710764718985e-11
-6.341028119217330567e-11
-6.071061350970240040e-11
-5.554773266941920180e-11
-4.828735054956083751e-11
-3.926778350656507455e-11
-3.243285104452663079e-11
-2.116440845371332504e-11
-8.918433075583266693e-12
4.052585562102093071e-12
1.751605786255038043e-11
3.125797409502149139e-11
4.508167042706519690e-11
5.880667525649382025e-11
7.226763045608699611e-11
8.531328252361517162e-11
9.780553898112526305e-11
1.096185856926883564e-10
1.206380610710416783e-10
1.307602834227540566e-10
1.427002085143802989e-10
1.503803030834953031e-10
1.568857299390385896e-10
1.621513055780826941e-10
1.661191690897713228e-10
1.687382741232957188e-10
1.700559304502825082e-10
1.693641964796339987e-10
1.655941422589487035e-10
1.484833186382055696e-10
1.274510256252393298e-10
1.004165582957262496e-10
5.651063110358895546e-11
1.871631923413466367e-11
-2.242732198142525115e-11
-8.131702932496685473e-11
-1.276878501985712849e-10
-1.913452216416408388e-10
-2.397649333521002122e-10
-3.042890604819786948e-10
-3.520687404024580855e-10
-4.141683204660839012e-10
-4.590460600452881460e-10
-5.159615896063608713e-10
-5.688568245215770964e-10
-6.054834977887985098e-10
-6.497717497857473591e-10
-6.883632846525766379e-10
-7.132732656154236428e-10
-7.407583283499161664e-10
-7.613429420106431616e-10
-7.746876581204298144e-10
-7.804990405290585235e-10
-7.797613071842645262e-10
-7.720656682073888196e-10
-7.621873722851568566e-10
-7.524205100879555314e-10
-7.427646622884317715e-10
-7.332193456543963916e-10
-7.237840182446647094e-10
-7.144580842634268714e-10
-7.052408985953864333e-10
-6.961317710423974774e-10
-6.871299702809340640e-10
-6.782347275584261048e-10
-6.694452401452858908e-10
-6.586058268405533526e-10
-6.500511994544077090e-10
-6.415995213795662103e-10
-6.332498789513195925e-10
-6.229548906061612327e-10
-6.148313915421265928e-10
-6.068068369234965976e-10
-5.969137889011741924e-10
-5.891082566844018685e-10
-5.813984442385084664e-10
-5.718942454934586949e-10
-5.643961013764121329e-10
-5.551532647860348014e-10
-5.478616221046685151e-10
-5.388736686954422195e-10
-5.301847985621472030e-10
-5.153417474177164977e-10
-4.967114973415710649e-10
-4.795076214060224537e-10
-4.556228650751555807e-10
-4.296026789353975531e-10
-4.075893869454309206e-10
-3.789695652778736574e-10
-3.495273806999896447e-10
-3.196615197763737470e-10
-2.897376483953275141e-10
-2.600906508662220162e-10
-2.310267208618919247e-10
-2.083840310297242336e-10
-1.810570513555161042e-10
-1.550339825630842718e-10
-1.258272037626288990e-10
-1.033970771472870551e-10
-8.288549925599176249e-11
-6.444587853936521837e-11
-4.821539885840117028e-11
-3.431615491724823215e-11
-2.086552331098491534e-11
-1.245710586485372714e-11
-6.681155682237261376e-12
-3.607207203367378698e-12
-3.067701883005771246e-12
-3.056881796142862888e-12
-3.069907623762324177e-12
-3.099477238191767003e-12
-3.153912911650173201e-12
-3.212517646946989434e-12
-3.295715756993234493e-12
-3.373581411882553149e-12
-3.474671801412456542e-12
-3.581506085795968676e-12
-3.673084918350932356e-12
-3.784012418431874870e-12
-3.894035751554145351e-12
-4.001183112999735735e-12
-4.103656652947950524e-12
-4.199820440636873276e-12
-4.288189231807240527e-12
-4.367417984518558782e-12
-4.436292072356728862e-12
-4.493718147685222806e-12
-4.538715610951639227e-12
-4.570408645169371183e-12
-4.588018777571430453e-12
-4.590857933096508159e-12
-4.578321946834452637e-12
-4.543566063587376115e-12
-4.495774919904490235e-12
-4.421271495542241142e-12
-4.298022321314573143e-12
-4.165617219569173344e-12
-3.984910284584506607e-12
-3.811300943459981981e-12
-3.591210305565596070e-12
-3.390757674333292279e-12
-3.146803654755075587e-12
-2.895631749739898198e-12
-2.640771640469940292e-12
-2.421844596811705775e-12
-2.168510119284613014e-12
-1.920017912112266498e-12
-1.678868545750386326e-12
-1.447338675872724431e-12
-1.227496456106583668e-12
-1.021215931891339461e-12
-8.301904843352597842e-13
-6.559453880761216132e-13
-4.998495426427317859e-13
-3.631264326425443727e-13
-2.319834234235711592e-13
-1.402773231688986717e-13
-7.095284622001166124e-14
-2.005367446878408441e-14
-9.968908066337165050e-16
0.000000000000000000e+00
0.000000000000000000e+00
0.000000000000000000e+00
0.000000000000000000e+00
0.000000000000000000e+00
0.000000000000000000e+00
0.000000000000000000e+00
0.000000000000000000e+00
0.000000000000000000e+00
0.000000000000000000e+00
0.000000000000000000e+00
0.000000000000000000e+00
0.000000000000000000e+00
0.000000000000000000e+00
0.000000000000000000e+00
0.000000000000000000e+00
0.000000000000000000e+00
0.000000000000000000e+00
0.000000000000000000e+00
0.000000000000000000e+00
0.000000000000000000e+00
0.000000000000000000e+00
0.000000000000000000e+00
0.000000000000000000e+00
0.000000000000000000e+00
0.000000000000000000e+00
0.000000000000000000e+00
0.000000000000000000e+00
0.000000000000000000e+00
0.000000000000000000e+00
0.000000000000000000e+00
0.000000000000000000e+00
0.000000000000000000e+00
0.000000000000000000e+00
0.000000000000000000e+00
0.000000000000000000e+00
0.000000000000000000e+00
0.000000000000000000e+00
0.000000000000000000e+00
0.000000000000000000e+00
0.000000000000000000e+00
0.000000000000000000e+00
0.000000000000000000e+00
0.000000000000000000e+00
0.000000000000000000e+00
0.000000000000000000e+00
0.000000000000000000e+00
0.000000000000000000e+00
0.000000000000000000e+00
0.000000000000000000e+00
0.000000000000000000e+00
0.000000000000000000e+00
0.000000000000000000e+00
0.000000000000000000e+00
0.000000000000000000e+00
0.000000000000000000e+00
0.000000000000000000e+00
0.000000000000000000e+00
0.000000000000000000e+00
0.000000000000000000e+00
0.000000000000000000e+00
0.000000000000000000e+00
0.000000000000000000e+00
0.000000000000000000e+00
0.000000000000000000e+00
0.000000000000000000e+00
0.000000000000000000e+00
0.000000000000000000e+00
0.000000000000000000e+00
0.000000000000000000e+00
0.000000000000000000e+00
0.000000000000000000e+00
0.000000000000000000e+00
0.000000000000000000e+00
0.000000000000000000e+00
0.000000000000000000e+00
0.000000000000000000e+00
0.000000000000000000e+00
0.000000000000000000e+00
0.000000000000000000e+00
0.000000000000000000e+00
0.000000000000000000e+00
0.000000000000000000e+00
0.000000000000000000e+00
0.000000000000000000e+00
0.000000000000000000e+00
0.000000000000000000e+00
0.000000000000000000e+00
0.000000000000000000e+00
0.000000000000000000e+00
0.000000000000000000e+00
0.000000000000000000e+00
0.000000000000000000e+00
0.000000000000000000e+00
0.000000000000000000e+00
0.000000000000000000e+00
0.000000000000000000e+00
0.000000000000000000e+00
0.000000000000000000e+00
0.000000000000000000e+00
0.000000000000000000e+00
0.000000000000000000e+00
0.000000000000000000e+00
0.000000000000000000e+00
0.000000000000000000e+00
0.000000000000000000e+00
0.000000000000000000e+00
0.000000000000000000e+00
0.000000000000000000e+00
0.000000000000000000e+00
0.000000000000000000e+00
0.000000000000000000e+00
0.000000000000000000e+00
0.000000000000000000e+00
0.000000000000000000e+00
0.000000000000000000e+00
0.000000000000000000e+00
0.000000000000000000e+00
0.000000000000000000e+00
0.000000000000000000e+00
0.000000000000000000e+00
0.000000000000000000e+00
0.000000000000000000e+00
0.000000000000000000e+00
0.000000000000000000e+00
0.000000000000000000e+00
0.000000000000000000e+00
0.000000000000000000e+00
0.000000000000000000e+00
0.000000000000000000e+00
0.000000000000000000e+00
0.000000000000000000e+00
0.000000000000000000e+00
0.000000000000000000e+00
0.000000000000000000e+00
0.000000000000000000e+00
0.000000000000000000e+00
0.000000000000000000e+00
0.000000000000000000e+00
0.000000000000000000e+00
0.000000000000000000e+00
0.000000000000000000e+00
0.000000000000000000e+00
0.000000000000000000e+00
0.000000000000000000e+00
0.000000000000000000e+00
0.000000000000000000e+00
0.000000000000000000e+00
0.000000000000000000e+00
0.000000000000000000e+00
0.000000000000000000e+00
0.000000000000000000e+00
0.000000000000000000e+00
0.000000000000000000e+00
0.000000000000000000e+00
0.000000000000000000e+00
0.000000000000000000e+00
0.000000000000000000e+00
0.000000000000000000e+00
0.000000000000000000e+00
0.000000000000000000e+00
0.000000000000000000e+00
0.000000000000000000e+00
0.000000000000000000e+00
0.000000000000000000e+00
0.000000000000000000e+00
0.000000000000000000e+00
0.000000000000000000e+00
0.000000000000000000e+00
0.000000000000000000e+00
0.000000000000000000e+00
0.000000000000000000e+00
0.000000000000000000e+00
0.000000000000000000e+00
0.000000000000000000e+00
0.000000000000000000e+00
0.000000000000000000e+00
0.000000000000000000e+00
0.000000000000000000e+00
0.000000000000000000e+00
0.000000000000000000e+00
0.000000000000000000e+00
0.000000000000000000e+00
0.000000000000000000e+00
0.000000000000000000e+00
0.000000000000000000e+00
0.000000000000000000e+00
0.000000000000000000e+00
0.000000000000000000e+00
0.000000000000000000e+00
0.000000000000000000e+00
0.000000000000000000e+00
0.000000000000000000e+00
0.000000000000000000e+00
0.000000000000000000e+00
0.000000000000000000e+00
0.000000000000000000e+00
0.000000000000000000e+00
0.000000000000000000e+00
0.000000000000000000e+00
0.000000000000000000e+00
0.000000000000000000e+00
0.000000000000000000e+00
0.000000000000000000e+00
0.000000000000000000e+00
0.000000000000000000e+00
0.000000000000000000e+00
0.000000000000000000e+00
0.000000000000000000e+00
0.000000000000000000e+00
0.000000000000000000e+00
0.000000000000000000e+00
0.000000000000000000e+00
0.000000000000000000e+00
0.000000000000000000e+00
0.000000000000000000e+00
0.000000000000000000e+00
0.000000000000000000e+00
0.000000000000000000e+00
0.000000000000000000e+00
0.000000000000000000e+00
0.000000000000000000e+00
0.000000000000000000e+00
0.000000000000000000e+00
0.000000000000000000e+00
0.000000000000000000e+00
0.000000000000000000e+00
0.000000000000000000e+00
0.000000000000000000e+00
0.000000000000000000e+00
0.000000000000000000e+00
0.000000000000000000e+00
0.000000000000000000e+00
0.000000000000000000e+00
0.000000000000000000e+00
0.000000000000000000e+00
0.000000000000000000e+00
0.000000000000000000e+00
0.000000000000000000e+00
0.000000000000000000e+00
0.000000000000000000e+00
0.000000000000000000e+00
0.000000000000000000e+00
0.000000000000000000e+00
0.000000000000000000e+00
0.000000000000000000e+00
0.000000000000000000e+00
0.000000000000000000e+00
0.000000000000000000e+00
0.000000000000000000e+00
0.000000000000000000e+00
0.000000000000000000e+00
0.000000000000000000e+00
0.000000000000000000e+00
0.000000000000000000e+00
0.000000000000000000e+00
0.000000000000000000e+00
0.000000000000000000e+00
0.000000000000000000e+00
0.000000000000000000e+00
0.000000000000000000e+00
0.000000000000000000e+00
0.000000000000000000e+00
0.000000000000000000e+00
0.000000000000000000e+00
0.000000000000000000e+00
0.000000000000000000e+00
0.000000000000000000e+00
0.000000000000000000e+00
0.000000000000000000e+00
0.000000000000000000e+00
0.000000000000000000e+00
0.000000000000000000e+00
0.000000000000000000e+00
0.000000000000000000e+00
0.000000000000000000e+00
0.000000000000000000e+00
0.000000000000000000e+00
0.000000000000000000e+00
0.000000000000000000e+00
0.000000000000000000e+00
0.000000000000000000e+00
0.000000000000000000e+00
0.000000000000000000e+00
0.000000000000000000e+00
0.000000000000000000e+00
0.000000000000000000e+00
0.000000000000000000e+00
0.000000000000000000e+00
0.000000000000000000e+00
0.000000000000000000e+00
0.000000000000000000e+00
0.000000000000000000e+00
0.000000000000000000e+00
0.000000000000000000e+00
0.000000000000000000e+00
0.000000000000000000e+00
0.000000000000000000e+00
0.000000000000000000e+00
0.000000000000000000e+00
0.000000000000000000e+00
0.000000000000000000e+00
0.000000000000000000e+00
0.000000000000000000e+00
0.000000000000000000e+00
0.000000000000000000e+00
0.000000000000000000e+00
0.000000000000000000e+00
0.000000000000000000e+00
0.000000000000000000e+00
0.000000000000000000e+00
0.000000000000000000e+00
0.000000000000000000e+00
0.000000000000000000e+00
0.000000000000000000e+00
0.000000000000000000e+00
0.000000000000000000e+00
0.000000000000000000e+00
0.000000000000000000e+00
0.000000000000000000e+00
0.000000000000000000e+00
0.000000000000000000e+00
0.000000000000000000e+00
0.000000000000000000e+00
0.000000000000000000e+00
0.000000000000000000e+00
0.000000000000000000e+00
0.000000000000000000e+00
0.000000000000000000e+00
0.000000000000000000e+00
0.000000000000000000e+00
0.000000000000000000e+00
0.000000000000000000e+00
0.000000000000000000e+00
0.000000000000000000e+00
0.000000000000000000e+00
0.000000000000000000e+00
0.000000000000000000e+00
0.000000000000000000e+00
0.000000000000000000e+00
0.000000000000000000e+00
0.000000000000000000e+00
0.000000000000000000e+00
0.000000000000000000e+00
0.000000000000000000e+00
0.000000000000000000e+00
0.000000000000000000e+00
0.000000000000000000e+00
0.000000000000000000e+00
0.000000000000000000e+00
0.000000000000000000e+00
0.000000000000000000e+00
0.000000000000000000e+00
0.000000000000000000e+00
0.000000000000000000e+00
0.000000000000000000e+00
0.000000000000000000e+00
0.000000000000000000e+00
0.000000000000000000e+00
0.000000000000000000e+00
0.000000000000000000e+00
0.000000000000000000e+00
0.000000000000000000e+00
0.000000000000000000e+00
0.000000000000000000e+00
0.000000000000000000e+00
0.000000000000000000e+00
0.000000000000000000e+00
0.000000000000000000e+00
0.000000000000000000e+00
0.000000000000000000e+00
0.000000000000000000e+00
0.000000000000000000e+00
0.000000000000000000e+00
0.000000000000000000e+00
0.000000000000000000e+00
0.000000000000000000e+00
0.000000000000000000e+00
0.000000000000000000e+00
0.000000000000000000e+00
0.000000000000000000e+00
0.000000000000000000e+00
0.000000000000000000e+00
0.000000000000000000e+00
0.000000000000000000e+00
0.000000000000000000e+00
0.000000000000000000e+00
0.000000000000000000e+00
0.000000000000000000e+00
0.000000000000000000e+00
0.000000000000000000e+00
0.000000000000000000e+00
0.000000000000000000e+00
0.000000000000000000e+00
0.000000000000000000e+00
0.000000000000000000e+00
0.000000000000000000e+00
0.000000000000000000e+00
0.000000000000000000e+00
0.000000000000000000e+00
0.000000000000000000e+00
0.000000000000000000e+00
0.000000000000000000e+00
0.000000000000000000e+00
0.000000000000000000e+00
0.000000000000000000e+00
0.000000000000000000e+00
0.000000000000000000e+00
0.000000000000000000e+00
0.000000000000000000e+00
0.000000000000000000e+00
0.000000000000000000e+00
0.000000000000000000e+00
0.000000000000000000e+00
0.000000000000000000e+00
0.000000000000000000e+00
0.000000000000000000e+00
0.000000000000000000e+00
0.000000000000000000e+00
0.000000000000000000e+00
0.000000000000000000e+00
0.000000000000000000e+00
0.000000000000000000e+00
0.000000000000000000e+00
0.000000000000000000e+00
0.000000000000000000e+00
0.000000000000000000e+00
0.000000000000000000e+00
0.000000000000000000e+00
0.000000000000000000e+00
0.000000000000000000e+00
0.000000000000000000e+00
0.000000000000000000e+00
0.000000000000000000e+00
0.000000000000000000e+00
0.000000000000000000e+00
0.000000000000000000e+00
0.000000000000000000e+00
0.000000000000000000e+00
0.000000000000000000e+00
0.000000000000000000e+00
0.000000000000000000e+00
0.000000000000000000e+00
0.000000000000000000e+00
0.000000000000000000e+00
0.000000000000000000e+00
0.000000000000000000e+00
0.000000000000000000e+00
0.000000000000000000e+00
0.000000000000000000e+00
0.000000000000000000e+00
0.000000000000000000e+00
0.000000000000000000e+00
0.000000000000000000e+00
0.000000000000000000e+00
0.000000000000000000e+00
0.000000000000000000e+00
0.000000000000000000e+00
0.000000000000000000e+00
0.000000000000000000e+00
0.000000000000000000e+00
0.000000000000000000e+00
0.000000000000000000e+00
0.000000000000000000e+00
0.000000000000000000e+00
0.000000000000000000e+00
0.000000000000000000e+00
0.000000000000000000e+00
0.000000000000000000e+00
0.000000000000000000e+00
0.000000000000000000e+00
0.000000000000000000e+00
0.000000000000000000e+00
0.000000000000000000e+00
0.000000000000000000e+00
0.000000000000000000e+00
0.000000000000000000e+00
0.000000000000000000e+00
0.000000000000000000e+00
0.000000000000000000e+00
0.000000000000000000e+00
0.000000000000000000e+00
0.000000000000000000e+00
0.000000000000000000e+00
0.000000000000000000e+00
0.000000000000000000e+00
0.000000000000000000e+00
0.000000000000000000e+00
0.000000000000000000e+00
0.000000000000000000e+00
0.000000000000000000e+00
0.000000000000000000e+00
0.000000000000000000e+00
0.000000000000000000e+00
0.000000000000000000e+00
0.000000000000000000e+00
0.000000000000000000e+00
0.000000000000000000e+00
0.000000000000000000e+00
0.000000000000000000e+00
0.000000000000000000e+00
0.000000000000000000e+00
0.000000000000000000e+00
0.000000000000000000e+00
0.000000000000000000e+00
0.000000000000000000e+00
0.000000000000000000e+00
0.000000000000000000e+00
0.000000000000000000e+00
0.000000000000000000e+00
0.000000000000000000e+00
0.000000000000000000e+00
0.000000000000000000e+00
0.000000000000000000e+00
0.000000000000000000e+00
0.000000000000000000e+00
nan
