# bin_18_2
-1.372906139039342457e-07
4.507439683232012160e-08
-1.560288133614210279e-07
2.244988877091988751e-09
-1.545346254056652973e-07
-4.250246645621871702e-08
-1.285805004570798542e-07
-4.193147385719707987e-08
-6.655507583260950825e-08
-3.991597464030422982e-08
4.964773867158255750e-08
-1.629594281801349642e-07
1.080404516846867627e-07
8.167986269853712951e-08
6.190068821778449178e-08
8.392629177349725587e-08
1.184640076629713578e-07
1.254635834139743170e-07
1.127700980918020609e-07
1.011125523509909746e-07
9.046837784705856099e-08
8.078488716838875245e-08
2.205362918963542468e-08
-7.585414749577803494e-08
-1.521578537465060194e-07
-1.733505832895715250e-07
-1.432360194019233165e-07
-9.602546192533642429e-08
-5.060063861137436031e-08
-1.860842294732309656e-08
-6.766315271717091377e-09
-9.400194817533538025e-09
-1.564049030629934321e-08
-2.262184839822439427e-08
-2.840888012851587997e-08
-3.174075762961242565e-08
-3.184395285914929205e-08
-2.676601716594669649e-08
-1.732071247684693943e-08
-6.414385972876925746e-09
3.854475663980567863e-09
1.200402087874760706e-08
1.702197476494996894e-08
1.825234111131665610e-08
1.660659961043693069e-08
1.381498982947652821e-08
1.052390239216713475e-08
7.225492004820953214e-09
4.289152786159251152e-09
1.986704697574609689e-09
5.125768494877124996e-10
-1.542752837245725976e-17
-1.426758993114497359e-17
-1.226844279710700197e-17
-9.832331379335130751e-18
-7.278828496635567638e-18
-4.859417042514086067e-18
-2.769546607404401984e-18
-1.158613619050378345e-18
-1.382304637596811696e-19
2.109178986573728862e-19
1.990753409255812108e-19
1.794504698055142826e-19
1.550367585771165971e-19
1.283018629955540466e-19
1.012676565284830440e-19
7.557825029479869757e-20
5.255785411102300630e-20
3.326003515043122040e-20
1.850968176012360091e-20
8.938772854105141912e-21
5.016880610629524679e-21
4.105231095541549252e-21
3.314448696187988885e-21
2.633260164589623166e-21
2.051436800022402999e-21
1.559691354893367822e-21
1.149585959406138586e-21
8.134497877238940862e-22
5.443053483963626513e-22
3.358024202976337217e-22
1.821587753350070962e-22
7.810693337541292631e-23
1.884628542584061161e-23
4.877703193290310751e-39
4.142222878904770164e-39
3.487736388836950821e-39
2.907826494619624431e-39
2.396583902511683786e-39
1.948564294937083071e-39
1.558749315756887184e-39
1.222511105879876658e-39
9.355800382379875760e-40
6.940153387234264647e-40
4.941783129193776510e-40
3.327079278936199055e-40
2.064985244296863767e-40
1.126794582467980951e-40
4.859648936082937397e-41
1.179475707062526020e-41
3.194384500671902369e-45
2.767834704911997047e-45
2.382304999346230035e-45
2.035016005620432087e-45
1.723376023494011490e-45
1.444967486923556819e-45
1.197534482092077449e-45
9.789712367836040041e-46
7.873114988849017679e-46
6.207187293426566826e-46
4.774770417014616491e-46
3.559828264796162295e-46
2.547370041717920415e-46
1.723378556661425469e-46
1.074743833822432585e-46
5.892016052466855881e-47
2.552762954986037097e-47
6.222814299441114491e-48
4.132968432509098720e-52
3.674020061060451888e-52
3.251864160522359903e-52
2.864382551909817545e-52
2.509579139774133497e-52
2.185572373778884517e-52
1.890588216947055883e-52
1.622953583467019497e-52
1.381090211896536125e-52
1.163508942302525745e-52
9.688043683430438186e-53
7.956498375563507925e-53
6.427927751911411015e-53
5.090503088076736426e-53
3.933051726180451624e-53
2.945018721289364819e-53
2.116430911147465338e-53
1.437863242940598065e-53
9.004072031925441427e-54
4.956412082619654143e-54
2.156028233749169743e-54
5.276268776562413523e-55
3.237376175977931297e-61
2.921952216752097259e-61
2.628472308999900605e-61
2.355857584100899684e-61
2.103082174523391315e-61
1.869170424038825885e-61
1.653194257878868291e-61
1.454270702833382768e-61
1.271559547967091826e-61
1.104261137262592336e-61
9.516142860817962971e-62
8.128943138786494658e-62
6.874111860988804047e-62
5.745077586687185898e-62
4.735581189072008098e-62
3.839660170995761692e-62
3.051633833426276374e-62
2.366089246208916760e-62
1.777867973957780367e-62
1.282053512909978790e-62
8.739593973770516469e-63
5.491179370378860281e-63
3.032695487524509295e-63
1.323526488396000853e-63
3.249407387977000269e-64
7.469506831150441917e-73
6.857045886301646564e-73
6.280467269176509293e-73
5.738269680427911850e-73
5.229014755225006296e-73
4.751324232094695294e-73
4.303877260658265124e-73
3.885407840823306902e-73
3.130597406697103834e-73
2.791977299414229079e-73
2.477772249738862176e-73
2.186956229349403051e-73
1.918545090573052069e-73
1.671594750625659649e-73
1.445199461313504582e-73
1.238490159814727609e-73
8.808273352053611408e-74
7.283053242985026213e-74
5.923295316597891706e-74
4.721921436670346454e-74
3.672136230319740963e-74
2.767415232149550465e-74
2.001493565294745217e-74
8.622222953536748135e-75
4.775460086027813505e-75
2.089964027830686488e-75
5.145377825946376515e-76
-5.724455949495470475e-85
-5.620706427257030065e-85
-5.491099044932283890e-85
-5.338740101979354900e-85
-5.166557152697163374e-85
-4.773589521839407896e-85
-4.557845343470427054e-85
-4.332374062698101179e-85
-3.860762058824807604e-85
-3.618556715031363132e-85
-3.374507973625731907e-85
-3.130291537848194535e-85
-2.647532604403549463e-85
-2.411831693225439995e-85
-2.181656296517154670e-85
-1.742584393385919741e-85
-1.535838955477527897e-85
-1.338929366632819018e-85
-9.781257123696543139e-86
-8.158237864600990570e-86
-5.309494420871798763e-86
-4.096217061567446135e-86
-3.031106122234154024e-86
-1.364820855919826914e-86
-7.722563494698255081e-87
-8.672734330822644395e-88
1.911485435264360041e-101
1.864464636844920754e-101
1.831384673864457833e-101
1.792752761867186216e-101
1.701136788362873933e-101
1.649234229118039446e-101
1.535745263904684096e-101
1.475086341705448604e-101
1.348084442993717163e-101
1.282534007083638752e-101
1.149163188276851478e-101
1.082017141158595950e-101
9.483562126766705864e-102
8.174134213082188460e-102
7.536071704371320519e-102
6.304908758896360418e-102
5.716070591955899858e-102
4.601602420803913233e-102
3.583021287550093109e-102
3.113637459594369514e-102
2.261703590667621115e-102
1.881681860724066204e-102
1.219199370877730053e-102
6.934189449817683002e-103
4.839942146912637435e-103
1.758723097056914465e-103
1.970433094422698173e-104
-5.279218913532008962e-123
-5.173383663453164997e-123
-5.016015409257161187e-123
-4.815565197946822630e-123
-4.701635477990834697e-123
-4.450914072652756168e-123
-4.175330509944034817e-123
-3.881132751582422323e-123
-3.728859853482331788e-123
-3.417305308233054795e-123
-3.100517459680621966e-123
-2.783048144776351474e-123
-2.469040862111624345e-123
-2.314525992675623738e-123
-2.012659844089922670e-123
-1.723016992013080622e-123
-1.448531357519175789e-123
-1.191846175518183025e-123
-9.553353142407423987e-124
-7.411231062699741435e-124
-5.511027970040101701e-124
-3.869537085665794985e-124
-2.501572099362566279e-124
-1.420115773788573463e-124
-6.364582310236683803e-125
-1.603256436333973476e-125
6.707708502500690443e-151
6.597457518582378336e-151
6.437688523555917086e-151
6.235296526615329030e-151
5.996697168688267284e-151
5.727856145329128766e-151
5.434316827504480019e-151
5.121226194981139671e-151
4.793359189324119569e-151
4.455141586356269920e-151
4.110671481284614495e-151
3.763739473518307119e-151
3.417847632460520554e-151
2.907958909632808232e-151
2.578253495622895364e-151
2.259821137066756499e-151
1.955071182516146604e-151
1.666210127551564398e-151
1.267071906177884561e-151
1.026367742156930214e-151
8.078542170239886718e-152
6.129714799010072660e-152
3.677587177924906985e-152
2.373452226471287741e-152
1.345445118501437098e-152
3.399148359418653041e-153
3.800766315752079757e-154
-8.597566729020026690e-189
-8.371710884178614622e-189
-8.169319846489292005e-189
-7.800630325727018649e-189
-7.518255762022314237e-189
-7.211703963443883169e-189
-6.715364541503339973e-189
-6.365606217042750598e-189
-5.821335163312254927e-189
-5.450057964356530377e-189
-4.887853271635228551e-189
-4.513469953912577695e-189
-3.958737308391222345e-189
-3.418992084019760038e-189
-3.070933787320420346e-189
-2.571181566766942708e-189
-2.255389678187155130e-189
-1.811641175497750221e-189
-1.407994212137408042e-189
-1.163270407985616209e-189
-8.355460608365674146e-190
-5.580345336175008291e-190
-4.023991004410818474e-190
-2.149443880671053659e-190
-8.471182782614640109e-191
-1.366265572866418430e-191
-1.759603392703517060e-240
-1.598079610772564621e-240
-1.447159801362388924e-240
-1.306348636043048368e-240
-1.175173940464185432e-240
-1.092854554649444961e-240
-9.767506028111339939e-241
-8.691285605180688178e-241
-7.695916931279313261e-241
-6.777615187294894399e-241
-5.932769129256607684e-241
-5.157932613406191414e-241
-4.449816570786268850e-241
-3.805281405368992292e-241
-3.221329791380989786e-241
-2.695099846999408888e-241
-2.223858663012181386e-241
-1.804996166358544347e-241
-1.436019299697402215e-241
-1.017549130909462609e-241
-7.558933570438857952e-242
-5.365893133237728896e-242
-3.575907014484330944e-242
-2.169418492966181326e-242
-1.127735224015609254e-242
-2.755304916904454369e-243
-1.692831231105486374e-244
0.000000000000000000e+00
0.000000000000000000e+00
0.000000000000000000e+00
0.000000000000000000e+00
0.000000000000000000e+00
0.000000000000000000e+00
0.000000000000000000e+00
0.000000000000000000e+00
0.000000000000000000e+00
0.000000000000000000e+00
0.000000000000000000e+00
0.000000000000000000e+00
0.000000000000000000e+00
0.000000000000000000e+00
0.000000000000000000e+00
0.000000000000000000e+00
0.000000000000000000e+00
0.000000000000000000e+00
0.000000000000000000e+00
0.000000000000000000e+00
0.000000000000000000e+00
0.000000000000000000e+00
0.000000000000000000e+00
0.000000000000000000e+00
0.000000000000000000e+00
0.000000000000000000e+00
0.000000000000000000e+00
0.000000000000000000e+00
0.000000000000000000e+00
0.000000000000000000e+00
0.000000000000000000e+00
0.000000000000000000e+00
0.000000000000000000e+00
0.000000000000000000e+00
0.000000000000000000e+00
0.000000000000000000e+00
0.000000000000000000e+00
0.000000000000000000e+00
0.000000000000000000e+00
0.000000000000000000e+00
0.000000000000000000e+00
0.000000000000000000e+00
0.000000000000000000e+00
0.000000000000000000e+00
0.000000000000000000e+00
0.000000000000000000e+00
0.000000000000000000e+00
0.000000000000000000e+00
0.000000000000000000e+00
0.000000000000000000e+00
0.000000000000000000e+00
0.000000000000000000e+00
0.000000000000000000e+00
0.000000000000000000e+00
0.000000000000000000e+00
0.000000000000000000e+00
0.000000000000000000e+00
0.000000000000000000e+00
0.000000000000000000e+00
0.000000000000000000e+00
0.000000000000000000e+00
0.000000000000000000e+00
0.000000000000000000e+00
0.000000000000000000e+00
0.000000000000000000e+00
0.000000000000000000e+00
0.000000000000000000e+00
0.000000000000000000e+00
0.000000000000000000e+00
0.000000000000000000e+00
0.000000000000000000e+00
0.000000000000000000e+00
0.000000000000000000e+00
0.000000000000000000e+00
0.000000000000000000e+00
0.000000000000000000e+00
0.000000000000000000e+00
0.000000000000000000e+00
0.000000000000000000e+00
0.000000000000000000e+00
0.000000000000000000e+00
0.000000000000000000e+00
0.000000000000000000e+00
0.000000000000000000e+00
0.000000000000000000e+00
0.000000000000000000e+00
0.000000000000000000e+00
0.000000000000000000e+00
0.000000000000000000e+00
0.000000000000000000e+00
0.000000000000000000e+00
0.000000000000000000e+00
0.000000000000000000e+00
0.000000000000000000e+00
0.000000000000000000e+00
0.000000000000000000e+00
0.000000000000000000e+00
0.000000000000000000e+00
0.000000000000000000e+00
0.000000000000000000e+00
0.000000000000000000e+00
0.000000000000000000e+00
0.000000000000000000e+00
0.000000000000000000e+00
0.000000000000000000e+00
0.000000000000000000e+00
0.000000000000000000e+00
0.000000000000000000e+00
0.000000000000000000e+00
0.000000000000000000e+00
0.000000000000000000e+00
0.000000000000000000e+00
0.000000000000000000e+00
0.000000000000000000e+00
0.000000000000000000e+00
0.000000000000000000e+00
0.000000000000000000e+00
0.000000000000000000e+00
0.000000000000000000e+00
0.000000000000000000e+00
0.000000000000000000e+00
0.000000000000000000e+00
0.000000000000000000e+00
0.000000000000000000e+00
0.000000000000000000e+00
0.000000000000000000e+00
0.000000000000000000e+00
0.000000000000000000e+00
0.000000000000000000e+00
0.000000000000000000e+00
0.000000000000000000e+00
0.000000000000000000e+00
0.000000000000000000e+00
0.000000000000000000e+00
0.000000000000000000e+00
0.000000000000000000e+00
0.000000000000000000e+00
0.000000000000000000e+00
0.000000000000000000e+00
0.000000000000000000e+00
0.000000000000000000e+00
0.000000000000000000e+00
0.000000000000000000e+00
0.000000000000000000e+00
0.000000000000000000e+00
0.000000000000000000e+00
0.000000000000000000e+00
0.000000000000000000e+00
0.000000000000000000e+00
0.000000000000000000e+00
0.000000000000000000e+00
0.000000000000000000e+00
0.000000000000000000e+00
0.000000000000000000e+00
0.000000000000000000e+00
0.000000000000000000e+00
0.000000000000000000e+00
0.000000000000000000e+00
0.000000000000000000e+00
0.000000000000000000e+00
0.000000000000000000e+00
0.000000000000000000e+00
0.000000000000000000e+00
0.000000000000000000e+00
0.000000000000000000e+00
0.000000000000000000e+00
0.000000000000000000e+00
0.000000000000000000e+00
0.000000000000000000e+00
0.000000000000000000e+00
0.000000000000000000e+00
0.000000000000000000e+00
0.000000000000000000e+00
0.000000000000000000e+00
0.000000000000000000e+00
0.000000000000000000e+00
0.000000000000000000e+00
0.000000000000000000e+00
0.000000000000000000e+00
0.000000000000000000e+00
0.000000000000000000e+00
0.000000000000000000e+00
0.000000000000000000e+00
0.000000000000000000e+00
0.000000000000000000e+00
0.000000000000000000e+00
0.000000000000000000e+00
0.000000000000000000e+00
0.000000000000000000e+00
0.000000000000000000e+00
0.000000000000000000e+00
0.000000000000000000e+00
0.000000000000000000e+00
0.000000000000000000e+00
0.000000000000000000e+00
0.000000000000000000e+00
0.000000000000000000e+00
0.000000000000000000e+00
0.000000000000000000e+00
0.000000000000000000e+00
0.000000000000000000e+00
0.000000000000000000e+00
0.000000000000000000e+00
0.000000000000000000e+00
0.000000000000000000e+00
0.000000000000000000e+00
0.000000000000000000e+00
0.000000000000000000e+00
0.000000000000000000e+00
0.000000000000000000e+00
0.000000000000000000e+00
0.000000000000000000e+00
0.000000000000000000e+00
0.000000000000000000e+00
0.000000000000000000e+00
0.000000000000000000e+00
0.000000000000000000e+00
0.000000000000000000e+00
0.000000000000000000e+00
0.000000000000000000e+00
0.000000000000000000e+00
0.000000000000000000e+00
0.000000000000000000e+00
0.000000000000000000e+00
0.000000000000000000e+00
0.000000000000000000e+00
0.000000000000000000e+00
0.000000000000000000e+00
0.000000000000000000e+00
0.000000000000000000e+00
0.000000000000000000e+00
0.000000000000000000e+00
0.000000000000000000e+00
0.000000000000000000e+00
0.000000000000000000e+00
0.000000000000000000e+00
0.000000000000000000e+00
0.000000000000000000e+00
0.000000000000000000e+00
0.000000000000000000e+00
0.000000000000000000e+00
0.000000000000000000e+00
0.000000000000000000e+00
0.000000000000000000e+00
0.000000000000000000e+00
0.000000000000000000e+00
0.000000000000000000e+00
0.000000000000000000e+00
0.000000000000000000e+00
0.000000000000000000e+00
0.000000000000000000e+00
0.000000000000000000e+00
0.000000000000000000e+00
0.000000000000000000e+00
0.000000000000000000e+00
0.000000000000000000e+00
0.000000000000000000e+00
0.000000000000000000e+00
0.000000000000000000e+00
0.000000000000000000e+00
0.000000000000000000e+00
0.000000000000000000e+00
0.000000000000000000e+00
0.000000000000000000e+00
0.000000000000000000e+00
0.000000000000000000e+00
0.000000000000000000e+00
0.000000000000000000e+00
0.000000000000000000e+00
0.000000000000000000e+00
0.000000000000000000e+00
0.000000000000000000e+00
0.000000000000000000e+00
0.000000000000000000e+00
0.000000000000000000e+00
0.000000000000000000e+00
0.000000000000000000e+00
0.000000000000000000e+00
0.000000000000000000e+00
0.000000000000000000e+00
0.000000000000000000e+00
0.000000000000000000e+00
0.000000000000000000e+00
0.000000000000000000e+00
0.000000000000000000e+00
0.000000000000000000e+00
0.000000000000000000e+00
0.000000000000000000e+00
0.000000000000000000e+00
0.000000000000000000e+00
0.000000000000000000e+00
0.000000000000000000e+00
0.000000000000000000e+00
0.000000000000000000e+00
0.000000000000000000e+00
0.000000000000000000e+00
0.000000000000000000e+00
0.000000000000000000e+00
0.000000000000000000e+00
0.000000000000000000e+00
0.000000000000000000e+00
0.000000000000000000e+00
0.000000000000000000e+00
0.000000000000000000e+00
0.000000000000000000e+00
0.000000000000000000e+00
0.000000000000000000e+00
0.000000000000000000e+00
0.000000000000000000e+00
0.000000000000000000e+00
0.000000000000000000e+00
0.000000000000000000e+00
0.000000000000000000e+00
0.000000000000000000e+00
0.000000000000000000e+00
0.000000000000000000e+00
0.000000000000000000e+00
0.000000000000000000e+00
0.000000000000000000e+00
0.000000000000000000e+00
0.000000000000000000e+00
0.000000000000000000e+00
0.000000000000000000e+00
0.000000000000000000e+00
0.000000000000000000e+00
0.000000000000000000e+00
0.000000000000000000e+00
0.000000000000000000e+00
0.000000000000000000e+00
0.000000000000000000e+00
0.000000000000000000e+00
0.000000000000000000e+00
0.000000000000000000e+00
0.000000000000000000e+00
0.000000000000000000e+00
0.000000000000000000e+00
0.000000000000000000e+00
0.000000000000000000e+00
0.000000000000000000e+00
0.000000000000000000e+00
0.000000000000000000e+00
0.000000000000000000e+00
0.000000000000000000e+00
0.000000000000000000e+00
0.000000000000000000e+00
0.000000000000000000e+00
0.000000000000000000e+00
0.000000000000000000e+00
0.000000000000000000e+00
0.000000000000000000e+00
0.000000000000000000e+00
0.000000000000000000e+00
0.000000000000000000e+00
0.000000000000000000e+00
0.000000000000000000e+00
0.000000000000000000e+00
0.000000000000000000e+00
0.000000000000000000e+00
0.000000000000000000e+00
0.000000000000000000e+00
0.000000000000000000e+00
0.000000000000000000e+00
0.000000000000000000e+00
0.000000000000000000e+00
0.000000000000000000e+00
0.000000000000000000e+00
0.000000000000000000e+00
0.000000000000000000e+00
0.000000000000000000e+00
0.000000000000000000e+00
0.000000000000000000e+00
0.000000000000000000e+00
0.000000000000000000e+00
0.000000000000000000e+00
0.000000000000000000e+00
0.000000000000000000e+00
0.000000000000000000e+00
0.000000000000000000e+00
0.000000000000000000e+00
0.000000000000000000e+00
0.000000000000000000e+00
0.000000000000000000e+00
0.000000000000000000e+00
0.000000000000000000e+00
0.000000000000000000e+00
0.000000000000000000e+00
0.000000000000000000e+00
0.000000000000000000e+00
0.000000000000000000e+00
0.000000000000000000e+00
0.000000000000000000e+00
0.000000000000000000e+00
0.000000000000000000e+00
0.000000000000000000e+00
0.000000000000000000e+00
0.000000000000000000e+00
0.000000000000000000e+00
0.000000000000000000e+00
0.000000000000000000e+00
0.000000000000000000e+00
0.000000000000000000e+00
0.000000000000000000e+00
0.000000000000000000e+00
0.000000000000000000e+00
0.000000000000000000e+00
0.000000000000000000e+00
0.000000000000000000e+00
0.000000000000000000e+00
0.000000000000000000e+00
0.000000000000000000e+00
0.000000000000000000e+00
0.000000000000000000e+00
0.000000000000000000e+00
0.000000000000000000e+00
0.000000000000000000e+00
0.000000000000000000e+00
0.000000000000000000e+00
0.000000000000000000e+00
0.000000000000000000e+00
0.000000000000000000e+00
0.000000000000000000e+00
0.000000000000000000e+00
0.000000000000000000e+00
0.000000000000000000e+00
0.000000000000000000e+00
0.000000000000000000e+00
0.000000000000000000e+00
0.000000000000000000e+00
0.000000000000000000e+00
0.000000000000000000e+00
0.000000000000000000e+00
0.000000000000000000e+00
0.000000000000000000e+00
0.000000000000000000e+00
0.000000000000000000e+00
0.000000000000000000e+00
0.000000000000000000e+00
0.000000000000000000e+00
0.000000000000000000e+00
0.000000000000000000e+00
0.000000000000000000e+00
0.000000000000000000e+00
0.000000000000000000e+00
0.000000000000000000e+00
0.000000000000000000e+00
0.000000000000000000e+00
0.000000000000000000e+00
0.000000000000000000e+00
0.000000000000000000e+00
0.000000000000000000e+00
0.000000000000000000e+00
0.000000000000000000e+00
0.000000000000000000e+00
0.000000000000000000e+00
0.000000000000000000e+00
0.000000000000000000e+00
0.000000000000000000e+00
0.000000000000000000e+00
0.000000000000000000e+00
0.000000000000000000e+00
0.000000000000000000e+00
0.000000000000000000e+00
0.000000000000000000e+00
0.000000000000000000e+00
0.000000000000000000e+00
0.000000000000000000e+00
0.000000000000000000e+00
0.000000000000000000e+00
0.000000000000000000e+00
0.000000000000000000e+00
0.000000000000000000e+00
0.000000000000000000e+00
0.000000000000000000e+00
0.000000000000000000e+00
0.000000000000000000e+00
0.000000000000000000e+00
0.000000000000000000e+00
0.000000000000000000e+00
0.000000000000000000e+00
0.000000000000000000e+00
0.000000000000000000e+00
0.000000000000000000e+00
0.000000000000000000e+00
0.000000000000000000e+00
0.000000000000000000e+00
0.000000000000000000e+00
0.000000000000000000e+00
0.000000000000000000e+00
0.000000000000000000e+00
0.000000000000000000e+00
0.000000000000000000e+00
0.000000000000000000e+00
0.000000000000000000e+00
0.000000000000000000e+00
0.000000000000000000e+00
0.000000000000000000e+00
0.000000000000000000e+00
0.000000000000000000e+00
0.000000000000000000e+00
0.000000000000000000e+00
0.000000000000000000e+00
0.000000000000000000e+00
0.000000000000000000e+00
0.000000000000000000e+00
0.000000000000000000e+00
0.000000000000000000e+00
0.000000000000000000e+00
0.000000000000000000e+00
0.000000000000000000e+00
0.000000000000000000e+00
0.000000000000000000e+00
0.000000000000000000e+00
0.000000000000000000e+00
0.000000000000000000e+00
0.000000000000000000e+00
0.000000000000000000e+00
0.000000000000000000e+00
0.000000000000000000e+00
0.000000000000000000e+00
0.000000000000000000e+00
0.000000000000000000e+00
0.000000000000000000e+00
0.000000000000000000e+00
0.000000000000000000e+00
0.000000000000000000e+00
0.000000000000000000e+00
0.000000000000000000e+00
0.000000000000000000e+00
0.000000000000000000e+00
0.000000000000000000e+00
0.000000000000000000e+00
0.000000000000000000e+00
0.000000000000000000e+00
0.000000000000000000e+00
0.000000000000000000e+00
0.000000000000000000e+00
0.000000000000000000e+00
0.000000000000000000e+00
0.000000000000000000e+00
0.000000000000000000e+00
0.000000000000000000e+00
0.000000000000000000e+00
0.000000000000000000e+00
0.000000000000000000e+00
0.000000000000000000e+00
0.000000000000000000e+00
0.000000000000000000e+00
0.000000000000000000e+00
0.000000000000000000e+00
0.000000000000000000e+00
0.000000000000000000e+00
0.000000000000000000e+00
0.000000000000000000e+00
0.000000000000000000e+00
0.000000000000000000e+00
0.000000000000000000e+00
0.000000000000000000e+00
0.000000000000000000e+00
0.000000000000000000e+00
0.000000000000000000e+00
0.000000000000000000e+00
0.000000000000000000e+00
0.000000000000000000e+00
0.000000000000000000e+00
0.000000000000000000e+00
0.000000000000000000e+00
0.000000000000000000e+00
0.000000000000000000e+00
0.000000000000000000e+00
0.000000000000000000e+00
0.000000000000000000e+00
0.000000000000000000e+00
0.000000000000000000e+00
0.000000000000000000e+00
0.000000000000000000e+00
0.000000000000000000e+00
0.000000000000000000e+00
0.000000000000000000e+00
0.000000000000000000e+00
0.000000000000000000e+00
0.000000000000000000e+00
0.000000000000000000e+00
0.000000000000000000e+00
0.000000000000000000e+00
0.000000000000000000e+00
0.000000000000000000e+00
0.000000000000000000e+00
0.000000000000000000e+00
0.000000000000000000e+00
0.000000000000000000e+00
0.000000000000000000e+00
0.000000000000000000e+00
0.000000000000000000e+00
0.000000000000000000e+00
0.000000000000000000e+00
0.000000000000000000e+00
0.000000000000000000e+00
0.000000000000000000e+00
0.000000000000000000e+00
0.000000000000000000e+00
0.000000000000000000e+00
0.000000000000000000e+00
0.000000000000000000e+00
0.000000000000000000e+00
0.000000000000000000e+00
0.000000000000000000e+00
0.000000000000000000e+00
0.000000000000000000e+00
0.000000000000000000e+00
0.000000000000000000e+00
0.000000000000000000e+00
0.000000000000000000e+00
0.000000000000000000e+00
0.000000000000000000e+00
0.000000000000000000e+00
0.000000000000000000e+00
0.000000000000000000e+00
0.000000000000000000e+00
0.000000000000000000e+00
0.000000000000000000e+00
0.000000000000000000e+00
0.000000000000000000e+00
0.000000000000000000e+00
0.000000000000000000e+00
0.000000000000000000e+00
0.000000000000000000e+00
0.000000000000000000e+00
0.000000000000000000e+00
0.000000000000000000e+00
0.000000000000000000e+00
0.000000000000000000e+00
0.000000000000000000e+00
0.000000000000000000e+00
0.000000000000000000e+00
0.000000000000000000e+00
0.000000000000000000e+00
0.000000000000000000e+00
0.000000000000000000e+00
0.000000000000000000e+00
0.000000000000000000e+00
0.000000000000000000e+00
0.000000000000000000e+00
0.000000000000000000e+00
0.000000000000000000e+00
0.000000000000000000e+00
0.000000000000000000e+00
0.000000000000000000e+00
0.000000000000000000e+00
nan
