# bin_11_9
-2.335304759520568568e-06
-1.999582602214057592e-06
-1.688544994959821275e-06
-1.420854863803554408e-06
-1.190375897196403000e-06
-9.892614281621274505e-07
-8.277833424052040098e-07
-6.842943143001761685e-07
-5.666194866729841565e-07
-4.738661124826934500e-07
-3.855094334438778986e-07
-3.277808454175791257e-07
-2.682670613156638600e-07
-2.208814935405252271e-07
-1.839916514578059310e-07
-1.566565731325404704e-07
-1.350853197322025839e-07
-1.161886753104886565e-07
-9.948216283846307393e-08
-8.502508055669785386e-08
-7.209548593034678746e-08
-6.024956130091523991e-08
-4.813672685528950168e-08
-3.671485363862989827e-08
-2.803097088140909951e-08
-2.309976199745184890e-08
-2.069844600639620818e-08
-1.894595721245279315e-08
-1.747543420130304976e-08
-1.604910858915820180e-08
-1.451832293098556873e-08
-1.297989589707853803e-08
-1.151085904971852388e-08
-1.001625375618478392e-08
-8.436088132965840903e-09
-6.735157810744071397e-09
-4.895676310517377171e-09
-2.553450796748231369e-09
2.360503875809796338e-10
2.984556934426765464e-09
5.346898558319303421e-09
7.086455115293513258e-09
8.048669624668918442e-09
8.140712297877943426e-09
7.371001644796499579e-09
6.040651292349728103e-09
4.464931172757378291e-09
2.883907668458050121e-09
1.477789138661237354e-09
3.792054769224221116e-10
-3.169514723543949851e-10
-5.456331303255487088e-10
-4.881129271549908716e-10
-3.767499514319766656e-10
-2.370045731420111227e-10
-8.911153466870296271e-11
5.099873607955660822e-11
1.709383224847421407e-10
2.612311927244325300e-10
3.147906652645635557e-10
3.264861102942824455e-10
2.996174222444846230e-10
2.474718797555381686e-10
1.796968915462624048e-10
1.042454497139834839e-10
2.763408364660936992e-11
-4.483791786125566189e-11
-1.089020312798298338e-10
-1.611617517736972582e-10
-1.989573600730380625e-10
-2.202506552913068380e-10
-2.235266629717713198e-10
-2.091284953952077904e-10
-1.811676371102780705e-10
-1.436294301476736788e-10
-9.991038574796700848e-11
-5.289465074974347932e-11
-5.020621676401972815e-12
4.166098216557357626e-11
8.543645827644124212e-11
1.248849010317587899e-10
1.588395833681405986e-10
1.863542153231742097e-10
2.066734524450401247e-10
2.192071110048206320e-10
2.269416771089762885e-10
2.332689928519984599e-10
2.383090880519232830e-10
2.421722280711559076e-10
2.449597512342895170e-10
2.467648287212328426e-10
2.476731547136618941e-10
2.477635737290059000e-10
2.471086513308900458e-10
2.457751937459375830e-10
2.438247213333475532e-10
2.413139003364331419e-10
2.382949368862855799e-10
2.348159368198896388e-10
2.309212345122422093e-10
2.266516935989974660e-10
2.208147695385056597e-10
2.125894559934558209e-10
2.025229925483233560e-10
1.911029137020020127e-10
1.787627513676104153e-10
1.658871964746126789e-10
1.528167727881155796e-10
1.398520705766646535e-10
1.272575828747396674e-10
1.152651827301852109e-10
1.040772759396050962e-10
9.386966030274570555e-11
8.479411932338512796e-11
7.698077550785106897e-11
7.054022592656548766e-11
6.556548047690417190e-11
6.213372128870010120e-11
6.030789992187635749e-11
5.935640648620410637e-11
5.850220452275387208e-11
5.773131733259777761e-11
5.703101625741431642e-11
5.638972006553126939e-11
5.579690246874560993e-11
5.524300708667392852e-11
5.471936923591681274e-11
5.421814397617107461e-11
5.373223989515864315e-11
5.325525815936744880e-11
5.278143639856866700e-11
5.230559702929203855e-11
5.182309965627162462e-11
5.132979722164215125e-11
5.082199559966632352e-11
5.029641636026917365e-11
4.975016244788198903e-11
4.918068654327127564e-11
4.858576189533805838e-11
4.796345542749271066e-11
4.731210293929748810e-11
4.529665157192300258e-11
4.085175986573950173e-11
3.435680529536968750e-11
2.616130905234328755e-11
1.658701002449058885e-11
5.929795110368442846e-12
-5.538503796670087560e-12
-1.756843660388522802e-11
-2.993137676391767103e-11
-4.241806980189013789e-11
-5.483728106827623309e-11
-6.701453572305557957e-11
-7.879094447456341349e-11
-9.002210907381940634e-11
-1.005771020052089478e-10
-1.103375152204906118e-10
-1.191965731377653205e-10
-1.270583054730494664e-10
-1.338367757915710877e-10
-1.394553619611793285e-10
-1.438460849631622948e-10
-1.469489827680751595e-10
-1.487115262176680657e-10
-1.490880740699754590e-10
-1.480393645646101777e-10
-1.447969000756946265e-10
-1.388629819635626698e-10
-1.305904285263709542e-10
-1.203084182765502607e-10
-1.083238923565335121e-10
-9.492287385011458715e-11
-8.037170911015984318e-11
-4.879288275836998734e-11
-3.220970398030205874e-11
-1.536735379467832557e-11
1.549996253147466170e-12
1.837179348169895047e-11
3.494029053131745283e-11
5.110977909517339167e-11
6.674586809887351403e-11
9.593282849413377689e-11
1.092655779941173704e-10
1.216275115418719980e-10
1.329313762617131405e-10
1.430977017382383401e-10
1.520543237457449676e-10
1.597359353160689125e-10
1.710446707032237002e-10
1.745717780657458951e-10
1.766231114430318607e-10
1.771617668705125308e-10
1.741314566886849719e-10
1.716662708497916388e-10
1.688033213605271343e-10
1.655835972895141842e-10
1.620458125210604400e-10
1.541602139700863006e-10
1.498794427331851114e-10
1.454148951532396354e-10
1.360485037060092832e-10
1.311995715105746105e-10
1.262728489415353950e-10
1.212910460580175676e-10
1.112462797536877682e-10
1.062221776989766059e-10
1.012208444983876118e-10
9.135155181555091541e-11
8.651353741227600678e-11
8.175828555721891954e-11
7.254566059757278715e-11
6.811097815552635044e-11
5.963572738175550660e-11
5.561331715591798567e-11
5.174536214289563852e-11
4.450198380569717693e-11
4.113968527022250817e-11
3.496261962446960002e-11
3.215784507301750609e-11
2.709224790809086582e-11
2.479950225951897435e-11
2.264764593953730305e-11
1.871333152769865642e-11
1.690587074136925137e-11
1.355243830681852066e-11
1.198503567254527037e-11
9.019310138616869466e-12
7.602683213911815461e-12
4.859668595695066973e-12
3.517713814319421867e-12
8.570783820396305242e-13
-1.815827609075812934e-12
-3.171782568920178386e-12
-5.949591089677261064e-12
-7.381275380643102055e-12
-1.035262428019571733e-11
-1.349471948986020578e-11
-1.513890383633863503e-11
-1.858973605756262643e-11
-2.040221526771694812e-11
-2.421438094832385441e-11
-2.829143439596859398e-11
-3.043437793663625808e-11
-3.493786918027650715e-11
-3.974148204598835900e-11
-4.225906792621810302e-11
-4.842457704071608988e-11
-5.645027925420857947e-11
-6.599314941628085177e-11
-7.123419295289399589e-11
-8.247153778690180476e-11
-9.448892946043297282e-11
-1.070345505942396961e-10
-1.134327968312949326e-10
-1.263461500492581620e-10
-1.392507000018671542e-10
-1.519646708039949005e-10
-1.643231175169813080e-10
-1.703217711305406369e-10
-1.818714661448031305e-10
-1.927190349807130172e-10
-2.027492921828446323e-10
-2.118589837002388845e-10
-2.199559002110395661e-10
-2.269580527502647554e-10
-2.327929061916392288e-10
-2.373966664658064994e-10
-2.407136177024547031e-10
-2.426955057654800047e-10
-2.433009649098897719e-10
-2.424949845287213775e-10
-2.402484131793885970e-10
-2.361173941474487596e-10
-2.298793007739197924e-10
-2.218250124421466111e-10
-2.122252149310753667e-10
-2.013316391387897015e-10
-1.893782239602978690e-10
-1.765822081464390739e-10
-1.631451556466895200e-10
-1.492539186375930924e-10
-1.350815421588901628e-10
-1.207881140193943487e-10
-1.065215633930547996e-10
-8.546782756999322475e-11
-7.184252021646183287e-11
-5.867652862292124322e-11
-4.607172848694586367e-11
-3.412144476623812691e-11
-1.760778217398761289e-11
-7.650707574390962056e-12
1.385118247906774484e-12
9.438679093536089405e-12
1.955842070056186988e-11
2.492767866435045018e-11
2.914575333510998985e-11
3.323474799160248058e-11
3.442274268372898167e-11
3.450498948677747761e-11
3.434417578247555952e-11
3.420678875380004186e-11
3.396226475482045504e-11
3.377730953508785099e-11
3.357755856050891905e-11
3.325497351883746812e-11
3.302758438836545531e-11
3.267271376139222844e-11
3.242947976705006966e-11
3.205866172515461090e-11
3.180962840793981905e-11
3.143674904892559495e-11
3.106839468620039438e-11
3.082723498146796043e-11
3.047469144053462849e-11
3.024716893952788824e-11
2.991929613588190199e-11
2.960984272755858003e-11
2.941494580926967391e-11
2.914128260364110637e-11
2.889172213076555350e-11
2.873957825086338552e-11
2.853381836689132814e-11
2.835617519786112268e-11
2.820779406950277014e-11
2.812561740214096070e-11
2.803724505589993870e-11
2.799299954479902083e-11
2.798547256610090317e-11
2.800782588015305235e-11
2.803619320882865755e-11
2.809457935997440440e-11
2.816711513834414151e-11
2.824874469364814645e-11
2.833482451632761834e-11
2.842109570258119416e-11
2.850365804219192415e-11
2.857894580581404120e-11
2.864370511714132510e-11
2.869497280347996950e-11
2.873005662574676975e-11
2.874651679585229663e-11
2.874214869585401115e-11
2.871496671921855086e-11
2.864018393093735006e-11
2.855316679420675351e-11
2.843811203055146015e-11
2.829382056567333445e-11
2.811924226480572450e-11
2.791346535412886470e-11
2.758922844188326185e-11
2.730781335663179137e-11
2.666222035347367275e-11
2.370457923526481613e-11
2.005221080016160506e-11
1.534993551633967563e-11
7.705273534572215998e-12
1.120683887129843996e-12
-6.049929144012341423e-12
-1.631625301806674275e-11
-2.440171977978524895e-11
-3.550281267492964702e-11
-4.394736188374707685e-11
-5.520108890200779916e-11
-6.353451825749893022e-11
-7.436533826707279424e-11
-8.219211190751850018e-11
-9.211747275342858371e-11
-1.013404181387888914e-10
-1.077255925932683600e-10
-1.154445028889949589e-10
-1.221678339890086372e-10
-1.265053594063236287e-10
-1.312875512239364370e-10
-1.348636541686513892e-10
-1.371743030884182523e-10
-1.381681785436727241e-10
-1.380227773935285389e-10
-1.365572900708351893e-10
-1.325578916518816114e-10
-1.259108186152935182e-10
-1.169983068806953735e-10
-1.061750410744941174e-10
-9.376990665615414533e-11
-8.008763089917584763e-11
-6.541032005176854360e-11
-4.999889949301776507e-11
-3.409446322877561658e-11
-1.791953863433028289e-11
-1.679271945841050877e-12
1.842667137054342214e-11
3.414648281125907694e-11
4.937198156395194059e-11
6.396030090842188177e-11
8.110181140732800772e-11
9.379638617799698579e-11
1.054701617102515062e-10
1.184815836744946038e-10
1.275217031402930084e-10
1.352619504250921570e-10
1.430061990328985131e-10
1.475837550208273209e-10
1.511976823039171414e-10
1.523473713712400906e-10
1.515443002757613125e-10
1.498117046062252120e-10
1.474335582294648397e-10
1.448339709241184609e-10
1.426048406707283755e-10
1.396434383226538722e-10
1.365000850396166887e-10
1.338629509334983439e-10
1.304236164863297975e-10
1.268361873520289152e-10
1.231115470241455538e-10
1.192599970002390312e-10
1.152912876737462828e-10
1.112146474934858823e-10
1.078815103473851603e-10
1.036322887910110006e-10
9.929842783439111898e-11
9.399657878703770604e-11
8.950228702106845477e-11
8.494591384460936056e-11
8.033372534666128153e-11
7.567164779585984160e-11
7.096528518314550403e-11
6.526663320585037017e-11
6.048108629598464984e-11
5.566720911522276125e-11
5.082942331119969632e-11
4.476010818867678293e-11
3.850538891604841737e-11
2.957865754333234760e-11
2.114979680059263773e-11
1.007687678698620405e-11
2.176323481410133009e-13
-1.217490716661584095e-11
-2.282728586844501835e-11
-3.583256266467387878e-11
-4.891218815180423638e-11
-5.975026555613519242e-11
-7.255184919287946654e-11
-8.500087248273754206e-11
-9.697175970541872469e-11
-1.083505708399813218e-10
-1.190341844152213383e-10
-1.289295352892820020e-10
-1.379529035878058149e-10
-1.460292513005369981e-10
-1.530916032864005978e-10
-1.590804696683718232e-10
-1.639433068133562922e-10
-1.676340142903122943e-10
-1.701124653830704331e-10
-1.713440689040270314e-10
-1.711660210866982337e-10
-1.696021540491732029e-10
-1.667915281880045596e-10
-1.621419792656936249e-10
-1.571470249222949665e-10
-1.503298941781974672e-10
-1.437805186551001571e-10
-1.354776460829703046e-10
-1.279156131414844909e-10
-1.187124995633922737e-10
-1.092370927901115511e-10
-9.962254929461318885e-11
-9.136357306792015829e-11
-8.180658370591055635e-11
-7.243226796464147280e-11
-6.333495933348852924e-11
-5.460054416423213023e-11
-4.630704311323173812e-11
-3.852515414668148472e-11
-3.131875970725373375e-11
-2.474540045672364170e-11
-1.885671783909113604e-11
-1.369886755133110402e-11
-8.751525380451035950e-12
-5.291932224712650179e-12
-2.676681054817957968e-12
-7.565206103732586076e-13
-3.760749396253491945e-14
0.000000000000000000e+00
0.000000000000000000e+00
0.000000000000000000e+00
0.000000000000000000e+00
0.000000000000000000e+00
0.000000000000000000e+00
0.000000000000000000e+00
0.000000000000000000e+00
0.000000000000000000e+00
0.000000000000000000e+00
0.000000000000000000e+00
0.000000000000000000e+00
0.000000000000000000e+00
0.000000000000000000e+00
0.000000000000000000e+00
0.000000000000000000e+00
0.000000000000000000e+00
0.000000000000000000e+00
0.000000000000000000e+00
0.000000000000000000e+00
0.000000000000000000e+00
0.000000000000000000e+00
0.000000000000000000e+00
0.000000000000000000e+00
0.000000000000000000e+00
0.000000000000000000e+00
0.000000000000000000e+00
0.000000000000000000e+00
0.000000000000000000e+00
0.000000000000000000e+00
0.000000000000000000e+00
0.000000000000000000e+00
0.000000000000000000e+00
0.000000000000000000e+00
0.000000000000000000e+00
0.000000000000000000e+00
0.000000000000000000e+00
0.000000000000000000e+00
0.000000000000000000e+00
0.000000000000000000e+00
0.000000000000000000e+00
0.000000000000000000e+00
0.000000000000000000e+00
0.000000000000000000e+00
0.000000000000000000e+00
0.000000000000000000e+00
0.000000000000000000e+00
0.000000000000000000e+00
0.000000000000000000e+00
0.000000000000000000e+00
0.000000000000000000e+00
0.000000000000000000e+00
0.000000000000000000e+00
0.000000000000000000e+00
0.000000000000000000e+00
0.000000000000000000e+00
0.000000000000000000e+00
0.000000000000000000e+00
0.000000000000000000e+00
0.000000000000000000e+00
0.000000000000000000e+00
0.000000000000000000e+00
0.000000000000000000e+00
0.000000000000000000e+00
0.000000000000000000e+00
0.000000000000000000e+00
0.000000000000000000e+00
0.000000000000000000e+00
0.000000000000000000e+00
0.000000000000000000e+00
0.000000000000000000e+00
0.000000000000000000e+00
0.000000000000000000e+00
0.000000000000000000e+00
0.000000000000000000e+00
0.000000000000000000e+00
0.000000000000000000e+00
0.000000000000000000e+00
0.000000000000000000e+00
0.000000000000000000e+00
0.000000000000000000e+00
0.000000000000000000e+00
0.000000000000000000e+00
0.000000000000000000e+00
0.000000000000000000e+00
0.000000000000000000e+00
0.000000000000000000e+00
0.000000000000000000e+00
0.000000000000000000e+00
0.000000000000000000e+00
0.000000000000000000e+00
0.000000000000000000e+00
0.000000000000000000e+00
0.000000000000000000e+00
0.000000000000000000e+00
0.000000000000000000e+00
0.000000000000000000e+00
0.000000000000000000e+00
0.000000000000000000e+00
0.000000000000000000e+00
0.000000000000000000e+00
0.000000000000000000e+00
0.000000000000000000e+00
0.000000000000000000e+00
0.000000000000000000e+00
0.000000000000000000e+00
0.000000000000000000e+00
0.000000000000000000e+00
0.000000000000000000e+00
0.000000000000000000e+00
0.000000000000000000e+00
0.000000000000000000e+00
0.000000000000000000e+00
0.000000000000000000e+00
0.000000000000000000e+00
0.000000000000000000e+00
0.000000000000000000e+00
0.000000000000000000e+00
0.000000000000000000e+00
0.000000000000000000e+00
0.000000000000000000e+00
0.000000000000000000e+00
0.000000000000000000e+00
0.000000000000000000e+00
0.000000000000000000e+00
0.000000000000000000e+00
0.000000000000000000e+00
0.000000000000000000e+00
0.000000000000000000e+00
0.000000000000000000e+00
0.000000000000000000e+00
0.000000000000000000e+00
0.000000000000000000e+00
0.000000000000000000e+00
0.000000000000000000e+00
0.000000000000000000e+00
0.000000000000000000e+00
0.000000000000000000e+00
0.000000000000000000e+00
0.000000000000000000e+00
0.000000000000000000e+00
0.000000000000000000e+00
0.000000000000000000e+00
0.000000000000000000e+00
0.000000000000000000e+00
0.000000000000000000e+00
0.000000000000000000e+00
0.000000000000000000e+00
0.000000000000000000e+00
0.000000000000000000e+00
0.000000000000000000e+00
0.000000000000000000e+00
0.000000000000000000e+00
0.000000000000000000e+00
0.000000000000000000e+00
0.000000000000000000e+00
0.000000000000000000e+00
0.000000000000000000e+00
0.000000000000000000e+00
0.000000000000000000e+00
0.000000000000000000e+00
0.000000000000000000e+00
0.000000000000000000e+00
0.000000000000000000e+00
0.000000000000000000e+00
0.000000000000000000e+00
0.000000000000000000e+00
0.000000000000000000e+00
0.000000000000000000e+00
0.000000000000000000e+00
0.000000000000000000e+00
0.000000000000000000e+00
0.000000000000000000e+00
0.000000000000000000e+00
0.000000000000000000e+00
0.000000000000000000e+00
0.000000000000000000e+00
0.000000000000000000e+00
0.000000000000000000e+00
0.000000000000000000e+00
0.000000000000000000e+00
0.000000000000000000e+00
0.000000000000000000e+00
0.000000000000000000e+00
0.000000000000000000e+00
0.000000000000000000e+00
0.000000000000000000e+00
0.000000000000000000e+00
0.000000000000000000e+00
0.000000000000000000e+00
0.000000000000000000e+00
0.000000000000000000e+00
0.000000000000000000e+00
0.000000000000000000e+00
0.000000000000000000e+00
0.000000000000000000e+00
0.000000000000000000e+00
0.000000000000000000e+00
0.000000000000000000e+00
0.000000000000000000e+00
0.000000000000000000e+00
0.000000000000000000e+00
0.000000000000000000e+00
0.000000000000000000e+00
0.000000000000000000e+00
0.000000000000000000e+00
0.000000000000000000e+00
0.000000000000000000e+00
0.000000000000000000e+00
0.000000000000000000e+00
0.000000000000000000e+00
0.000000000000000000e+00
0.000000000000000000e+00
0.000000000000000000e+00
0.000000000000000000e+00
0.000000000000000000e+00
0.000000000000000000e+00
0.000000000000000000e+00
0.000000000000000000e+00
0.000000000000000000e+00
0.000000000000000000e+00
0.000000000000000000e+00
0.000000000000000000e+00
0.000000000000000000e+00
0.000000000000000000e+00
0.000000000000000000e+00
0.000000000000000000e+00
0.000000000000000000e+00
0.000000000000000000e+00
0.000000000000000000e+00
0.000000000000000000e+00
0.000000000000000000e+00
0.000000000000000000e+00
0.000000000000000000e+00
0.000000000000000000e+00
0.000000000000000000e+00
0.000000000000000000e+00
0.000000000000000000e+00
0.000000000000000000e+00
0.000000000000000000e+00
0.000000000000000000e+00
0.000000000000000000e+00
0.000000000000000000e+00
0.000000000000000000e+00
0.000000000000000000e+00
0.000000000000000000e+00
0.000000000000000000e+00
0.000000000000000000e+00
0.000000000000000000e+00
0.000000000000000000e+00
0.000000000000000000e+00
0.000000000000000000e+00
0.000000000000000000e+00
0.000000000000000000e+00
0.000000000000000000e+00
0.000000000000000000e+00
0.000000000000000000e+00
0.000000000000000000e+00
0.000000000000000000e+00
0.000000000000000000e+00
0.000000000000000000e+00
0.000000000000000000e+00
0.000000000000000000e+00
0.000000000000000000e+00
0.000000000000000000e+00
0.000000000000000000e+00
0.000000000000000000e+00
0.000000000000000000e+00
0.000000000000000000e+00
0.000000000000000000e+00
0.000000000000000000e+00
0.000000000000000000e+00
0.000000000000000000e+00
0.000000000000000000e+00
0.000000000000000000e+00
0.000000000000000000e+00
0.000000000000000000e+00
0.000000000000000000e+00
0.000000000000000000e+00
0.000000000000000000e+00
0.000000000000000000e+00
0.000000000000000000e+00
0.000000000000000000e+00
0.000000000000000000e+00
0.000000000000000000e+00
0.000000000000000000e+00
0.000000000000000000e+00
0.000000000000000000e+00
0.000000000000000000e+00
0.000000000000000000e+00
0.000000000000000000e+00
0.000000000000000000e+00
0.000000000000000000e+00
0.000000000000000000e+00
0.000000000000000000e+00
0.000000000000000000e+00
0.000000000000000000e+00
0.000000000000000000e+00
0.000000000000000000e+00
0.000000000000000000e+00
0.000000000000000000e+00
0.000000000000000000e+00
0.000000000000000000e+00
0.000000000000000000e+00
0.000000000000000000e+00
0.000000000000000000e+00
0.000000000000000000e+00
0.000000000000000000e+00
0.000000000000000000e+00
0.000000000000000000e+00
0.000000000000000000e+00
0.000000000000000000e+00
0.000000000000000000e+00
0.000000000000000000e+00
0.000000000000000000e+00
0.000000000000000000e+00
0.000000000000000000e+00
0.000000000000000000e+00
0.000000000000000000e+00
0.000000000000000000e+00
0.000000000000000000e+00
0.000000000000000000e+00
0.000000000000000000e+00
0.000000000000000000e+00
0.000000000000000000e+00
0.000000000000000000e+00
0.000000000000000000e+00
0.000000000000000000e+00
0.000000000000000000e+00
0.000000000000000000e+00
0.000000000000000000e+00
0.000000000000000000e+00
0.000000000000000000e+00
0.000000000000000000e+00
0.000000000000000000e+00
0.000000000000000000e+00
0.000000000000000000e+00
0.000000000000000000e+00
0.000000000000000000e+00
0.000000000000000000e+00
0.000000000000000000e+00
0.000000000000000000e+00
0.000000000000000000e+00
0.000000000000000000e+00
0.000000000000000000e+00
0.000000000000000000e+00
0.000000000000000000e+00
0.000000000000000000e+00
0.000000000000000000e+00
0.000000000000000000e+00
0.000000000000000000e+00
0.000000000000000000e+00
0.000000000000000000e+00
0.000000000000000000e+00
0.000000000000000000e+00
0.000000000000000000e+00
0.000000000000000000e+00
0.000000000000000000e+00
0.000000000000000000e+00
0.000000000000000000e+00
0.000000000000000000e+00
0.000000000000000000e+00
0.000000000000000000e+00
0.000000000000000000e+00
0.000000000000000000e+00
0.000000000000000000e+00
0.000000000000000000e+00
0.000000000000000000e+00
0.000000000000000000e+00
0.000000000000000000e+00
0.000000000000000000e+00
0.000000000000000000e+00
0.000000000000000000e+00
0.000000000000000000e+00
0.000000000000000000e+00
0.000000000000000000e+00
0.000000000000000000e+00
0.000000000000000000e+00
0.000000000000000000e+00
0.000000000000000000e+00
0.000000000000000000e+00
0.000000000000000000e+00
0.000000000000000000e+00
0.000000000000000000e+00
0.000000000000000000e+00
0.000000000000000000e+00
0.000000000000000000e+00
0.000000000000000000e+00
0.000000000000000000e+00
0.000000000000000000e+00
0.000000000000000000e+00
0.000000000000000000e+00
0.000000000000000000e+00
0.000000000000000000e+00
0.000000000000000000e+00
0.000000000000000000e+00
0.000000000000000000e+00
0.000000000000000000e+00
0.000000000000000000e+00
0.000000000000000000e+00
0.000000000000000000e+00
0.000000000000000000e+00
0.000000000000000000e+00
0.000000000000000000e+00
0.000000000000000000e+00
0.000000000000000000e+00
0.000000000000000000e+00
0.000000000000000000e+00
0.000000000000000000e+00
0.000000000000000000e+00
0.000000000000000000e+00
0.000000000000000000e+00
0.000000000000000000e+00
0.000000000000000000e+00
0.000000000000000000e+00
0.000000000000000000e+00
0.000000000000000000e+00
0.000000000000000000e+00
0.000000000000000000e+00
0.000000000000000000e+00
0.000000000000000000e+00
0.000000000000000000e+00
0.000000000000000000e+00
0.000000000000000000e+00
0.000000000000000000e+00
0.000000000000000000e+00
0.000000000000000000e+00
0.000000000000000000e+00
0.000000000000000000e+00
0.000000000000000000e+00
0.000000000000000000e+00
0.000000000000000000e+00
0.000000000000000000e+00
0.000000000000000000e+00
0.000000000000000000e+00
0.000000000000000000e+00
0.000000000000000000e+00
0.000000000000000000e+00
0.000000000000000000e+00
0.000000000000000000e+00
0.000000000000000000e+00
0.000000000000000000e+00
0.000000000000000000e+00
0.000000000000000000e+00
0.000000000000000000e+00
0.000000000000000000e+00
0.000000000000000000e+00
0.000000000000000000e+00
0.000000000000000000e+00
0.000000000000000000e+00
0.000000000000000000e+00
0.000000000000000000e+00
0.000000000000000000e+00
0.000000000000000000e+00
0.000000000000000000e+00
0.000000000000000000e+00
0.000000000000000000e+00
0.000000000000000000e+00
0.000000000000000000e+00
0.000000000000000000e+00
0.000000000000000000e+00
0.000000000000000000e+00
0.000000000000000000e+00
0.000000000000000000e+00
0.000000000000000000e+00
0.000000000000000000e+00
0.000000000000000000e+00
0.000000000000000000e+00
0.000000000000000000e+00
0.000000000000000000e+00
0.000000000000000000e+00
0.000000000000000000e+00
0.000000000000000000e+00
0.000000000000000000e+00
0.000000000000000000e+00
0.000000000000000000e+00
0.000000000000000000e+00
0.000000000000000000e+00
0.000000000000000000e+00
0.000000000000000000e+00
0.000000000000000000e+00
0.000000000000000000e+00
0.000000000000000000e+00
0.000000000000000000e+00
0.000000000000000000e+00
0.000000000000000000e+00
0.000000000000000000e+00
0.000000000000000000e+00
0.000000000000000000e+00
0.000000000000000000e+00
0.000000000000000000e+00
0.000000000000000000e+00
0.000000000000000000e+00
0.000000000000000000e+00
0.000000000000000000e+00
0.000000000000000000e+00
0.000000000000000000e+00
0.000000000000000000e+00
0.000000000000000000e+00
0.000000000000000000e+00
0.000000000000000000e+00
0.000000000000000000e+00
0.000000000000000000e+00
0.000000000000000000e+00
0.000000000000000000e+00
0.000000000000000000e+00
0.000000000000000000e+00
0.000000000000000000e+00
0.000000000000000000e+00
0.000000000000000000e+00
0.000000000000000000e+00
0.000000000000000000e+00
0.000000000000000000e+00
0.000000000000000000e+00
0.000000000000000000e+00
0.000000000000000000e+00
nan
