# bin_11_10
-3.233324798003741753e-06
-2.776785925666385714e-06
-2.306785058467125427e-06
-1.848219644874171083e-06
-1.392463646565153148e-06
-9.693272135016155716e-07
-5.635379384497396213e-07
-1.924706186423800140e-07
1.545574215446032124e-07
4.673784648576191455e-07
7.687480262009919031e-07
1.015491401408967938e-06
1.267067229898798873e-06
1.483711998003593733e-06
1.674127814507383199e-06
1.838050108888550154e-06
1.978140705018074750e-06
2.106066244933343903e-06
2.220707416717349220e-06
2.318268860421654708e-06
2.400971775754270735e-06
2.470704311930563508e-06
2.529898027363261361e-06
2.577966770467441992e-06
2.613461351300485925e-06
2.636187014946998046e-06
2.649059025336500874e-06
2.654440350142520484e-06
2.652300310985932017e-06
2.642958598961893467e-06
2.626935981203679841e-06
2.607657849621004241e-06
2.586439717752810164e-06
2.561476324730590101e-06
2.531724050075355481e-06
2.496672301037719606e-06
2.456178664441325327e-06
2.413430583620790159e-06
2.370519716861732307e-06
2.326254500450227426e-06
2.279859552745434943e-06
2.230867944498685854e-06
2.179039576218787558e-06
2.124299323320728089e-06
2.066992991506131361e-06
2.008396518371313813e-06
1.949680437719220568e-06
1.891742224349002236e-06
1.835260726437784608e-06
1.780739908461730451e-06
1.728544062341677007e-06
1.678926190040644938e-06
1.631193194047926636e-06
1.584718345647168956e-06
1.539730281679073194e-06
1.496395702192169811e-06
1.454831011066346158e-06
1.415111891686129776e-06
1.377281188720636656e-06
1.341355397898344370e-06
1.307330009986933012e-06
1.274555163511119509e-06
1.242580015101998015e-06
1.211639985929478119e-06
1.181917688456972861e-06
1.153551563405313744e-06
1.126643176081975917e-06
1.101263383206291267e-06
1.077457546828734924e-06
1.055249943326549923e-06
1.034647491694234154e-06
1.015642905572131326e-06
9.978127952708067435e-07
9.807610336930766529e-07
9.645051531456206261e-07
9.490544902765008031e-07
9.344115303092626400e-07
9.205730590395714962e-07
9.075311497549685258e-07
8.952740082970362197e-07
8.837866961399364408e-07
8.730517485155734310e-07
8.630497021947230476e-07
8.537595454696981727e-07
8.451591011223066344e-07
8.374279136262446526e-07
8.306153151254880448e-07
8.245235025187003439e-07
8.189794019352142020e-07
8.138319180600137649e-07
8.089494881385997330e-07
8.042179057229179587e-07
7.995383834284767337e-07
7.948258276463564234e-07
7.900073013640591759e-07
7.850206540577613615e-07
7.798133000785394351e-07
7.743411291122634737e-07
7.685675341863982895e-07
7.624625443608727523e-07
7.560020507039029791e-07
7.497068389024618560e-07
7.439836056014749425e-07
7.386576283543156253e-07
7.335745065964604950e-07
7.285981634737868264e-07
7.236090404037069314e-07
7.185024652344951719e-07
7.131871768590614194e-07
7.075839909117497139e-07
7.016245927559843567e-07
6.952504453787925598e-07
6.884118010651426337e-07
6.810668068476583794e-07
6.731806947308130650e-07
6.647250485864904635e-07
6.556771404215426822e-07
6.460193294380807403e-07
6.357385179528581409e-07
6.252137824943149608e-07
6.148373657364473323e-07
6.046180605534046092e-07
5.945634642892103115e-07
5.846800856590244116e-07
5.749734426376543551e-07
5.654481521092481829e-07
5.561080119826605040e-07
5.469560764141233302e-07
5.379947247218971691e-07
5.292257245259452910e-07
5.206502895988439653e-07
5.122691328716317321e-07
5.040825149997011718e-07
4.960902888587617361e-07
4.882919403090139609e-07
4.806866255366709544e-07
4.732732052555586096e-07
4.660502760274951820e-07
4.590161989382425825e-07
4.521691258458634668e-07
4.455070234001129244e-07
4.390026388746000456e-07
4.326291765910050154e-07
4.263851050761396591e-07
4.202688232437116640e-07
4.142786696198894328e-07
4.084129307868341866e-07
4.026698491062719035e-07
3.970476297801922013e-07
3.915444473011858666e-07
3.861584513407481768e-07
3.808877721200242337e-07
3.757305253039486564e-07
3.706848164564921358e-07
3.657487450917528883e-07
3.609204083529002132e-07
3.561979043484652188e-07
3.515793351731669380e-07
3.470628096383392865e-07
3.426464457350699446e-07
3.383283728513695011e-07
3.341067337630310747e-07
3.299796864163214779e-07
3.259454055192389107e-07
3.220020839567842606e-07
3.181479340444983960e-07
3.146157314899060888e-07
3.115988150209990589e-07
3.090392413284947487e-07
3.068828588730585609e-07
3.050790848529112388e-07
3.035806953316273244e-07
3.023436277172710674e-07
3.004919098964955445e-07
2.998033216718937987e-07
2.992278592988008537e-07
2.987346860944170491e-07
2.982951618601545864e-07
2.978827131592758231e-07
2.974727110925190961e-07
2.970423561250759967e-07
2.960378911690239112e-07
2.954263829018979155e-07
2.947195378465924862e-07
2.939021945984539459e-07
2.929604564447256597e-07
2.918816151752593479e-07
2.906540792374207397e-07
2.877117377722877702e-07
2.859787417074056634e-07
2.840605527950382610e-07
2.819502203328733711e-07
2.772326616940299113e-07
2.748270114766969509e-07
2.724269180473055214e-07
2.700345447176364447e-07
2.676519144619459870e-07
2.629233169013984197e-07
2.605807578500359052e-07
2.582547712219977751e-07
2.536581089398914507e-07
2.513899813236457441e-07
2.491435326365909141e-07
2.469198110923748650e-07
2.425443374799096602e-07
2.403942898630384732e-07
2.382703863468259512e-07
2.341036711559977013e-07
2.320620372155221127e-07
2.300489094012192163e-07
2.261099276632463896e-07
2.241848300232806054e-07
2.204249753013251472e-07
2.185907156051621335e-07
2.167871689698939594e-07
2.132728076029196877e-07
2.115622082531982771e-07
2.082344871695392859e-07
2.066174092708128490e-07
2.034431883755485720e-07
2.018782964069228778e-07
2.003287556921274342e-07
1.972771575440229914e-07
1.957757421195865560e-07
1.928230801217789107e-07
1.913723183392952102e-07
1.885229704238173792e-07
1.871247341090099550e-07
1.843818615291033805e-07
1.830374594647468319e-07
1.804031812435299652e-07
1.778420311444379824e-07
1.765889852451643352e-07
1.741380484459411773e-07
1.729401599673833653e-07
1.705994660005208202e-07
1.683319957309768701e-07
1.672256023435362646e-07
1.650671914251847940e-07
1.640150279921759027e-07
1.619643686358174387e-07
1.599846376778506028e-07
1.590211136101511752e-07
1.571461904644514294e-07
1.553399712517825163e-07
1.544623121091357389e-07
1.527642188640111145e-07
1.511415672480392871e-07
1.495868084752638800e-07
1.488326868504077838e-07
1.473668489986409160e-07
1.459524386892825994e-07
1.445837331233389064e-07
1.439148529675160728e-07
1.426049326524205535e-07
1.413282768394879503e-07
1.400805791858882925e-07
1.388578762727354093e-07
1.382547471019561366e-07
1.370627963768653291e-07
1.358872786834551956e-07
1.347252524451002475e-07
1.335740233436403464e-07
1.324311269249263455e-07
1.312943123981660525e-07
1.301615275448985210e-07
1.290309046596469535e-07
1.279007474500291975e-07
1.267695188293983977e-07
1.256358295399631644e-07
1.244984275488422720e-07
1.233561881636705386e-07
1.222138552105742057e-07
1.210774739552608233e-07
1.199479059943355594e-07
1.188259423309499829e-07
1.177123078606621482e-07
1.166076655796583518e-07
1.155126205330669717e-07
1.144277235199040039e-07
1.133534745700834895e-07
1.122903262078961633e-07
1.112386865154064527e-07
1.101989220083259645e-07
1.086622479531354771e-07
1.076535260568102948e-07
1.066576723386360325e-07
1.056748973903085157e-07
1.047053831899995849e-07
1.032763086004819421e-07
1.023405715810451286e-07
1.014185334657547408e-07
1.005102695095154122e-07
9.917381723777102535e-08
9.830019365683660785e-08
9.744046322394204115e-08
9.617690881679674169e-08
9.535187186677956267e-08
9.453977106787595421e-08
9.333585410831560461e-08
9.254235741341943764e-08
9.136660741661441635e-08
9.059286665304326430e-08
8.982750914070313870e-08
8.869570493136823317e-08
8.795229545789312423e-08
8.685432899303035520e-08
8.613401459830751261e-08
8.507137820033384284e-08
8.437501201507757359e-08
8.334878939954230753e-08
8.234478732087493561e-08
8.168789689013190589e-08
8.072133531854989714e-08
8.008951944349930437e-08
7.916067412443261930e-08
7.825449302312181120e-08
7.766295109083026083e-08
7.679446053866653343e-08
7.594847210665892253e-08
7.539692025995117995e-08
7.458814146009876903e-08
7.380146507836674007e-08
7.303669260130603092e-08
7.253890497109248413e-08
7.180946171058607345e-08
7.109931096245573789e-08
7.040731187536371742e-08
6.973239326110669548e-08
6.929143741243104099e-08
6.864278162916647889e-08
6.800865877459199023e-08
6.738821857026400959e-08
6.678066266380402321e-08
6.618524147966147760e-08
6.560125126669126509e-08
6.502803132961058777e-08
6.446496143230185239e-08
6.391145936176248419e-08
6.336697864227710585e-08
6.283100639010219898e-08
6.230306129961866986e-08
6.178269175252370647e-08
6.109992134651116238e-08
6.059562545172622931e-08
6.009759211041240121e-08
5.960547916546819117e-08
5.911896583902144522e-08
5.863775145867872577e-08
5.800389067166378101e-08
5.753397532929206488e-08
5.706865646601166914e-08
5.645611800089998970e-08
5.600275250312830191e-08
5.555462561010118877e-08
5.496535213595692341e-08
5.452961750205533347e-08
5.409924735911016244e-08
5.353380203058050118e-08
5.311602273333202654e-08
5.256740400586266564e-08
5.216225655117449957e-08
5.163047294402163895e-08
5.123793182008749889e-08
5.072291047523244219e-08
5.034289424882019867e-08
4.984449406433496293e-08
4.935550602187759385e-08
4.899489753443484903e-08
4.852219783543258215e-08
4.805868777973760555e-08
4.771702942369818440e-08
4.726937068029434957e-08
4.683062838899508814e-08
4.640069364014995197e-08
4.597945341707319305e-08
4.566915902805636288e-08
4.526279798548894407e-08
4.486356899988921290e-08
4.447088078745667623e-08
4.408462896246730659e-08
4.370470946367379262e-08
4.333101868107655309e-08
4.296345357032141274e-08
4.260191175570047622e-08
4.224629162265734408e-08
4.189649240062815256e-08
4.155241423698751026e-08
4.121395826280862221e-08
4.079864556912320039e-08
4.047248351110977708e-08
4.015162976985210449e-08
3.983599022681473412e-08
3.944863185538628318e-08
3.914438649395235229e-08
3.884505799766322144e-08
3.847767660636943133e-08
3.818908848102763538e-08
3.790513351245075780e-08
3.755657659708603206e-08
3.728273936274849357e-08
3.694656950963316673e-08
3.668243750242785055e-08
3.635814857757953232e-08
3.610306663470889602e-08
3.578914919701150726e-08
3.548062235575520483e-08
3.523761588223132261e-08
3.493854451985088691e-08
3.464459042029961309e-08
3.441304728019771505e-08
3.412806408850082813e-08
3.384793340103712073e-08
3.357256297554618719e-08
3.330186185529656235e-08
3.303574040191276132e-08
3.277411032255747995e-08
3.256798158818996350e-08
3.231421786069439133e-08
3.206470561566219676e-08
3.177078609032345596e-08
3.153033687682887933e-08
3.129387846852717876e-08
3.106133237614595351e-08
3.083262152373298868e-08
3.060767024371657075e-08
3.034258687461772282e-08
3.012564719688567287e-08
2.991223432666977568e-08
2.970227841501512106e-08
2.945683072343425601e-08
2.926588746615258429e-08
2.905252704286386432e-08
2.888589728749793604e-08
2.869701672178754939e-08
2.854715448283735100e-08
2.837437177318696615e-08
2.823481818822217494e-08
2.807097244577107123e-08
2.790937129656541660e-08
2.777522086692583652e-08
2.761354532181663781e-08
2.744979957757280088e-08
2.728271612384758134e-08
2.711114572937708668e-08
2.693404907259927058e-08
2.675048893783232291e-08
2.655962293804294114e-08
2.636069672803909793e-08
2.615303767451388350e-08
2.593604895176302926e-08
2.570920403411449445e-08
2.547204155815927372e-08
2.522416052976966904e-08
2.496521585264836666e-08
2.464874181360682161e-08
2.436252360828006952e-08
2.395879088872445045e-08
2.329090582545566907e-08
2.257340495528364486e-08
2.159415731762890979e-08
2.065337141372648885e-08
1.946070419679711666e-08
1.837445498553931033e-08
1.705247253152549047e-08
1.569137648586337142e-08
1.431029412753434603e-08
1.312393240688841658e-08
1.175111741959447753e-08
1.040454260845190582e-08
9.097758519884168500e-09
7.843102310129702425e-09
6.651781266579086247e-09
5.533950807836050842e-09
4.498787335736314564e-09
3.554556286168895201e-09
2.708675701113676346e-09
1.967775621701386372e-09
1.257114008280134229e-09
7.601602967884500564e-10
3.844922003227158938e-10
1.086705020563953294e-10
5.402133390627794120e-12
0.000000000000000000e+00
0.000000000000000000e+00
0.000000000000000000e+00
0.000000000000000000e+00
0.000000000000000000e+00
0.000000000000000000e+00
0.000000000000000000e+00
0.000000000000000000e+00
0.000000000000000000e+00
0.000000000000000000e+00
0.000000000000000000e+00
0.000000000000000000e+00
0.000000000000000000e+00
0.000000000000000000e+00
0.000000000000000000e+00
0.000000000000000000e+00
0.000000000000000000e+00
0.000000000000000000e+00
0.000000000000000000e+00
0.000000000000000000e+00
0.000000000000000000e+00
0.000000000000000000e+00
0.000000000000000000e+00
0.000000000000000000e+00
0.000000000000000000e+00
0.000000000000000000e+00
0.000000000000000000e+00
0.000000000000000000e+00
0.000000000000000000e+00
0.000000000000000000e+00
0.000000000000000000e+00
0.000000000000000000e+00
0.000000000000000000e+00
0.000000000000000000e+00
0.000000000000000000e+00
0.000000000000000000e+00
0.000000000000000000e+00
0.000000000000000000e+00
0.000000000000000000e+00
0.000000000000000000e+00
0.000000000000000000e+00
0.000000000000000000e+00
0.000000000000000000e+00
0.000000000000000000e+00
0.000000000000000000e+00
0.000000000000000000e+00
0.000000000000000000e+00
0.000000000000000000e+00
0.000000000000000000e+00
0.000000000000000000e+00
0.000000000000000000e+00
0.000000000000000000e+00
0.000000000000000000e+00
0.000000000000000000e+00
0.000000000000000000e+00
0.000000000000000000e+00
0.000000000000000000e+00
0.000000000000000000e+00
0.000000000000000000e+00
0.000000000000000000e+00
0.000000000000000000e+00
0.000000000000000000e+00
0.000000000000000000e+00
0.000000000000000000e+00
0.000000000000000000e+00
0.000000000000000000e+00
0.000000000000000000e+00
0.000000000000000000e+00
0.000000000000000000e+00
0.000000000000000000e+00
0.000000000000000000e+00
0.000000000000000000e+00
0.000000000000000000e+00
0.000000000000000000e+00
0.000000000000000000e+00
0.000000000000000000e+00
0.000000000000000000e+00
0.000000000000000000e+00
0.000000000000000000e+00
0.000000000000000000e+00
0.000000000000000000e+00
0.000000000000000000e+00
0.000000000000000000e+00
0.000000000000000000e+00
0.000000000000000000e+00
0.000000000000000000e+00
0.000000000000000000e+00
0.000000000000000000e+00
0.000000000000000000e+00
0.000000000000000000e+00
0.000000000000000000e+00
0.000000000000000000e+00
0.000000000000000000e+00
0.000000000000000000e+00
0.000000000000000000e+00
0.000000000000000000e+00
0.000000000000000000e+00
0.000000000000000000e+00
0.000000000000000000e+00
0.000000000000000000e+00
0.000000000000000000e+00
0.000000000000000000e+00
0.000000000000000000e+00
0.000000000000000000e+00
0.000000000000000000e+00
0.000000000000000000e+00
0.000000000000000000e+00
0.000000000000000000e+00
0.000000000000000000e+00
0.000000000000000000e+00
0.000000000000000000e+00
0.000000000000000000e+00
0.000000000000000000e+00
0.000000000000000000e+00
0.000000000000000000e+00
0.000000000000000000e+00
0.000000000000000000e+00
0.000000000000000000e+00
0.000000000000000000e+00
0.000000000000000000e+00
0.000000000000000000e+00
0.000000000000000000e+00
0.000000000000000000e+00
0.000000000000000000e+00
0.000000000000000000e+00
0.000000000000000000e+00
0.000000000000000000e+00
0.000000000000000000e+00
0.000000000000000000e+00
0.000000000000000000e+00
0.000000000000000000e+00
0.000000000000000000e+00
0.000000000000000000e+00
0.000000000000000000e+00
0.000000000000000000e+00
0.000000000000000000e+00
0.000000000000000000e+00
0.000000000000000000e+00
0.000000000000000000e+00
0.000000000000000000e+00
0.000000000000000000e+00
0.000000000000000000e+00
0.000000000000000000e+00
0.000000000000000000e+00
0.000000000000000000e+00
0.000000000000000000e+00
0.000000000000000000e+00
0.000000000000000000e+00
0.000000000000000000e+00
0.000000000000000000e+00
0.000000000000000000e+00
0.000000000000000000e+00
0.000000000000000000e+00
0.000000000000000000e+00
0.000000000000000000e+00
0.000000000000000000e+00
0.000000000000000000e+00
0.000000000000000000e+00
0.000000000000000000e+00
0.000000000000000000e+00
0.000000000000000000e+00
0.000000000000000000e+00
0.000000000000000000e+00
0.000000000000000000e+00
0.000000000000000000e+00
0.000000000000000000e+00
0.000000000000000000e+00
0.000000000000000000e+00
0.000000000000000000e+00
0.000000000000000000e+00
0.000000000000000000e+00
0.000000000000000000e+00
0.000000000000000000e+00
0.000000000000000000e+00
0.000000000000000000e+00
0.000000000000000000e+00
0.000000000000000000e+00
0.000000000000000000e+00
0.000000000000000000e+00
0.000000000000000000e+00
0.000000000000000000e+00
0.000000000000000000e+00
0.000000000000000000e+00
0.000000000000000000e+00
0.000000000000000000e+00
0.000000000000000000e+00
0.000000000000000000e+00
0.000000000000000000e+00
0.000000000000000000e+00
0.000000000000000000e+00
0.000000000000000000e+00
0.000000000000000000e+00
0.000000000000000000e+00
0.000000000000000000e+00
0.000000000000000000e+00
0.000000000000000000e+00
0.000000000000000000e+00
0.000000000000000000e+00
0.000000000000000000e+00
0.000000000000000000e+00
0.000000000000000000e+00
0.000000000000000000e+00
0.000000000000000000e+00
0.000000000000000000e+00
0.000000000000000000e+00
0.000000000000000000e+00
0.000000000000000000e+00
0.000000000000000000e+00
0.000000000000000000e+00
0.000000000000000000e+00
0.000000000000000000e+00
0.000000000000000000e+00
0.000000000000000000e+00
0.000000000000000000e+00
0.000000000000000000e+00
0.000000000000000000e+00
0.000000000000000000e+00
0.000000000000000000e+00
0.000000000000000000e+00
0.000000000000000000e+00
0.000000000000000000e+00
0.000000000000000000e+00
0.000000000000000000e+00
0.000000000000000000e+00
0.000000000000000000e+00
0.000000000000000000e+00
0.000000000000000000e+00
0.000000000000000000e+00
0.000000000000000000e+00
0.000000000000000000e+00
0.000000000000000000e+00
0.000000000000000000e+00
0.000000000000000000e+00
0.000000000000000000e+00
0.000000000000000000e+00
0.000000000000000000e+00
0.000000000000000000e+00
0.000000000000000000e+00
0.000000000000000000e+00
0.000000000000000000e+00
0.000000000000000000e+00
0.000000000000000000e+00
0.000000000000000000e+00
0.000000000000000000e+00
0.000000000000000000e+00
0.000000000000000000e+00
0.000000000000000000e+00
0.000000000000000000e+00
0.000000000000000000e+00
0.000000000000000000e+00
0.000000000000000000e+00
0.000000000000000000e+00
0.000000000000000000e+00
0.000000000000000000e+00
0.000000000000000000e+00
0.000000000000000000e+00
0.000000000000000000e+00
0.000000000000000000e+00
0.000000000000000000e+00
0.000000000000000000e+00
0.000000000000000000e+00
0.000000000000000000e+00
0.000000000000000000e+00
0.000000000000000000e+00
0.000000000000000000e+00
0.000000000000000000e+00
0.000000000000000000e+00
0.000000000000000000e+00
0.000000000000000000e+00
0.000000000000000000e+00
0.000000000000000000e+00
0.000000000000000000e+00
0.000000000000000000e+00
0.000000000000000000e+00
0.000000000000000000e+00
0.000000000000000000e+00
0.000000000000000000e+00
0.000000000000000000e+00
0.000000000000000000e+00
0.000000000000000000e+00
0.000000000000000000e+00
0.000000000000000000e+00
0.000000000000000000e+00
0.000000000000000000e+00
0.000000000000000000e+00
0.000000000000000000e+00
0.000000000000000000e+00
0.000000000000000000e+00
0.000000000000000000e+00
0.000000000000000000e+00
0.000000000000000000e+00
0.000000000000000000e+00
0.000000000000000000e+00
0.000000000000000000e+00
0.000000000000000000e+00
0.000000000000000000e+00
0.000000000000000000e+00
0.000000000000000000e+00
0.000000000000000000e+00
0.000000000000000000e+00
0.000000000000000000e+00
0.000000000000000000e+00
0.000000000000000000e+00
0.000000000000000000e+00
0.000000000000000000e+00
0.000000000000000000e+00
0.000000000000000000e+00
0.000000000000000000e+00
0.000000000000000000e+00
0.000000000000000000e+00
0.000000000000000000e+00
0.000000000000000000e+00
0.000000000000000000e+00
0.000000000000000000e+00
0.000000000000000000e+00
0.000000000000000000e+00
0.000000000000000000e+00
0.000000000000000000e+00
0.000000000000000000e+00
0.000000000000000000e+00
0.000000000000000000e+00
0.000000000000000000e+00
0.000000000000000000e+00
0.000000000000000000e+00
0.000000000000000000e+00
0.000000000000000000e+00
0.000000000000000000e+00
0.000000000000000000e+00
0.000000000000000000e+00
0.000000000000000000e+00
0.000000000000000000e+00
0.000000000000000000e+00
0.000000000000000000e+00
0.000000000000000000e+00
0.000000000000000000e+00
0.000000000000000000e+00
0.000000000000000000e+00
0.000000000000000000e+00
0.000000000000000000e+00
0.000000000000000000e+00
0.000000000000000000e+00
0.000000000000000000e+00
0.000000000000000000e+00
0.000000000000000000e+00
0.000000000000000000e+00
0.000000000000000000e+00
0.000000000000000000e+00
0.000000000000000000e+00
0.000000000000000000e+00
0.000000000000000000e+00
0.000000000000000000e+00
0.000000000000000000e+00
0.000000000000000000e+00
0.000000000000000000e+00
0.000000000000000000e+00
0.000000000000000000e+00
0.000000000000000000e+00
0.000000000000000000e+00
0.000000000000000000e+00
0.000000000000000000e+00
0.000000000000000000e+00
0.000000000000000000e+00
0.000000000000000000e+00
0.000000000000000000e+00
0.000000000000000000e+00
0.000000000000000000e+00
0.000000000000000000e+00
0.000000000000000000e+00
0.000000000000000000e+00
0.000000000000000000e+00
0.000000000000000000e+00
0.000000000000000000e+00
0.000000000000000000e+00
0.000000000000000000e+00
0.000000000000000000e+00
0.000000000000000000e+00
0.000000000000000000e+00
0.000000000000000000e+00
0.000000000000000000e+00
0.000000000000000000e+00
0.000000000000000000e+00
0.000000000000000000e+00
0.000000000000000000e+00
0.000000000000000000e+00
0.000000000000000000e+00
0.000000000000000000e+00
0.000000000000000000e+00
0.000000000000000000e+00
0.000000000000000000e+00
0.000000000000000000e+00
0.000000000000000000e+00
0.000000000000000000e+00
0.000000000000000000e+00
0.000000000000000000e+00
0.000000000000000000e+00
0.000000000000000000e+00
0.000000000000000000e+00
0.000000000000000000e+00
0.000000000000000000e+00
0.000000000000000000e+00
0.000000000000000000e+00
0.000000000000000000e+00
0.000000000000000000e+00
0.000000000000000000e+00
0.000000000000000000e+00
0.000000000000000000e+00
0.000000000000000000e+00
0.000000000000000000e+00
0.000000000000000000e+00
0.000000000000000000e+00
0.000000000000000000e+00
0.000000000000000000e+00
0.000000000000000000e+00
0.000000000000000000e+00
0.000000000000000000e+00
0.000000000000000000e+00
0.000000000000000000e+00
0.000000000000000000e+00
0.000000000000000000e+00
0.000000000000000000e+00
0.000000000000000000e+00
0.000000000000000000e+00
0.000000000000000000e+00
0.000000000000000000e+00
0.000000000000000000e+00
0.000000000000000000e+00
0.000000000000000000e+00
0.000000000000000000e+00
0.000000000000000000e+00
0.000000000000000000e+00
0.000000000000000000e+00
0.000000000000000000e+00
0.000000000000000000e+00
0.000000000000000000e+00
0.000000000000000000e+00
0.000000000000000000e+00
0.000000000000000000e+00
0.000000000000000000e+00
0.000000000000000000e+00
0.000000000000000000e+00
0.000000000000000000e+00
0.000000000000000000e+00
0.000000000000000000e+00
0.000000000000000000e+00
0.000000000000000000e+00
0.000000000000000000e+00
0.000000000000000000e+00
0.000000000000000000e+00
0.000000000000000000e+00
0.000000000000000000e+00
0.000000000000000000e+00
0.000000000000000000e+00
0.000000000000000000e+00
0.000000000000000000e+00
0.000000000000000000e+00
0.000000000000000000e+00
0.000000000000000000e+00
0.000000000000000000e+00
0.000000000000000000e+00
0.000000000000000000e+00
0.000000000000000000e+00
0.000000000000000000e+00
0.000000000000000000e+00
0.000000000000000000e+00
0.000000000000000000e+00
0.000000000000000000e+00
0.000000000000000000e+00
0.000000000000000000e+00
0.000000000000000000e+00
0.000000000000000000e+00
0.000000000000000000e+00
0.000000000000000000e+00
0.000000000000000000e+00
0.000000000000000000e+00
0.000000000000000000e+00
0.000000000000000000e+00
0.000000000000000000e+00
0.000000000000000000e+00
0.000000000000000000e+00
0.000000000000000000e+00
0.000000000000000000e+00
0.000000000000000000e+00
0.000000000000000000e+00
0.000000000000000000e+00
0.000000000000000000e+00
0.000000000000000000e+00
0.000000000000000000e+00
0.000000000000000000e+00
0.000000000000000000e+00
0.000000000000000000e+00
0.000000000000000000e+00
0.000000000000000000e+00
0.000000000000000000e+00
0.000000000000000000e+00
0.000000000000000000e+00
0.000000000000000000e+00
0.000000000000000000e+00
0.000000000000000000e+00
0.000000000000000000e+00
0.000000000000000000e+00
0.000000000000000000e+00
0.000000000000000000e+00
0.000000000000000000e+00
0.000000000000000000e+00
0.000000000000000000e+00
0.000000000000000000e+00
0.000000000000000000e+00
0.000000000000000000e+00
0.000000000000000000e+00
0.000000000000000000e+00
0.000000000000000000e+00
0.000000000000000000e+00
0.000000000000000000e+00
0.000000000000000000e+00
0.000000000000000000e+00
0.000000000000000000e+00
nan
