# bin_21_4
5.611166887854627023e-09
-2.645135490986293309e-08
5.741663015973420449e-09
-2.918933135781611871e-08
6.897813782095291992e-09
-2.731790074333868885e-08
2.086534307759275046e-09
-2.269462218506880536e-08
-7.849387423535601969e-09
5.032988820751317939e-09
-1.989825541373424476e-08
2.720080462905589073e-08
-2.837067136994155112e-08
-2.197608762526006354e-08
-1.713780577893982143e-08
-2.157772100790418402e-08
-2.883391233489898710e-08
-3.008721277230024090e-08
-2.330590800237620287e-08
-1.291484581537605243e-08
-2.471055702388414763e-09
6.145429116540186966e-09
1.500964125545075862e-08
2.370934533047078933e-08
2.911188930936582429e-08
2.962839233308903437e-08
2.746345627529892513e-08
2.542157356730526674e-08
2.356670875488185868e-08
2.193227380335201581e-08
2.053143696607005450e-08
3.150401563432231806e-08
5.692369458561809455e-08
8.528854066815019246e-08
1.088303570884030953e-07
1.224891976993290417e-07
1.231614897559542478e-07
1.060350069895648801e-07
7.527057338655628266e-08
3.999308751947757485e-08
6.789715027666040819e-09
-1.968931798560953948e-08
-3.626870542762856777e-08
-4.089211712800032423e-08
-3.718509226771473679e-08
-3.088319306514212559e-08
-2.344964929963075708e-08
-1.599856105320015638e-08
-9.366145711561069399e-09
-4.167749595697577293e-09
-8.435346602106651781e-10
3.048683323890250031e-10
2.749600751912171428e-10
2.182349445924150867e-10
1.473995881572018990e-10
7.255213152201744463e-11
1.642107495157480452e-12
-5.914924612120591075e-11
-1.050941751152384428e-10
-1.326575592535144727e-10
-1.392806109690519485e-10
-1.345314928836488546e-10
-1.293386972963461981e-10
-1.237945219721894441e-10
-1.179784464993352384e-10
-1.119588385313502538e-10
-1.057944256331082912e-10
-9.953556670346585067e-11
-9.322535172008577994e-11
-8.690055417842976154e-11
-8.059245692998382007e-11
-7.432756904329869398e-11
-6.750675219781960417e-11
-5.982847044888943499e-11
-5.170735327629317377e-11
-4.349244473326479278e-11
-3.547595184847690600e-11
-2.790084952443715240e-11
-2.096749550674373040e-11
-1.483938743166563299e-11
-9.648175579549399323e-12
-5.498029272258600802e-12
-2.469441439393139398e-12
-6.225443927744294286e-13
-1.160351425697819266e-23
-9.856535096964252367e-24
-8.302194471328279997e-24
-6.925156645333836899e-24
-5.711304954660052354e-24
-4.647638323238199636e-24
-3.722177311372253848e-24
-2.923878740643631693e-24
-2.242558045385380518e-24
-1.668818591745542863e-24
-1.193987286043066461e-24
-8.100558655635710957e-25
-5.096273282815940243e-25
-2.858670142139073533e-25
-1.324579010650028229e-25
-4.355972126837075697e-26
-1.377154710634563623e-26
-1.193358156911387950e-26
-1.027244662627688044e-26
-8.776141336201913243e-27
-7.433476312693614654e-27
-6.234015084927393615e-27
-5.168020060187205990e-27
-4.226402696346728463e-27
-3.400677527427971190e-27
-2.682919718336294706e-27
-2.065725854378562101e-27
-1.542177697788502432e-27
-1.105808667495855594e-27
-7.505728200706805229e-28
-4.708161293854749000e-28
-2.612498802796613509e-28
-1.169260075785089850e-28
-3.321422637764474640e-29
-5.780812709531395863e-30
-5.138924549603386877e-30
-4.548498063938455364e-30
-4.006569861429912487e-30
-3.510347385291640449e-30
-3.057198362452586897e-30
-2.644640962187720659e-30
-2.270334612028644883e-30
-1.932071423129603553e-30
-1.627768181043039983e-30
-1.355458861315319558e-30
-1.113287632475334103e-30
-8.995023118857796723e-31
-7.124482425809781050e-31
-5.505625616491631324e-31
-4.123688329503604639e-31
-2.964720190115010701e-31
-2.015537688234357207e-31
-1.263679999962233337e-31
-6.973675532100012568e-32
-3.054631525190588010e-32
-7.743549170818604415e-33
-3.324895401883185187e-34
-3.000998048882000064e-34
-2.699637704506946871e-34
-2.419705754249893156e-34
-2.160148072301647343e-34
-1.919962152275708618e-34
-1.698194402490786659e-34
-1.493937595518502404e-34
-1.306328462402165855e-34
-1.134545422600999229e-34
-9.778064413157776676e-35
-8.353670064085229030e-35
-7.065182176465878533e-35
-5.905849814813224572e-35
-4.869243050169137325e-35
-3.949236832396726907e-35
-3.139995739623303765e-35
-2.435959552962035722e-35
-1.831829607966441378e-35
-1.322555877373325062e-35
-9.033247425721329373e-36
-5.695474139249318763e-36
-3.168489625674504866e-36
-1.410579286515529320e-36
-3.819647316862095837e-37
-4.471042522463520967e-38
-4.104440396611481160e-38
-3.759316450486473958e-38
-3.434772045386249121e-38
-3.129946213646632894e-38
-2.844013963977457576e-38
-2.576184669937951792e-38
-2.325700537098247357e-38
-1.873892057807554954e-38
-1.671203506401999384e-38
-1.483129127615568664e-38
-1.309054768090989199e-38
-1.148391343168905882e-38
-1.000573750017832834e-38
-8.650598319196273352e-39
-7.413293910873503357e-39
-5.272423416874806896e-39
-4.359468784356983219e-39
-3.545555106897360586e-39
-2.826445603130052009e-39
-2.198072746556968641e-39
-1.656531168926002954e-39
-1.198070884984007698e-39
-5.161326446264427586e-40
-2.858748443119950907e-40
-1.251271075306417086e-40
-3.082492242193451648e-41
-2.270786203774304354e-44
-2.107349211957213608e-44
-1.952222468769517392e-44
-1.805109809760444823e-44
-1.665725618319791838e-44
-1.409050509719870457e-44
-1.291237554787320494e-44
-1.180108266843822533e-44
-9.769546682710668597e-45
-8.844779505179833877e-45
-7.977794723192047811e-45
-7.166522768689486757e-45
-5.703195887185701433e-45
-5.047350788700299903e-45
-4.439633183093963253e-45
-3.361697747914216395e-45
-2.888185518984247184e-45
-2.456207738131042146e-45
-1.710868377947892574e-45
-1.394640084260263198e-45
-8.682611691185173973e-46
-6.555260138286357523e-46
-4.747766510789481715e-46
-2.045326555525746789e-46
-1.127851978764567061e-46
-1.068842746011338972e-47
1.694269336762453252e-48
1.652591856178243638e-48
1.623271011719878843e-48
1.589029126865549144e-48
1.507824147488903474e-48
1.461819656207261536e-48
1.361227273332081890e-48
1.307461468735477331e-48
1.194891725940083834e-48
1.136790266151557578e-48
1.018575350283094624e-48
9.590596002691794804e-49
8.405875420065355690e-49
7.245247390293353202e-49
6.679692597540418801e-49
5.588435714475770931e-49
5.066511541056580544e-49
4.078688550536573715e-49
3.175856251613534446e-49
2.759811945870927161e-49
2.004689562274189496e-49
1.667852484951652175e-49
1.080652732889568314e-49
6.146205881939330203e-50
4.289943241869152909e-50
1.558865687806176074e-50
1.746510222161478360e-51
-8.071611333985935878e-57
-7.909795566376738242e-57
-7.669188952389639027e-57
-7.362712630905431816e-57
-7.188520943255475758e-57
-6.805183004066607878e-57
-6.383832327450432322e-57
-5.934021668403343212e-57
-5.701205575560289082e-57
-5.224857433532287234e-57
-4.740507882989415857e-57
-4.255116406947481601e-57
-3.775018163814864860e-57
-3.538774221988076722e-57
-3.077239030525701097e-57
-2.634392514499231241e-57
-2.214720461589511574e-57
-1.822264217946334425e-57
-1.460653284388473745e-57
-1.133135636849400921e-57
-8.426059329583614407e-58
-5.916317546193866490e-58
-3.824780253710173970e-58
-2.171297310868037910e-58
-9.731306315058282208e-59
-2.451509454023681712e-59
-2.091220975714952183e-63
-1.911631962815088618e-63
-1.743032591134377492e-63
-1.584946519409238232e-63
-1.436918059330367535e-63
-1.298511215259511457e-63
-1.169308772618486701e-63
-1.048911432257409697e-63
-9.369369882713536498e-64
-8.330195468858641795e-64
-7.368087841739052124e-64
-6.479692404988669128e-64
-5.661796497030643938e-64
-4.560443648506519421e-64
-3.905615890652628203e-64
-3.311071745137896635e-64
-2.774162659841355952e-64
-2.292350552501639268e-64
-1.667645928793006981e-64
-1.313153894208827058e-64
-1.005677403909118300e-64
-7.431185937069425830e-65
-4.291237558409835578e-65
-2.702391324021585082e-65
-1.495863602673765528e-65
-3.651149807473565480e-66
-3.992965675612450486e-67
9.395823091098607041e-75
9.148997258964229365e-75
8.927814865702325793e-75
8.524893711169939429e-75
8.216301579277363455e-75
7.881287434172731082e-75
7.338864496534683655e-75
6.956632238868066662e-75
6.361827371905025825e-75
5.956078281598590032e-75
5.341674695061942361e-75
4.932531092871641546e-75
4.326293309036134118e-75
3.736434480102013502e-75
3.356060092295328511e-75
2.809907488692071112e-75
2.464795341008910219e-75
1.979846219981584158e-75
1.538721936968611212e-75
1.271276316310511131e-75
9.131238197365264831e-76
6.098462415944286040e-76
4.397605600379317804e-76
2.349012817593051200e-76
9.257704802059423558e-77
1.493118927505455439e-77
-5.222966157201881993e-87
-5.128891458389459411e-87
-4.991191067847300794e-87
-4.816410581023940593e-87
-4.610604894261927030e-87
-4.458946595037554740e-87
-4.213656780427982397e-87
-3.951329379239797764e-87
-3.676482011384010660e-87
-3.393275868558040469e-87
-3.105539361064960154e-87
-2.816790222360054920e-87
-2.530256175170639511e-87
-2.248894255683865395e-87
-1.975408885498133243e-87
-1.712268774740280829e-87
-1.461722733924833807e-87
-1.225814466735880622e-87
-1.006396410911240117e-87
-7.423598303083139000e-88
-5.676438131333231365e-88
-4.143716091676207664e-88
-2.837062273536937220e-88
-1.766795512574061082e-88
-9.420143958690565257e-89
-2.377834697171332718e-89
-1.495835443719104422e-90
8.568893255905136959e-103
8.339212755975070287e-103
8.111561252343291919e-103
7.843529200167416493e-103
7.433555458089414048e-103
7.093751928864361664e-103
6.731917046309906660e-103
6.223347191055035547e-103
5.827995355437976380e-103
5.289952217763786016e-103
4.883043320957898216e-103
4.342470614073204423e-103
3.942570381324198203e-103
3.422184016096349516e-103
3.044896938403603581e-103
2.563725242244781957e-103
2.112250511474608488e-103
1.795930665904567969e-103
1.407239743632457083e-103
1.059776283730407913e-103
8.282608849682838225e-104
5.607502244189014417e-104
3.427220114732043114e-104
1.764972952428641412e-104
6.407846457181871189e-105
1.611282855585884039e-105
0.000000000000000000e+00
0.000000000000000000e+00
0.000000000000000000e+00
0.000000000000000000e+00
0.000000000000000000e+00
0.000000000000000000e+00
0.000000000000000000e+00
0.000000000000000000e+00
0.000000000000000000e+00
0.000000000000000000e+00
0.000000000000000000e+00
0.000000000000000000e+00
0.000000000000000000e+00
0.000000000000000000e+00
0.000000000000000000e+00
0.000000000000000000e+00
0.000000000000000000e+00
0.000000000000000000e+00
0.000000000000000000e+00
0.000000000000000000e+00
0.000000000000000000e+00
0.000000000000000000e+00
0.000000000000000000e+00
0.000000000000000000e+00
0.000000000000000000e+00
0.000000000000000000e+00
0.000000000000000000e+00
0.000000000000000000e+00
0.000000000000000000e+00
0.000000000000000000e+00
0.000000000000000000e+00
0.000000000000000000e+00
0.000000000000000000e+00
0.000000000000000000e+00
0.000000000000000000e+00
0.000000000000000000e+00
0.000000000000000000e+00
0.000000000000000000e+00
0.000000000000000000e+00
0.000000000000000000e+00
0.000000000000000000e+00
0.000000000000000000e+00
0.000000000000000000e+00
0.000000000000000000e+00
0.000000000000000000e+00
0.000000000000000000e+00
0.000000000000000000e+00
0.000000000000000000e+00
0.000000000000000000e+00
0.000000000000000000e+00
0.000000000000000000e+00
0.000000000000000000e+00
0.000000000000000000e+00
0.000000000000000000e+00
0.000000000000000000e+00
0.000000000000000000e+00
0.000000000000000000e+00
0.000000000000000000e+00
0.000000000000000000e+00
0.000000000000000000e+00
0.000000000000000000e+00
0.000000000000000000e+00
0.000000000000000000e+00
0.000000000000000000e+00
0.000000000000000000e+00
0.000000000000000000e+00
0.000000000000000000e+00
0.000000000000000000e+00
0.000000000000000000e+00
0.000000000000000000e+00
0.000000000000000000e+00
0.000000000000000000e+00
0.000000000000000000e+00
0.000000000000000000e+00
0.000000000000000000e+00
0.000000000000000000e+00
0.000000000000000000e+00
0.000000000000000000e+00
0.000000000000000000e+00
0.000000000000000000e+00
0.000000000000000000e+00
0.000000000000000000e+00
0.000000000000000000e+00
0.000000000000000000e+00
0.000000000000000000e+00
0.000000000000000000e+00
0.000000000000000000e+00
0.000000000000000000e+00
0.000000000000000000e+00
0.000000000000000000e+00
0.000000000000000000e+00
0.000000000000000000e+00
0.000000000000000000e+00
0.000000000000000000e+00
0.000000000000000000e+00
0.000000000000000000e+00
0.000000000000000000e+00
0.000000000000000000e+00
0.000000000000000000e+00
0.000000000000000000e+00
0.000000000000000000e+00
0.000000000000000000e+00
0.000000000000000000e+00
0.000000000000000000e+00
0.000000000000000000e+00
0.000000000000000000e+00
0.000000000000000000e+00
0.000000000000000000e+00
0.000000000000000000e+00
0.000000000000000000e+00
0.000000000000000000e+00
0.000000000000000000e+00
0.000000000000000000e+00
0.000000000000000000e+00
0.000000000000000000e+00
0.000000000000000000e+00
0.000000000000000000e+00
0.000000000000000000e+00
0.000000000000000000e+00
0.000000000000000000e+00
0.000000000000000000e+00
0.000000000000000000e+00
0.000000000000000000e+00
0.000000000000000000e+00
0.000000000000000000e+00
0.000000000000000000e+00
0.000000000000000000e+00
0.000000000000000000e+00
0.000000000000000000e+00
0.000000000000000000e+00
0.000000000000000000e+00
0.000000000000000000e+00
0.000000000000000000e+00
0.000000000000000000e+00
0.000000000000000000e+00
0.000000000000000000e+00
0.000000000000000000e+00
0.000000000000000000e+00
0.000000000000000000e+00
0.000000000000000000e+00
0.000000000000000000e+00
0.000000000000000000e+00
0.000000000000000000e+00
0.000000000000000000e+00
0.000000000000000000e+00
0.000000000000000000e+00
0.000000000000000000e+00
0.000000000000000000e+00
0.000000000000000000e+00
0.000000000000000000e+00
0.000000000000000000e+00
0.000000000000000000e+00
0.000000000000000000e+00
0.000000000000000000e+00
0.000000000000000000e+00
0.000000000000000000e+00
0.000000000000000000e+00
0.000000000000000000e+00
0.000000000000000000e+00
0.000000000000000000e+00
0.000000000000000000e+00
0.000000000000000000e+00
0.000000000000000000e+00
0.000000000000000000e+00
0.000000000000000000e+00
0.000000000000000000e+00
0.000000000000000000e+00
0.000000000000000000e+00
0.000000000000000000e+00
0.000000000000000000e+00
0.000000000000000000e+00
0.000000000000000000e+00
0.000000000000000000e+00
0.000000000000000000e+00
0.000000000000000000e+00
0.000000000000000000e+00
0.000000000000000000e+00
0.000000000000000000e+00
0.000000000000000000e+00
0.000000000000000000e+00
0.000000000000000000e+00
0.000000000000000000e+00
0.000000000000000000e+00
0.000000000000000000e+00
0.000000000000000000e+00
0.000000000000000000e+00
0.000000000000000000e+00
0.000000000000000000e+00
0.000000000000000000e+00
0.000000000000000000e+00
0.000000000000000000e+00
0.000000000000000000e+00
0.000000000000000000e+00
0.000000000000000000e+00
0.000000000000000000e+00
0.000000000000000000e+00
0.000000000000000000e+00
0.000000000000000000e+00
0.000000000000000000e+00
0.000000000000000000e+00
0.000000000000000000e+00
0.000000000000000000e+00
0.000000000000000000e+00
0.000000000000000000e+00
0.000000000000000000e+00
0.000000000000000000e+00
0.000000000000000000e+00
0.000000000000000000e+00
0.000000000000000000e+00
0.000000000000000000e+00
0.000000000000000000e+00
0.000000000000000000e+00
0.000000000000000000e+00
0.000000000000000000e+00
0.000000000000000000e+00
0.000000000000000000e+00
0.000000000000000000e+00
0.000000000000000000e+00
0.000000000000000000e+00
0.000000000000000000e+00
0.000000000000000000e+00
0.000000000000000000e+00
0.000000000000000000e+00
0.000000000000000000e+00
0.000000000000000000e+00
0.000000000000000000e+00
0.000000000000000000e+00
0.000000000000000000e+00
0.000000000000000000e+00
0.000000000000000000e+00
0.000000000000000000e+00
0.000000000000000000e+00
0.000000000000000000e+00
0.000000000000000000e+00
0.000000000000000000e+00
0.000000000000000000e+00
0.000000000000000000e+00
0.000000000000000000e+00
0.000000000000000000e+00
0.000000000000000000e+00
0.000000000000000000e+00
0.000000000000000000e+00
0.000000000000000000e+00
0.000000000000000000e+00
0.000000000000000000e+00
0.000000000000000000e+00
0.000000000000000000e+00
0.000000000000000000e+00
0.000000000000000000e+00
0.000000000000000000e+00
0.000000000000000000e+00
0.000000000000000000e+00
0.000000000000000000e+00
0.000000000000000000e+00
0.000000000000000000e+00
0.000000000000000000e+00
0.000000000000000000e+00
0.000000000000000000e+00
0.000000000000000000e+00
0.000000000000000000e+00
0.000000000000000000e+00
0.000000000000000000e+00
0.000000000000000000e+00
0.000000000000000000e+00
0.000000000000000000e+00
0.000000000000000000e+00
0.000000000000000000e+00
0.000000000000000000e+00
0.000000000000000000e+00
0.000000000000000000e+00
0.000000000000000000e+00
0.000000000000000000e+00
0.000000000000000000e+00
0.000000000000000000e+00
0.000000000000000000e+00
0.000000000000000000e+00
0.000000000000000000e+00
0.000000000000000000e+00
0.000000000000000000e+00
0.000000000000000000e+00
0.000000000000000000e+00
0.000000000000000000e+00
0.000000000000000000e+00
0.000000000000000000e+00
0.000000000000000000e+00
0.000000000000000000e+00
0.000000000000000000e+00
0.000000000000000000e+00
0.000000000000000000e+00
0.000000000000000000e+00
0.000000000000000000e+00
0.000000000000000000e+00
0.000000000000000000e+00
0.000000000000000000e+00
0.000000000000000000e+00
0.000000000000000000e+00
0.000000000000000000e+00
0.000000000000000000e+00
0.000000000000000000e+00
0.000000000000000000e+00
0.000000000000000000e+00
0.000000000000000000e+00
0.000000000000000000e+00
0.000000000000000000e+00
0.000000000000000000e+00
0.000000000000000000e+00
0.000000000000000000e+00
0.000000000000000000e+00
0.000000000000000000e+00
0.000000000000000000e+00
0.000000000000000000e+00
0.000000000000000000e+00
0.000000000000000000e+00
0.000000000000000000e+00
0.000000000000000000e+00
0.000000000000000000e+00
0.000000000000000000e+00
0.000000000000000000e+00
0.000000000000000000e+00
0.000000000000000000e+00
0.000000000000000000e+00
0.000000000000000000e+00
0.000000000000000000e+00
0.000000000000000000e+00
0.000000000000000000e+00
0.000000000000000000e+00
0.000000000000000000e+00
0.000000000000000000e+00
0.000000000000000000e+00
0.000000000000000000e+00
0.000000000000000000e+00
0.000000000000000000e+00
0.000000000000000000e+00
0.000000000000000000e+00
0.000000000000000000e+00
0.000000000000000000e+00
0.000000000000000000e+00
0.000000000000000000e+00
0.000000000000000000e+00
0.000000000000000000e+00
0.000000000000000000e+00
0.000000000000000000e+00
0.000000000000000000e+00
0.000000000000000000e+00
0.000000000000000000e+00
0.000000000000000000e+00
0.000000000000000000e+00
0.000000000000000000e+00
0.000000000000000000e+00
0.000000000000000000e+00
0.000000000000000000e+00
0.000000000000000000e+00
0.000000000000000000e+00
0.000000000000000000e+00
0.000000000000000000e+00
0.000000000000000000e+00
0.000000000000000000e+00
0.000000000000000000e+00
0.000000000000000000e+00
0.000000000000000000e+00
0.000000000000000000e+00
0.000000000000000000e+00
0.000000000000000000e+00
0.000000000000000000e+00
0.000000000000000000e+00
0.000000000000000000e+00
0.000000000000000000e+00
0.000000000000000000e+00
0.000000000000000000e+00
0.000000000000000000e+00
0.000000000000000000e+00
0.000000000000000000e+00
0.000000000000000000e+00
0.000000000000000000e+00
0.000000000000000000e+00
0.000000000000000000e+00
0.000000000000000000e+00
0.000000000000000000e+00
0.000000000000000000e+00
0.000000000000000000e+00
0.000000000000000000e+00
0.000000000000000000e+00
0.000000000000000000e+00
0.000000000000000000e+00
0.000000000000000000e+00
0.000000000000000000e+00
0.000000000000000000e+00
0.000000000000000000e+00
0.000000000000000000e+00
0.000000000000000000e+00
0.000000000000000000e+00
0.000000000000000000e+00
0.000000000000000000e+00
0.000000000000000000e+00
0.000000000000000000e+00
0.000000000000000000e+00
0.000000000000000000e+00
0.000000000000000000e+00
0.000000000000000000e+00
0.000000000000000000e+00
0.000000000000000000e+00
0.000000000000000000e+00
0.000000000000000000e+00
0.000000000000000000e+00
0.000000000000000000e+00
0.000000000000000000e+00
0.000000000000000000e+00
0.000000000000000000e+00
0.000000000000000000e+00
0.000000000000000000e+00
0.000000000000000000e+00
0.000000000000000000e+00
0.000000000000000000e+00
0.000000000000000000e+00
0.000000000000000000e+00
0.000000000000000000e+00
0.000000000000000000e+00
0.000000000000000000e+00
0.000000000000000000e+00
0.000000000000000000e+00
0.000000000000000000e+00
0.000000000000000000e+00
0.000000000000000000e+00
0.000000000000000000e+00
0.000000000000000000e+00
0.000000000000000000e+00
0.000000000000000000e+00
0.000000000000000000e+00
0.000000000000000000e+00
0.000000000000000000e+00
0.000000000000000000e+00
0.000000000000000000e+00
0.000000000000000000e+00
0.000000000000000000e+00
0.000000000000000000e+00
0.000000000000000000e+00
0.000000000000000000e+00
0.000000000000000000e+00
0.000000000000000000e+00
0.000000000000000000e+00
0.000000000000000000e+00
0.000000000000000000e+00
0.000000000000000000e+00
0.000000000000000000e+00
0.000000000000000000e+00
0.000000000000000000e+00
0.000000000000000000e+00
0.000000000000000000e+00
0.000000000000000000e+00
0.000000000000000000e+00
0.000000000000000000e+00
0.000000000000000000e+00
0.000000000000000000e+00
0.000000000000000000e+00
0.000000000000000000e+00
0.000000000000000000e+00
0.000000000000000000e+00
0.000000000000000000e+00
0.000000000000000000e+00
0.000000000000000000e+00
0.000000000000000000e+00
0.000000000000000000e+00
0.000000000000000000e+00
0.000000000000000000e+00
0.000000000000000000e+00
0.000000000000000000e+00
0.000000000000000000e+00
0.000000000000000000e+00
0.000000000000000000e+00
0.000000000000000000e+00
0.000000000000000000e+00
0.000000000000000000e+00
0.000000000000000000e+00
0.000000000000000000e+00
0.000000000000000000e+00
0.000000000000000000e+00
0.000000000000000000e+00
0.000000000000000000e+00
0.000000000000000000e+00
0.000000000000000000e+00
0.000000000000000000e+00
0.000000000000000000e+00
0.000000000000000000e+00
0.000000000000000000e+00
0.000000000000000000e+00
0.000000000000000000e+00
0.000000000000000000e+00
0.000000000000000000e+00
0.000000000000000000e+00
0.000000000000000000e+00
0.000000000000000000e+00
0.000000000000000000e+00
0.000000000000000000e+00
0.000000000000000000e+00
0.000000000000000000e+00
0.000000000000000000e+00
0.000000000000000000e+00
0.000000000000000000e+00
0.000000000000000000e+00
0.000000000000000000e+00
0.000000000000000000e+00
0.000000000000000000e+00
0.000000000000000000e+00
0.000000000000000000e+00
0.000000000000000000e+00
0.000000000000000000e+00
0.000000000000000000e+00
0.000000000000000000e+00
0.000000000000000000e+00
0.000000000000000000e+00
0.000000000000000000e+00
0.000000000000000000e+00
0.000000000000000000e+00
0.000000000000000000e+00
0.000000000000000000e+00
0.000000000000000000e+00
0.000000000000000000e+00
0.000000000000000000e+00
0.000000000000000000e+00
0.000000000000000000e+00
0.000000000000000000e+00
0.000000000000000000e+00
0.000000000000000000e+00
0.000000000000000000e+00
0.000000000000000000e+00
0.000000000000000000e+00
0.000000000000000000e+00
0.000000000000000000e+00
0.000000000000000000e+00
0.000000000000000000e+00
0.000000000000000000e+00
0.000000000000000000e+00
0.000000000000000000e+00
0.000000000000000000e+00
0.000000000000000000e+00
0.000000000000000000e+00
0.000000000000000000e+00
0.000000000000000000e+00
0.000000000000000000e+00
0.000000000000000000e+00
0.000000000000000000e+00
0.000000000000000000e+00
0.000000000000000000e+00
0.000000000000000000e+00
0.000000000000000000e+00
0.000000000000000000e+00
0.000000000000000000e+00
0.000000000000000000e+00
0.000000000000000000e+00
0.000000000000000000e+00
0.000000000000000000e+00
0.000000000000000000e+00
0.000000000000000000e+00
0.000000000000000000e+00
0.000000000000000000e+00
0.000000000000000000e+00
0.000000000000000000e+00
0.000000000000000000e+00
0.000000000000000000e+00
0.000000000000000000e+00
0.000000000000000000e+00
0.000000000000000000e+00
0.000000000000000000e+00
0.000000000000000000e+00
0.000000000000000000e+00
0.000000000000000000e+00
0.000000000000000000e+00
0.000000000000000000e+00
0.000000000000000000e+00
0.000000000000000000e+00
0.000000000000000000e+00
0.000000000000000000e+00
0.000000000000000000e+00
0.000000000000000000e+00
0.000000000000000000e+00
0.000000000000000000e+00
0.000000000000000000e+00
0.000000000000000000e+00
0.000000000000000000e+00
0.000000000000000000e+00
0.000000000000000000e+00
0.000000000000000000e+00
0.000000000000000000e+00
0.000000000000000000e+00
0.000000000000000000e+00
0.000000000000000000e+00
0.000000000000000000e+00
0.000000000000000000e+00
0.000000000000000000e+00
0.000000000000000000e+00
0.000000000000000000e+00
0.000000000000000000e+00
0.000000000000000000e+00
0.000000000000000000e+00
0.000000000000000000e+00
0.000000000000000000e+00
0.000000000000000000e+00
0.000000000000000000e+00
0.000000000000000000e+00
0.000000000000000000e+00
0.000000000000000000e+00
0.000000000000000000e+00
0.000000000000000000e+00
0.000000000000000000e+00
0.000000000000000000e+00
0.000000000000000000e+00
0.000000000000000000e+00
0.000000000000000000e+00
0.000000000000000000e+00
0.000000000000000000e+00
0.000000000000000000e+00
0.000000000000000000e+00
0.000000000000000000e+00
0.000000000000000000e+00
0.000000000000000000e+00
0.000000000000000000e+00
0.000000000000000000e+00
0.000000000000000000e+00
0.000000000000000000e+00
0.000000000000000000e+00
0.000000000000000000e+00
0.000000000000000000e+00
nan
