# bin_15_14
-8.424300580139111982e-07
-7.948558041163988285e-07
-7.229726030974311697e-07
-6.702007018189209372e-07
-5.966352140439627874e-07
-5.453800535321684182e-07
-4.727186188728472060e-07
-4.259001102015062239e-07
-3.576761760188774619e-07
-3.155824406917527310e-07
-2.535796729142094358e-07
-2.183089183576719902e-07
-1.632912117502064676e-07
-1.206062959324812599e-07
-8.313872937189684041e-08
-4.966111489378705538e-08
-1.920366861296006534e-08
1.228358953115459560e-08
4.355768369147116447e-08
7.261281896340723203e-08
9.993822075759859824e-08
1.257934073628682405e-07
1.497976916785833924e-07
1.715651705046511881e-07
1.912506688327001272e-07
2.090113196026726873e-07
2.244140889195216450e-07
2.377023819723189659e-07
2.497454693827419466e-07
2.611129030399053458e-07
2.721681550764563293e-07
2.827923472178550180e-07
2.926218151518734329e-07
3.015822291358802482e-07
3.096426395006016627e-07
3.168023131145723274e-07
3.230811796092604167e-07
3.292302689429475271e-07
3.353778981024370158e-07
3.408264400276257335e-07
3.450979465713508811e-07
3.478798985458539347e-07
3.489837497641908349e-07
3.483132133890391972e-07
3.459052761049939373e-07
3.422517382544388926e-07
3.378847563209686293e-07
3.332158901396265873e-07
3.285602010541426238e-07
3.241555889209374673e-07
3.201783346722344015e-07
3.167556104962717291e-07
3.139054115770402021e-07
3.114277725276485812e-07
3.091283984893156092e-07
3.068541565397635527e-07
3.044857120627720286e-07
3.019314505099757967e-07
2.991224550412505635e-07
2.960083531987662563e-07
2.925538801254737981e-07
2.889023797527304401e-07
2.852094934721001243e-07
2.814699150887564015e-07
2.776805273072616134e-07
2.738399745843482646e-07
2.699483084736463801e-07
2.660066934052978064e-07
2.620171628899297016e-07
2.579824178227653648e-07
2.539056599559114138e-07
2.497904547585191370e-07
2.456590320438042823e-07
2.415376061786492298e-07
2.374349352707179345e-07
2.333585849458199565e-07
2.293150678127552350e-07
2.253099664411468619e-07
2.213480419001644332e-07
2.174333296358422899e-07
2.135692242324376629e-07
2.097585544032952454e-07
2.060036493842115179e-07
2.023063977533171650e-07
1.986682995726108047e-07
1.950576303328967132e-07
1.914552367553122479e-07
1.878791067741639983e-07
1.843446790550898062e-07
1.808651358071029525e-07
1.774516627597625185e-07
1.741136800925760925e-07
1.708590476461269958e-07
1.676942473451061989e-07
1.646245454145758794e-07
1.616541366656727276e-07
1.587862728597827094e-07
1.560233769260141979e-07
1.533671446012730004e-07
1.508186348816975766e-07
1.483783505154535945e-07
1.460066435284479148e-07
1.436694743570083332e-07
1.413745181770269534e-07
1.391283893918088624e-07
1.369367505643960492e-07
1.348044106546981543e-07
1.327354136329934056e-07
1.307331184292708065e-07
1.288002710781347848e-07
1.269390698301574915e-07
1.251512239213771036e-07
1.234380066220013785e-07
1.218003031223093402e-07
1.202386537573949519e-07
1.187532930220141833e-07
1.173441847817106407e-07
1.160110540460266219e-07
1.147534156334276809e-07
1.135561624355303852e-07
1.124034387327314408e-07
1.112935450675142511e-07
1.102248473154205478e-07
1.091957742306358960e-07
1.082048150678164479e-07
1.072505172801783623e-07
1.063314842934789530e-07
1.054463733551880660e-07
1.045938934578720232e-07
1.037728033355874249e-07
1.029819095318957713e-07
1.022200645379622636e-07
1.014861649990848100e-07
1.007791499879081218e-07
1.000979993425105410e-07
9.944173206750516947e-08
9.880940479626456309e-08
9.820011031236331238e-08
9.761297612833014450e-08
9.704716311980533706e-08
9.650186421321778954e-08
9.599286470650172522e-08
9.553135076425635734e-08
9.511009560387119868e-08
9.472244602778265022e-08
9.436228235596605806e-08
9.402398114395085979e-08
9.370238048548175412e-08
9.339274771421132875e-08
9.309074933284332938e-08
9.279242301105207318e-08
9.249415150538955277e-08
9.219263836532908953e-08
9.188488529967293616e-08
9.156817108684214691e-08
9.124003192112597149e-08
9.089824309487077955e-08
9.054080192387386644e-08
9.016591182997855721e-08
8.977196750107729952e-08
8.935754105447190907e-08
8.892136913484577359e-08
8.846234088300485245e-08
8.797948671608517337e-08
8.747196786411964338e-08
8.693906661174157720e-08
8.639749126919083961e-08
8.586314678331603815e-08
8.533430058651305325e-08
8.480935295168799219e-08
8.428682862055455206e-08
8.376536894547038574e-08
8.324372451244761967e-08
8.219538875138812471e-08
8.166668451647978667e-08
8.113375786756095856e-08
8.059580973704083325e-08
8.005211457288574204e-08
7.950201558581016440e-08
7.894492028446404849e-08
7.838029628095167615e-08
7.722660972729645424e-08
7.663674862948009090e-08
7.603775498721740627e-08
7.542934237361342479e-08
7.481126411903469031e-08
7.418331060015465600e-08
7.354530669287549135e-08
7.223860549944191201e-08
7.156970963926820760e-08
7.089036214652683766e-08
7.020052726715436281e-08
6.878587134979961964e-08
6.805594701948735984e-08
6.731309065562610392e-08
6.655981550497458565e-08
6.579848395373254586e-08
6.426039288128698636e-08
6.348767146229488948e-08
6.271498342814289542e-08
6.117646353628538783e-08
6.041374043967849492e-08
5.965727929513114292e-08
5.890838960180470851e-08
5.743812240312275954e-08
5.671893734112857950e-08
5.601171716347544440e-08
5.463673780722814965e-08
5.397059517720912670e-08
5.331965749827996594e-08
5.206597030089786150e-08
5.146437331826887114e-08
5.031418119009588986e-08
4.976645146703378912e-08
4.923747199238604501e-08
4.823704569997879780e-08
4.776614891452034355e-08
4.688411115711071884e-08
4.647332639777206524e-08
4.568322956262453215e-08
4.529639981876824749e-08
4.491491297015357409e-08
4.416757337179146873e-08
4.380152896978161933e-08
4.308422811421535570e-08
4.273279279129830780e-08
4.204392018684698141e-08
4.170631581713931575e-08
4.104436706255890341e-08
4.071986645867578587e-08
4.008343502894694601e-08
3.946327867073754804e-08
3.915912778092496146e-08
3.856234200437501249e-08
3.826957601294900467e-08
3.769498044078401578e-08
3.713455907262224549e-08
3.685951562034616645e-08
3.631947771268735339e-08
3.605437260243491145e-08
3.553372191711958947e-08
3.502547243135102137e-08
3.477587274174141039e-08
3.428548147543509021e-08
3.380652293314906587e-08
3.357121762213455234e-08
3.314851202863331138e-08
3.280769742173206412e-08
3.253687169858629134e-08
3.242424874757563495e-08
3.223816367953820669e-08
3.209634905147227356e-08
3.198996198122924536e-08
3.194749353596577824e-08
3.187926631399579105e-08
3.182747178037736266e-08
3.178562543487751524e-08
3.174781111767382400e-08
3.172871244616635295e-08
3.168699663480646980e-08
3.163674744613962788e-08
3.157373404257467836e-08
3.149413110537972239e-08
3.139448931341014807e-08
3.127170787704404549e-08
3.112300898132805837e-08
3.094591400317416036e-08
3.073822137743287321e-08
3.049798599588098634e-08
3.022350003165700204e-08
2.991327508951881887e-08
2.956602558953841823e-08
2.919548806505731289e-08
2.881740573052103679e-08
2.843354416226292394e-08
2.804554024757986308e-08
2.765491019901317317e-08
2.726305707457282929e-08
2.687127783546435175e-08
2.648076997075378552e-08
2.609263771643356689e-08
2.570789789451978934e-08
2.532748539610816315e-08
2.495225833073311015e-08
2.440084160577818122e-08
2.404187132546796609e-08
2.369055243651567616e-08
2.334745330996167767e-08
2.301308875901543819e-08
2.252892285809626731e-08
2.221832599631006196e-08
2.191789151329720457e-08
2.162793281660288331e-08
2.121323184775892756e-08
2.095059653016453621e-08
2.069925772774367085e-08
2.034378376076861750e-08
2.012134881811102752e-08
1.991057025046882768e-08
1.961432835535291479e-08
1.942887395171181073e-08
1.916686657874892538e-08
1.900195322518633806e-08
1.884407790002972544e-08
1.861912020906084852e-08
1.847621431236493399e-08
1.827111923231920077e-08
1.813984148959334634e-08
1.794995152377657351e-08
1.782741925539237409e-08
1.764872143940039129e-08
1.747505098585873103e-08
1.736150146695112207e-08
1.719374977392051858e-08
1.708321363393580273e-08
1.691869778852291246e-08
1.675500520110284532e-08
1.664596477636790749e-08
1.648203151676236519e-08
1.631710080844491733e-08
1.620631315309166304e-08
1.603850137866332155e-08
1.586832243060747310e-08
1.569536067415131401e-08
1.557832300854590333e-08
1.540135112318073858e-08
1.522405114394798281e-08
1.504684549905757432e-08
1.487012180376142608e-08
1.475275041612774190e-08
1.457760421450372974e-08
1.440382090533703412e-08
1.423167953339013480e-08
1.406143410162976291e-08
1.389331528764955188e-08
1.372753204665559906e-08
1.356427310870441259e-08
1.340370837733629857e-08
1.324599023624189960e-08
1.309125477013195703e-08
1.293962290554759030e-08
1.279120147694753336e-08
1.264608422303752923e-08
1.245787372815255206e-08
1.232076404534480123e-08
1.218718792753460810e-08
1.205719237399099986e-08
1.193081560104070757e-08
1.180808769172988505e-08
1.165016446427049055e-08
1.153602634216811085e-08
1.142567044502438375e-08
1.128457014882575683e-08
1.118291548971550080e-08
1.108452485808461142e-08
1.095796455837483382e-08
1.086619880708418487e-08
1.077688359687163314e-08
1.066124210312528164e-08
1.057683817154557825e-08
1.046705236018936431e-08
1.038655586915570850e-08
1.028138255475317988e-08
1.020392822648752943e-08
1.010229722819881754e-08
1.002714126362167672e-08
9.928134068447704442e-09
9.830265658170412465e-09
9.757470187661718019e-09
9.661044371611823662e-09
9.565163050130384988e-09
9.493500139680959071e-09
9.398147434931039717e-09
9.302882441679547786e-09
9.207567907279828007e-09
9.112080187776540220e-09
9.040283497860268641e-09
8.944251906931814674e-09
8.848273342301138378e-09
8.752636695720475907e-09
8.657467742748548037e-09
8.562881883126884376e-09
8.468984823626928301e-09
8.375873217008730258e-09
8.283635260001475820e-09
8.192351253013182532e-09
8.102094124088836732e-09
8.012929919462181241e-09
7.924918262884922328e-09
7.816605629265646557e-09
7.731374816673028204e-09
7.647450990154410383e-09
7.564870958611391528e-09
7.463584531762024680e-09
7.384140073654292663e-09
7.306129868804629632e-09
7.210664053563491230e-09
7.135948757384087852e-09
7.062720800846430382e-09
6.973292541457798049e-09
6.903444061369903519e-09
6.818258590926467217e-09
6.751812899226257496e-09
6.670883959325764965e-09
6.607550735163646583e-09
6.529686862034949187e-09
6.453261149583054298e-09
6.393148628854908536e-09
6.319282829307237593e-09
6.246821261182852117e-09
6.189853650987386480e-09
6.119883768954233816e-09
6.051276785982584547e-09
5.984016571941524423e-09
5.918086415308832469e-09
5.853469100007662354e-09
5.790146976056605953e-09
5.740409716776144652e-09
5.679373319717685229e-09
5.619580918296551509e-09
5.549445698168402482e-09
5.492323853667242690e-09
5.436385475097905806e-09
5.381611422580862766e-09
5.327982513645225162e-09
5.275479555350411748e-09
5.213935265980378793e-09
5.163841971865293639e-09
5.114813465067747404e-09
5.066830798946010407e-09
5.010802088552826952e-09
4.966171514522415126e-09
4.914988956337066529e-09
4.874089927373495967e-09
4.826847815885170958e-09
4.788815521265077116e-09
4.744550001992042944e-09
4.708639057423475428e-09
4.666520556363487115e-09
4.625266260192323195e-09
4.591407216729140079e-09
4.551244466231492050e-09
4.511436552072717768e-09
4.471831970265772450e-09
4.432292343719580047e-09
4.392691512122868840e-09
4.352914682778152032e-09
4.312857638206907110e-09
4.272425996646739113e-09
4.231534521838507801e-09
4.190106478757567434e-09
4.148073032180335372e-09
4.105372685196737596e-09
4.061950754982102471e-09
4.017758883330099655e-09
3.965172198576777591e-09
3.918779932043360160e-09
3.853838397055327914e-09
3.746407220181694889e-09
3.630995202261755496e-09
3.473480486108212199e-09
3.322152447197288855e-09
3.130308595942061695e-09
2.955582377972251201e-09
2.742937809839659730e-09
2.524001711302170817e-09
2.301850758579051713e-09
2.111021164003241297e-09
1.890200040990047636e-09
1.673599723562048461e-09
1.463399854938735496e-09
1.261584901141078296e-09
1.069957585631759803e-09
8.901514358427355935e-10
7.236425016258361767e-10
5.717603014173391253e-10
4.356980479776794256e-10
3.165222019309489020e-10
2.022102975516243414e-10
1.222739057779005330e-10
6.184664375819255314e-11
1.747995361691205630e-11
8.689482363070109193e-13
0.000000000000000000e+00
0.000000000000000000e+00
0.000000000000000000e+00
0.000000000000000000e+00
0.000000000000000000e+00
0.000000000000000000e+00
0.000000000000000000e+00
0.000000000000000000e+00
0.000000000000000000e+00
0.000000000000000000e+00
0.000000000000000000e+00
0.000000000000000000e+00
0.000000000000000000e+00
0.000000000000000000e+00
0.000000000000000000e+00
0.000000000000000000e+00
0.000000000000000000e+00
0.000000000000000000e+00
0.000000000000000000e+00
0.000000000000000000e+00
0.000000000000000000e+00
0.000000000000000000e+00
0.000000000000000000e+00
0.000000000000000000e+00
0.000000000000000000e+00
0.000000000000000000e+00
0.000000000000000000e+00
0.000000000000000000e+00
0.000000000000000000e+00
0.000000000000000000e+00
0.000000000000000000e+00
0.000000000000000000e+00
0.000000000000000000e+00
0.000000000000000000e+00
0.000000000000000000e+00
0.000000000000000000e+00
0.000000000000000000e+00
0.000000000000000000e+00
0.000000000000000000e+00
0.000000000000000000e+00
0.000000000000000000e+00
0.000000000000000000e+00
0.000000000000000000e+00
0.000000000000000000e+00
0.000000000000000000e+00
0.000000000000000000e+00
0.000000000000000000e+00
0.000000000000000000e+00
0.000000000000000000e+00
0.000000000000000000e+00
0.000000000000000000e+00
0.000000000000000000e+00
0.000000000000000000e+00
0.000000000000000000e+00
0.000000000000000000e+00
0.000000000000000000e+00
0.000000000000000000e+00
0.000000000000000000e+00
0.000000000000000000e+00
0.000000000000000000e+00
0.000000000000000000e+00
0.000000000000000000e+00
0.000000000000000000e+00
0.000000000000000000e+00
0.000000000000000000e+00
0.000000000000000000e+00
0.000000000000000000e+00
0.000000000000000000e+00
0.000000000000000000e+00
0.000000000000000000e+00
0.000000000000000000e+00
0.000000000000000000e+00
0.000000000000000000e+00
0.000000000000000000e+00
0.000000000000000000e+00
0.000000000000000000e+00
0.000000000000000000e+00
0.000000000000000000e+00
0.000000000000000000e+00
0.000000000000000000e+00
0.000000000000000000e+00
0.000000000000000000e+00
0.000000000000000000e+00
0.000000000000000000e+00
0.000000000000000000e+00
0.000000000000000000e+00
0.000000000000000000e+00
0.000000000000000000e+00
0.000000000000000000e+00
0.000000000000000000e+00
0.000000000000000000e+00
0.000000000000000000e+00
0.000000000000000000e+00
0.000000000000000000e+00
0.000000000000000000e+00
0.000000000000000000e+00
0.000000000000000000e+00
0.000000000000000000e+00
0.000000000000000000e+00
0.000000000000000000e+00
0.000000000000000000e+00
0.000000000000000000e+00
0.000000000000000000e+00
0.000000000000000000e+00
0.000000000000000000e+00
0.000000000000000000e+00
0.000000000000000000e+00
0.000000000000000000e+00
0.000000000000000000e+00
0.000000000000000000e+00
0.000000000000000000e+00
0.000000000000000000e+00
0.000000000000000000e+00
0.000000000000000000e+00
0.000000000000000000e+00
0.000000000000000000e+00
0.000000000000000000e+00
0.000000000000000000e+00
0.000000000000000000e+00
0.000000000000000000e+00
0.000000000000000000e+00
0.000000000000000000e+00
0.000000000000000000e+00
0.000000000000000000e+00
0.000000000000000000e+00
0.000000000000000000e+00
0.000000000000000000e+00
0.000000000000000000e+00
0.000000000000000000e+00
0.000000000000000000e+00
0.000000000000000000e+00
0.000000000000000000e+00
0.000000000000000000e+00
0.000000000000000000e+00
0.000000000000000000e+00
0.000000000000000000e+00
0.000000000000000000e+00
0.000000000000000000e+00
0.000000000000000000e+00
0.000000000000000000e+00
0.000000000000000000e+00
0.000000000000000000e+00
0.000000000000000000e+00
0.000000000000000000e+00
0.000000000000000000e+00
0.000000000000000000e+00
0.000000000000000000e+00
0.000000000000000000e+00
0.000000000000000000e+00
0.000000000000000000e+00
0.000000000000000000e+00
0.000000000000000000e+00
0.000000000000000000e+00
0.000000000000000000e+00
0.000000000000000000e+00
0.000000000000000000e+00
0.000000000000000000e+00
0.000000000000000000e+00
0.000000000000000000e+00
0.000000000000000000e+00
0.000000000000000000e+00
0.000000000000000000e+00
0.000000000000000000e+00
0.000000000000000000e+00
0.000000000000000000e+00
0.000000000000000000e+00
0.000000000000000000e+00
0.000000000000000000e+00
0.000000000000000000e+00
0.000000000000000000e+00
0.000000000000000000e+00
0.000000000000000000e+00
0.000000000000000000e+00
0.000000000000000000e+00
0.000000000000000000e+00
0.000000000000000000e+00
0.000000000000000000e+00
0.000000000000000000e+00
0.000000000000000000e+00
0.000000000000000000e+00
0.000000000000000000e+00
0.000000000000000000e+00
0.000000000000000000e+00
0.000000000000000000e+00
0.000000000000000000e+00
0.000000000000000000e+00
0.000000000000000000e+00
0.000000000000000000e+00
0.000000000000000000e+00
0.000000000000000000e+00
0.000000000000000000e+00
0.000000000000000000e+00
0.000000000000000000e+00
0.000000000000000000e+00
0.000000000000000000e+00
0.000000000000000000e+00
0.000000000000000000e+00
0.000000000000000000e+00
0.000000000000000000e+00
0.000000000000000000e+00
0.000000000000000000e+00
0.000000000000000000e+00
0.000000000000000000e+00
0.000000000000000000e+00
0.000000000000000000e+00
0.000000000000000000e+00
0.000000000000000000e+00
0.000000000000000000e+00
0.000000000000000000e+00
0.000000000000000000e+00
0.000000000000000000e+00
0.000000000000000000e+00
0.000000000000000000e+00
0.000000000000000000e+00
0.000000000000000000e+00
0.000000000000000000e+00
0.000000000000000000e+00
0.000000000000000000e+00
0.000000000000000000e+00
0.000000000000000000e+00
0.000000000000000000e+00
0.000000000000000000e+00
0.000000000000000000e+00
0.000000000000000000e+00
0.000000000000000000e+00
0.000000000000000000e+00
0.000000000000000000e+00
0.000000000000000000e+00
0.000000000000000000e+00
0.000000000000000000e+00
0.000000000000000000e+00
0.000000000000000000e+00
0.000000000000000000e+00
0.000000000000000000e+00
0.000000000000000000e+00
0.000000000000000000e+00
0.000000000000000000e+00
0.000000000000000000e+00
0.000000000000000000e+00
0.000000000000000000e+00
0.000000000000000000e+00
0.000000000000000000e+00
0.000000000000000000e+00
0.000000000000000000e+00
0.000000000000000000e+00
0.000000000000000000e+00
0.000000000000000000e+00
0.000000000000000000e+00
0.000000000000000000e+00
0.000000000000000000e+00
0.000000000000000000e+00
0.000000000000000000e+00
0.000000000000000000e+00
0.000000000000000000e+00
0.000000000000000000e+00
0.000000000000000000e+00
0.000000000000000000e+00
0.000000000000000000e+00
0.000000000000000000e+00
0.000000000000000000e+00
0.000000000000000000e+00
0.000000000000000000e+00
0.000000000000000000e+00
0.000000000000000000e+00
0.000000000000000000e+00
0.000000000000000000e+00
0.000000000000000000e+00
0.000000000000000000e+00
0.000000000000000000e+00
0.000000000000000000e+00
0.000000000000000000e+00
0.000000000000000000e+00
0.000000000000000000e+00
0.000000000000000000e+00
0.000000000000000000e+00
0.000000000000000000e+00
0.000000000000000000e+00
0.000000000000000000e+00
0.000000000000000000e+00
0.000000000000000000e+00
0.000000000000000000e+00
0.000000000000000000e+00
0.000000000000000000e+00
0.000000000000000000e+00
0.000000000000000000e+00
0.000000000000000000e+00
0.000000000000000000e+00
0.000000000000000000e+00
0.000000000000000000e+00
0.000000000000000000e+00
0.000000000000000000e+00
0.000000000000000000e+00
0.000000000000000000e+00
0.000000000000000000e+00
0.000000000000000000e+00
0.000000000000000000e+00
0.000000000000000000e+00
0.000000000000000000e+00
0.000000000000000000e+00
0.000000000000000000e+00
0.000000000000000000e+00
0.000000000000000000e+00
0.000000000000000000e+00
0.000000000000000000e+00
0.000000000000000000e+00
0.000000000000000000e+00
0.000000000000000000e+00
0.000000000000000000e+00
0.000000000000000000e+00
0.000000000000000000e+00
0.000000000000000000e+00
0.000000000000000000e+00
0.000000000000000000e+00
0.000000000000000000e+00
0.000000000000000000e+00
0.000000000000000000e+00
0.000000000000000000e+00
0.000000000000000000e+00
0.000000000000000000e+00
0.000000000000000000e+00
0.000000000000000000e+00
0.000000000000000000e+00
0.000000000000000000e+00
0.000000000000000000e+00
0.000000000000000000e+00
0.000000000000000000e+00
0.000000000000000000e+00
0.000000000000000000e+00
0.000000000000000000e+00
0.000000000000000000e+00
0.000000000000000000e+00
0.000000000000000000e+00
0.000000000000000000e+00
0.000000000000000000e+00
0.000000000000000000e+00
0.000000000000000000e+00
0.000000000000000000e+00
0.000000000000000000e+00
0.000000000000000000e+00
0.000000000000000000e+00
0.000000000000000000e+00
0.000000000000000000e+00
0.000000000000000000e+00
0.000000000000000000e+00
0.000000000000000000e+00
0.000000000000000000e+00
0.000000000000000000e+00
0.000000000000000000e+00
0.000000000000000000e+00
0.000000000000000000e+00
0.000000000000000000e+00
0.000000000000000000e+00
0.000000000000000000e+00
0.000000000000000000e+00
0.000000000000000000e+00
0.000000000000000000e+00
0.000000000000000000e+00
0.000000000000000000e+00
0.000000000000000000e+00
0.000000000000000000e+00
0.000000000000000000e+00
0.000000000000000000e+00
0.000000000000000000e+00
0.000000000000000000e+00
0.000000000000000000e+00
0.000000000000000000e+00
0.000000000000000000e+00
0.000000000000000000e+00
0.000000000000000000e+00
0.000000000000000000e+00
0.000000000000000000e+00
0.000000000000000000e+00
0.000000000000000000e+00
0.000000000000000000e+00
0.000000000000000000e+00
0.000000000000000000e+00
0.000000000000000000e+00
0.000000000000000000e+00
0.000000000000000000e+00
0.000000000000000000e+00
0.000000000000000000e+00
0.000000000000000000e+00
0.000000000000000000e+00
0.000000000000000000e+00
0.000000000000000000e+00
0.000000000000000000e+00
0.000000000000000000e+00
0.000000000000000000e+00
0.000000000000000000e+00
0.000000000000000000e+00
0.000000000000000000e+00
0.000000000000000000e+00
0.000000000000000000e+00
0.000000000000000000e+00
0.000000000000000000e+00
0.000000000000000000e+00
0.000000000000000000e+00
0.000000000000000000e+00
0.000000000000000000e+00
0.000000000000000000e+00
0.000000000000000000e+00
0.000000000000000000e+00
0.000000000000000000e+00
0.000000000000000000e+00
0.000000000000000000e+00
0.000000000000000000e+00
0.000000000000000000e+00
0.000000000000000000e+00
0.000000000000000000e+00
0.000000000000000000e+00
0.000000000000000000e+00
0.000000000000000000e+00
0.000000000000000000e+00
0.000000000000000000e+00
0.000000000000000000e+00
0.000000000000000000e+00
0.000000000000000000e+00
0.000000000000000000e+00
0.000000000000000000e+00
0.000000000000000000e+00
0.000000000000000000e+00
0.000000000000000000e+00
0.000000000000000000e+00
0.000000000000000000e+00
0.000000000000000000e+00
0.000000000000000000e+00
0.000000000000000000e+00
0.000000000000000000e+00
0.000000000000000000e+00
0.000000000000000000e+00
0.000000000000000000e+00
0.000000000000000000e+00
0.000000000000000000e+00
0.000000000000000000e+00
0.000000000000000000e+00
0.000000000000000000e+00
0.000000000000000000e+00
0.000000000000000000e+00
0.000000000000000000e+00
0.000000000000000000e+00
0.000000000000000000e+00
0.000000000000000000e+00
0.000000000000000000e+00
0.000000000000000000e+00
0.000000000000000000e+00
0.000000000000000000e+00
0.000000000000000000e+00
0.000000000000000000e+00
0.000000000000000000e+00
0.000000000000000000e+00
0.000000000000000000e+00
0.000000000000000000e+00
0.000000000000000000e+00
0.000000000000000000e+00
0.000000000000000000e+00
0.000000000000000000e+00
0.000000000000000000e+00
0.000000000000000000e+00
0.000000000000000000e+00
0.000000000000000000e+00
0.000000000000000000e+00
0.000000000000000000e+00
0.000000000000000000e+00
0.000000000000000000e+00
0.000000000000000000e+00
0.000000000000000000e+00
0.000000000000000000e+00
0.000000000000000000e+00
0.000000000000000000e+00
0.000000000000000000e+00
0.000000000000000000e+00
0.000000000000000000e+00
0.000000000000000000e+00
0.000000000000000000e+00
0.000000000000000000e+00
0.000000000000000000e+00
0.000000000000000000e+00
0.000000000000000000e+00
0.000000000000000000e+00
0.000000000000000000e+00
0.000000000000000000e+00
0.000000000000000000e+00
0.000000000000000000e+00
0.000000000000000000e+00
0.000000000000000000e+00
0.000000000000000000e+00
0.000000000000000000e+00
0.000000000000000000e+00
0.000000000000000000e+00
0.000000000000000000e+00
0.000000000000000000e+00
0.000000000000000000e+00
0.000000000000000000e+00
0.000000000000000000e+00
0.000000000000000000e+00
0.000000000000000000e+00
0.000000000000000000e+00
0.000000000000000000e+00
0.000000000000000000e+00
0.000000000000000000e+00
0.000000000000000000e+00
0.000000000000000000e+00
0.000000000000000000e+00
0.000000000000000000e+00
0.000000000000000000e+00
0.000000000000000000e+00
0.000000000000000000e+00
0.000000000000000000e+00
0.000000000000000000e+00
0.000000000000000000e+00
0.000000000000000000e+00
0.000000000000000000e+00
0.000000000000000000e+00
0.000000000000000000e+00
0.000000000000000000e+00
0.000000000000000000e+00
nan
