# bin_19_17
-1.072428080373643252e-07
-9.457684826030777477e-08
-9.075349551118409355e-08
-7.897306291847714729e-08
-7.445978792841960636e-08
-6.524629115023496236e-08
-6.168538603149589784e-08
-5.438321831505527587e-08
-4.955899023880622632e-08
-4.497962215438123913e-08
-3.899063491178285625e-08
-3.797019321341525876e-08
-2.935855321014263876e-08
-2.455660442814042545e-08
-2.131025164228590408e-08
-2.129049517965223019e-08
-2.260792222387370107e-08
-2.187870957227017317e-08
-1.967665478756802191e-08
-1.767192247907651385e-08
-1.585359650780516341e-08
-1.420786154476057706e-08
-1.220319825457475843e-08
-9.976854234451068760e-09
-8.189603468058339797e-09
-7.195011250786182583e-09
-7.316369741240417419e-09
-8.128356425986627884e-09
-8.960112078281560556e-09
-9.395049571286425173e-09
-9.190090174535908775e-09
-7.768842122873124755e-09
-5.369280488897048334e-09
-2.808083490573168048e-09
-6.356515598478253333e-10
7.906605284397921126e-10
1.252862100567744720e-09
1.106294024941466790e-09
8.530908136743631515e-10
5.586309170207054619e-10
2.703991189904450623e-10
2.219328161204463893e-11
-1.626367526792214003e-10
-2.686906428195987015e-10
-3.234093625673427655e-10
-3.630637340166240893e-10
-3.899637946991319384e-10
-4.060796765219138488e-10
-4.130940777724529601e-10
-4.124460526887776090e-10
-4.053676637829054794e-10
-3.929147470321943060e-10
-3.770602863730206757e-10
-3.594197410839542411e-10
-3.403522911534166491e-10
-3.201650382295733642e-10
-2.991204353524039333e-10
-2.774426072206136056e-10
-2.553227372935330796e-10
-2.329236681210251376e-10
-2.103838367954229444e-10
-1.751188335134860947e-10
-1.206043194411549574e-10
-5.483624296331090549e-11
1.561191545863677431e-11
8.537149043599493803e-11
1.500937482338929833e-10
2.062927004971897289e-10
2.512113633053153070e-10
2.827078907145236365e-10
2.991585783841740292e-10
2.993752050491439850e-10
2.910599217325404753e-10
2.825505423838367607e-10
2.738913682776693177e-10
2.651215672793203761e-10
2.562757365449927934e-10
2.473844012669850317e-10
2.384744571849118177e-10
2.295695635880884267e-10
2.206904926754310614e-10
2.118554403975421593e-10
2.030803032640789989e-10
1.943789250436127342e-10
1.857633168008326755e-10
1.742369739492851774e-10
1.578028053780101380e-10
1.378256492352234568e-10
1.154943991737296612e-10
9.184176956138215880e-11
6.776186110370774545e-11
4.402577980196838827e-11
2.129553164672126686e-11
1.363888108684586741e-13
-1.897210016579131975e-11
-3.562630406497419990e-11
-4.948977224219861847e-11
-6.028544876213812328e-11
-6.778873245213323688e-11
-7.182128995917250927e-11
-7.224553949341685367e-11
-7.080324550990628257e-11
-6.931376447874540298e-11
-6.778307259213442414e-11
-6.621666208272236905e-11
-6.461957937808902122e-11
-6.299646010148446366e-11
-6.135156119755945191e-11
-5.968879043536541157e-11
-5.801173351714464705e-11
-5.632367900006818747e-11
-5.462764121886212029e-11
-5.292638137995217613e-11
-5.122242698215653538e-11
-4.951808970488544474e-11
-4.781548189209985851e-11
-4.611653174880427912e-11
-4.442299735646841681e-11
-4.273647960438158484e-11
-4.104306613526715934e-11
-3.932983496606863435e-11
-3.759961055760836959e-11
-3.585502599190231929e-11
-3.409853526737844742e-11
-3.233242476942109450e-11
-3.055882397543122556e-11
-2.877971544901880736e-11
-2.699694417375063563e-11
-2.521222627303400753e-11
-2.342715715918304461e-11
-2.164321915147391413e-11
-1.986178860001329459e-11
-1.808414254950392345e-11
-1.631146497446906929e-11
-1.454485261517817501e-11
-1.278532044137395393e-11
-1.103380676893477164e-11
-9.291178052787943676e-12
-7.558233377710990476e-12
-5.835708667117203450e-12
-4.124280628487371884e-12
-2.316009052444320528e-12
-3.313399575722162052e-13
1.789192382977505452e-12
4.008423284454349134e-12
6.292318515570774274e-12
8.609751918601922391e-12
1.093229857062723345e-11
1.323404236452889569e-11
1.549139697340949554e-11
1.768293924030752667e-11
1.978925410708028422e-11
2.179279026258147187e-11
2.367772575129275717e-11
2.542984283980893881e-11
2.703641149040094135e-11
2.848608083869402209e-11
2.976877811658865484e-11
3.087561450226140771e-11
3.179879741665272243e-11
3.253154882056384449e-11
3.306802909855820954e-11
3.340326614550151627e-11
3.353308929899809934e-11
3.345406778633257288e-11
3.316345337799513613e-11
3.269553809892129868e-11
3.209700675809119329e-11
3.138338212385507775e-11
3.056917339635434224e-11
2.966793560206919552e-11
2.869232549433740729e-11
2.765415417409294561e-11
2.543343839371421959e-11
2.427071946077758247e-11
2.308517568278820507e-11
2.188507774308122729e-11
2.067810788475787549e-11
1.947139451762453907e-11
1.827154483159391011e-11
1.708467553499124734e-11
1.477206472109363619e-11
1.365635677900676347e-11
1.257374641046085011e-11
1.152830076109886317e-11
1.052374730751751548e-11
9.563494222500158903e-12
8.650649583473103291e-12
6.978225160705307138e-12
6.223519046072386082e-12
5.526000050348596558e-12
4.887527877058303105e-12
3.787330590468972266e-12
3.310723348976680413e-12
2.875386864808851058e-12
2.477030380622419540e-12
2.111607365091278391e-12
1.464523328894553939e-12
1.175882398973167963e-12
9.061934247213747897e-13
4.118561598087613946e-13
1.817384743106102839e-13
-4.038371058770359743e-14
-2.568458751937772093e-13
-6.814130171730852231e-13
-8.934917000137979567e-13
-1.107871466585733064e-12
-1.550139779985215975e-12
-1.781057239895464069e-12
-2.020344794157205499e-12
-2.529000810946673043e-12
-2.800632929827182530e-12
-3.383547179231963492e-12
-3.696616901712951585e-12
-4.025168716229277115e-12
-4.731545688797395130e-12
-5.110632256576513688e-12
-5.923332240956355251e-12
-6.357881346052609640e-12
-7.692781883598756265e-12
-8.662834155922736099e-12
-9.807280096646491705e-12
-1.254331456943105904e-11
-1.409922760272886412e-11
-1.750426676564299052e-11
-1.932284681525043449e-11
-2.312155111068325773e-11
-2.507562080460006871e-11
-2.903312659111807139e-11
-3.101444009901852973e-11
-3.493131699943952710e-11
-3.872579092019568093e-11
-4.055602345859622598e-11
-4.404444980369332961e-11
-4.568876413395088511e-11
-4.874599598841966066e-11
-5.145705269708875468e-11
-5.266998893515034300e-11
-5.478803323387127639e-11
-5.568501041854092936e-11
-5.713669995583128632e-11
-5.811091288608182719e-11
-5.841197200695009702e-11
-5.863001678316549683e-11
-5.832245161452150973e-11
-5.796723085405387371e-11
-5.698440401233597964e-11
-5.575496774707014059e-11
-5.431639458333391249e-11
-5.352956671371450612e-11
-5.184105456678151243e-11
-5.002444262699204514e-11
-4.810761856227260664e-11
-4.711970479805547811e-11
-4.509983740817173779e-11
-4.303971470548821500e-11
-4.095982466470569499e-11
-3.887887022227998018e-11
-3.784338204751046527e-11
-3.579230642273521436e-11
-3.377993076326506156e-11
-3.181965939024152757e-11
-2.992362023841766138e-11
-2.810275716766759447e-11
-2.636691587748468833e-11
-2.472492387739253858e-11
-2.318466493265098597e-11
-2.175314837374117482e-11
-2.043657362959106697e-11
-1.924039031820343935e-11
-1.816935420406688753e-11
-1.722757930930588851e-11
-1.638961293305950156e-11
-1.562267414223919205e-11
-1.491979199036242955e-11
-1.427445145097189891e-11
-1.368056606431621225e-11
-1.313245224025147568e-11
-1.262480511265583005e-11
-1.215267584764972775e-11
-1.171145031441695787e-11
-1.129682903346656504e-11
-1.090480832279295621e-11
-1.053166256761937501e-11
-9.999824081504401082e-12
-9.659243154638815696e-12
-9.326455311852014199e-12
-8.998793618010201384e-12
-8.673788885873445558e-12
-8.186316745503587898e-12
-7.858343655937653800e-12
-7.525776563106000173e-12
-7.186898212479399426e-12
-6.663333479185121550e-12
-6.302063072329519756e-12
-5.929520057540171326e-12
-5.347081364905401893e-12
-4.941551493616612619e-12
-4.518636513368791903e-12
-3.826740910828503889e-12
-3.332036417616412947e-12
-2.552019724216161660e-12
-2.013262416194376857e-12
-1.464381214807387966e-12
-6.304821134249643905e-13
-7.269013002476164262e-14
7.586185269240964313e-13
1.304873373900040225e-12
2.105485072805508952e-12
2.623068329034351590e-12
3.369514640031238206e-12
4.073898420330241656e-12
4.517024017583470732e-12
5.137864840675544803e-12
5.520346865312697826e-12
6.043600055015671688e-12
6.502739331920539377e-12
6.771462505622399672e-12
7.116205521222108490e-12
7.388568870376797131e-12
7.528792660585774204e-12
7.675657790569869976e-12
7.744923163579639012e-12
7.735280922278353907e-12
7.684509304396409964e-12
7.522501076454943368e-12
7.253531154407758262e-12
6.893486926461038236e-12
6.457066207772857786e-12
6.130440735285691117e-12
5.596403858455661218e-12
5.019951046885153692e-12
4.412053148482871762e-12
3.782816824719623351e-12
3.141541857589528148e-12
2.496774719695098047e-12
1.856358659044531361e-12
1.227480532340941408e-12
6.167146040719764350e-13
3.006351346194013265e-14
-5.270034027650501367e-13
-1.049514256934024922e-12
-1.532961063518435605e-12
-2.109805080042362816e-12
-2.486946148881975958e-12
-2.812958721593095323e-12
-3.085007194976561622e-12
-3.300574093891970609e-12
-3.457438011142932578e-12
-3.571947948411358809e-12
-3.584710480205219243e-12
-3.470035818133284179e-12
-2.831654608926049632e-12
-2.023640778686129755e-12
-9.745451075355415896e-13
7.400708690881701476e-13
2.221607082475840868e-12
3.837885745722327437e-12
6.155279390886320363e-12
7.982215623573969491e-12
1.049221638375188090e-11
1.240239824783081612e-11
1.494862180938484550e-11
1.683424965253340288e-11
1.928474295318928186e-11
2.105513072813814774e-11
2.329925396074649824e-11
2.538302978614894932e-11
2.682433589671982784e-11
2.856448779134712083e-11
3.007706509122194318e-11
3.105031268229062040e-11
3.211902294911960304e-11
3.291187668880007813e-11
3.341525563962230739e-11
3.361738577409142286e-11
3.356516799987175076e-11
3.322272274661438772e-11
3.269655077523261638e-11
3.205247699890560475e-11
3.130430566335522543e-11
3.046489903538236131e-11
2.954623576581222696e-11
2.855946560708464156e-11
2.751496072326114734e-11
2.642236381381455790e-11
2.529063325736784262e-11
2.412808546744914221e-11
2.294243463926262885e-11
2.143872300801431897e-11
2.022642580120076482e-11
1.901237318359655359e-11
1.780210943851804854e-11
1.630236008966394211e-11
1.511870761310415541e-11
1.395402817531652000e-11
1.253075882656358173e-11
1.142250589772782697e-11
1.034471358690409463e-11
9.044706403379392756e-12
8.045665248861079805e-12
6.851896357776910820e-12
5.943438288720961183e-12
4.869080263413293264e-12
4.027927893708930946e-12
2.954158054609962464e-12
1.863428842593837184e-12
9.838642993913781036e-13
-1.183034934445983779e-13
-1.217344017368344671e-12
-2.090249356992951711e-12
-3.168804905258591919e-12
-4.228643737704947507e-12
-5.265126149011107195e-12
-6.274046673689166326e-12
-7.251603529567480442e-12
-8.194370118984304379e-12
-8.921454914379432835e-12
-9.794060861160063197e-12
-1.062405853953426678e-11
-1.156069369465582174e-11
-1.228947726017479882e-11
-1.296941956195262982e-11
-1.359906785876186389e-11
-1.417717565015977944e-11
-1.470268740126099357e-11
-1.526264899011576201e-11
-1.566958517934870792e-11
-1.602167085175272142e-11
-1.631850753744158673e-11
-1.660713313715971972e-11
-1.681709850234238672e-11
-1.703956582513455970e-11
-1.720153104974114367e-11
-1.736918148965100741e-11
-1.748768244857236448e-11
-1.760571062263520621e-11
-1.768487881179514255e-11
-1.775801738697936089e-11
-1.780851406466556121e-11
-1.783418055514416773e-11
-1.784629187891281729e-11
-1.783906428904633476e-11
-1.781355602449146932e-11
-1.777077378456820694e-11
-1.771167533348508588e-11
-1.763717196336105178e-11
-1.754813082408457555e-11
-1.744537712780919390e-11
-1.732969623539011692e-11
-1.720183563160560107e-11
-1.706250679557725261e-11
-1.691238697240327191e-11
-1.675212085164503767e-11
-1.658232215795899978e-11
-1.637295347238323716e-11
-1.618290037551081700e-11
-1.591471935765098960e-11
-1.547107412553320655e-11
-1.499447140210311077e-11
-1.434400237771456446e-11
-1.371908170847965011e-11
-1.292684790450106493e-11
-1.220530267169161120e-11
-1.132717072216697800e-11
-1.042305741836433890e-11
-9.505668129201451425e-12
-8.717622775475958586e-12
-7.805725119445144645e-12
-6.911257601741590818e-12
-6.043221225148525845e-12
-5.209810993333633267e-12
-4.418471390219739407e-12
-3.675948191826533122e-12
-2.988336858505364254e-12
-2.361127737960060614e-12
-1.799248293218340826e-12
-1.307102554701244875e-12
-8.350428339756299550e-13
-5.049394122768635176e-13
-2.554004286677667940e-13
-7.218480059009630111e-14
-3.588387963467596957e-15
0.000000000000000000e+00
0.000000000000000000e+00
0.000000000000000000e+00
0.000000000000000000e+00
0.000000000000000000e+00
0.000000000000000000e+00
0.000000000000000000e+00
0.000000000000000000e+00
0.000000000000000000e+00
0.000000000000000000e+00
0.000000000000000000e+00
0.000000000000000000e+00
0.000000000000000000e+00
0.000000000000000000e+00
0.000000000000000000e+00
0.000000000000000000e+00
0.000000000000000000e+00
0.000000000000000000e+00
0.000000000000000000e+00
0.000000000000000000e+00
0.000000000000000000e+00
0.000000000000000000e+00
0.000000000000000000e+00
0.000000000000000000e+00
0.000000000000000000e+00
0.000000000000000000e+00
0.000000000000000000e+00
0.000000000000000000e+00
0.000000000000000000e+00
0.000000000000000000e+00
0.000000000000000000e+00
0.000000000000000000e+00
0.000000000000000000e+00
0.000000000000000000e+00
0.000000000000000000e+00
0.000000000000000000e+00
0.000000000000000000e+00
0.000000000000000000e+00
0.000000000000000000e+00
0.000000000000000000e+00
0.000000000000000000e+00
0.000000000000000000e+00
0.000000000000000000e+00
0.000000000000000000e+00
0.000000000000000000e+00
0.000000000000000000e+00
0.000000000000000000e+00
0.000000000000000000e+00
0.000000000000000000e+00
0.000000000000000000e+00
0.000000000000000000e+00
0.000000000000000000e+00
0.000000000000000000e+00
0.000000000000000000e+00
0.000000000000000000e+00
0.000000000000000000e+00
0.000000000000000000e+00
0.000000000000000000e+00
0.000000000000000000e+00
0.000000000000000000e+00
0.000000000000000000e+00
0.000000000000000000e+00
0.000000000000000000e+00
0.000000000000000000e+00
0.000000000000000000e+00
0.000000000000000000e+00
0.000000000000000000e+00
0.000000000000000000e+00
0.000000000000000000e+00
0.000000000000000000e+00
0.000000000000000000e+00
0.000000000000000000e+00
0.000000000000000000e+00
0.000000000000000000e+00
0.000000000000000000e+00
0.000000000000000000e+00
0.000000000000000000e+00
0.000000000000000000e+00
0.000000000000000000e+00
0.000000000000000000e+00
0.000000000000000000e+00
0.000000000000000000e+00
0.000000000000000000e+00
0.000000000000000000e+00
0.000000000000000000e+00
0.000000000000000000e+00
0.000000000000000000e+00
0.000000000000000000e+00
0.000000000000000000e+00
0.000000000000000000e+00
0.000000000000000000e+00
0.000000000000000000e+00
0.000000000000000000e+00
0.000000000000000000e+00
0.000000000000000000e+00
0.000000000000000000e+00
0.000000000000000000e+00
0.000000000000000000e+00
0.000000000000000000e+00
0.000000000000000000e+00
0.000000000000000000e+00
0.000000000000000000e+00
0.000000000000000000e+00
0.000000000000000000e+00
0.000000000000000000e+00
0.000000000000000000e+00
0.000000000000000000e+00
0.000000000000000000e+00
0.000000000000000000e+00
0.000000000000000000e+00
0.000000000000000000e+00
0.000000000000000000e+00
0.000000000000000000e+00
0.000000000000000000e+00
0.000000000000000000e+00
0.000000000000000000e+00
0.000000000000000000e+00
0.000000000000000000e+00
0.000000000000000000e+00
0.000000000000000000e+00
0.000000000000000000e+00
0.000000000000000000e+00
0.000000000000000000e+00
0.000000000000000000e+00
0.000000000000000000e+00
0.000000000000000000e+00
0.000000000000000000e+00
0.000000000000000000e+00
0.000000000000000000e+00
0.000000000000000000e+00
0.000000000000000000e+00
0.000000000000000000e+00
0.000000000000000000e+00
0.000000000000000000e+00
0.000000000000000000e+00
0.000000000000000000e+00
0.000000000000000000e+00
0.000000000000000000e+00
0.000000000000000000e+00
0.000000000000000000e+00
0.000000000000000000e+00
0.000000000000000000e+00
0.000000000000000000e+00
0.000000000000000000e+00
0.000000000000000000e+00
0.000000000000000000e+00
0.000000000000000000e+00
0.000000000000000000e+00
0.000000000000000000e+00
0.000000000000000000e+00
0.000000000000000000e+00
0.000000000000000000e+00
0.000000000000000000e+00
0.000000000000000000e+00
0.000000000000000000e+00
0.000000000000000000e+00
0.000000000000000000e+00
0.000000000000000000e+00
0.000000000000000000e+00
0.000000000000000000e+00
0.000000000000000000e+00
0.000000000000000000e+00
0.000000000000000000e+00
0.000000000000000000e+00
0.000000000000000000e+00
0.000000000000000000e+00
0.000000000000000000e+00
0.000000000000000000e+00
0.000000000000000000e+00
0.000000000000000000e+00
0.000000000000000000e+00
0.000000000000000000e+00
0.000000000000000000e+00
0.000000000000000000e+00
0.000000000000000000e+00
0.000000000000000000e+00
0.000000000000000000e+00
0.000000000000000000e+00
0.000000000000000000e+00
0.000000000000000000e+00
0.000000000000000000e+00
0.000000000000000000e+00
0.000000000000000000e+00
0.000000000000000000e+00
0.000000000000000000e+00
0.000000000000000000e+00
0.000000000000000000e+00
0.000000000000000000e+00
0.000000000000000000e+00
0.000000000000000000e+00
0.000000000000000000e+00
0.000000000000000000e+00
0.000000000000000000e+00
0.000000000000000000e+00
0.000000000000000000e+00
0.000000000000000000e+00
0.000000000000000000e+00
0.000000000000000000e+00
0.000000000000000000e+00
0.000000000000000000e+00
0.000000000000000000e+00
0.000000000000000000e+00
0.000000000000000000e+00
0.000000000000000000e+00
0.000000000000000000e+00
0.000000000000000000e+00
0.000000000000000000e+00
0.000000000000000000e+00
0.000000000000000000e+00
0.000000000000000000e+00
0.000000000000000000e+00
0.000000000000000000e+00
0.000000000000000000e+00
0.000000000000000000e+00
0.000000000000000000e+00
0.000000000000000000e+00
0.000000000000000000e+00
0.000000000000000000e+00
0.000000000000000000e+00
0.000000000000000000e+00
0.000000000000000000e+00
0.000000000000000000e+00
0.000000000000000000e+00
0.000000000000000000e+00
0.000000000000000000e+00
0.000000000000000000e+00
0.000000000000000000e+00
0.000000000000000000e+00
0.000000000000000000e+00
0.000000000000000000e+00
0.000000000000000000e+00
0.000000000000000000e+00
0.000000000000000000e+00
0.000000000000000000e+00
0.000000000000000000e+00
0.000000000000000000e+00
0.000000000000000000e+00
0.000000000000000000e+00
0.000000000000000000e+00
0.000000000000000000e+00
0.000000000000000000e+00
0.000000000000000000e+00
0.000000000000000000e+00
0.000000000000000000e+00
0.000000000000000000e+00
0.000000000000000000e+00
0.000000000000000000e+00
0.000000000000000000e+00
0.000000000000000000e+00
0.000000000000000000e+00
0.000000000000000000e+00
0.000000000000000000e+00
0.000000000000000000e+00
0.000000000000000000e+00
0.000000000000000000e+00
0.000000000000000000e+00
0.000000000000000000e+00
0.000000000000000000e+00
0.000000000000000000e+00
0.000000000000000000e+00
0.000000000000000000e+00
0.000000000000000000e+00
0.000000000000000000e+00
0.000000000000000000e+00
0.000000000000000000e+00
0.000000000000000000e+00
0.000000000000000000e+00
0.000000000000000000e+00
0.000000000000000000e+00
0.000000000000000000e+00
0.000000000000000000e+00
0.000000000000000000e+00
0.000000000000000000e+00
0.000000000000000000e+00
0.000000000000000000e+00
0.000000000000000000e+00
0.000000000000000000e+00
0.000000000000000000e+00
0.000000000000000000e+00
0.000000000000000000e+00
0.000000000000000000e+00
0.000000000000000000e+00
0.000000000000000000e+00
0.000000000000000000e+00
0.000000000000000000e+00
0.000000000000000000e+00
0.000000000000000000e+00
0.000000000000000000e+00
0.000000000000000000e+00
0.000000000000000000e+00
0.000000000000000000e+00
0.000000000000000000e+00
0.000000000000000000e+00
0.000000000000000000e+00
0.000000000000000000e+00
0.000000000000000000e+00
0.000000000000000000e+00
0.000000000000000000e+00
0.000000000000000000e+00
0.000000000000000000e+00
0.000000000000000000e+00
0.000000000000000000e+00
0.000000000000000000e+00
0.000000000000000000e+00
0.000000000000000000e+00
0.000000000000000000e+00
0.000000000000000000e+00
0.000000000000000000e+00
0.000000000000000000e+00
0.000000000000000000e+00
0.000000000000000000e+00
0.000000000000000000e+00
0.000000000000000000e+00
0.000000000000000000e+00
0.000000000000000000e+00
0.000000000000000000e+00
0.000000000000000000e+00
0.000000000000000000e+00
0.000000000000000000e+00
0.000000000000000000e+00
0.000000000000000000e+00
0.000000000000000000e+00
0.000000000000000000e+00
0.000000000000000000e+00
0.000000000000000000e+00
0.000000000000000000e+00
0.000000000000000000e+00
0.000000000000000000e+00
0.000000000000000000e+00
0.000000000000000000e+00
0.000000000000000000e+00
0.000000000000000000e+00
0.000000000000000000e+00
0.000000000000000000e+00
0.000000000000000000e+00
0.000000000000000000e+00
0.000000000000000000e+00
0.000000000000000000e+00
0.000000000000000000e+00
0.000000000000000000e+00
0.000000000000000000e+00
0.000000000000000000e+00
0.000000000000000000e+00
0.000000000000000000e+00
0.000000000000000000e+00
0.000000000000000000e+00
0.000000000000000000e+00
0.000000000000000000e+00
0.000000000000000000e+00
0.000000000000000000e+00
0.000000000000000000e+00
0.000000000000000000e+00
0.000000000000000000e+00
0.000000000000000000e+00
0.000000000000000000e+00
0.000000000000000000e+00
0.000000000000000000e+00
0.000000000000000000e+00
0.000000000000000000e+00
0.000000000000000000e+00
0.000000000000000000e+00
0.000000000000000000e+00
0.000000000000000000e+00
0.000000000000000000e+00
0.000000000000000000e+00
0.000000000000000000e+00
0.000000000000000000e+00
0.000000000000000000e+00
0.000000000000000000e+00
0.000000000000000000e+00
0.000000000000000000e+00
0.000000000000000000e+00
0.000000000000000000e+00
0.000000000000000000e+00
0.000000000000000000e+00
0.000000000000000000e+00
0.000000000000000000e+00
0.000000000000000000e+00
0.000000000000000000e+00
0.000000000000000000e+00
0.000000000000000000e+00
0.000000000000000000e+00
0.000000000000000000e+00
0.000000000000000000e+00
0.000000000000000000e+00
0.000000000000000000e+00
0.000000000000000000e+00
0.000000000000000000e+00
0.000000000000000000e+00
0.000000000000000000e+00
0.000000000000000000e+00
0.000000000000000000e+00
0.000000000000000000e+00
0.000000000000000000e+00
0.000000000000000000e+00
0.000000000000000000e+00
0.000000000000000000e+00
0.000000000000000000e+00
0.000000000000000000e+00
0.000000000000000000e+00
0.000000000000000000e+00
0.000000000000000000e+00
0.000000000000000000e+00
0.000000000000000000e+00
0.000000000000000000e+00
0.000000000000000000e+00
0.000000000000000000e+00
0.000000000000000000e+00
0.000000000000000000e+00
0.000000000000000000e+00
0.000000000000000000e+00
0.000000000000000000e+00
0.000000000000000000e+00
0.000000000000000000e+00
0.000000000000000000e+00
0.000000000000000000e+00
0.000000000000000000e+00
0.000000000000000000e+00
0.000000000000000000e+00
0.000000000000000000e+00
0.000000000000000000e+00
0.000000000000000000e+00
0.000000000000000000e+00
0.000000000000000000e+00
0.000000000000000000e+00
0.000000000000000000e+00
0.000000000000000000e+00
0.000000000000000000e+00
0.000000000000000000e+00
0.000000000000000000e+00
0.000000000000000000e+00
0.000000000000000000e+00
0.000000000000000000e+00
0.000000000000000000e+00
0.000000000000000000e+00
0.000000000000000000e+00
0.000000000000000000e+00
0.000000000000000000e+00
0.000000000000000000e+00
0.000000000000000000e+00
0.000000000000000000e+00
0.000000000000000000e+00
0.000000000000000000e+00
0.000000000000000000e+00
0.000000000000000000e+00
0.000000000000000000e+00
0.000000000000000000e+00
0.000000000000000000e+00
0.000000000000000000e+00
0.000000000000000000e+00
0.000000000000000000e+00
0.000000000000000000e+00
0.000000000000000000e+00
0.000000000000000000e+00
0.000000000000000000e+00
0.000000000000000000e+00
0.000000000000000000e+00
0.000000000000000000e+00
0.000000000000000000e+00
0.000000000000000000e+00
0.000000000000000000e+00
0.000000000000000000e+00
0.000000000000000000e+00
0.000000000000000000e+00
0.000000000000000000e+00
0.000000000000000000e+00
0.000000000000000000e+00
0.000000000000000000e+00
0.000000000000000000e+00
0.000000000000000000e+00
0.000000000000000000e+00
0.000000000000000000e+00
0.000000000000000000e+00
0.000000000000000000e+00
0.000000000000000000e+00
0.000000000000000000e+00
0.000000000000000000e+00
0.000000000000000000e+00
0.000000000000000000e+00
0.000000000000000000e+00
0.000000000000000000e+00
0.000000000000000000e+00
0.000000000000000000e+00
0.000000000000000000e+00
0.000000000000000000e+00
0.000000000000000000e+00
0.000000000000000000e+00
0.000000000000000000e+00
0.000000000000000000e+00
0.000000000000000000e+00
0.000000000000000000e+00
0.000000000000000000e+00
0.000000000000000000e+00
0.000000000000000000e+00
0.000000000000000000e+00
0.000000000000000000e+00
0.000000000000000000e+00
0.000000000000000000e+00
0.000000000000000000e+00
0.000000000000000000e+00
0.000000000000000000e+00
0.000000000000000000e+00
0.000000000000000000e+00
0.000000000000000000e+00
0.000000000000000000e+00
0.000000000000000000e+00
0.000000000000000000e+00
0.000000000000000000e+00
0.000000000000000000e+00
0.000000000000000000e+00
0.000000000000000000e+00
0.000000000000000000e+00
0.000000000000000000e+00
0.000000000000000000e+00
0.000000000000000000e+00
0.000000000000000000e+00
nan
