# bin_18_16
-1.439798221003713783e-07
-1.301347084957067556e-07
-1.200517649999127190e-07
-1.075513986835673898e-07
-9.769648567836252460e-08
-8.744045680756320434e-08
-7.824956278749169456e-08
-7.049436753149167134e-08
-6.269289508883802707e-08
-5.813573615479453042e-08
-4.909979053293764112e-08
-4.765578646452107190e-08
-3.740269332059521964e-08
-3.066621398005811820e-08
-2.636780746994106200e-08
-2.585452091824007040e-08
-2.680477828236934465e-08
-2.570066631365414545e-08
-2.314713128092871495e-08
-2.087362581177909361e-08
-1.884713018006294060e-08
-1.703802702078920486e-08
-1.484321689916697515e-08
-1.238699446649903323e-08
-1.038204465857049121e-08
-9.211368894099989388e-09
-8.971422008685390063e-09
-9.211993202284622743e-09
-9.493541307593345842e-09
-9.542186157026031717e-09
-9.197179849888219601e-09
-8.163272512094579190e-09
-6.593580518906679126e-09
-4.925289005213031755e-09
-3.453866999472021845e-09
-2.371932452448904654e-09
-1.797759109592140576e-09
-1.539638362537507021e-09
-1.342573734163110188e-09
-1.190560847930524320e-09
-1.071161256437905592e-09
-9.747360650639342717e-10
-8.938472951361776232e-10
-8.227887969631458014e-10
-7.622125189574988501e-10
-7.131175052211320183e-10
-6.720472779594904459e-10
-6.362858525077364789e-10
-6.037126022874676660e-10
-5.726855342293882820e-10
-5.419472368364548653e-10
-5.105489735863851881e-10
-4.787306326012372240e-10
-4.476194230896695167e-10
-4.176891916135804375e-10
-3.892981400213653270e-10
-3.627102770578541029e-10
-3.381130697799735349e-10
-3.156319784371732945e-10
-2.953424308189037966e-10
-2.772796893555422534e-10
-2.617201381059224590e-10
-2.484460850465797172e-10
-2.368189333990352239e-10
-2.263082915171075079e-10
-2.164756604065995837e-10
-2.069605616390402524e-10
-1.974687291529249389e-10
-1.877620492231156010e-10
-1.776499833433535717e-10
-1.669822507538719324e-10
-1.556425823544633288e-10
-1.427486630995460769e-10
-1.279861199766771239e-10
-1.120275206919773110e-10
-9.544365109162042752e-11
-7.871683744250440816e-11
-6.225254589715243497e-11
-4.638948891369289567e-11
-3.140843629308549072e-11
-1.753990111437305422e-11
-4.970847460486327468e-12
6.149453181741671060e-12
1.570430710789261136e-11
2.360513014048310741e-11
3.051597385568952503e-11
3.709733903253876676e-11
4.328371455002978350e-11
4.902124734318792880e-11
5.426628869505109820e-11
5.898411093465109113e-11
6.314777432410931076e-11
6.673712640953736897e-11
6.973791827984231933e-11
7.214102406866907608e-11
7.394175168510255978e-11
7.513923420060670054e-11
7.573589258070752662e-11
7.573696155392941862e-11
7.515007137799301762e-11
7.398487911199542586e-11
7.144400035654057356e-11
6.702702114120469956e-11
6.115331817649394346e-11
5.419664243391228360e-11
4.648947303698337962e-11
3.832695833907644867e-11
2.997048471647196382e-11
2.165090942153689361e-11
1.357149011382230478e-11
5.910540363520034242e-12
-1.176162544057381571e-12
-7.553193823332111702e-12
-1.310350011090876069e-11
-1.772660190221829757e-11
-2.133696220555436438e-11
-2.386250581599261734e-11
-2.524327513538956728e-11
-2.543020983187812356e-11
-2.493455653517188598e-11
-2.430256449151225447e-11
-2.354464650998543097e-11
-2.267054784240614809e-11
-2.168938981067017251e-11
-2.060971039540409855e-11
-1.943950201405430556e-11
-1.818624669807397991e-11
-1.685694886199517075e-11
-1.545816584176461909e-11
-1.399603636563556153e-11
-1.247630710802743011e-11
-1.090435746497597326e-11
-9.285222679001046996e-12
-7.623615431327706279e-12
-5.923946010329596149e-12
-4.190341156740368819e-12
-2.426661678546848118e-12
-6.365189214629291348e-13
1.176709825564127728e-12
3.009866916282634148e-12
4.860000856425471524e-12
7.162667426811011321e-12
1.025737045452916060e-11
1.400602330576120676e-11
1.828160905302957842e-11
2.296740575584322581e-11
2.795626562343709543e-11
3.314994417370153404e-11
3.845847579760908081e-11
4.379959240990279682e-11
4.909818211651815496e-11
5.428578505907763739e-11
5.930012380841668404e-11
6.408466587406100728e-11
6.858821607626573910e-11
7.276453669285663723e-11
7.657199344593840014e-11
7.997322553450803679e-11
8.293483804918917977e-11
8.542711522548046963e-11
8.742375310297387457e-11
8.890161026063238110e-11
8.984047539309087686e-11
9.022285058073472822e-11
9.003374918749744058e-11
8.926050739549331263e-11
8.783566587077133994e-11
8.575985279580808327e-11
8.311959778072590343e-11
7.999562285926252940e-11
7.646318720600718418e-11
7.259241142138384109e-11
6.844858264354287411e-11
5.958045315094505470e-11
5.496506000156681908e-11
5.029492280169728407e-11
4.561514528055154802e-11
4.096748661396522405e-11
3.639056136438677673e-11
3.192002779918202944e-11
2.758876528173834321e-11
1.946266934696391549e-11
1.572115641266009659e-11
1.222584364576617057e-11
8.998037667183558587e-12
6.057134821060761570e-12
3.420738202674797153e-12
1.104767966075921561e-12
-2.510009541466972688e-12
-3.784484865229355158e-12
-4.689690403035115713e-12
-5.216675202904563132e-12
-5.257318554432312845e-12
-5.071765866987427703e-12
-4.810446629640290210e-12
-4.482295009452073646e-12
-4.095732166809676012e-12
-3.178646714775228242e-12
-2.662628322534331081e-12
-2.117252740152269468e-12
-9.629342038262340041e-13
-3.653231208965860804e-13
2.389442747321386660e-13
8.450403333028857688e-13
2.044917515978033470e-12
2.630507198909900217e-12
3.201513872359146299e-12
4.286211943813915738e-12
4.793694923928720287e-12
5.274154540285137613e-12
6.143867954035008213e-12
6.528518833995815609e-12
7.187196343472941771e-12
7.457618345288842238e-12
7.686606853357890320e-12
8.014642137471667336e-12
8.111187000026612132e-12
8.163961988091948518e-12
8.118372289145460529e-12
7.732401166988915228e-12
7.371724307599367735e-12
6.913472950066256956e-12
5.743828238214898483e-12
5.051020010253828232e-12
3.492493225863950203e-12
2.642719976187311805e-12
8.390364490198075317e-13
-1.012416644298652985e-13
-2.027201531958314153e-12
-3.001277595440275662e-12
-4.944894937505305557e-12
-6.850144982925767329e-12
-7.777254377552091606e-12
-9.560343014322042364e-12
-1.040897114182468813e-11
-1.200361949296353583e-11
-1.344141018922903960e-11
-1.409466013414324021e-11
-1.525772791029697151e-11
-1.576316936679936434e-11
-1.661204235612097751e-11
-1.723341538235407473e-11
-1.745496352694550637e-11
-1.771317484783544778e-11
-1.771734103540419404e-11
-1.762171403449863730e-11
-1.730410481307466444e-11
-1.687853989339552305e-11
-1.636299090716527762e-11
-1.607668411681372192e-11
-1.545667320819472287e-11
-1.478541283628675235e-11
-1.407618158557593065e-11
-1.371116506791187319e-11
-1.296742447812130813e-11
-1.221414052207809172e-11
-1.146097928309990835e-11
-1.071673725245264531e-11
-1.035048766836213703e-11
-9.634369651897984164e-12
-8.945760396506973662e-12
-8.290880838786675796e-12
-7.675333053761227722e-12
-7.104145685780674512e-12
-6.581816206406938488e-12
-6.112350225047306037e-12
-5.699298061322086176e-12
-5.345788772700384667e-12
-5.054561816680487672e-12
-4.827996513645275212e-12
-4.668139464388997015e-12
-4.576730065109157937e-12
-4.671488847569459080e-12
-5.042857083237505705e-12
-5.653479635646537504e-12
-6.468588137250045387e-12
-7.455842430103126859e-12
-8.585181711871295636e-12
-9.828684769614694754e-12
-1.116043872525591599e-11
-1.255641575515316103e-11
-1.399435728197650005e-11
-1.545366517034940235e-11
-1.691529948862793280e-11
-1.907403902818419584e-11
-2.046756400462387254e-11
-2.180771048645169282e-11
-2.308134167577106404e-11
-2.427641704916570796e-11
-2.589791288905127537e-11
-2.685050935468006965e-11
-2.769008967344422939e-11
-2.840875654611080985e-11
-2.924464420858859659e-11
-2.963139058590848729e-11
-2.987530943885023496e-11
-2.996301639986487435e-11
-2.983004799015379509e-11
-2.956018629847763241e-11
-2.913174740497475574e-11
-2.885052721396675709e-11
-2.843517680289006423e-11
-2.816252278264765577e-11
-2.789320785153602474e-11
-2.749538974792762003e-11
-2.723421077776951800e-11
-2.684837469771684107e-11
-2.659503848537186590e-11
-2.622075318953299502e-11
-2.597497786718817136e-11
-2.561182884392907276e-11
-2.525516936895363865e-11
-2.502093241882372255e-11
-2.467477939928618196e-11
-2.444742087501800910e-11
-2.411140067565600554e-11
-2.378128696770894393e-11
-2.356443014119303758e-11
-2.324388181299001237e-11
-2.292891031902238140e-11
-2.272196905600437262e-11
-2.241603092411941846e-11
-2.211536056247377933e-11
-2.181984711754187477e-11
-2.162564956662358522e-11
-2.092756936289838550e-11
-1.948950216373917648e-11
-1.742036846153508931e-11
-1.482094228710398421e-11
-1.283969025149974785e-11
-9.559951135884264356e-12
-5.982807934786694161e-12
-2.183510092381206025e-12
1.768611826292704287e-12
5.809753800541909658e-12
9.881271597953982968e-12
1.392933787511277978e-11
1.790462153503402937e-11
2.176198785398731087e-11
2.546021799471546779e-11
2.896174661965540060e-11
3.223241640722572682e-11
3.524124835716259991e-11
3.879770045748302481e-11
4.109137466996050865e-11
4.304024395560676049e-11
4.462478864224577645e-11
4.582766921735468576e-11
4.663357526631019119e-11
4.706765618361196518e-11
4.689810460832520339e-11
4.624292607905724668e-11
4.441961107159915294e-11
4.242477407256453906e-11
3.997144586578032298e-11
3.610120637940179573e-11
3.282874084081046264e-11
2.930268947646363866e-11
2.429783312701612497e-11
2.037992449231443878e-11
1.502260305197849200e-11
1.095822097345501553e-11
5.549568447713192214e-12
1.546256179745567415e-12
-3.659730126034151328e-12
-7.427446372795024616e-12
-1.221788687296304186e-11
-1.668928621065738945e-11
-1.980213354445010053e-11
-2.359408059676769756e-11
-2.693779266310316773e-11
-2.912868965359433094e-11
-3.160042761144747600e-11
-3.353127437862198728e-11
-3.489513198484546120e-11
-3.566945825834783602e-11
-3.585161710091624208e-11
-3.555635889935374529e-11
-3.479646205073070110e-11
-3.368062281494680261e-11
-3.226071580458981185e-11
-3.058487234182294731e-11
-2.869771859787343479e-11
-2.664059862383270620e-11
-2.445178326858755989e-11
-2.216666591047518642e-11
-1.981794586514157101e-11
-1.743580027264768882e-11
-1.504804521179658260e-11
-1.209427342151193231e-11
-9.784380868319122763e-12
-7.544737406975972901e-12
-5.394699748915415040e-12
-2.859961330419352766e-12
-9.738531669694906487e-13
7.706994916867440194e-13
2.732664783647352303e-12
4.113136404418398493e-12
5.314300049731424505e-12
6.549667456781133404e-12
7.315232896955635850e-12
7.982211148427996187e-12
8.276389747626012134e-12
8.336323636959627952e-12
8.231502492697357175e-12
8.063005498288100264e-12
7.855286236401501716e-12
7.662524671427759356e-12
7.390303869884327289e-12
7.085412900789311912e-12
6.819399442194655369e-12
6.460945339541528992e-12
6.075454687593975681e-12
5.664742342940590738e-12
5.230528106206965046e-12
4.774441723202789557e-12
4.298027606957330750e-12
3.903246453409804006e-12
3.393878886842813726e-12
2.868090998167238698e-12
2.217238375104782763e-12
1.659663908843078592e-12
1.089469470557036328e-12
5.077141775961566895e-13
-8.459865556427583711e-14
-6.865186686467588586e-13
-1.420240203747240790e-12
-2.040194649331482435e-12
-2.667040474715156019e-12
-3.300021904445549516e-12
-4.109882693904636319e-12
-5.003999933281153146e-12
-6.337953809275231787e-12
-7.632402568427153730e-12
-9.364119565543709653e-12
-1.092607520253037203e-11
-1.290789649452446618e-11
-1.462348301351755729e-11
-1.672904502519410032e-11
-1.885561617857575012e-11
-2.062261478783029533e-11
-2.271352901508621683e-11
-2.474900517849311933e-11
-2.670653036895309840e-11
-2.856566375996138131e-11
-3.030789136825001718e-11
-3.191649056879059322e-11
-3.337640369490154986e-11
-3.467412010221558241e-11
-3.579756611964193586e-11
-3.673600235149756034e-11
-3.747992783293591483e-11
-3.802099057593889752e-11
-3.835190407564941768e-11
-3.846636937693925330e-11
-3.831921041003458585e-11
-3.794662913021578790e-11
-3.731778229878557230e-11
-3.627749652195179226e-11
-3.515993005557097866e-11
-3.363467152610997195e-11
-3.216932030222498889e-11
-3.031164326989965215e-11
-2.861972101154296388e-11
-2.656062488892021495e-11
-2.444060613857244268e-11
-2.228945706664364268e-11
-2.044160136205910550e-11
-1.830332939874164844e-11
-1.620592866242585084e-11
-1.417050524080242090e-11
-1.221627526680687966e-11
-1.036069500995399504e-11
-8.619582367831632283e-12
-7.007230339096614097e-12
-5.536513018211534228e-12
-4.218984614108467342e-12
-3.064971959752317987e-12
-1.958058196827866163e-12
-1.184012022955720332e-12
-5.988781443047225533e-13
-1.692632218743934679e-13
-8.414265926721711111e-15
0.000000000000000000e+00
0.000000000000000000e+00
0.000000000000000000e+00
0.000000000000000000e+00
0.000000000000000000e+00
0.000000000000000000e+00
0.000000000000000000e+00
0.000000000000000000e+00
0.000000000000000000e+00
0.000000000000000000e+00
0.000000000000000000e+00
0.000000000000000000e+00
0.000000000000000000e+00
0.000000000000000000e+00
0.000000000000000000e+00
0.000000000000000000e+00
0.000000000000000000e+00
0.000000000000000000e+00
0.000000000000000000e+00
0.000000000000000000e+00
0.000000000000000000e+00
0.000000000000000000e+00
0.000000000000000000e+00
0.000000000000000000e+00
0.000000000000000000e+00
0.000000000000000000e+00
0.000000000000000000e+00
0.000000000000000000e+00
0.000000000000000000e+00
0.000000000000000000e+00
0.000000000000000000e+00
0.000000000000000000e+00
0.000000000000000000e+00
0.000000000000000000e+00
0.000000000000000000e+00
0.000000000000000000e+00
0.000000000000000000e+00
0.000000000000000000e+00
0.000000000000000000e+00
0.000000000000000000e+00
0.000000000000000000e+00
0.000000000000000000e+00
0.000000000000000000e+00
0.000000000000000000e+00
0.000000000000000000e+00
0.000000000000000000e+00
0.000000000000000000e+00
0.000000000000000000e+00
0.000000000000000000e+00
0.000000000000000000e+00
0.000000000000000000e+00
0.000000000000000000e+00
0.000000000000000000e+00
0.000000000000000000e+00
0.000000000000000000e+00
0.000000000000000000e+00
0.000000000000000000e+00
0.000000000000000000e+00
0.000000000000000000e+00
0.000000000000000000e+00
0.000000000000000000e+00
0.000000000000000000e+00
0.000000000000000000e+00
0.000000000000000000e+00
0.000000000000000000e+00
0.000000000000000000e+00
0.000000000000000000e+00
0.000000000000000000e+00
0.000000000000000000e+00
0.000000000000000000e+00
0.000000000000000000e+00
0.000000000000000000e+00
0.000000000000000000e+00
0.000000000000000000e+00
0.000000000000000000e+00
0.000000000000000000e+00
0.000000000000000000e+00
0.000000000000000000e+00
0.000000000000000000e+00
0.000000000000000000e+00
0.000000000000000000e+00
0.000000000000000000e+00
0.000000000000000000e+00
0.000000000000000000e+00
0.000000000000000000e+00
0.000000000000000000e+00
0.000000000000000000e+00
0.000000000000000000e+00
0.000000000000000000e+00
0.000000000000000000e+00
0.000000000000000000e+00
0.000000000000000000e+00
0.000000000000000000e+00
0.000000000000000000e+00
0.000000000000000000e+00
0.000000000000000000e+00
0.000000000000000000e+00
0.000000000000000000e+00
0.000000000000000000e+00
0.000000000000000000e+00
0.000000000000000000e+00
0.000000000000000000e+00
0.000000000000000000e+00
0.000000000000000000e+00
0.000000000000000000e+00
0.000000000000000000e+00
0.000000000000000000e+00
0.000000000000000000e+00
0.000000000000000000e+00
0.000000000000000000e+00
0.000000000000000000e+00
0.000000000000000000e+00
0.000000000000000000e+00
0.000000000000000000e+00
0.000000000000000000e+00
0.000000000000000000e+00
0.000000000000000000e+00
0.000000000000000000e+00
0.000000000000000000e+00
0.000000000000000000e+00
0.000000000000000000e+00
0.000000000000000000e+00
0.000000000000000000e+00
0.000000000000000000e+00
0.000000000000000000e+00
0.000000000000000000e+00
0.000000000000000000e+00
0.000000000000000000e+00
0.000000000000000000e+00
0.000000000000000000e+00
0.000000000000000000e+00
0.000000000000000000e+00
0.000000000000000000e+00
0.000000000000000000e+00
0.000000000000000000e+00
0.000000000000000000e+00
0.000000000000000000e+00
0.000000000000000000e+00
0.000000000000000000e+00
0.000000000000000000e+00
0.000000000000000000e+00
0.000000000000000000e+00
0.000000000000000000e+00
0.000000000000000000e+00
0.000000000000000000e+00
0.000000000000000000e+00
0.000000000000000000e+00
0.000000000000000000e+00
0.000000000000000000e+00
0.000000000000000000e+00
0.000000000000000000e+00
0.000000000000000000e+00
0.000000000000000000e+00
0.000000000000000000e+00
0.000000000000000000e+00
0.000000000000000000e+00
0.000000000000000000e+00
0.000000000000000000e+00
0.000000000000000000e+00
0.000000000000000000e+00
0.000000000000000000e+00
0.000000000000000000e+00
0.000000000000000000e+00
0.000000000000000000e+00
0.000000000000000000e+00
0.000000000000000000e+00
0.000000000000000000e+00
0.000000000000000000e+00
0.000000000000000000e+00
0.000000000000000000e+00
0.000000000000000000e+00
0.000000000000000000e+00
0.000000000000000000e+00
0.000000000000000000e+00
0.000000000000000000e+00
0.000000000000000000e+00
0.000000000000000000e+00
0.000000000000000000e+00
0.000000000000000000e+00
0.000000000000000000e+00
0.000000000000000000e+00
0.000000000000000000e+00
0.000000000000000000e+00
0.000000000000000000e+00
0.000000000000000000e+00
0.000000000000000000e+00
0.000000000000000000e+00
0.000000000000000000e+00
0.000000000000000000e+00
0.000000000000000000e+00
0.000000000000000000e+00
0.000000000000000000e+00
0.000000000000000000e+00
0.000000000000000000e+00
0.000000000000000000e+00
0.000000000000000000e+00
0.000000000000000000e+00
0.000000000000000000e+00
0.000000000000000000e+00
0.000000000000000000e+00
0.000000000000000000e+00
0.000000000000000000e+00
0.000000000000000000e+00
0.000000000000000000e+00
0.000000000000000000e+00
0.000000000000000000e+00
0.000000000000000000e+00
0.000000000000000000e+00
0.000000000000000000e+00
0.000000000000000000e+00
0.000000000000000000e+00
0.000000000000000000e+00
0.000000000000000000e+00
0.000000000000000000e+00
0.000000000000000000e+00
0.000000000000000000e+00
0.000000000000000000e+00
0.000000000000000000e+00
0.000000000000000000e+00
0.000000000000000000e+00
0.000000000000000000e+00
0.000000000000000000e+00
0.000000000000000000e+00
0.000000000000000000e+00
0.000000000000000000e+00
0.000000000000000000e+00
0.000000000000000000e+00
0.000000000000000000e+00
0.000000000000000000e+00
0.000000000000000000e+00
0.000000000000000000e+00
0.000000000000000000e+00
0.000000000000000000e+00
0.000000000000000000e+00
0.000000000000000000e+00
0.000000000000000000e+00
0.000000000000000000e+00
0.000000000000000000e+00
0.000000000000000000e+00
0.000000000000000000e+00
0.000000000000000000e+00
0.000000000000000000e+00
0.000000000000000000e+00
0.000000000000000000e+00
0.000000000000000000e+00
0.000000000000000000e+00
0.000000000000000000e+00
0.000000000000000000e+00
0.000000000000000000e+00
0.000000000000000000e+00
0.000000000000000000e+00
0.000000000000000000e+00
0.000000000000000000e+00
0.000000000000000000e+00
0.000000000000000000e+00
0.000000000000000000e+00
0.000000000000000000e+00
0.000000000000000000e+00
0.000000000000000000e+00
0.000000000000000000e+00
0.000000000000000000e+00
0.000000000000000000e+00
0.000000000000000000e+00
0.000000000000000000e+00
0.000000000000000000e+00
0.000000000000000000e+00
0.000000000000000000e+00
0.000000000000000000e+00
0.000000000000000000e+00
0.000000000000000000e+00
0.000000000000000000e+00
0.000000000000000000e+00
0.000000000000000000e+00
0.000000000000000000e+00
0.000000000000000000e+00
0.000000000000000000e+00
0.000000000000000000e+00
0.000000000000000000e+00
0.000000000000000000e+00
0.000000000000000000e+00
0.000000000000000000e+00
0.000000000000000000e+00
0.000000000000000000e+00
0.000000000000000000e+00
0.000000000000000000e+00
0.000000000000000000e+00
0.000000000000000000e+00
0.000000000000000000e+00
0.000000000000000000e+00
0.000000000000000000e+00
0.000000000000000000e+00
0.000000000000000000e+00
0.000000000000000000e+00
0.000000000000000000e+00
0.000000000000000000e+00
0.000000000000000000e+00
0.000000000000000000e+00
0.000000000000000000e+00
0.000000000000000000e+00
0.000000000000000000e+00
0.000000000000000000e+00
0.000000000000000000e+00
0.000000000000000000e+00
0.000000000000000000e+00
0.000000000000000000e+00
0.000000000000000000e+00
0.000000000000000000e+00
0.000000000000000000e+00
0.000000000000000000e+00
0.000000000000000000e+00
0.000000000000000000e+00
0.000000000000000000e+00
0.000000000000000000e+00
0.000000000000000000e+00
0.000000000000000000e+00
0.000000000000000000e+00
0.000000000000000000e+00
0.000000000000000000e+00
0.000000000000000000e+00
0.000000000000000000e+00
0.000000000000000000e+00
0.000000000000000000e+00
0.000000000000000000e+00
0.000000000000000000e+00
0.000000000000000000e+00
0.000000000000000000e+00
0.000000000000000000e+00
0.000000000000000000e+00
0.000000000000000000e+00
0.000000000000000000e+00
0.000000000000000000e+00
0.000000000000000000e+00
0.000000000000000000e+00
0.000000000000000000e+00
0.000000000000000000e+00
0.000000000000000000e+00
0.000000000000000000e+00
0.000000000000000000e+00
0.000000000000000000e+00
0.000000000000000000e+00
0.000000000000000000e+00
0.000000000000000000e+00
0.000000000000000000e+00
0.000000000000000000e+00
0.000000000000000000e+00
0.000000000000000000e+00
0.000000000000000000e+00
0.000000000000000000e+00
0.000000000000000000e+00
0.000000000000000000e+00
0.000000000000000000e+00
0.000000000000000000e+00
0.000000000000000000e+00
0.000000000000000000e+00
0.000000000000000000e+00
0.000000000000000000e+00
0.000000000000000000e+00
0.000000000000000000e+00
0.000000000000000000e+00
0.000000000000000000e+00
0.000000000000000000e+00
0.000000000000000000e+00
0.000000000000000000e+00
0.000000000000000000e+00
0.000000000000000000e+00
0.000000000000000000e+00
0.000000000000000000e+00
0.000000000000000000e+00
0.000000000000000000e+00
0.000000000000000000e+00
0.000000000000000000e+00
0.000000000000000000e+00
0.000000000000000000e+00
0.000000000000000000e+00
0.000000000000000000e+00
0.000000000000000000e+00
0.000000000000000000e+00
0.000000000000000000e+00
0.000000000000000000e+00
0.000000000000000000e+00
0.000000000000000000e+00
0.000000000000000000e+00
0.000000000000000000e+00
0.000000000000000000e+00
0.000000000000000000e+00
0.000000000000000000e+00
0.000000000000000000e+00
0.000000000000000000e+00
0.000000000000000000e+00
0.000000000000000000e+00
0.000000000000000000e+00
0.000000000000000000e+00
0.000000000000000000e+00
0.000000000000000000e+00
0.000000000000000000e+00
0.000000000000000000e+00
0.000000000000000000e+00
0.000000000000000000e+00
0.000000000000000000e+00
0.000000000000000000e+00
0.000000000000000000e+00
0.000000000000000000e+00
0.000000000000000000e+00
0.000000000000000000e+00
0.000000000000000000e+00
0.000000000000000000e+00
0.000000000000000000e+00
0.000000000000000000e+00
0.000000000000000000e+00
0.000000000000000000e+00
0.000000000000000000e+00
0.000000000000000000e+00
0.000000000000000000e+00
0.000000000000000000e+00
0.000000000000000000e+00
0.000000000000000000e+00
0.000000000000000000e+00
0.000000000000000000e+00
0.000000000000000000e+00
0.000000000000000000e+00
0.000000000000000000e+00
0.000000000000000000e+00
0.000000000000000000e+00
0.000000000000000000e+00
0.000000000000000000e+00
0.000000000000000000e+00
0.000000000000000000e+00
0.000000000000000000e+00
0.000000000000000000e+00
0.000000000000000000e+00
0.000000000000000000e+00
0.000000000000000000e+00
0.000000000000000000e+00
0.000000000000000000e+00
0.000000000000000000e+00
0.000000000000000000e+00
0.000000000000000000e+00
0.000000000000000000e+00
0.000000000000000000e+00
0.000000000000000000e+00
0.000000000000000000e+00
0.000000000000000000e+00
0.000000000000000000e+00
0.000000000000000000e+00
0.000000000000000000e+00
0.000000000000000000e+00
0.000000000000000000e+00
0.000000000000000000e+00
0.000000000000000000e+00
0.000000000000000000e+00
0.000000000000000000e+00
0.000000000000000000e+00
0.000000000000000000e+00
0.000000000000000000e+00
0.000000000000000000e+00
0.000000000000000000e+00
0.000000000000000000e+00
0.000000000000000000e+00
0.000000000000000000e+00
0.000000000000000000e+00
0.000000000000000000e+00
0.000000000000000000e+00
0.000000000000000000e+00
0.000000000000000000e+00
0.000000000000000000e+00
0.000000000000000000e+00
0.000000000000000000e+00
0.000000000000000000e+00
0.000000000000000000e+00
0.000000000000000000e+00
0.000000000000000000e+00
0.000000000000000000e+00
0.000000000000000000e+00
0.000000000000000000e+00
0.000000000000000000e+00
0.000000000000000000e+00
0.000000000000000000e+00
0.000000000000000000e+00
0.000000000000000000e+00
0.000000000000000000e+00
0.000000000000000000e+00
0.000000000000000000e+00
0.000000000000000000e+00
0.000000000000000000e+00
0.000000000000000000e+00
0.000000000000000000e+00
0.000000000000000000e+00
0.000000000000000000e+00
0.000000000000000000e+00
0.000000000000000000e+00
0.000000000000000000e+00
0.000000000000000000e+00
0.000000000000000000e+00
0.000000000000000000e+00
0.000000000000000000e+00
0.000000000000000000e+00
0.000000000000000000e+00
0.000000000000000000e+00
0.000000000000000000e+00
0.000000000000000000e+00
0.000000000000000000e+00
0.000000000000000000e+00
0.000000000000000000e+00
0.000000000000000000e+00
0.000000000000000000e+00
0.000000000000000000e+00
0.000000000000000000e+00
0.000000000000000000e+00
0.000000000000000000e+00
0.000000000000000000e+00
0.000000000000000000e+00
0.000000000000000000e+00
0.000000000000000000e+00
0.000000000000000000e+00
0.000000000000000000e+00
0.000000000000000000e+00
nan
