# bin_19_12
-8.238346981319160323e-09
-3.942921213619894232e-09
-2.493621552280544389e-09
-1.278323614636139235e-09
-1.587792217434305065e-09
1.728913797228075943e-10
-8.568851847934551525e-10
1.840029832935768396e-09
-3.918836302099889847e-10
8.631257450022453451e-10
3.597085047860499421e-10
2.022040475161712078e-09
-1.399109016009011658e-09
-1.570343595362593139e-09
-1.474365620203346510e-09
-4.063050621546964454e-10
9.860045129391678663e-10
1.476878010246034531e-09
9.426533576406334860e-10
1.408457401575725623e-10
-4.657834026787040245e-10
-6.542102209554923583e-10
-5.196097820213088637e-10
-3.092436916431425951e-10
-1.055046013110019813e-10
4.439303179401227880e-11
1.639450387556070054e-10
2.758186620052806180e-10
3.593040984918966674e-10
4.028900660648559394e-10
4.011805719170603562e-10
2.017376156371962437e-10
-2.160965453735474214e-10
-7.023020369703107306e-10
-1.154259177392364994e-09
-1.503881859301862866e-09
-1.708161059424639005e-09
-1.810636117022606552e-09
-1.876268951265254484e-09
-1.908567603394806534e-09
-1.910917782363018736e-09
-1.886531749941253052e-09
-1.838418956769472242e-09
-1.769371834654768383e-09
-1.626742795021606837e-09
-1.395049039167878968e-09
-1.122444637454794510e-09
-8.456860220730919994e-10
-5.924496367755359303e-10
-3.831874574829222807e-10
-2.326147403829577480e-10
-1.509043042661888604e-10
-1.102484577321690464e-10
-7.721676518251977334e-11
-5.083889830676835005e-11
-3.026602195746229542e-11
-1.475468975915757951e-11
-3.653039774682931557e-12
3.611064430690187039e-12
7.540243120450381802e-12
8.576407510112391209e-12
6.479542833713436653e-12
1.371715242859375297e-12
-5.917980093787007089e-12
-1.469570363287116207e-11
-2.438295801922226763e-11
-3.449960735494854817e-11
-4.464938173161412317e-11
-5.450749122140328573e-11
-6.381003307539054339e-11
-7.234492549222046551e-11
-7.994414274581146056e-11
-8.791363017069251773e-11
-9.715735714753638299e-11
-1.070211030108818123e-10
-1.169551531939987363e-10
-1.265002979914453823e-10
-1.352756660400452507e-10
-1.429681457056543716e-10
-1.493231822644537998e-10
-1.541367683364214821e-10
-1.572484702650100651e-10
-1.585353547093134718e-10
-1.579066981832549832e-10
-1.552993781103474825e-10
-1.509155733728486410e-10
-1.452054757512304531e-10
-1.384662432399294207e-10
-1.309585906088746269e-10
-1.229107902329462315e-10
-1.145222336296438324e-10
-1.059666037702168138e-10
-9.739470222591491534e-11
-8.893696996831253397e-11
-8.070573605884960221e-11
-7.279722445028196723e-11
-6.529334560641802384e-11
-5.826329656150152553e-11
-5.176499033104972932e-11
-4.584633320364544153e-11
-4.054636634637219519e-11
-3.542123225543037388e-11
-3.008833047304960138e-11
-2.466148212020709305e-11
-1.924090516167435893e-11
-1.391455914151063926e-11
-8.759360037487362847e-12
-3.842278132226265775e-12
7.786695429699740262e-13
5.053521830149988025e-12
8.939561835589663310e-12
1.240058274167192220e-11
1.540622353914234427e-11
1.793136793583898395e-11
1.995560037446416359e-11
2.146271369716224266e-11
2.244026353647909713e-11
2.287916499772654789e-11
2.277332763301386482e-11
2.193070497097486107e-11
2.025508015687073165e-11
1.787683951998005828e-11
1.491475240075647950e-11
1.147690267893715033e-11
7.661545357591304210e-12
3.557894478949408628e-12
-7.531519066089381909e-13
-5.198344499583906760e-12
-9.711468475360637767e-12
-1.423277782380499121e-11
-1.870847433068677606e-11
-2.309022756848528147e-11
-2.733473257445019314e-11
-3.140330217609471551e-11
-3.526149118125666663e-11
-3.887874988390814272e-11
-4.222810455014680393e-11
-4.528586274325439121e-11
-4.803134152409723501e-11
-5.044661672503188715e-11
-5.251629164334361937e-11
-5.444098013093937430e-11
-5.641230762448921498e-11
-5.840495184824295257e-11
-6.039583966911584695e-11
-6.236398354092943369e-11
-6.429032955482667289e-11
-6.615761624837422783e-11
-6.795024339079938658e-11
-6.965415002148458623e-11
-7.125670107370153092e-11
-7.274658196604821539e-11
-7.411370059049171424e-11
-7.534909616868270162e-11
-7.644485448760153593e-11
-7.739402906187844427e-11
-7.819056780359719043e-11
-7.882924481123769230e-11
-7.930559691788519246e-11
-7.961586466509781146e-11
-7.975693739308562366e-11
-7.972630216025947439e-11
-7.952199622590289840e-11
-7.914256284886408271e-11
-7.858701017285169612e-11
-7.785477298528663187e-11
-7.703876893614989614e-11
-7.623204008080211019e-11
-7.543450490139982640e-11
-7.464608030209347569e-11
-7.386668179641805256e-11
-7.309622368203295151e-11
-7.233461920361170456e-11
-7.083761976876670728e-11
-7.010204735153187695e-11
-6.937497390280650166e-11
-6.865630948079819521e-11
-6.794596385799329507e-11
-6.724384661959545245e-11
-6.654986725492482483e-11
-6.586393524221993441e-11
-6.451585159617564364e-11
-6.385351954287230307e-11
-6.319887413130775709e-11
-6.255182585304357115e-11
-6.191228558031088848e-11
-6.128016461489180235e-11
-6.065537473307783729e-11
-5.942743794223454261e-11
-5.882411731288793159e-11
-5.822778039272361561e-11
-5.763834188416500692e-11
-5.631584628305836734e-11
-5.527814557299531017e-11
-5.397624335206058622e-11
-5.244184645114229757e-11
-5.070483740717466491e-11
-4.673394058977119746e-11
-4.455150390432375988e-11
-4.226951949828203990e-11
-3.749379472132246831e-11
-3.504022630343181152e-11
-3.256758619727926039e-11
-3.009298028071340620e-11
-2.520092811707653977e-11
-2.281249022032448962e-11
-2.048020563848284843e-11
-1.603210238872125390e-11
-1.393824433656072255e-11
-1.194454449445465638e-11
-8.293435028647122732e-12
-6.652281271441316668e-12
-3.774815800922444378e-12
-2.551213565232568159e-12
-1.478625804097122641e-12
1.936564826071089627e-13
7.845579011031117279e-13
1.457043083849751300e-12
1.532255521814679344e-12
1.046738175427153562e-12
4.868744574182993878e-13
-2.613257925613553473e-13
-2.258355963828734563e-12
-3.476886230896842938e-12
-6.283566540833515324e-12
-7.845562285072310581e-12
-1.122616802461948408e-11
-1.302226455344042117e-11
-1.677387926126048640e-11
-1.871008148549581875e-11
-2.265860194476819402e-11
-2.665429444277839221e-11
-2.865103547381687331e-11
-3.260814319410417836e-11
-3.455593948204627744e-11
-3.836114404182714230e-11
-4.201103771930426309e-11
-4.376580502069137012e-11
-4.711351789618028447e-11
-4.869864920747688499e-11
-5.167372096906218840e-11
-5.436748498212854087e-11
-5.560175981674320375e-11
-5.783255166715007148e-11
-5.973168588110644918e-11
-6.055200951474912177e-11
-6.213804878367477906e-11
-6.377249395689295105e-11
-6.542989647927120496e-11
-6.625989766370238566e-11
-6.790908131609823770e-11
-6.952743918463751078e-11
-7.109695712649402305e-11
-7.185826082606167145e-11
-7.332458821673318287e-11
-7.470451433976538597e-11
-7.598566985315745866e-11
-7.715703047991017070e-11
-7.769843481389013488e-11
-7.868712232308302890e-11
-7.954367867601977378e-11
-8.026102090705938609e-11
-8.083300133188979427e-11
-8.125433380190824564e-11
-8.152052528277085808e-11
-8.162781237090444933e-11
-8.157310239084164045e-11
-8.135391874298752874e-11
-8.096835019609471567e-11
-8.041500384144483439e-11
-7.969296144669227292e-11
-7.880173896665958477e-11
-7.779936791997157061e-11
-7.674629816710204034e-11
-7.564584699524065348e-11
-7.450116657491644198e-11
-7.331525219635584723e-11
-7.209095007003351707e-11
-7.083096471624450287e-11
-6.953786596699978027e-11
-6.821409560212109970e-11
-6.686197364008036869e-11
-6.548370430288241324e-11
-6.408138167313034915e-11
-6.193712202897805060e-11
-6.048315267152317808e-11
-5.901166700025881484e-11
-5.752432604552441657e-11
-5.602270702282251044e-11
-5.374676186934065094e-11
-5.221583377494588250e-11
-5.067554420663624344e-11
-4.912714025693113817e-11
-4.679189112872022491e-11
-4.522824469351455486e-11
-4.366036428980342338e-11
-4.130273917736738212e-11
-3.972845863722685970e-11
-3.797593201265423331e-11
-3.311395358787177803e-11
-2.842490906755490089e-11
-1.957744029229539502e-11
-1.266299732014301893e-11
-5.079691467935725482e-12
7.299751862302640012e-12
1.606744542776539438e-11
2.974602544290010728e-11
3.908471171150489158e-11
5.321430664165450306e-11
6.260361771016725178e-11
7.646653812150435368e-11
8.987296599114990598e-11
9.845979841238891835e-11
1.106820298106591283e-10
1.183214792979873621e-10
1.289085299378999473e-10
1.383316440194803049e-10
1.439082131569087625e-10
1.511362255149522362e-10
1.569165307870701978e-10
1.599244682563906500e-10
1.631137720446527337e-10
1.646595227301435366e-10
1.645071806114144367e-10
1.634393987440034480e-10
1.608034054781901371e-10
1.573440210621307096e-10
1.531617165404689550e-10
1.483498068326752257e-10
1.448351244594566348e-10
1.391632551001770127e-10
1.330790563313524415e-10
1.266533369962338506e-10
1.199516649870315479e-10
1.130347055578939592e-10
1.059585379128231746e-10
9.877495151660605525e-11
9.153172347505817412e-11
8.427287823671044123e-11
7.703893078085675582e-11
6.986711437612005996e-11
6.279159391886695868e-11
5.584366579139610760e-11
4.682733268273959344e-11
4.028409390226594828e-11
3.395436914329183661e-11
2.785904261358321149e-11
2.201700185594542674e-11
1.644527028477541330e-11
9.462955856484825317e-12
4.578591750399183290e-12
1.892787455309723872e-14
-5.536808009958093138e-12
-9.362046248798656611e-12
-1.293812819919569902e-11
-1.738132923860154061e-11
-2.051367979938461981e-11
-2.350924394884390479e-11
-2.734025459368322009e-11
-3.012571574536692319e-11
-3.376912518013604839e-11
-3.647789118986794593e-11
-4.009699501156337067e-11
-4.284129886483291486e-11
-4.657304593818405073e-11
-4.944668775873891470e-11
-5.340509940953061463e-11
-5.753644257288004738e-11
-6.076500552215648792e-11
-6.526293095862455001e-11
-7.000175901350695934e-11
-7.372578360992426355e-11
-7.893157830077036590e-11
-8.442606020157868061e-11
-9.022242651744387041e-11
-9.633192441356842884e-11
-1.011252913295400639e-10
-1.078087637311675654e-10
-1.149029775243559084e-10
-1.223777670582570689e-10
-1.301621541949152455e-10
-1.381904101634834147e-10
-1.464017192670723958e-10
-1.547398639842955359e-10
-1.631529300536104269e-10
-1.715930302267703273e-10
-1.800160454686108714e-10
-1.883813824647837998e-10
-1.966517463771150539e-10
-2.068043070649547300e-10
-2.147402820289686093e-10
-2.224803708946732618e-10
-2.299990767159678242e-10
-2.390510375696983278e-10
-2.459901756965505435e-10
-2.526403108848873210e-10
-2.605213841878092060e-10
-2.664630506865526896e-10
-2.720678005911966276e-10
-2.785826966835571795e-10
-2.833897602518601665e-10
-2.888786923839115663e-10
-2.928452610522477776e-10
-2.972630965240842071e-10
-3.006221370789724105e-10
-3.049682105228108938e-10
-3.094097358546424174e-10
-3.129863902990740975e-10
-3.174345770951611923e-10
-3.218047821111848074e-10
-3.252098542682769940e-10
-3.293124674842054038e-10
-3.332039351639935716e-10
-3.368449841145502766e-10
-3.402002095219823831e-10
-3.432377974899531228e-10
-3.459292664600786750e-10
-3.478160756732677718e-10
-3.498224806461968263e-10
-3.514187568350963100e-10
-3.527679059006874355e-10
-3.534022032828512578e-10
-3.535770595367399451e-10
-3.532814130686189763e-10
-3.525060069553965423e-10
-3.512432514202279294e-10
-3.490762251493361731e-10
-3.467219924508743145e-10
-3.438658874593565371e-10
-3.405060196577574324e-10
-3.325924568727347490e-10
-3.094240715316141232e-10
-2.615741535209523215e-10
-2.073413346344243810e-10
-1.278131282637777566e-10
-5.152244368602589391e-11
4.965483138919783058e-11
1.402549191747814375e-10
2.544667654466364445e-10
3.726080381431553775e-10
4.726062625382418339e-10
5.928565944753052632e-10
7.117761889896541811e-10
8.278065235401245365e-10
9.395274476152996864e-10
1.045647593423027044e-09
1.144995427004388973e-09
1.236510895979349026e-09
1.319237633265852652e-09
1.392315679011923446e-09
1.454974685660390060e-09
1.506527573544928525e-09
1.546364606711250534e-09
1.573947860781431020e-09
1.588806056647249664e-09
1.589514523700228997e-09
1.575501851022635490e-09
1.549392829756788381e-09
1.506201320930802062e-09
1.459801203798348061e-09
1.396474165493899702e-09
1.335634411909812246e-09
1.258505726961607033e-09
1.188258995936299756e-09
1.102767614304130311e-09
1.014746792904845526e-09
9.254334751653581086e-10
8.487125608252360017e-10
7.599338863180465646e-10
6.728521397138264525e-10
5.883436223069653209e-10
5.072061665717399716e-10
4.301645374098785071e-10
3.578754763423059056e-10
2.909324127817699675e-10
2.298698648164633269e-10
1.751675503548502678e-10
1.272542280198787636e-10
8.129639929086374370e-11
4.915886276481968302e-11
2.486475469668982043e-11
7.027620779122000472e-12
3.493509659855424753e-13
0.000000000000000000e+00
0.000000000000000000e+00
0.000000000000000000e+00
0.000000000000000000e+00
0.000000000000000000e+00
0.000000000000000000e+00
0.000000000000000000e+00
0.000000000000000000e+00
0.000000000000000000e+00
0.000000000000000000e+00
0.000000000000000000e+00
0.000000000000000000e+00
0.000000000000000000e+00
0.000000000000000000e+00
0.000000000000000000e+00
0.000000000000000000e+00
0.000000000000000000e+00
0.000000000000000000e+00
0.000000000000000000e+00
0.000000000000000000e+00
0.000000000000000000e+00
0.000000000000000000e+00
0.000000000000000000e+00
0.000000000000000000e+00
0.000000000000000000e+00
0.000000000000000000e+00
0.000000000000000000e+00
0.000000000000000000e+00
0.000000000000000000e+00
0.000000000000000000e+00
0.000000000000000000e+00
0.000000000000000000e+00
0.000000000000000000e+00
0.000000000000000000e+00
0.000000000000000000e+00
0.000000000000000000e+00
0.000000000000000000e+00
0.000000000000000000e+00
0.000000000000000000e+00
0.000000000000000000e+00
0.000000000000000000e+00
0.000000000000000000e+00
0.000000000000000000e+00
0.000000000000000000e+00
0.000000000000000000e+00
0.000000000000000000e+00
0.000000000000000000e+00
0.000000000000000000e+00
0.000000000000000000e+00
0.000000000000000000e+00
0.000000000000000000e+00
0.000000000000000000e+00
0.000000000000000000e+00
0.000000000000000000e+00
0.000000000000000000e+00
0.000000000000000000e+00
0.000000000000000000e+00
0.000000000000000000e+00
0.000000000000000000e+00
0.000000000000000000e+00
0.000000000000000000e+00
0.000000000000000000e+00
0.000000000000000000e+00
0.000000000000000000e+00
0.000000000000000000e+00
0.000000000000000000e+00
0.000000000000000000e+00
0.000000000000000000e+00
0.000000000000000000e+00
0.000000000000000000e+00
0.000000000000000000e+00
0.000000000000000000e+00
0.000000000000000000e+00
0.000000000000000000e+00
0.000000000000000000e+00
0.000000000000000000e+00
0.000000000000000000e+00
0.000000000000000000e+00
0.000000000000000000e+00
0.000000000000000000e+00
0.000000000000000000e+00
0.000000000000000000e+00
0.000000000000000000e+00
0.000000000000000000e+00
0.000000000000000000e+00
0.000000000000000000e+00
0.000000000000000000e+00
0.000000000000000000e+00
0.000000000000000000e+00
0.000000000000000000e+00
0.000000000000000000e+00
0.000000000000000000e+00
0.000000000000000000e+00
0.000000000000000000e+00
0.000000000000000000e+00
0.000000000000000000e+00
0.000000000000000000e+00
0.000000000000000000e+00
0.000000000000000000e+00
0.000000000000000000e+00
0.000000000000000000e+00
0.000000000000000000e+00
0.000000000000000000e+00
0.000000000000000000e+00
0.000000000000000000e+00
0.000000000000000000e+00
0.000000000000000000e+00
0.000000000000000000e+00
0.000000000000000000e+00
0.000000000000000000e+00
0.000000000000000000e+00
0.000000000000000000e+00
0.000000000000000000e+00
0.000000000000000000e+00
0.000000000000000000e+00
0.000000000000000000e+00
0.000000000000000000e+00
0.000000000000000000e+00
0.000000000000000000e+00
0.000000000000000000e+00
0.000000000000000000e+00
0.000000000000000000e+00
0.000000000000000000e+00
0.000000000000000000e+00
0.000000000000000000e+00
0.000000000000000000e+00
0.000000000000000000e+00
0.000000000000000000e+00
0.000000000000000000e+00
0.000000000000000000e+00
0.000000000000000000e+00
0.000000000000000000e+00
0.000000000000000000e+00
0.000000000000000000e+00
0.000000000000000000e+00
0.000000000000000000e+00
0.000000000000000000e+00
0.000000000000000000e+00
0.000000000000000000e+00
0.000000000000000000e+00
0.000000000000000000e+00
0.000000000000000000e+00
0.000000000000000000e+00
0.000000000000000000e+00
0.000000000000000000e+00
0.000000000000000000e+00
0.000000000000000000e+00
0.000000000000000000e+00
0.000000000000000000e+00
0.000000000000000000e+00
0.000000000000000000e+00
0.000000000000000000e+00
0.000000000000000000e+00
0.000000000000000000e+00
0.000000000000000000e+00
0.000000000000000000e+00
0.000000000000000000e+00
0.000000000000000000e+00
0.000000000000000000e+00
0.000000000000000000e+00
0.000000000000000000e+00
0.000000000000000000e+00
0.000000000000000000e+00
0.000000000000000000e+00
0.000000000000000000e+00
0.000000000000000000e+00
0.000000000000000000e+00
0.000000000000000000e+00
0.000000000000000000e+00
0.000000000000000000e+00
0.000000000000000000e+00
0.000000000000000000e+00
0.000000000000000000e+00
0.000000000000000000e+00
0.000000000000000000e+00
0.000000000000000000e+00
0.000000000000000000e+00
0.000000000000000000e+00
0.000000000000000000e+00
0.000000000000000000e+00
0.000000000000000000e+00
0.000000000000000000e+00
0.000000000000000000e+00
0.000000000000000000e+00
0.000000000000000000e+00
0.000000000000000000e+00
0.000000000000000000e+00
0.000000000000000000e+00
0.000000000000000000e+00
0.000000000000000000e+00
0.000000000000000000e+00
0.000000000000000000e+00
0.000000000000000000e+00
0.000000000000000000e+00
0.000000000000000000e+00
0.000000000000000000e+00
0.000000000000000000e+00
0.000000000000000000e+00
0.000000000000000000e+00
0.000000000000000000e+00
0.000000000000000000e+00
0.000000000000000000e+00
0.000000000000000000e+00
0.000000000000000000e+00
0.000000000000000000e+00
0.000000000000000000e+00
0.000000000000000000e+00
0.000000000000000000e+00
0.000000000000000000e+00
0.000000000000000000e+00
0.000000000000000000e+00
0.000000000000000000e+00
0.000000000000000000e+00
0.000000000000000000e+00
0.000000000000000000e+00
0.000000000000000000e+00
0.000000000000000000e+00
0.000000000000000000e+00
0.000000000000000000e+00
0.000000000000000000e+00
0.000000000000000000e+00
0.000000000000000000e+00
0.000000000000000000e+00
0.000000000000000000e+00
0.000000000000000000e+00
0.000000000000000000e+00
0.000000000000000000e+00
0.000000000000000000e+00
0.000000000000000000e+00
0.000000000000000000e+00
0.000000000000000000e+00
0.000000000000000000e+00
0.000000000000000000e+00
0.000000000000000000e+00
0.000000000000000000e+00
0.000000000000000000e+00
0.000000000000000000e+00
0.000000000000000000e+00
0.000000000000000000e+00
0.000000000000000000e+00
0.000000000000000000e+00
0.000000000000000000e+00
0.000000000000000000e+00
0.000000000000000000e+00
0.000000000000000000e+00
0.000000000000000000e+00
0.000000000000000000e+00
0.000000000000000000e+00
0.000000000000000000e+00
0.000000000000000000e+00
0.000000000000000000e+00
0.000000000000000000e+00
0.000000000000000000e+00
0.000000000000000000e+00
0.000000000000000000e+00
0.000000000000000000e+00
0.000000000000000000e+00
0.000000000000000000e+00
0.000000000000000000e+00
0.000000000000000000e+00
0.000000000000000000e+00
0.000000000000000000e+00
0.000000000000000000e+00
0.000000000000000000e+00
0.000000000000000000e+00
0.000000000000000000e+00
0.000000000000000000e+00
0.000000000000000000e+00
0.000000000000000000e+00
0.000000000000000000e+00
0.000000000000000000e+00
0.000000000000000000e+00
0.000000000000000000e+00
0.000000000000000000e+00
0.000000000000000000e+00
0.000000000000000000e+00
0.000000000000000000e+00
0.000000000000000000e+00
0.000000000000000000e+00
0.000000000000000000e+00
0.000000000000000000e+00
0.000000000000000000e+00
0.000000000000000000e+00
0.000000000000000000e+00
0.000000000000000000e+00
0.000000000000000000e+00
0.000000000000000000e+00
0.000000000000000000e+00
0.000000000000000000e+00
0.000000000000000000e+00
0.000000000000000000e+00
0.000000000000000000e+00
0.000000000000000000e+00
0.000000000000000000e+00
0.000000000000000000e+00
0.000000000000000000e+00
0.000000000000000000e+00
0.000000000000000000e+00
0.000000000000000000e+00
0.000000000000000000e+00
0.000000000000000000e+00
0.000000000000000000e+00
0.000000000000000000e+00
0.000000000000000000e+00
0.000000000000000000e+00
0.000000000000000000e+00
0.000000000000000000e+00
0.000000000000000000e+00
0.000000000000000000e+00
0.000000000000000000e+00
0.000000000000000000e+00
0.000000000000000000e+00
0.000000000000000000e+00
0.000000000000000000e+00
0.000000000000000000e+00
0.000000000000000000e+00
0.000000000000000000e+00
0.000000000000000000e+00
0.000000000000000000e+00
0.000000000000000000e+00
0.000000000000000000e+00
0.000000000000000000e+00
0.000000000000000000e+00
0.000000000000000000e+00
0.000000000000000000e+00
0.000000000000000000e+00
0.000000000000000000e+00
0.000000000000000000e+00
0.000000000000000000e+00
0.000000000000000000e+00
0.000000000000000000e+00
0.000000000000000000e+00
0.000000000000000000e+00
0.000000000000000000e+00
0.000000000000000000e+00
0.000000000000000000e+00
0.000000000000000000e+00
0.000000000000000000e+00
0.000000000000000000e+00
0.000000000000000000e+00
0.000000000000000000e+00
0.000000000000000000e+00
0.000000000000000000e+00
0.000000000000000000e+00
0.000000000000000000e+00
0.000000000000000000e+00
0.000000000000000000e+00
0.000000000000000000e+00
0.000000000000000000e+00
0.000000000000000000e+00
0.000000000000000000e+00
0.000000000000000000e+00
0.000000000000000000e+00
0.000000000000000000e+00
0.000000000000000000e+00
0.000000000000000000e+00
0.000000000000000000e+00
0.000000000000000000e+00
0.000000000000000000e+00
0.000000000000000000e+00
0.000000000000000000e+00
0.000000000000000000e+00
0.000000000000000000e+00
0.000000000000000000e+00
0.000000000000000000e+00
0.000000000000000000e+00
0.000000000000000000e+00
0.000000000000000000e+00
0.000000000000000000e+00
0.000000000000000000e+00
0.000000000000000000e+00
0.000000000000000000e+00
0.000000000000000000e+00
0.000000000000000000e+00
0.000000000000000000e+00
0.000000000000000000e+00
0.000000000000000000e+00
0.000000000000000000e+00
0.000000000000000000e+00
0.000000000000000000e+00
0.000000000000000000e+00
0.000000000000000000e+00
0.000000000000000000e+00
0.000000000000000000e+00
0.000000000000000000e+00
0.000000000000000000e+00
0.000000000000000000e+00
0.000000000000000000e+00
0.000000000000000000e+00
0.000000000000000000e+00
0.000000000000000000e+00
0.000000000000000000e+00
0.000000000000000000e+00
0.000000000000000000e+00
0.000000000000000000e+00
0.000000000000000000e+00
0.000000000000000000e+00
0.000000000000000000e+00
0.000000000000000000e+00
0.000000000000000000e+00
0.000000000000000000e+00
0.000000000000000000e+00
0.000000000000000000e+00
0.000000000000000000e+00
0.000000000000000000e+00
0.000000000000000000e+00
0.000000000000000000e+00
0.000000000000000000e+00
0.000000000000000000e+00
0.000000000000000000e+00
0.000000000000000000e+00
0.000000000000000000e+00
0.000000000000000000e+00
0.000000000000000000e+00
0.000000000000000000e+00
0.000000000000000000e+00
0.000000000000000000e+00
0.000000000000000000e+00
0.000000000000000000e+00
0.000000000000000000e+00
0.000000000000000000e+00
0.000000000000000000e+00
0.000000000000000000e+00
0.000000000000000000e+00
0.000000000000000000e+00
0.000000000000000000e+00
0.000000000000000000e+00
0.000000000000000000e+00
0.000000000000000000e+00
0.000000000000000000e+00
0.000000000000000000e+00
0.000000000000000000e+00
0.000000000000000000e+00
0.000000000000000000e+00
0.000000000000000000e+00
0.000000000000000000e+00
0.000000000000000000e+00
0.000000000000000000e+00
0.000000000000000000e+00
0.000000000000000000e+00
0.000000000000000000e+00
0.000000000000000000e+00
0.000000000000000000e+00
0.000000000000000000e+00
0.000000000000000000e+00
0.000000000000000000e+00
0.000000000000000000e+00
0.000000000000000000e+00
0.000000000000000000e+00
0.000000000000000000e+00
0.000000000000000000e+00
0.000000000000000000e+00
0.000000000000000000e+00
0.000000000000000000e+00
0.000000000000000000e+00
0.000000000000000000e+00
0.000000000000000000e+00
0.000000000000000000e+00
0.000000000000000000e+00
0.000000000000000000e+00
0.000000000000000000e+00
0.000000000000000000e+00
0.000000000000000000e+00
0.000000000000000000e+00
0.000000000000000000e+00
0.000000000000000000e+00
0.000000000000000000e+00
0.000000000000000000e+00
0.000000000000000000e+00
0.000000000000000000e+00
0.000000000000000000e+00
0.000000000000000000e+00
0.000000000000000000e+00
0.000000000000000000e+00
0.000000000000000000e+00
0.000000000000000000e+00
0.000000000000000000e+00
0.000000000000000000e+00
0.000000000000000000e+00
0.000000000000000000e+00
0.000000000000000000e+00
0.000000000000000000e+00
0.000000000000000000e+00
0.000000000000000000e+00
0.000000000000000000e+00
0.000000000000000000e+00
0.000000000000000000e+00
0.000000000000000000e+00
0.000000000000000000e+00
0.000000000000000000e+00
0.000000000000000000e+00
0.000000000000000000e+00
0.000000000000000000e+00
0.000000000000000000e+00
0.000000000000000000e+00
0.000000000000000000e+00
0.000000000000000000e+00
0.000000000000000000e+00
0.000000000000000000e+00
0.000000000000000000e+00
0.000000000000000000e+00
0.000000000000000000e+00
0.000000000000000000e+00
0.000000000000000000e+00
0.000000000000000000e+00
0.000000000000000000e+00
0.000000000000000000e+00
0.000000000000000000e+00
0.000000000000000000e+00
0.000000000000000000e+00
0.000000000000000000e+00
0.000000000000000000e+00
0.000000000000000000e+00
0.000000000000000000e+00
0.000000000000000000e+00
0.000000000000000000e+00
nan
