# bin_22_5
4.202809421290871375e-08
-3.700060910040306300e-08
3.380495175208748057e-08
-2.613549502730826718e-08
1.720243716713783928e-08
-6.943485988995015365e-09
-5.165487767032405912e-09
2.188976620563430539e-08
-3.062677203211463249e-08
4.869238429586528007e-08
-5.868799091506450867e-08
5.802601032816650031e-08
-5.860150499336767441e-08
-3.695506534162625464e-08
-2.127340491076949089e-08
-3.158562494485986109e-08
-4.726946272957959312e-08
-5.080742029026771675e-08
-2.920367422833638547e-08
3.983059439093999914e-09
2.897852193055178267e-08
3.624367659447060495e-08
2.891331845329572446e-08
1.738568604710810476e-08
5.978093756775489273e-09
-2.818251077723517597e-09
-1.053174968740485423e-08
-1.813303024257122809e-08
-2.397164164349554493e-08
-2.710663385018130381e-08
-2.707116956902056320e-08
-2.496578649456839771e-08
-2.218990095112584529e-08
-1.893837234489454794e-08
-1.536262701444516774e-08
-1.158020767280639120e-08
-7.682136489541182336e-09
5.904604395789049546e-09
3.175908092922749489e-08
6.148805933459118622e-08
8.904225138789693308e-08
1.101603927992942706e-07
1.219418627019968688e-07
1.225175367273531706e-07
1.118049304660431641e-07
9.383835289423158445e-08
7.267253119606454044e-08
5.139635598040047165e-08
3.232983212899643924e-08
1.718169520114126114e-08
7.175733094054525351e-09
3.152143020202855339e-09
2.397086784386124545e-09
1.781643444949114541e-09
1.288089760205172029e-09
9.009194115679688123e-10
6.065492900001490790e-10
3.930677183815272934e-10
2.500181447608664163e-10
1.682129143620892613e-10
1.395726103236064813e-10
1.554395275617977042e-10
2.029744995974300767e-10
2.703436340409651742e-10
3.477866392577663588e-10
4.273013737634389516e-10
5.023757451101680958e-10
5.677596429078886760e-10
6.192707724145187946e-10
6.536292361778263518e-10
6.683165274118151159e-10
6.614552792861441382e-10
6.311263835521391381e-10
5.811370426906685737e-10
5.178193452441222518e-10
4.465534915428512914e-10
3.718923266869725744e-10
2.976697611583973089e-10
2.270952293494860336e-10
1.628360356226173176e-10
1.070891811345693231e-10
6.164404568957006592e-11
2.793711157145210603e-11
7.099755825509308638e-12
-2.333804109854106127e-19
-2.249726577936449058e-19
-2.115689958256484246e-19
-1.944787629866082109e-19
-1.748441854498467071e-19
-1.536590744436488230e-19
-1.317854469458953269e-19
-1.099683086763458672e-19
-8.884880903491796793e-20
-6.897595255042924972e-20
-5.081702948614501528e-20
-3.476690907417505393e-20
-2.115632205773644348e-20
-1.025924449637750230e-20
-2.299481865587343941e-21
2.543458873286569817e-21
4.129131544843100532e-21
4.008787076376366413e-21
3.820716558962638255e-21
3.580130089872994336e-21
3.300582808907705230e-21
2.994132810582269697e-21
2.671484085298202162e-21
2.342115959181967882e-21
2.014400350576323583e-21
1.695708026021679866e-21
1.392504918055537219e-21
1.110439459614936821e-21
8.544217937688993090e-22
6.286956316433776619e-22
4.369034545854679871e-22
2.821456878386920813e-22
1.670344113803486656e-22
9.374211831796310478e-23
6.404598166226119415e-23
5.694619914544902059e-23
5.041650786590177498e-23
4.442390390078212928e-23
3.893729509951352954e-23
3.392738252843040496e-23
2.936654991318274379e-23
2.522876049119506557e-23
2.148946073335207459e-23
1.812549043692847336e-23
1.511499873096551613e-23
1.243736557113769058e-23
1.007312833398161211e-23
8.003913150428247644e-24
6.212370646149140072e-24
4.682115781517077604e-24
3.397671507196489937e-24
2.344415972693995790e-24
1.508533044796280181e-24
8.769659108345627556e-25
4.373735582887208326e-25
1.780899375035053886e-25
8.808562833918331051e-26
7.950508798793358028e-26
7.152161505427283094e-26
6.410583464631825119e-26
5.722981586145089246e-26
5.086699573917522085e-26
4.499210757589441315e-26
3.958111332872668398e-26
3.461113985403265788e-26
3.006041874351508306e-26
2.590822953670178846e-26
2.213484610337979121e-26
1.872148600327393357e-26
1.565026264298377571e-26
1.290414006200084779e-26
1.046689019062158614e-26
8.323052432758200952e-27
6.457895436149453611e-27
4.857380921287759439e-27
3.508129448602221428e-27
2.397388011077387067e-27
1.512999346608979247e-27
8.433728710414545510e-28
3.774571390087861183e-28
1.047137454765853051e-28
1.509258626245921692e-29
1.383773223032231199e-29
1.265651649628649259e-29
1.154585711462520556e-29
1.050280135043169620e-29
9.524519866606544905e-30
8.608301196039270745e-30
7.751546483707407646e-30
6.206566801824226624e-30
5.513663358396357366e-30
4.870858080221286222e-30
4.276044789368234571e-30
3.727203290662215349e-30
3.222395643583130737e-30
2.759762609641901468e-30
2.337520266235478677e-30
1.607429321033264202e-30
1.296361142211157306e-30
1.019238763422735893e-30
7.746093069579240600e-31
5.610779458381853912e-31
3.773054696323589592e-31
2.220059605110854322e-31
-8.064579895731078800e-33
-8.516046248082165538e-32
-1.384370396389817986e-31
-1.689451309829643846e-31
-1.754083388247766299e-31
-1.722291422515522083e-31
-1.682575467538058452e-31
-1.635887428452761587e-31
-1.583124435126406461e-31
-1.462704714075198057e-31
-1.396592615653185196e-31
-1.327499693282968302e-31
-1.182979782261057500e-31
-1.108758765002764351e-31
-1.033972833852771067e-31
-9.591354972011727860e-32
-8.111995155496977887e-32
-7.389716563609149638e-32
-6.684370387165476663e-32
-5.338885319979964735e-32
-4.705338240584619917e-32
-4.101932320219750684e-32
-2.996293925874266808e-32
-2.498940462140637417e-32
-1.625981559007033775e-32
-1.254190370822687998e-32
-9.278036660810433696e-33
-4.172001626422365401e-33
-2.356217902613826918e-33
-2.556377964298904047e-34
1.004519630410836294e-35
9.798110806814519974e-36
9.624289866518632997e-36
9.421299053554147546e-36
8.939911079553945665e-36
8.667195965980013131e-36
8.070885945828953300e-36
7.752163901917874132e-36
7.084854345416295916e-36
6.740430728677423807e-36
6.039655267787775541e-36
5.686846292628394236e-36
4.984542174681747500e-36
4.296515827791819410e-36
3.961250000618208389e-36
3.314338633510862128e-36
3.004932442606957182e-36
2.419326646258897346e-36
1.884095807909505887e-36
1.637445818884791016e-36
1.189765114565899202e-36
9.900627556066445158e-37
6.419133017687857023e-37
3.655827213214798829e-37
2.555065416976553709e-37
9.352712704133296123e-38
1.137989243392902790e-38
9.772980337555728033e-40
8.799230296956040096e-40
7.895020223400416847e-40
7.056816504106491536e-40
6.661412151037366110e-40
5.915982598398625899e-40
5.228489831945870726e-40
4.595987266582745378e-40
4.299477138473111412e-40
3.744256192666193847e-40
3.237288492115426377e-40
2.776111193742926813e-40
2.358383535711493472e-40
2.165113627276807839e-40
1.808422840200440485e-40
1.489822645070396572e-40
1.207351338870369846e-40
9.591431399383825150e-41
7.434232452017601801e-41
5.585031627950741395e-41
4.027763033905238675e-41
2.747138146633785492e-41
1.728606443341152370e-41
9.583181817254090424e-42
4.230892022906549155e-42
1.103676337590093972e-42
8.202390016664594662e-44
7.497988663783556953e-44
6.836691948687394738e-44
6.216631518423614402e-44
5.636020027144684627e-44
5.093147369586518520e-44
4.586377105454332333e-44
4.114143064152940145e-44
3.674946119934970120e-44
3.267351128133655806e-44
2.889984013704260426e-44
2.541529003816299406e-44
2.220725996728120006e-44
1.788742776077064870e-44
1.531899923313764807e-44
1.298702086252227151e-44
1.088110423816476761e-44
8.991294245238424529e-45
6.541017304856116858e-45
5.150594243089401384e-45
3.944580023662855127e-45
2.914746199022254948e-45
1.683164736565374826e-45
1.059971642289186416e-45
5.867351342286443378e-46
1.432210204089346869e-46
1.567295203370841173e-47
1.055487728100354107e-50
9.408805624853356445e-51
8.694540988327541343e-51
7.694168672844677627e-51
7.072572100008651593e-51
6.485672054629882540e-51
5.667589627362919570e-51
5.161930332938755731e-51
4.460116955586865030e-51
4.028399864919585402e-51
3.432401137007061120e-51
3.067970805168168306e-51
2.568250759552852762e-51
2.122070450284026734e-51
1.852890318789949444e-51
1.489431318726232122e-51
1.272829271723371887e-51
9.845645027094731606e-52
7.380755951099944527e-52
5.957951358371349089e-52
4.137815448954601611e-52
2.675586225688917467e-52
1.889519574774872946e-52
9.791446874868599622e-53
3.747776376527423500e-53
5.877728730514011347e-54
1.618588829210763439e-57
1.470009558712034963e-57
1.331184458690889489e-57
1.201657896319485620e-57
1.080995537282635043e-57
1.005273224819582248e-57
8.984738405492212947e-58
7.994766258306696162e-58
7.079166403217998219e-58
6.234457336384694927e-58
5.457317218802255680e-58
4.744576080554525759e-58
4.093208438558157908e-58
3.500326303904872582e-58
2.963172556408442868e-58
2.479114665360424833e-58
2.045638736803285858e-58
1.660343868846522857e-58
1.320936797684120891e-58
9.360028158153011345e-59
6.953161275593331665e-59
4.935871027472355002e-59
3.289334333611767851e-59
1.995561747841898372e-59
1.037358929434090945e-59
2.534498333002892748e-60
1.557200197575910852e-61
2.991091571406064534e-66
2.676136535403961232e-66
2.455513845633710277e-66
2.247666789693961806e-66
1.989534774419140921e-66
1.809555069642568619e-66
1.640733155651000634e-66
1.432228042147744732e-66
1.287742300103095419e-66
1.110182111219843983e-66
9.878263922573263968e-67
8.384028016888134051e-67
7.361661712092060566e-67
6.123186277208296251e-67
5.283670669493648910e-67
4.277596664279622592e-67
3.394628188283723139e-67
2.809203163580992936e-67
2.125974839166448790e-67
1.548477257677487362e-67
1.181281488893379998e-67
7.751963459578942025e-68
4.597643947746200953e-68
2.300091144575005097e-68
8.120186406497191116e-69
2.000689683296131494e-69
5.604403384286494823e-75
5.106120676835829079e-75
4.639430147113743055e-75
4.202913158447799072e-75
3.795214784096509968e-75
3.415040739590525714e-75
3.061154476058265954e-75
2.732374425314961041e-75
2.427571388068911625e-75
2.145666057135932025e-75
1.885626668050232617e-75
1.646466769928521269e-75
1.375445644126041969e-75
1.179878399164279950e-75
1.002272776851851831e-75
8.418125634366792893e-76
6.641616392058532660e-76
5.394747263589496665e-76
4.295163192180750873e-76
3.117520077767867640e-76
2.325022906326330911e-76
1.658855774893014616e-76
9.948767906819090801e-77
5.918623695997838368e-77
2.395678772519802797e-77
7.272922620067388148e-78
7.884752027259136430e-86
7.291653482102962834e-86
6.594852875107105661e-86
5.945377333123186980e-86
5.458354986604755472e-86
4.888465278154398851e-86
4.359864708772013136e-86
3.965388835426110342e-86
3.506219206225291660e-86
3.083066368435454962e-86
2.694212388587532397e-86
2.338019326476718979e-86
2.012925274429021792e-86
1.717440609479642850e-86
1.501414578203206947e-86
1.255690221006431898e-86
1.035759382375704856e-86
8.041398721325748043e-87
6.366497175195279461e-87
4.911631589864974543e-87
3.666070833175090972e-87
2.619570020341373982e-87
1.762347434966926113e-87
9.704060738511008029e-88
4.973078706110897934e-88
1.850508885564396484e-88
2.557220891950472116e-89
1.792704735288386869e-99
1.647532630393479131e-99
1.484312679370110861e-99
1.357056480993634262e-99
1.214380236438553557e-99
1.103481913653439174e-99
9.795624843498386359e-100
8.835987429422938783e-100
7.768032771411404012e-100
6.787104925664068544e-100
6.033086813385346351e-100
5.200869267688069199e-100
4.444208861701514768e-100
3.759417766326918625e-100
3.142981123019497007e-100
2.591548460492159454e-100
2.101925572800536140e-100
1.671066831831600143e-100
1.296067908930799310e-100
9.741588819973326663e-101
7.026977058627276493e-101
4.791640251541027079e-101
3.011533101335784146e-101
1.663712972117813489e-101
7.262871695735822009e-102
1.234968004754262630e-102
-1.023689980251020495e-114
-1.006725516866442548e-114
-9.786616242163727178e-115
-9.485129227342791970e-115
-9.073658720030104746e-115
-8.678349466000693564e-115
-8.177202089244730454e-115
-7.720770542374005799e-115
-7.165286137719943269e-115
-6.593366575318760578e-115
-6.013048955167798410e-115
-5.514551087744145764e-115
-4.937707337963805465e-115
-4.371889459656419784e-115
-3.822791263046114035e-115
-3.295596703386929542e-115
-2.795014975831222076e-115
-2.325313290310544326e-115
-1.890347483258351945e-115
-1.493590611915371485e-115
-1.138159666692767994e-115
-8.268405275688668103e-116
-5.282273031321704985e-116
-3.194120985653947488e-116
-1.615599513759934682e-116
-4.566230735889759020e-117
-2.269924870211064219e-118
0.000000000000000000e+00
0.000000000000000000e+00
0.000000000000000000e+00
0.000000000000000000e+00
0.000000000000000000e+00
0.000000000000000000e+00
0.000000000000000000e+00
0.000000000000000000e+00
0.000000000000000000e+00
0.000000000000000000e+00
0.000000000000000000e+00
0.000000000000000000e+00
0.000000000000000000e+00
0.000000000000000000e+00
0.000000000000000000e+00
0.000000000000000000e+00
0.000000000000000000e+00
0.000000000000000000e+00
0.000000000000000000e+00
0.000000000000000000e+00
0.000000000000000000e+00
0.000000000000000000e+00
0.000000000000000000e+00
0.000000000000000000e+00
0.000000000000000000e+00
0.000000000000000000e+00
0.000000000000000000e+00
0.000000000000000000e+00
0.000000000000000000e+00
0.000000000000000000e+00
0.000000000000000000e+00
0.000000000000000000e+00
0.000000000000000000e+00
0.000000000000000000e+00
0.000000000000000000e+00
0.000000000000000000e+00
0.000000000000000000e+00
0.000000000000000000e+00
0.000000000000000000e+00
0.000000000000000000e+00
0.000000000000000000e+00
0.000000000000000000e+00
0.000000000000000000e+00
0.000000000000000000e+00
0.000000000000000000e+00
0.000000000000000000e+00
0.000000000000000000e+00
0.000000000000000000e+00
0.000000000000000000e+00
0.000000000000000000e+00
0.000000000000000000e+00
0.000000000000000000e+00
0.000000000000000000e+00
0.000000000000000000e+00
0.000000000000000000e+00
0.000000000000000000e+00
0.000000000000000000e+00
0.000000000000000000e+00
0.000000000000000000e+00
0.000000000000000000e+00
0.000000000000000000e+00
0.000000000000000000e+00
0.000000000000000000e+00
0.000000000000000000e+00
0.000000000000000000e+00
0.000000000000000000e+00
0.000000000000000000e+00
0.000000000000000000e+00
0.000000000000000000e+00
0.000000000000000000e+00
0.000000000000000000e+00
0.000000000000000000e+00
0.000000000000000000e+00
0.000000000000000000e+00
0.000000000000000000e+00
0.000000000000000000e+00
0.000000000000000000e+00
0.000000000000000000e+00
0.000000000000000000e+00
0.000000000000000000e+00
0.000000000000000000e+00
0.000000000000000000e+00
0.000000000000000000e+00
0.000000000000000000e+00
0.000000000000000000e+00
0.000000000000000000e+00
0.000000000000000000e+00
0.000000000000000000e+00
0.000000000000000000e+00
0.000000000000000000e+00
0.000000000000000000e+00
0.000000000000000000e+00
0.000000000000000000e+00
0.000000000000000000e+00
0.000000000000000000e+00
0.000000000000000000e+00
0.000000000000000000e+00
0.000000000000000000e+00
0.000000000000000000e+00
0.000000000000000000e+00
0.000000000000000000e+00
0.000000000000000000e+00
0.000000000000000000e+00
0.000000000000000000e+00
0.000000000000000000e+00
0.000000000000000000e+00
0.000000000000000000e+00
0.000000000000000000e+00
0.000000000000000000e+00
0.000000000000000000e+00
0.000000000000000000e+00
0.000000000000000000e+00
0.000000000000000000e+00
0.000000000000000000e+00
0.000000000000000000e+00
0.000000000000000000e+00
0.000000000000000000e+00
0.000000000000000000e+00
0.000000000000000000e+00
0.000000000000000000e+00
0.000000000000000000e+00
0.000000000000000000e+00
0.000000000000000000e+00
0.000000000000000000e+00
0.000000000000000000e+00
0.000000000000000000e+00
0.000000000000000000e+00
0.000000000000000000e+00
0.000000000000000000e+00
0.000000000000000000e+00
0.000000000000000000e+00
0.000000000000000000e+00
0.000000000000000000e+00
0.000000000000000000e+00
0.000000000000000000e+00
0.000000000000000000e+00
0.000000000000000000e+00
0.000000000000000000e+00
0.000000000000000000e+00
0.000000000000000000e+00
0.000000000000000000e+00
0.000000000000000000e+00
0.000000000000000000e+00
0.000000000000000000e+00
0.000000000000000000e+00
0.000000000000000000e+00
0.000000000000000000e+00
0.000000000000000000e+00
0.000000000000000000e+00
0.000000000000000000e+00
0.000000000000000000e+00
0.000000000000000000e+00
0.000000000000000000e+00
0.000000000000000000e+00
0.000000000000000000e+00
0.000000000000000000e+00
0.000000000000000000e+00
0.000000000000000000e+00
0.000000000000000000e+00
0.000000000000000000e+00
0.000000000000000000e+00
0.000000000000000000e+00
0.000000000000000000e+00
0.000000000000000000e+00
0.000000000000000000e+00
0.000000000000000000e+00
0.000000000000000000e+00
0.000000000000000000e+00
0.000000000000000000e+00
0.000000000000000000e+00
0.000000000000000000e+00
0.000000000000000000e+00
0.000000000000000000e+00
0.000000000000000000e+00
0.000000000000000000e+00
0.000000000000000000e+00
0.000000000000000000e+00
0.000000000000000000e+00
0.000000000000000000e+00
0.000000000000000000e+00
0.000000000000000000e+00
0.000000000000000000e+00
0.000000000000000000e+00
0.000000000000000000e+00
0.000000000000000000e+00
0.000000000000000000e+00
0.000000000000000000e+00
0.000000000000000000e+00
0.000000000000000000e+00
0.000000000000000000e+00
0.000000000000000000e+00
0.000000000000000000e+00
0.000000000000000000e+00
0.000000000000000000e+00
0.000000000000000000e+00
0.000000000000000000e+00
0.000000000000000000e+00
0.000000000000000000e+00
0.000000000000000000e+00
0.000000000000000000e+00
0.000000000000000000e+00
0.000000000000000000e+00
0.000000000000000000e+00
0.000000000000000000e+00
0.000000000000000000e+00
0.000000000000000000e+00
0.000000000000000000e+00
0.000000000000000000e+00
0.000000000000000000e+00
0.000000000000000000e+00
0.000000000000000000e+00
0.000000000000000000e+00
0.000000000000000000e+00
0.000000000000000000e+00
0.000000000000000000e+00
0.000000000000000000e+00
0.000000000000000000e+00
0.000000000000000000e+00
0.000000000000000000e+00
0.000000000000000000e+00
0.000000000000000000e+00
0.000000000000000000e+00
0.000000000000000000e+00
0.000000000000000000e+00
0.000000000000000000e+00
0.000000000000000000e+00
0.000000000000000000e+00
0.000000000000000000e+00
0.000000000000000000e+00
0.000000000000000000e+00
0.000000000000000000e+00
0.000000000000000000e+00
0.000000000000000000e+00
0.000000000000000000e+00
0.000000000000000000e+00
0.000000000000000000e+00
0.000000000000000000e+00
0.000000000000000000e+00
0.000000000000000000e+00
0.000000000000000000e+00
0.000000000000000000e+00
0.000000000000000000e+00
0.000000000000000000e+00
0.000000000000000000e+00
0.000000000000000000e+00
0.000000000000000000e+00
0.000000000000000000e+00
0.000000000000000000e+00
0.000000000000000000e+00
0.000000000000000000e+00
0.000000000000000000e+00
0.000000000000000000e+00
0.000000000000000000e+00
0.000000000000000000e+00
0.000000000000000000e+00
0.000000000000000000e+00
0.000000000000000000e+00
0.000000000000000000e+00
0.000000000000000000e+00
0.000000000000000000e+00
0.000000000000000000e+00
0.000000000000000000e+00
0.000000000000000000e+00
0.000000000000000000e+00
0.000000000000000000e+00
0.000000000000000000e+00
0.000000000000000000e+00
0.000000000000000000e+00
0.000000000000000000e+00
0.000000000000000000e+00
0.000000000000000000e+00
0.000000000000000000e+00
0.000000000000000000e+00
0.000000000000000000e+00
0.000000000000000000e+00
0.000000000000000000e+00
0.000000000000000000e+00
0.000000000000000000e+00
0.000000000000000000e+00
0.000000000000000000e+00
0.000000000000000000e+00
0.000000000000000000e+00
0.000000000000000000e+00
0.000000000000000000e+00
0.000000000000000000e+00
0.000000000000000000e+00
0.000000000000000000e+00
0.000000000000000000e+00
0.000000000000000000e+00
0.000000000000000000e+00
0.000000000000000000e+00
0.000000000000000000e+00
0.000000000000000000e+00
0.000000000000000000e+00
0.000000000000000000e+00
0.000000000000000000e+00
0.000000000000000000e+00
0.000000000000000000e+00
0.000000000000000000e+00
0.000000000000000000e+00
0.000000000000000000e+00
0.000000000000000000e+00
0.000000000000000000e+00
0.000000000000000000e+00
0.000000000000000000e+00
0.000000000000000000e+00
0.000000000000000000e+00
0.000000000000000000e+00
0.000000000000000000e+00
0.000000000000000000e+00
0.000000000000000000e+00
0.000000000000000000e+00
0.000000000000000000e+00
0.000000000000000000e+00
0.000000000000000000e+00
0.000000000000000000e+00
0.000000000000000000e+00
0.000000000000000000e+00
0.000000000000000000e+00
0.000000000000000000e+00
0.000000000000000000e+00
0.000000000000000000e+00
0.000000000000000000e+00
0.000000000000000000e+00
0.000000000000000000e+00
0.000000000000000000e+00
0.000000000000000000e+00
0.000000000000000000e+00
0.000000000000000000e+00
0.000000000000000000e+00
0.000000000000000000e+00
0.000000000000000000e+00
0.000000000000000000e+00
0.000000000000000000e+00
0.000000000000000000e+00
0.000000000000000000e+00
0.000000000000000000e+00
0.000000000000000000e+00
0.000000000000000000e+00
0.000000000000000000e+00
0.000000000000000000e+00
0.000000000000000000e+00
0.000000000000000000e+00
0.000000000000000000e+00
0.000000000000000000e+00
0.000000000000000000e+00
0.000000000000000000e+00
0.000000000000000000e+00
0.000000000000000000e+00
0.000000000000000000e+00
0.000000000000000000e+00
0.000000000000000000e+00
0.000000000000000000e+00
0.000000000000000000e+00
0.000000000000000000e+00
0.000000000000000000e+00
0.000000000000000000e+00
0.000000000000000000e+00
0.000000000000000000e+00
0.000000000000000000e+00
0.000000000000000000e+00
0.000000000000000000e+00
0.000000000000000000e+00
0.000000000000000000e+00
0.000000000000000000e+00
0.000000000000000000e+00
0.000000000000000000e+00
0.000000000000000000e+00
0.000000000000000000e+00
0.000000000000000000e+00
0.000000000000000000e+00
0.000000000000000000e+00
0.000000000000000000e+00
0.000000000000000000e+00
0.000000000000000000e+00
0.000000000000000000e+00
0.000000000000000000e+00
0.000000000000000000e+00
0.000000000000000000e+00
0.000000000000000000e+00
0.000000000000000000e+00
0.000000000000000000e+00
0.000000000000000000e+00
0.000000000000000000e+00
0.000000000000000000e+00
0.000000000000000000e+00
0.000000000000000000e+00
0.000000000000000000e+00
0.000000000000000000e+00
0.000000000000000000e+00
0.000000000000000000e+00
0.000000000000000000e+00
0.000000000000000000e+00
0.000000000000000000e+00
0.000000000000000000e+00
0.000000000000000000e+00
0.000000000000000000e+00
0.000000000000000000e+00
0.000000000000000000e+00
0.000000000000000000e+00
0.000000000000000000e+00
0.000000000000000000e+00
0.000000000000000000e+00
0.000000000000000000e+00
0.000000000000000000e+00
0.000000000000000000e+00
0.000000000000000000e+00
0.000000000000000000e+00
0.000000000000000000e+00
0.000000000000000000e+00
0.000000000000000000e+00
0.000000000000000000e+00
0.000000000000000000e+00
0.000000000000000000e+00
0.000000000000000000e+00
0.000000000000000000e+00
0.000000000000000000e+00
0.000000000000000000e+00
0.000000000000000000e+00
0.000000000000000000e+00
0.000000000000000000e+00
0.000000000000000000e+00
0.000000000000000000e+00
0.000000000000000000e+00
0.000000000000000000e+00
0.000000000000000000e+00
0.000000000000000000e+00
0.000000000000000000e+00
0.000000000000000000e+00
0.000000000000000000e+00
0.000000000000000000e+00
0.000000000000000000e+00
0.000000000000000000e+00
0.000000000000000000e+00
0.000000000000000000e+00
0.000000000000000000e+00
0.000000000000000000e+00
0.000000000000000000e+00
0.000000000000000000e+00
0.000000000000000000e+00
0.000000000000000000e+00
0.000000000000000000e+00
0.000000000000000000e+00
0.000000000000000000e+00
0.000000000000000000e+00
0.000000000000000000e+00
0.000000000000000000e+00
0.000000000000000000e+00
0.000000000000000000e+00
0.000000000000000000e+00
0.000000000000000000e+00
0.000000000000000000e+00
0.000000000000000000e+00
0.000000000000000000e+00
0.000000000000000000e+00
0.000000000000000000e+00
0.000000000000000000e+00
0.000000000000000000e+00
0.000000000000000000e+00
0.000000000000000000e+00
0.000000000000000000e+00
0.000000000000000000e+00
0.000000000000000000e+00
0.000000000000000000e+00
0.000000000000000000e+00
0.000000000000000000e+00
0.000000000000000000e+00
0.000000000000000000e+00
0.000000000000000000e+00
0.000000000000000000e+00
0.000000000000000000e+00
0.000000000000000000e+00
0.000000000000000000e+00
0.000000000000000000e+00
0.000000000000000000e+00
0.000000000000000000e+00
0.000000000000000000e+00
0.000000000000000000e+00
0.000000000000000000e+00
0.000000000000000000e+00
0.000000000000000000e+00
0.000000000000000000e+00
0.000000000000000000e+00
0.000000000000000000e+00
0.000000000000000000e+00
0.000000000000000000e+00
0.000000000000000000e+00
0.000000000000000000e+00
0.000000000000000000e+00
0.000000000000000000e+00
0.000000000000000000e+00
0.000000000000000000e+00
0.000000000000000000e+00
0.000000000000000000e+00
0.000000000000000000e+00
0.000000000000000000e+00
0.000000000000000000e+00
0.000000000000000000e+00
0.000000000000000000e+00
0.000000000000000000e+00
0.000000000000000000e+00
0.000000000000000000e+00
0.000000000000000000e+00
0.000000000000000000e+00
0.000000000000000000e+00
0.000000000000000000e+00
0.000000000000000000e+00
0.000000000000000000e+00
0.000000000000000000e+00
0.000000000000000000e+00
0.000000000000000000e+00
0.000000000000000000e+00
0.000000000000000000e+00
0.000000000000000000e+00
0.000000000000000000e+00
0.000000000000000000e+00
nan
