# bin_14_3
3.110463752618465526e-08
-3.142898002047742844e-08
2.459554872104258879e-08
-1.922566817368636531e-08
1.511317082471839266e-08
-1.354690505558698712e-08
9.409264921830088953e-09
3.480649441182915382e-09
-3.593014774468723456e-09
1.680230656417306957e-08
-1.065788100616170676e-08
1.190055357374788980e-08
-2.156446342602498395e-08
-2.464922557267615014e-08
-2.323531893117343629e-08
-9.117389594573807641e-09
9.050097273394214920e-09
1.566537806971117854e-08
-5.690970742215761503e-09
-4.145141613036463597e-08
-6.795796953999370682e-08
-7.376506651598569758e-08
-4.774833014240057624e-08
-4.031953410727579806e-09
3.532233357784368014e-08
5.788793027600037814e-08
6.685801969395860056e-08
7.128771905353552224e-08
7.229810636206697688e-08
7.075058120743681847e-08
6.730909062710910733e-08
3.108848764037251859e-08
-4.264221200686160912e-08
-1.235887254670808248e-07
-1.913041731229776125e-07
-2.324833340302301280e-07
-2.389789497541675229e-07
-1.784413617427861032e-07
-5.609194844598222947e-08
8.737516422147641709e-08
2.225654225862470971e-07
3.287100347501203617e-07
3.916096350958559627e-07
4.020499489640434552e-07
3.658066279738502021e-07
3.043211806845241775e-07
2.318108183985300723e-07
1.591012640982770187e-07
9.431878457280577550e-08
4.344396043525346070e-08
1.075546078695955787e-08
-8.139226707852707012e-10
-1.089416669693654282e-09
-1.302834184360220121e-09
-1.462313868603240149e-09
-1.574963928006818192e-09
-1.646999488552162615e-09
-1.683860278966840683e-09
-1.690311669219763255e-09
-1.670531601795751324e-09
-1.628185536654885660e-09
-1.575872928831201737e-09
-1.524067533972888356e-09
-1.472884754489155764e-09
-1.422419964521421716e-09
-1.372751277268032287e-09
-1.323941932741395659e-09
-1.276042360256268244e-09
-1.229091961730088769e-09
-1.183120654978563890e-09
-1.138150210387171345e-09
-1.094195409447588553e-09
-1.033080238930861973e-09
-9.437763660608141177e-10
-8.358066091709393367e-10
-7.172518050317501450e-10
-5.949399982794089203e-10
-4.746111158260096160e-10
-3.610604010210506193e-10
-2.582634241285848717e-10
-1.694850950093416285e-10
-9.737477025614694194e-11
-4.404926164912220405e-11
-1.116530831899711198e-11
1.713474015830232756e-14
1.652949968498736653e-14
1.557744039598904470e-14
1.436909648341285975e-14
1.298345828756436915e-14
1.148926326546925022e-14
9.946143648053360751e-15
8.405647238994036812e-15
6.912145824845045705e-15
5.503643935011352212e-15
4.212499177569385313e-15
3.066064053682069835e-15
2.087257994429503569e-15
1.295077347726978966e-15
7.050501510811082928e-16
3.296417422284303439e-16
1.786165703659302716e-16
1.442243495806489979e-16
1.132598475774112591e-16
8.548928621818203750e-17
6.069471322322792016e-17
3.867285859753137226e-17
1.923408079267904335e-17
2.201394944387887146e-18
-1.259042376523866107e-17
-2.529566793338159671e-17
-3.605846268793186823e-17
-4.501347258394480326e-17
-5.228655539657484075e-17
-5.799536713924758640e-17
-6.224992225371100878e-17
-6.515311257289997022e-17
-6.680118834445102500e-17
-6.728420431898887946e-17
-6.668643364996133756e-17
-6.511805694763417397e-17
-6.274306308156785830e-17
-5.971121399606821499e-17
-5.615841411760210582e-17
-5.220784050969926660e-17
-4.797098121575540816e-17
-4.354858952720933259e-17
-3.903156122787270317e-17
-3.450174124300284134e-17
-3.003266555762211327e-17
-2.569024375682880878e-17
-2.153338707630194392e-17
-1.761458642924350311e-17
-1.398044449250738430e-17
-1.067216558592214586e-17
-7.726006761498839966e-18
-5.173693230314967080e-18
-3.042800991721518393e-18
-1.357109289676349329e-18
-1.369253022985318909e-19
6.006167287923254521e-19
8.412799049407036549e-19
8.249098405607089282e-19
8.004144762602681150e-19
7.690879326817766714e-19
7.321222448465178445e-19
6.906144588840477477e-19
6.455732370037073671e-19
5.979250060896190167e-19
5.485196826170558908e-19
4.981360041202362244e-19
4.474864951712069193e-19
3.972220937393344334e-19
3.479364618764125595e-19
3.001700028992214719e-19
2.544136056069171449e-19
2.111121345638523048e-19
1.706676840880411835e-19
1.334426123027207469e-19
9.976237042383851082e-20
6.991814136249848472e-20
4.416930071049278403e-20
2.274571224270518725e-20
5.849869206388704449e-21
-6.341108132067081972e-21
-1.367360895163388979e-20
-1.601579330582868563e-20
-1.576872785734757506e-20
-1.542053697289526599e-20
-1.498460464582357067e-20
-1.447341769964767610e-20
-1.389861900839620018e-20
-1.327105756361412796e-20
-1.260083558229942647e-20
-1.116934838088489941e-20
-1.042493981793907618e-20
-9.671660281642080769e-21
-8.916493246710969942e-21
-8.165905313036088518e-21
-7.425877080962419249e-21
-6.701932232700349507e-21
-5.999164927033419293e-21
-4.675545320142062057e-21
-4.062958623381168921e-21
-3.488125182462701726e-21
-2.954350116594868437e-21
-2.464643177489098436e-21
-2.021736825853239477e-21
-1.628103270402233291e-21
-9.973375739924623748e-22
-7.639885989803995002e-22
-5.875064838379051634e-22
-4.692854783162501247e-22
-3.826470793646699479e-22
-3.561973710967256539e-22
-3.311366081434304148e-22
-3.074095995202713612e-22
-2.849633026701295180e-22
-2.437108915940348257e-22
-2.248086609049741039e-22
-2.069947516018148866e-22
-1.744593852978551635e-22
-1.596557916887615167e-22
-1.457761144367987883e-22
-1.327831129314380399e-22
-1.093152288995302244e-22
-9.877275218374484140e-23
-8.898165690311375587e-23
-7.153208679361422419e-23
-6.381571078600190926e-23
-5.673482466800168465e-23
-4.437536445189037520e-23
-3.904715165393995807e-23
-2.997659185078929879e-23
-2.619000004705536107e-23
-2.287441619708783057e-23
-1.757662099939428734e-23
-1.555643872910641576e-23
-1.268384857669847923e-23
-1.179757555412631314e-23
-1.043483974802893023e-23
-9.796684072888547280e-24
-9.186167070394007467e-24
-8.044700246723882882e-24
-7.512139472956664514e-24
-6.519517596144530988e-24
-6.057987675273523838e-24
-5.200982489278641985e-24
-4.804167188242579698e-24
-4.070710378897150928e-24
-3.732845621847117369e-24
-3.111920764404988217e-24
-2.560372139332741507e-24
-2.309288809356550266e-24
-1.853989475648271342e-24
-1.648811792322323283e-24
-1.281101191847733962e-24
-9.673400126980979454e-25
-8.296465926320715640e-25
-5.906517808919327389e-25
-4.885918522882611930e-25
-3.175324259266751240e-25
-1.882553766033171081e-25
-1.384604987520299982e-25
-6.699094301597920904e-26
-3.102953444699497700e-26
-2.565168696116340629e-26
-2.311758054342805611e-26
-2.076591615143419031e-26
-1.858716541033665829e-26
-1.755979145467905455e-26
-1.562362308147321132e-26
-1.383865792883148370e-26
-1.219698689821210326e-26
-1.142752688911308092e-26
-9.986850870901573978e-27
-8.671427005570424533e-27
-7.474675081071774525e-27
-6.390349349444867495e-27
-5.888481521723716321e-27
-4.961771986926239619e-27
-4.133222204148311109e-27
-3.397622252118971680e-27
-2.750023620790057055e-27
-2.185725450389173111e-27
-1.700261551016797635e-27
-1.289388154806819689e-27
-9.490723558585691099e-28
-6.754811961174671615e-28
-4.649713581293959698e-28
-3.140794281531132889e-28
-2.195126954912771648e-28
-1.781404561096719523e-28
-1.628427967777454557e-28
-1.484812870896514242e-28
-1.350153447449106958e-28
-1.224061471963208772e-28
-1.106165498198991529e-28
-9.961100823276878032e-29
-8.935550452946584317e-29
-7.981747722097162044e-29
-7.096575467366690005e-29
-6.277049185751658237e-29
-5.520311022405162374e-29
-4.823624054535028904e-29
-3.885485526782837845e-29
-3.327697791317052810e-29
-2.821258236083001682e-29
-2.363910567657820095e-29
-1.953492613239804340e-29
-1.421349604216324494e-29
-1.119377267409455483e-29
-8.574502158566191940e-30
-6.337813388981644269e-30
-3.662832499543754179e-30
-2.309167256743441669e-30
-1.281129783181982032e-30
-3.174220966844396616e-31
-4.003064893758438223e-32
-5.593328586363186022e-33
-4.986195559888935204e-33
-4.607820401814864189e-33
-4.077891815562806447e-33
-3.748618007893967458e-33
-3.437727315896086813e-33
-3.004380757831339083e-33
-2.736530545106456187e-33
-2.364779010525095104e-33
-2.136098651923104019e-33
-1.820398121765607334e-33
-1.627358359093651751e-33
-1.362652310961951132e-33
-1.126301474000963302e-33
-9.837073013340621618e-34
-7.911628625907398830e-34
-6.764107645234200679e-34
-5.236823528517683804e-34
-3.930726840017293985e-34
-3.176711241553044514e-34
-2.211956612409348760e-34
-1.436665740311303010e-34
-1.019718321154283828e-34
-5.365333349223712613e-35
-2.153078439182396325e-35
-4.669372344035312348e-36
-1.467151828677851611e-36
-1.332481409963075641e-36
-1.206652526060792413e-36
-1.089252098832609953e-36
-9.798863626448539825e-37
-9.112534689446539923e-37
-8.144532582436929807e-37
-7.247249174829776644e-37
-6.417376031912066664e-37
-5.651756957205412696e-37
-4.947380524764077660e-37
-4.301373009626064579e-37
-3.710991693285724459e-37
-3.173618522513630729e-37
-2.686754101212010600e-37
-2.248011996261320499e-37
-1.855113339497181354e-37
-1.505881709060680389e-37
-1.198238274392679191e-37
-8.493202959477959842e-38
-6.311458110697355988e-38
-4.482775066267348364e-38
-2.990091426943753421e-38
-1.817100587592161767e-38
-9.482168008904309352e-39
-2.371058070450884793e-39
-2.099780832794183888e-40
-6.352125932478682934e-41
-5.683278777898151976e-41
-5.214759068340923262e-41
-4.773370512833466040e-41
-4.225196376852773032e-41
-3.842988403096970087e-41
-3.484475577295443456e-41
-3.041691202849140842e-41
-2.734859407776185370e-41
-2.357790362945664226e-41
-2.097954197212342340e-41
-1.780636200694937412e-41
-1.563524885759407977e-41
-1.300519913365426754e-41
-1.122238426525234068e-41
-9.085855861383133424e-42
-7.210749326411087384e-42
-5.967510894339170103e-42
-4.516561661430389496e-42
-3.290134988666747185e-42
-2.510313304450880647e-42
-1.647883911990182996e-42
-9.779568123073205078e-43
-4.899634225932333196e-43
-1.738616193291793416e-43
-4.383041188012721015e-44
-1.232073976425767428e-45
-1.122531281196002392e-45
-1.019933824962948327e-45
-9.239697339796350444e-46
-8.343411405200474911e-46
-7.507635084835830186e-46
-6.729649943903979852e-46
-6.006858417404961621e-46
-5.336778068357732296e-46
-4.717036142823220762e-46
-4.145364404996320400e-46
-3.619594236663120405e-46
-3.023780212435981729e-46
-2.593844334305177040e-46
-2.203395370384983415e-46
-1.850638952564956128e-46
-1.460090410753591938e-46
-1.185978182014363295e-46
-9.442451681564218158e-47
-6.853516321390399375e-47
-5.111287439256132544e-47
-3.646783099003810801e-47
-2.187089328838016030e-47
-1.301101118320377681e-47
-5.266159689851188719e-48
-1.598376572261413547e-48
4.992461140918279869e-52
4.922544395390581168e-52
4.795556294830916565e-52
4.630796847188725847e-52
4.475964010159885592e-52
4.258472492011580157e-52
4.019340832766003013e-52
3.815780493896694829e-52
3.549854877458234053e-52
3.275123637939162398e-52
2.995486458261902783e-52
2.714521491890286796e-52
2.435507131244797344e-52
2.161442336907272442e-52
1.947602764279096099e-52
1.689184586968534064e-52
1.442783376415060970e-52
1.165906906764651947e-52
9.530556965321986290e-53
7.582601193375878332e-53
5.830303502924944205e-53
4.287183645934722484e-53
2.965289831365598037e-53
1.685982404597323891e-53
8.865950608753221269e-54
3.382597194319072872e-54
4.789628156502614161e-55
5.405209228345333969e-59
4.967498774384647439e-59
4.475372005899192882e-59
4.091680053521612441e-59
3.661494903186207286e-59
3.327123811442366790e-59
2.953492598430977223e-59
2.664150972929704805e-59
2.342150462980926773e-59
2.046389529528737972e-59
1.819044468744690848e-59
1.568121386897652313e-59
1.339979644452776659e-59
1.133507318874543621e-59
9.476446402223137452e-60
7.813814031885882689e-60
6.337545182490188539e-60
5.038456937900385308e-60
3.907792415964307366e-60
2.937199985619365985e-60
2.118713579339189106e-60
1.444734038210666626e-60
9.080114308209834770e-61
5.016282907716734475e-61
2.189837210260087843e-61
3.723555147345591191e-62
-1.407524817348302590e-67
-1.384199490650335783e-67
-1.345612978973542812e-67
-1.304159954751828118e-67
-1.247584725744752441e-67
-1.193231591855779230e-67
-1.124326221720179543e-67
-1.061569064569565260e-67
-9.851926126862697232e-68
-9.065564051296366900e-68
-8.267655047530704531e-68
-7.582244294929666192e-68
-6.789111696963833672e-68
-6.011139145526218446e-68
-5.256155357660399565e-68
-4.531288024183759136e-68
-3.843012063454933450e-68
-3.197194685269233525e-68
-2.599137480514952474e-68
-2.053615736977151548e-68
-1.564915167560903504e-68
-1.136866224144507402e-68
-7.262873064139844378e-69
-4.391763760175289432e-69
-2.221372148192153802e-69
-6.278349115938393833e-70
-3.121038253748374254e-71
0.000000000000000000e+00
0.000000000000000000e+00
0.000000000000000000e+00
0.000000000000000000e+00
0.000000000000000000e+00
0.000000000000000000e+00
0.000000000000000000e+00
0.000000000000000000e+00
0.000000000000000000e+00
0.000000000000000000e+00
0.000000000000000000e+00
0.000000000000000000e+00
0.000000000000000000e+00
0.000000000000000000e+00
0.000000000000000000e+00
0.000000000000000000e+00
0.000000000000000000e+00
0.000000000000000000e+00
0.000000000000000000e+00
0.000000000000000000e+00
0.000000000000000000e+00
0.000000000000000000e+00
0.000000000000000000e+00
0.000000000000000000e+00
0.000000000000000000e+00
0.000000000000000000e+00
0.000000000000000000e+00
0.000000000000000000e+00
0.000000000000000000e+00
0.000000000000000000e+00
0.000000000000000000e+00
0.000000000000000000e+00
0.000000000000000000e+00
0.000000000000000000e+00
0.000000000000000000e+00
0.000000000000000000e+00
0.000000000000000000e+00
0.000000000000000000e+00
0.000000000000000000e+00
0.000000000000000000e+00
0.000000000000000000e+00
0.000000000000000000e+00
0.000000000000000000e+00
0.000000000000000000e+00
0.000000000000000000e+00
0.000000000000000000e+00
0.000000000000000000e+00
0.000000000000000000e+00
0.000000000000000000e+00
0.000000000000000000e+00
0.000000000000000000e+00
0.000000000000000000e+00
0.000000000000000000e+00
0.000000000000000000e+00
0.000000000000000000e+00
0.000000000000000000e+00
0.000000000000000000e+00
0.000000000000000000e+00
0.000000000000000000e+00
0.000000000000000000e+00
0.000000000000000000e+00
0.000000000000000000e+00
0.000000000000000000e+00
0.000000000000000000e+00
0.000000000000000000e+00
0.000000000000000000e+00
0.000000000000000000e+00
0.000000000000000000e+00
0.000000000000000000e+00
0.000000000000000000e+00
0.000000000000000000e+00
0.000000000000000000e+00
0.000000000000000000e+00
0.000000000000000000e+00
0.000000000000000000e+00
0.000000000000000000e+00
0.000000000000000000e+00
0.000000000000000000e+00
0.000000000000000000e+00
0.000000000000000000e+00
0.000000000000000000e+00
0.000000000000000000e+00
0.000000000000000000e+00
0.000000000000000000e+00
0.000000000000000000e+00
0.000000000000000000e+00
0.000000000000000000e+00
0.000000000000000000e+00
0.000000000000000000e+00
0.000000000000000000e+00
0.000000000000000000e+00
0.000000000000000000e+00
0.000000000000000000e+00
0.000000000000000000e+00
0.000000000000000000e+00
0.000000000000000000e+00
0.000000000000000000e+00
0.000000000000000000e+00
0.000000000000000000e+00
0.000000000000000000e+00
0.000000000000000000e+00
0.000000000000000000e+00
0.000000000000000000e+00
0.000000000000000000e+00
0.000000000000000000e+00
0.000000000000000000e+00
0.000000000000000000e+00
0.000000000000000000e+00
0.000000000000000000e+00
0.000000000000000000e+00
0.000000000000000000e+00
0.000000000000000000e+00
0.000000000000000000e+00
0.000000000000000000e+00
0.000000000000000000e+00
0.000000000000000000e+00
0.000000000000000000e+00
0.000000000000000000e+00
0.000000000000000000e+00
0.000000000000000000e+00
0.000000000000000000e+00
0.000000000000000000e+00
0.000000000000000000e+00
0.000000000000000000e+00
0.000000000000000000e+00
0.000000000000000000e+00
0.000000000000000000e+00
0.000000000000000000e+00
0.000000000000000000e+00
0.000000000000000000e+00
0.000000000000000000e+00
0.000000000000000000e+00
0.000000000000000000e+00
0.000000000000000000e+00
0.000000000000000000e+00
0.000000000000000000e+00
0.000000000000000000e+00
0.000000000000000000e+00
0.000000000000000000e+00
0.000000000000000000e+00
0.000000000000000000e+00
0.000000000000000000e+00
0.000000000000000000e+00
0.000000000000000000e+00
0.000000000000000000e+00
0.000000000000000000e+00
0.000000000000000000e+00
0.000000000000000000e+00
0.000000000000000000e+00
0.000000000000000000e+00
0.000000000000000000e+00
0.000000000000000000e+00
0.000000000000000000e+00
0.000000000000000000e+00
0.000000000000000000e+00
0.000000000000000000e+00
0.000000000000000000e+00
0.000000000000000000e+00
0.000000000000000000e+00
0.000000000000000000e+00
0.000000000000000000e+00
0.000000000000000000e+00
0.000000000000000000e+00
0.000000000000000000e+00
0.000000000000000000e+00
0.000000000000000000e+00
0.000000000000000000e+00
0.000000000000000000e+00
0.000000000000000000e+00
0.000000000000000000e+00
0.000000000000000000e+00
0.000000000000000000e+00
0.000000000000000000e+00
0.000000000000000000e+00
0.000000000000000000e+00
0.000000000000000000e+00
0.000000000000000000e+00
0.000000000000000000e+00
0.000000000000000000e+00
0.000000000000000000e+00
0.000000000000000000e+00
0.000000000000000000e+00
0.000000000000000000e+00
0.000000000000000000e+00
0.000000000000000000e+00
0.000000000000000000e+00
0.000000000000000000e+00
0.000000000000000000e+00
0.000000000000000000e+00
0.000000000000000000e+00
0.000000000000000000e+00
0.000000000000000000e+00
0.000000000000000000e+00
0.000000000000000000e+00
0.000000000000000000e+00
0.000000000000000000e+00
0.000000000000000000e+00
0.000000000000000000e+00
0.000000000000000000e+00
0.000000000000000000e+00
0.000000000000000000e+00
0.000000000000000000e+00
0.000000000000000000e+00
0.000000000000000000e+00
0.000000000000000000e+00
0.000000000000000000e+00
0.000000000000000000e+00
0.000000000000000000e+00
0.000000000000000000e+00
0.000000000000000000e+00
0.000000000000000000e+00
0.000000000000000000e+00
0.000000000000000000e+00
0.000000000000000000e+00
0.000000000000000000e+00
0.000000000000000000e+00
0.000000000000000000e+00
0.000000000000000000e+00
0.000000000000000000e+00
0.000000000000000000e+00
0.000000000000000000e+00
0.000000000000000000e+00
0.000000000000000000e+00
0.000000000000000000e+00
0.000000000000000000e+00
0.000000000000000000e+00
0.000000000000000000e+00
0.000000000000000000e+00
0.000000000000000000e+00
0.000000000000000000e+00
0.000000000000000000e+00
0.000000000000000000e+00
0.000000000000000000e+00
0.000000000000000000e+00
0.000000000000000000e+00
0.000000000000000000e+00
0.000000000000000000e+00
0.000000000000000000e+00
0.000000000000000000e+00
0.000000000000000000e+00
0.000000000000000000e+00
0.000000000000000000e+00
0.000000000000000000e+00
0.000000000000000000e+00
0.000000000000000000e+00
0.000000000000000000e+00
0.000000000000000000e+00
0.000000000000000000e+00
0.000000000000000000e+00
0.000000000000000000e+00
0.000000000000000000e+00
0.000000000000000000e+00
0.000000000000000000e+00
0.000000000000000000e+00
0.000000000000000000e+00
0.000000000000000000e+00
0.000000000000000000e+00
0.000000000000000000e+00
0.000000000000000000e+00
0.000000000000000000e+00
0.000000000000000000e+00
0.000000000000000000e+00
0.000000000000000000e+00
0.000000000000000000e+00
0.000000000000000000e+00
0.000000000000000000e+00
0.000000000000000000e+00
0.000000000000000000e+00
0.000000000000000000e+00
0.000000000000000000e+00
0.000000000000000000e+00
0.000000000000000000e+00
0.000000000000000000e+00
0.000000000000000000e+00
0.000000000000000000e+00
0.000000000000000000e+00
0.000000000000000000e+00
0.000000000000000000e+00
0.000000000000000000e+00
0.000000000000000000e+00
0.000000000000000000e+00
0.000000000000000000e+00
0.000000000000000000e+00
0.000000000000000000e+00
0.000000000000000000e+00
0.000000000000000000e+00
0.000000000000000000e+00
0.000000000000000000e+00
0.000000000000000000e+00
0.000000000000000000e+00
0.000000000000000000e+00
0.000000000000000000e+00
0.000000000000000000e+00
0.000000000000000000e+00
0.000000000000000000e+00
0.000000000000000000e+00
0.000000000000000000e+00
0.000000000000000000e+00
0.000000000000000000e+00
0.000000000000000000e+00
0.000000000000000000e+00
0.000000000000000000e+00
0.000000000000000000e+00
0.000000000000000000e+00
0.000000000000000000e+00
0.000000000000000000e+00
0.000000000000000000e+00
0.000000000000000000e+00
0.000000000000000000e+00
0.000000000000000000e+00
0.000000000000000000e+00
0.000000000000000000e+00
0.000000000000000000e+00
0.000000000000000000e+00
0.000000000000000000e+00
0.000000000000000000e+00
0.000000000000000000e+00
0.000000000000000000e+00
0.000000000000000000e+00
0.000000000000000000e+00
0.000000000000000000e+00
0.000000000000000000e+00
0.000000000000000000e+00
0.000000000000000000e+00
0.000000000000000000e+00
0.000000000000000000e+00
0.000000000000000000e+00
0.000000000000000000e+00
0.000000000000000000e+00
0.000000000000000000e+00
0.000000000000000000e+00
0.000000000000000000e+00
0.000000000000000000e+00
0.000000000000000000e+00
0.000000000000000000e+00
0.000000000000000000e+00
0.000000000000000000e+00
0.000000000000000000e+00
0.000000000000000000e+00
0.000000000000000000e+00
0.000000000000000000e+00
0.000000000000000000e+00
0.000000000000000000e+00
0.000000000000000000e+00
0.000000000000000000e+00
0.000000000000000000e+00
0.000000000000000000e+00
0.000000000000000000e+00
0.000000000000000000e+00
0.000000000000000000e+00
0.000000000000000000e+00
0.000000000000000000e+00
0.000000000000000000e+00
0.000000000000000000e+00
0.000000000000000000e+00
0.000000000000000000e+00
0.000000000000000000e+00
0.000000000000000000e+00
0.000000000000000000e+00
0.000000000000000000e+00
0.000000000000000000e+00
0.000000000000000000e+00
0.000000000000000000e+00
0.000000000000000000e+00
0.000000000000000000e+00
0.000000000000000000e+00
0.000000000000000000e+00
0.000000000000000000e+00
0.000000000000000000e+00
0.000000000000000000e+00
0.000000000000000000e+00
0.000000000000000000e+00
0.000000000000000000e+00
0.000000000000000000e+00
0.000000000000000000e+00
0.000000000000000000e+00
0.000000000000000000e+00
0.000000000000000000e+00
0.000000000000000000e+00
0.000000000000000000e+00
0.000000000000000000e+00
0.000000000000000000e+00
0.000000000000000000e+00
0.000000000000000000e+00
0.000000000000000000e+00
0.000000000000000000e+00
0.000000000000000000e+00
0.000000000000000000e+00
0.000000000000000000e+00
0.000000000000000000e+00
0.000000000000000000e+00
0.000000000000000000e+00
0.000000000000000000e+00
0.000000000000000000e+00
0.000000000000000000e+00
0.000000000000000000e+00
0.000000000000000000e+00
0.000000000000000000e+00
0.000000000000000000e+00
0.000000000000000000e+00
0.000000000000000000e+00
0.000000000000000000e+00
0.000000000000000000e+00
0.000000000000000000e+00
0.000000000000000000e+00
0.000000000000000000e+00
0.000000000000000000e+00
0.000000000000000000e+00
0.000000000000000000e+00
0.000000000000000000e+00
0.000000000000000000e+00
0.000000000000000000e+00
0.000000000000000000e+00
0.000000000000000000e+00
0.000000000000000000e+00
0.000000000000000000e+00
0.000000000000000000e+00
0.000000000000000000e+00
0.000000000000000000e+00
0.000000000000000000e+00
0.000000000000000000e+00
0.000000000000000000e+00
0.000000000000000000e+00
0.000000000000000000e+00
0.000000000000000000e+00
0.000000000000000000e+00
0.000000000000000000e+00
0.000000000000000000e+00
0.000000000000000000e+00
0.000000000000000000e+00
0.000000000000000000e+00
0.000000000000000000e+00
0.000000000000000000e+00
0.000000000000000000e+00
0.000000000000000000e+00
0.000000000000000000e+00
0.000000000000000000e+00
0.000000000000000000e+00
0.000000000000000000e+00
0.000000000000000000e+00
0.000000000000000000e+00
0.000000000000000000e+00
0.000000000000000000e+00
0.000000000000000000e+00
0.000000000000000000e+00
0.000000000000000000e+00
0.000000000000000000e+00
0.000000000000000000e+00
0.000000000000000000e+00
0.000000000000000000e+00
0.000000000000000000e+00
0.000000000000000000e+00
0.000000000000000000e+00
0.000000000000000000e+00
0.000000000000000000e+00
0.000000000000000000e+00
0.000000000000000000e+00
0.000000000000000000e+00
0.000000000000000000e+00
0.000000000000000000e+00
0.000000000000000000e+00
0.000000000000000000e+00
0.000000000000000000e+00
0.000000000000000000e+00
0.000000000000000000e+00
0.000000000000000000e+00
0.000000000000000000e+00
0.000000000000000000e+00
0.000000000000000000e+00
0.000000000000000000e+00
0.000000000000000000e+00
0.000000000000000000e+00
0.000000000000000000e+00
0.000000000000000000e+00
0.000000000000000000e+00
0.000000000000000000e+00
0.000000000000000000e+00
0.000000000000000000e+00
0.000000000000000000e+00
0.000000000000000000e+00
0.000000000000000000e+00
0.000000000000000000e+00
0.000000000000000000e+00
0.000000000000000000e+00
0.000000000000000000e+00
0.000000000000000000e+00
0.000000000000000000e+00
0.000000000000000000e+00
0.000000000000000000e+00
0.000000000000000000e+00
0.000000000000000000e+00
0.000000000000000000e+00
0.000000000000000000e+00
0.000000000000000000e+00
0.000000000000000000e+00
0.000000000000000000e+00
0.000000000000000000e+00
0.000000000000000000e+00
0.000000000000000000e+00
0.000000000000000000e+00
0.000000000000000000e+00
0.000000000000000000e+00
0.000000000000000000e+00
0.000000000000000000e+00
0.000000000000000000e+00
0.000000000000000000e+00
0.000000000000000000e+00
0.000000000000000000e+00
0.000000000000000000e+00
0.000000000000000000e+00
0.000000000000000000e+00
0.000000000000000000e+00
0.000000000000000000e+00
0.000000000000000000e+00
0.000000000000000000e+00
0.000000000000000000e+00
nan
