# bin_10_1
2.173037597883366849e-07
-3.091631335670420572e-07
1.003136519486300746e-07
-2.971971493655146440e-07
4.373361452315106375e-07
-2.974408302631081684e-07
-6.599760156075727970e-08
-1.370886689320441692e-07
4.944882817160620006e-07
1.916598574356759106e-08
-6.036982985057415678e-07
2.528195137783736116e-07
4.088303945102638593e-07
-4.038501100901073469e-07
-9.592660930672707230e-07
-7.275923619614250186e-07
-3.930193495417396438e-07
-6.670974768192746063e-08
3.162556896770141977e-07
7.015241071557087631e-07
9.428930290797797277e-07
9.768561819754701319e-07
9.025631087991689698e-07
8.351542457163990830e-07
7.739008218427321657e-07
7.181513243489683565e-07
5.878520635310022867e-07
3.810695654784842208e-07
1.819045845438233554e-07
4.224447493370602025e-08
-7.972651797563439751e-09
-4.866132870382059207e-09
1.291724554897966533e-09
8.027645349816916239e-09
1.367258463576106533e-08
1.714072885763597706e-08
1.776747478782815510e-08
-1.400886344286057954e-08
-8.569062197268877400e-08
-1.712893986448984942e-07
-2.520252315684415604e-07
-3.146214351567357823e-07
-3.499931591867944789e-07
-3.522369186218858987e-07
-3.204770044900777582e-07
-2.666037785127797288e-07
-2.030914791576575467e-07
-1.394378543613792027e-07
-8.277158178629272786e-08
-3.833832402714877541e-08
-9.890232048060019834e-09
1.567469613082047943e-12
1.498048937433233091e-12
1.412472666221155250e-12
1.316388726271265408e-12
1.214373072144906308e-12
1.110111655866114837e-12
1.006551599178968213e-12
9.060269558235095208e-13
8.103634643013230803e-13
7.209658947721136797e-13
6.275527383698154035e-13
5.242618790417049439e-13
4.177821039731983564e-13
3.135490063788553864e-13
2.159404443532797899e-13
1.284422780502448733e-13
5.378901383970426359e-14
-5.916767719522283699e-15
-4.910294685809230385e-14
-7.464162768244116004e-14
-8.177582636018881551e-14
-7.802626067347326245e-14
-7.184607205280837320e-14
-6.401809723729016496e-14
-5.520749093268924054e-14
-4.597712183616186116e-14
-3.680097668711697617e-14
-2.807583818435643722e-14
-2.013146543748204725e-14
-1.323947392423112078e-14
-7.621084854114843921e-15
-3.453890681156917053e-15
-8.777636683924107505e-16
-1.738365991932189887e-20
-1.475829491752755031e-20
-1.242210161293350376e-20
-1.035216780404293785e-20
-8.527394852447780733e-21
-6.928344299922102217e-21
-5.537098566954514410e-21
-4.337134327746765086e-21
-3.313207308526498867e-21
-2.451247390167965139e-21
-1.738263014780575148e-21
-1.162254001031410632e-21
-7.121319661769746402e-22
-3.776476355316130334e-22
-1.493243936560065600e-22
-1.839749700385424139e-23
2.324157392699833767e-23
2.257236536402378407e-23
2.153577688413215255e-23
2.021396022012096429e-23
1.868013704278927664e-23
1.699945067369817223e-23
1.522973707101286683e-23
1.342222301194542230e-23
1.162215857755773961e-23
9.869390317146330897e-24
8.198880819789203522e-24
6.641179840886957809e-24
5.222851613690571200e-24
3.966862512915581064e-24
2.892932823426174884e-24
2.017855996200083137e-24
1.355788441577465811e-24
9.185126119102270613e-25
7.156758584298479328e-25
6.361027699463256897e-25
5.629097822186274930e-25
4.957295757577688178e-25
4.342160021727637464e-25
3.780427768882075010e-25
3.269022597270001797e-25
2.805043169223063369e-25
2.385752586346876123e-25
2.008568465183225207e-25
1.671053663083405822e-25
1.370907607929542763e-25
1.105958188929009325e-25
8.741541689945072143e-26
6.735580822372056383e-26
5.023395828665300350e-26
3.587692143299905790e-26
2.412125698589688746e-26
1.481248177313185597e-26
7.804556653361984107e-27
2.959404752076175861e-27
1.464592841966004518e-28
-7.577610058545058165e-28
-7.431373225344519332e-28
-7.214130651105787112e-28
-6.937194732391974659e-28
-6.610985501646628791e-28
-6.245092661218821272e-28
-5.848333318874907626e-28
-5.428805734066994385e-28
-4.993939360771874965e-28
-4.550541451142932224e-28
-4.104840464372020070e-28
-3.662526506888416971e-28
-3.228789013199773605e-28
-2.808351861180667058e-28
-2.405506101327576488e-28
-2.024140466328343824e-28
-1.667769815140720606e-28
-1.339561654562059697e-28
-1.042360870917287820e-28
-7.787127949314599613e-29
-5.508847140167811410e-29
-3.608859380369243197e-29
-2.104865170610421302e-29
-1.012347026324337832e-29
-3.447323761394603627e-30
-1.135455368746115872e-30
-1.042475519426106283e-30
-9.549500259999154675e-31
-8.726497036223216180e-31
-7.953550118903937386e-31
-7.228556195501040318e-31
-6.549499906188416051e-31
-5.914449907738534915e-31
-4.769041209409067824e-31
-4.255207106009854733e-31
-3.778421868115866077e-31
-3.337121562884966770e-31
-2.929806348669060772e-31
-2.555037686904905693e-31
-2.211435685612522347e-31
-1.897676567735711025e-31
-1.354658081821712970e-31
-1.123010571868470240e-31
-9.164253747227258488e-32
-7.338252547207479329e-32
-5.741761888578376895e-32
-4.364855486403745562e-32
-3.198003645176817863e-32
-1.458229133457452107e-32
-8.680845795012306780e-33
-4.535212667409384430e-33
-2.067582814346262216e-33
-1.118506806561768725e-33
-1.038033976222960794e-33
-9.616538333633034379e-34
-8.892203995320096414e-34
-8.205928991768739052e-34
-6.942174259953107756e-34
-6.362121674366823937e-34
-5.814979130462753075e-34
-4.814762056883041613e-34
-4.359458091374235899e-34
-3.932602269756216108e-34
-3.533174792178949182e-34
-2.812701630196737216e-34
-2.489788431554653977e-34
-2.190566085360105067e-34
-1.659802928119569516e-34
-1.426639064190025285e-34
-1.213917851909353808e-34
-8.468539230859997682e-35
-6.910990205647958623e-35
-4.317911879017531133e-35
-3.269651864914003450e-35
-2.378782106956399709e-35
-1.046051214726901791e-35
-5.930945468461882182e-36
-8.764566741939381481e-37
-2.513957362217642793e-37
-2.222772607004669028e-37
-2.086390239310515878e-37
-1.955900769650625329e-37
-1.711892662786814046e-37
-1.598033405995842232e-37
-1.385791074160084008e-37
-1.287097204597849016e-37
-1.103821642556941613e-37
-1.018956196818931651e-37
-8.620919582212712335e-38
-7.898339511203909812e-38
-6.570466077503664532e-38
-5.391135244964832757e-38
-4.854362041249234823e-38
-3.881262839249168289e-38
-3.442894953916884886e-38
-2.657639020936022810e-38
-1.988171992694817776e-38
-1.694640314738823339e-38
-1.185764864669524986e-38
-9.688073073221960220e-39
-6.059906777370225977e-39
-3.330786115474907949e-39
-2.285800401379925974e-39
-8.015833515406977347e-40
-8.270972759773986415e-41
4.923624734447170630e-42
4.824918615641039755e-42
4.678151238552355390e-42
4.491204297749630418e-42
4.384949477134067254e-42
4.151118046837642739e-42
3.894099373860344591e-42
3.619720491364659986e-42
3.477705584343362590e-42
3.187139158051546634e-42
2.891691937424678740e-42
2.595609100275203982e-42
2.302754996158142869e-42
2.158649023755018995e-42
1.877118010176699259e-42
1.606986745012325205e-42
1.350991490529372403e-42
1.111597406586663943e-42
8.910184338044037311e-43
6.912357885599650740e-43
5.140151685595826530e-43
3.609227603997538382e-43
2.333401337736402975e-43
1.324781007420736255e-43
5.938961273905259028e-44
1.498176267449771147e-44
2.695459732760986846e-47
2.463980115688984202e-47
2.246665496508362613e-47
2.042901899486564817e-47
1.852101969328353830e-47
1.673703733427488921e-47
1.507169426854054512e-47
1.351984376606275937e-47
1.207655941864784526e-47
1.073712507182217943e-47
9.497025257242353602e-48
8.351936098482584550e-48
7.297716664670986574e-48
5.878138011648894239e-48
5.034103783270866048e-48
4.267771567398524066e-48
3.575727536905194186e-48
2.954700253783559972e-48
2.149492984295110868e-48
1.692573747993070788e-48
1.296254768759362899e-48
9.578320236640656211e-49
5.531112992074704924e-49
3.483184516216317040e-49
1.928042000676629323e-49
4.705744569934310412e-50
5.143018526335813124e-51
-3.637083750442880923e-54
-3.541538504822314417e-54
-3.455919726896684622e-54
-3.299950635700894611e-54
-3.180495914021149554e-54
-3.050813341681177086e-54
-2.840843694472219285e-54
-2.692883188505084488e-54
-2.462636715823370625e-54
-2.305572942425012952e-54
-2.067739887467901117e-54
-1.909362112729872767e-54
-1.674690005791021971e-54
-1.446358123693624316e-54
-1.299116791347714695e-54
-1.087703406023960979e-54
-9.541119391445559874e-55
-7.663901655949161838e-55
-5.956328032954866544e-55
-4.921057237481238252e-55
-3.534663924819043574e-55
-2.360689123174972398e-55
-1.702294574404841515e-55
-9.092928896556436441e-56
-3.583617432813698440e-56
-5.779787770371182376e-57
1.295099897193209976e-62
1.271772896961080559e-62
1.237628359878157749e-62
1.194289348345686169e-62
1.143257249773612031e-62
1.105651674354069225e-62
1.044828991585445521e-62
9.797816257606830310e-63
9.116297773379873525e-63
8.414052659343144200e-63
7.700573938504731013e-63
6.984584271703924730e-63
6.274087201844563151e-63
5.576415070639823817e-63
4.898273830279986057e-63
4.245784956829297876e-63
3.624524657712052099e-63
3.039560552268631702e-63
2.495485991961921260e-63
1.840774209212618353e-63
1.407543954457038394e-63
1.027486321249689895e-63
7.034851359768840425e-64
4.380990832249009756e-64
2.335842716568171175e-64
5.896139021106554222e-65
3.709111104355078723e-66
-2.878675114101409875e-73
-2.801515144943538260e-73
-2.725036806537287461e-73
-2.634992832906506763e-73
-2.497264286931121261e-73
-2.383109058939555291e-73
-2.261552512403664721e-73
-2.090701115101648871e-73
-1.957884722538939117e-73
-1.777131929327614240e-73
-1.640433002178129929e-73
-1.458830413349303009e-73
-1.324486010430783800e-73
-1.149664918072593903e-73
-1.022917286962009472e-73
-8.612701586835745091e-74
-7.095995714443904434e-74
-6.033335648150147532e-74
-4.727548714405453158e-74
-3.560263295848026134e-74
-2.782499357093846771e-74
-1.883811208831901043e-74
-1.151356769226785016e-74
-5.929334820286108684e-75
-2.152682683947047823e-75
-5.413020936163519462e-76
-1.335427041657084372e-85
-1.216695366525143516e-85
-1.105491530763570803e-85
-1.001477499144590488e-85
-9.043304173542129490e-86
-8.137418810251276336e-86
-7.294172431292512631e-86
-6.510749575327243300e-86
-5.784459566531309099e-86
-5.112730612867043833e-86
-4.493104207917780281e-86
-3.923229819263845924e-86
-3.277435939972684838e-86
-2.811434887796188982e-86
-2.388233104255577932e-86
-2.005885700945197208e-86
-1.582575971203019584e-86
-1.285469814238592218e-86
-1.023458998303868986e-86
-7.428481370627890388e-87
-5.540105248139152439e-87
-3.952750554770183409e-87
-2.370609816911026637e-87
-1.410300004885409491e-87
-5.708465262866880453e-88
-1.733004703271596950e-88
-1.711515593438818162e-101
-1.582773763008221805e-101
-1.431521688083343868e-101
-1.290542299788104973e-101
-1.184826059437393158e-101
-1.061122090158326386e-101
-9.463806101382989659e-102
-8.607531095989282579e-102
-7.610827613503311531e-102
-6.692304522629424338e-102
-5.848232765166888724e-102
-5.075056921500793042e-102
-4.369386613176230904e-102
-3.727988367632773025e-102
-3.259068203954702297e-102
-2.725682921099818584e-102
-2.248286728431695571e-102
-1.745518344397188799e-102
-1.381953313592584329e-102
-1.066150720557088398e-102
-7.957811958998625657e-103
-5.686209182501615198e-103
-3.825466045819530120e-103
-2.106426583382670202e-103
-1.079488831537553233e-103
-4.016835028488641769e-104
-5.550870105960468829e-105
7.555391485592748398e-124
7.410684890614338794e-124
7.178355410899096189e-124
6.942884450267707686e-124
6.618414641312871240e-124
6.319163812047152685e-124
5.932595410584654746e-124
5.592769063059845703e-124
5.169893341804299718e-124
4.736730786426263798e-124
4.372254658382754517e-124
3.935471078652019610e-124
3.504129421158975713e-124
3.082886041028902194e-124
2.675981795156111096e-124
2.287270873104673675e-124
1.920247701525926665e-124
1.578072053862945225e-124
1.263592487679064368e-124
9.793682232268100479e-125
7.276895688083307668e-125
5.105969910179927263e-125
3.298989210509628594e-125
1.871883818694048475e-125
8.385851509597608140e-126
1.468140533484667502e-126
7.048909202073567898e-150
6.475301906403002445e-150
5.848048151029669683e-150
5.344800317979787830e-150
4.795975287540607515e-150
4.356953360156839714e-150
3.879719245403174000e-150
3.499322162645414624e-150
3.087432890396706250e-150
2.708332486212777026e-150
2.360444376913491598e-150
2.085956054738266639e-150
1.792100376229681848e-150
1.525347446425653191e-150
1.284386218717975973e-150
1.067966422060194252e-150
8.748955826709082581e-151
7.040362037873209967e-151
5.543030943462844648e-151
4.246608380426046237e-151
3.141213947463030990e-151
2.217418267580369909e-151
1.372491412952760387e-151
8.080538803638448739e-152
3.982821240450121146e-152
1.093962050509931452e-152
5.308160058172962484e-154
0.000000000000000000e+00
0.000000000000000000e+00
0.000000000000000000e+00
0.000000000000000000e+00
0.000000000000000000e+00
0.000000000000000000e+00
0.000000000000000000e+00
0.000000000000000000e+00
0.000000000000000000e+00
0.000000000000000000e+00
0.000000000000000000e+00
0.000000000000000000e+00
0.000000000000000000e+00
0.000000000000000000e+00
0.000000000000000000e+00
0.000000000000000000e+00
0.000000000000000000e+00
0.000000000000000000e+00
0.000000000000000000e+00
0.000000000000000000e+00
0.000000000000000000e+00
0.000000000000000000e+00
0.000000000000000000e+00
0.000000000000000000e+00
0.000000000000000000e+00
0.000000000000000000e+00
0.000000000000000000e+00
0.000000000000000000e+00
0.000000000000000000e+00
0.000000000000000000e+00
0.000000000000000000e+00
0.000000000000000000e+00
0.000000000000000000e+00
0.000000000000000000e+00
0.000000000000000000e+00
0.000000000000000000e+00
0.000000000000000000e+00
0.000000000000000000e+00
0.000000000000000000e+00
0.000000000000000000e+00
0.000000000000000000e+00
0.000000000000000000e+00
0.000000000000000000e+00
0.000000000000000000e+00
0.000000000000000000e+00
0.000000000000000000e+00
0.000000000000000000e+00
0.000000000000000000e+00
0.000000000000000000e+00
0.000000000000000000e+00
0.000000000000000000e+00
0.000000000000000000e+00
0.000000000000000000e+00
0.000000000000000000e+00
0.000000000000000000e+00
0.000000000000000000e+00
0.000000000000000000e+00
0.000000000000000000e+00
0.000000000000000000e+00
0.000000000000000000e+00
0.000000000000000000e+00
0.000000000000000000e+00
0.000000000000000000e+00
0.000000000000000000e+00
0.000000000000000000e+00
0.000000000000000000e+00
0.000000000000000000e+00
0.000000000000000000e+00
0.000000000000000000e+00
0.000000000000000000e+00
0.000000000000000000e+00
0.000000000000000000e+00
0.000000000000000000e+00
0.000000000000000000e+00
0.000000000000000000e+00
0.000000000000000000e+00
0.000000000000000000e+00
0.000000000000000000e+00
0.000000000000000000e+00
0.000000000000000000e+00
0.000000000000000000e+00
0.000000000000000000e+00
0.000000000000000000e+00
0.000000000000000000e+00
0.000000000000000000e+00
0.000000000000000000e+00
0.000000000000000000e+00
0.000000000000000000e+00
0.000000000000000000e+00
0.000000000000000000e+00
0.000000000000000000e+00
0.000000000000000000e+00
0.000000000000000000e+00
0.000000000000000000e+00
0.000000000000000000e+00
0.000000000000000000e+00
0.000000000000000000e+00
0.000000000000000000e+00
0.000000000000000000e+00
0.000000000000000000e+00
0.000000000000000000e+00
0.000000000000000000e+00
0.000000000000000000e+00
0.000000000000000000e+00
0.000000000000000000e+00
0.000000000000000000e+00
0.000000000000000000e+00
0.000000000000000000e+00
0.000000000000000000e+00
0.000000000000000000e+00
0.000000000000000000e+00
0.000000000000000000e+00
0.000000000000000000e+00
0.000000000000000000e+00
0.000000000000000000e+00
0.000000000000000000e+00
0.000000000000000000e+00
0.000000000000000000e+00
0.000000000000000000e+00
0.000000000000000000e+00
0.000000000000000000e+00
0.000000000000000000e+00
0.000000000000000000e+00
0.000000000000000000e+00
0.000000000000000000e+00
0.000000000000000000e+00
0.000000000000000000e+00
0.000000000000000000e+00
0.000000000000000000e+00
0.000000000000000000e+00
0.000000000000000000e+00
0.000000000000000000e+00
0.000000000000000000e+00
0.000000000000000000e+00
0.000000000000000000e+00
0.000000000000000000e+00
0.000000000000000000e+00
0.000000000000000000e+00
0.000000000000000000e+00
0.000000000000000000e+00
0.000000000000000000e+00
0.000000000000000000e+00
0.000000000000000000e+00
0.000000000000000000e+00
0.000000000000000000e+00
0.000000000000000000e+00
0.000000000000000000e+00
0.000000000000000000e+00
0.000000000000000000e+00
0.000000000000000000e+00
0.000000000000000000e+00
0.000000000000000000e+00
0.000000000000000000e+00
0.000000000000000000e+00
0.000000000000000000e+00
0.000000000000000000e+00
0.000000000000000000e+00
0.000000000000000000e+00
0.000000000000000000e+00
0.000000000000000000e+00
0.000000000000000000e+00
0.000000000000000000e+00
0.000000000000000000e+00
0.000000000000000000e+00
0.000000000000000000e+00
0.000000000000000000e+00
0.000000000000000000e+00
0.000000000000000000e+00
0.000000000000000000e+00
0.000000000000000000e+00
0.000000000000000000e+00
0.000000000000000000e+00
0.000000000000000000e+00
0.000000000000000000e+00
0.000000000000000000e+00
0.000000000000000000e+00
0.000000000000000000e+00
0.000000000000000000e+00
0.000000000000000000e+00
0.000000000000000000e+00
0.000000000000000000e+00
0.000000000000000000e+00
0.000000000000000000e+00
0.000000000000000000e+00
0.000000000000000000e+00
0.000000000000000000e+00
0.000000000000000000e+00
0.000000000000000000e+00
0.000000000000000000e+00
0.000000000000000000e+00
0.000000000000000000e+00
0.000000000000000000e+00
0.000000000000000000e+00
0.000000000000000000e+00
0.000000000000000000e+00
0.000000000000000000e+00
0.000000000000000000e+00
0.000000000000000000e+00
0.000000000000000000e+00
0.000000000000000000e+00
0.000000000000000000e+00
0.000000000000000000e+00
0.000000000000000000e+00
0.000000000000000000e+00
0.000000000000000000e+00
0.000000000000000000e+00
0.000000000000000000e+00
0.000000000000000000e+00
0.000000000000000000e+00
0.000000000000000000e+00
0.000000000000000000e+00
0.000000000000000000e+00
0.000000000000000000e+00
0.000000000000000000e+00
0.000000000000000000e+00
0.000000000000000000e+00
0.000000000000000000e+00
0.000000000000000000e+00
0.000000000000000000e+00
0.000000000000000000e+00
0.000000000000000000e+00
0.000000000000000000e+00
0.000000000000000000e+00
0.000000000000000000e+00
0.000000000000000000e+00
0.000000000000000000e+00
0.000000000000000000e+00
0.000000000000000000e+00
0.000000000000000000e+00
0.000000000000000000e+00
0.000000000000000000e+00
0.000000000000000000e+00
0.000000000000000000e+00
0.000000000000000000e+00
0.000000000000000000e+00
0.000000000000000000e+00
0.000000000000000000e+00
0.000000000000000000e+00
0.000000000000000000e+00
0.000000000000000000e+00
0.000000000000000000e+00
0.000000000000000000e+00
0.000000000000000000e+00
0.000000000000000000e+00
0.000000000000000000e+00
0.000000000000000000e+00
0.000000000000000000e+00
0.000000000000000000e+00
0.000000000000000000e+00
0.000000000000000000e+00
0.000000000000000000e+00
0.000000000000000000e+00
0.000000000000000000e+00
0.000000000000000000e+00
0.000000000000000000e+00
0.000000000000000000e+00
0.000000000000000000e+00
0.000000000000000000e+00
0.000000000000000000e+00
0.000000000000000000e+00
0.000000000000000000e+00
0.000000000000000000e+00
0.000000000000000000e+00
0.000000000000000000e+00
0.000000000000000000e+00
0.000000000000000000e+00
0.000000000000000000e+00
0.000000000000000000e+00
0.000000000000000000e+00
0.000000000000000000e+00
0.000000000000000000e+00
0.000000000000000000e+00
0.000000000000000000e+00
0.000000000000000000e+00
0.000000000000000000e+00
0.000000000000000000e+00
0.000000000000000000e+00
0.000000000000000000e+00
0.000000000000000000e+00
0.000000000000000000e+00
0.000000000000000000e+00
0.000000000000000000e+00
0.000000000000000000e+00
0.000000000000000000e+00
0.000000000000000000e+00
0.000000000000000000e+00
0.000000000000000000e+00
0.000000000000000000e+00
0.000000000000000000e+00
0.000000000000000000e+00
0.000000000000000000e+00
0.000000000000000000e+00
0.000000000000000000e+00
0.000000000000000000e+00
0.000000000000000000e+00
0.000000000000000000e+00
0.000000000000000000e+00
0.000000000000000000e+00
0.000000000000000000e+00
0.000000000000000000e+00
0.000000000000000000e+00
0.000000000000000000e+00
0.000000000000000000e+00
0.000000000000000000e+00
0.000000000000000000e+00
0.000000000000000000e+00
0.000000000000000000e+00
0.000000000000000000e+00
0.000000000000000000e+00
0.000000000000000000e+00
0.000000000000000000e+00
0.000000000000000000e+00
0.000000000000000000e+00
0.000000000000000000e+00
0.000000000000000000e+00
0.000000000000000000e+00
0.000000000000000000e+00
0.000000000000000000e+00
0.000000000000000000e+00
0.000000000000000000e+00
0.000000000000000000e+00
0.000000000000000000e+00
0.000000000000000000e+00
0.000000000000000000e+00
0.000000000000000000e+00
0.000000000000000000e+00
0.000000000000000000e+00
0.000000000000000000e+00
0.000000000000000000e+00
0.000000000000000000e+00
0.000000000000000000e+00
0.000000000000000000e+00
0.000000000000000000e+00
0.000000000000000000e+00
0.000000000000000000e+00
0.000000000000000000e+00
0.000000000000000000e+00
0.000000000000000000e+00
0.000000000000000000e+00
0.000000000000000000e+00
0.000000000000000000e+00
0.000000000000000000e+00
0.000000000000000000e+00
0.000000000000000000e+00
0.000000000000000000e+00
0.000000000000000000e+00
0.000000000000000000e+00
0.000000000000000000e+00
0.000000000000000000e+00
0.000000000000000000e+00
0.000000000000000000e+00
0.000000000000000000e+00
0.000000000000000000e+00
0.000000000000000000e+00
0.000000000000000000e+00
0.000000000000000000e+00
0.000000000000000000e+00
0.000000000000000000e+00
0.000000000000000000e+00
0.000000000000000000e+00
0.000000000000000000e+00
0.000000000000000000e+00
0.000000000000000000e+00
0.000000000000000000e+00
0.000000000000000000e+00
0.000000000000000000e+00
0.000000000000000000e+00
0.000000000000000000e+00
0.000000000000000000e+00
0.000000000000000000e+00
0.000000000000000000e+00
0.000000000000000000e+00
0.000000000000000000e+00
0.000000000000000000e+00
0.000000000000000000e+00
0.000000000000000000e+00
0.000000000000000000e+00
0.000000000000000000e+00
0.000000000000000000e+00
0.000000000000000000e+00
0.000000000000000000e+00
0.000000000000000000e+00
0.000000000000000000e+00
0.000000000000000000e+00
0.000000000000000000e+00
0.000000000000000000e+00
0.000000000000000000e+00
0.000000000000000000e+00
0.000000000000000000e+00
0.000000000000000000e+00
0.000000000000000000e+00
0.000000000000000000e+00
0.000000000000000000e+00
0.000000000000000000e+00
0.000000000000000000e+00
0.000000000000000000e+00
0.000000000000000000e+00
0.000000000000000000e+00
0.000000000000000000e+00
0.000000000000000000e+00
0.000000000000000000e+00
0.000000000000000000e+00
0.000000000000000000e+00
0.000000000000000000e+00
0.000000000000000000e+00
0.000000000000000000e+00
0.000000000000000000e+00
0.000000000000000000e+00
0.000000000000000000e+00
0.000000000000000000e+00
0.000000000000000000e+00
0.000000000000000000e+00
0.000000000000000000e+00
0.000000000000000000e+00
0.000000000000000000e+00
0.000000000000000000e+00
0.000000000000000000e+00
0.000000000000000000e+00
0.000000000000000000e+00
0.000000000000000000e+00
0.000000000000000000e+00
0.000000000000000000e+00
0.000000000000000000e+00
0.000000000000000000e+00
0.000000000000000000e+00
0.000000000000000000e+00
0.000000000000000000e+00
0.000000000000000000e+00
0.000000000000000000e+00
0.000000000000000000e+00
0.000000000000000000e+00
0.000000000000000000e+00
0.000000000000000000e+00
0.000000000000000000e+00
0.000000000000000000e+00
0.000000000000000000e+00
0.000000000000000000e+00
0.000000000000000000e+00
0.000000000000000000e+00
0.000000000000000000e+00
0.000000000000000000e+00
0.000000000000000000e+00
0.000000000000000000e+00
0.000000000000000000e+00
0.000000000000000000e+00
0.000000000000000000e+00
0.000000000000000000e+00
0.000000000000000000e+00
0.000000000000000000e+00
0.000000000000000000e+00
0.000000000000000000e+00
0.000000000000000000e+00
0.000000000000000000e+00
0.000000000000000000e+00
0.000000000000000000e+00
0.000000000000000000e+00
0.000000000000000000e+00
0.000000000000000000e+00
0.000000000000000000e+00
0.000000000000000000e+00
0.000000000000000000e+00
0.000000000000000000e+00
0.000000000000000000e+00
0.000000000000000000e+00
0.000000000000000000e+00
0.000000000000000000e+00
0.000000000000000000e+00
0.000000000000000000e+00
0.000000000000000000e+00
0.000000000000000000e+00
0.000000000000000000e+00
0.000000000000000000e+00
0.000000000000000000e+00
0.000000000000000000e+00
0.000000000000000000e+00
0.000000000000000000e+00
0.000000000000000000e+00
0.000000000000000000e+00
0.000000000000000000e+00
0.000000000000000000e+00
0.000000000000000000e+00
0.000000000000000000e+00
0.000000000000000000e+00
0.000000000000000000e+00
0.000000000000000000e+00
0.000000000000000000e+00
0.000000000000000000e+00
0.000000000000000000e+00
0.000000000000000000e+00
0.000000000000000000e+00
0.000000000000000000e+00
0.000000000000000000e+00
0.000000000000000000e+00
0.000000000000000000e+00
0.000000000000000000e+00
0.000000000000000000e+00
0.000000000000000000e+00
0.000000000000000000e+00
0.000000000000000000e+00
0.000000000000000000e+00
0.000000000000000000e+00
0.000000000000000000e+00
0.000000000000000000e+00
0.000000000000000000e+00
0.000000000000000000e+00
0.000000000000000000e+00
0.000000000000000000e+00
0.000000000000000000e+00
0.000000000000000000e+00
0.000000000000000000e+00
0.000000000000000000e+00
0.000000000000000000e+00
0.000000000000000000e+00
0.000000000000000000e+00
0.000000000000000000e+00
0.000000000000000000e+00
nan
