# bin_12_11
-2.497419007121941010e-06
-2.184789120538564884e-06
-1.902789292027435536e-06
-1.574145786872194442e-06
-1.296334679673600510e-06
-9.851260280910887307e-07
-7.312292921026488952e-07
-4.500884347327449219e-07
-2.246982204602154156e-07
1.808150204963784078e-08
2.211031935944387259e-07
4.208616729727159622e-07
5.974986716840980534e-07
7.664645153645922186e-07
9.202361441032339687e-07
1.050755967856288690e-06
1.163923629734038796e-06
1.270952465671554432e-06
1.369386843650700231e-06
1.455341173777335504e-06
1.531539033323560128e-06
1.599760852369388097e-06
1.660130731684639137e-06
1.711739936000346311e-06
1.754723719703324990e-06
1.789535455160073292e-06
1.817276161221668074e-06
1.838864081578702992e-06
1.854708526175932359e-06
1.865286959802883237e-06
1.871100810781009634e-06
1.874401734267325232e-06
1.875699820331636775e-06
1.873497921488184385e-06
1.866923214690296915e-06
1.855541546407372026e-06
1.839223234691888811e-06
1.820551254713274139e-06
1.801140631523659173e-06
1.779929845184169577e-06
1.756231123969435926e-06
1.729634071577932441e-06
1.699932562780627661e-06
1.667069274039380492e-06
1.631608211258739137e-06
1.594706307445994890e-06
1.557131682031829415e-06
1.519484595887243445e-06
1.482229976843772159e-06
1.445723660428096639e-06
1.410233601086234183e-06
1.375957046747741917e-06
1.342884708134389291e-06
1.310810488486706342e-06
1.279611676580321754e-06
1.249187984879563112e-06
1.219457537103661958e-06
1.190353569280359532e-06
1.161821714508546969e-06
1.133817766164376822e-06
1.106305833958710625e-06
1.079005435889632228e-06
1.051863393103674421e-06
1.025145278292325961e-06
9.990644544264996287e-07
9.737902620721455391e-07
9.494549626838677948e-07
9.261596312427057646e-07
9.039791602590064186e-07
8.829665111516770459e-07
8.631563273857624401e-07
8.445680057256520813e-07
8.267833864686647556e-07
8.094479726113973686e-07
7.926515305484373016e-07
7.764657565349860899e-07
7.609468551340051862e-07
7.461377700760424293e-07
7.320701150406908907e-07
7.187658451206540058e-07
7.062387039865160959e-07
6.944954768751589730e-07
6.835370753457239311e-07
6.733594761741252454e-07
6.639545336980103565e-07
6.551900560873006390e-07
6.469142803109937863e-07
6.390895692514640830e-07
6.316814111754583608e-07
6.246581413479412454e-07
6.179906903975856768e-07
6.116523566585012780e-07
6.056186000229304489e-07
5.998668551125498312e-07
5.943763618165497012e-07
5.891280114568719626e-07
5.841042070284566644e-07
5.792887361281546177e-07
5.746666553327850961e-07
5.702241849169543692e-07
5.659486129167844194e-07
5.620225051671534624e-07
5.585606731554646385e-07
5.554588859938656363e-07
5.526244349825888429e-07
5.499750242529401920e-07
5.474377671735621695e-07
5.449482780979794440e-07
5.424498501101321522e-07
5.398927103853220997e-07
5.372333456404972621e-07
5.344338909118857380e-07
5.314615755803496711e-07
5.282882211745871817e-07
5.248897860276609743e-07
5.212459523504849941e-07
5.173397517231310810e-07
5.131572253967818534e-07
5.086871161507490524e-07
5.040906279105591022e-07
4.995240250393863486e-07
4.949719016794869236e-07
4.904205918697115595e-07
4.858580147430889086e-07
4.812735329343037793e-07
4.766578230478156705e-07
4.720027571416723882e-07
4.673012942764161704e-07
4.625473812638540436e-07
4.577358618277912592e-07
4.528623934588836380e-07
4.479233713092893717e-07
4.429158585304249039e-07
4.378375225094367092e-07
4.326865765074981086e-07
4.274617262462112541e-07
4.221621210276303016e-07
4.167873090091175100e-07
4.113371962867332214e-07
4.058120094704316573e-07
4.002122614612843007e-07
3.945149027193553808e-07
3.887179476723949963e-07
3.828516935591050782e-07
3.769439128783226508e-07
3.710200318663559952e-07
3.651032965143613383e-07
3.592149270258723342e-07
3.533742615461549252e-07
3.475988899321351504e-07
3.419047782737576393e-07
3.363063848243531477e-07
3.308167679485396473e-07
3.254476866509936992e-07
3.202096942077818225e-07
3.151122253835544569e-07
3.101636776824899847e-07
3.053714870482034621e-07
3.007421983976741445e-07
2.962815313463936458e-07
2.919944414562077886e-07
2.878851773135422621e-07
2.839573337237245607e-07
2.802139012867749771e-07
2.766573126012334428e-07
2.732894853251763905e-07
2.700645891657759362e-07
2.669335060848920586e-07
2.638929597707838382e-07
2.609398019341394585e-07
2.580710067430022438e-07
2.552836655255204698e-07
2.525749817263421946e-07
2.473829321517678998e-07
2.448944917448993061e-07
2.424745509784237066e-07
2.401208062095697363e-07
2.378310402800746668e-07
2.356031189138995545e-07
2.334349872807650363e-07
2.313246667171215399e-07
2.272699063426452083e-07
2.253218625756841558e-07
2.234244163890791345e-07
2.215759257465918507e-07
2.197748079959316074e-07
2.180195374925309488e-07
2.163086433282098983e-07
2.130143611318303452e-07
2.114282858919761256e-07
2.098812086895125977e-07
2.083719015581158782e-07
2.055347305956416885e-07
2.043382704819364814e-07
2.032915075787777748e-07
2.023771990565842826e-07
2.015790976805956740e-07
2.002712047549481104e-07
1.997334545490841963e-07
1.992559053576107926e-07
1.984342256618687765e-07
1.980682862807271557e-07
1.977188578696819822e-07
1.973766597852541377e-07
1.966797548290903998e-07
1.963093203410689175e-07
1.959146049479579127e-07
1.950263247725947649e-07
1.945208677267351237e-07
1.939672995347912234e-07
1.926964526881302734e-07
1.919703833029884803e-07
1.903174746265478839e-07
1.893837709259450080e-07
1.883744684643652399e-07
1.861183610463244555e-07
1.848668168812670589e-07
1.821066045132481764e-07
1.805945098373073704e-07
1.774579302490324088e-07
1.758762306541401127e-07
1.742887525223770309e-07
1.711052071446607922e-07
1.695132246646109645e-07
1.663382393777389324e-07
1.647586911149661844e-07
1.616234100457530892e-07
1.600705814875586693e-07
1.570011895112024772e-07
1.554870500766638310e-07
1.525054039350671800e-07
1.495925128676106183e-07
1.481640839188724444e-07
1.453672201875597608e-07
1.440002087702864211e-07
1.413322115109912691e-07
1.387559549702210719e-07
1.375034585753245549e-07
1.350718396655680547e-07
1.338934506286645558e-07
1.316130910470522976e-07
1.294363575692127512e-07
1.283873915250676365e-07
1.263691061263449421e-07
1.244578549827512777e-07
1.235425962217712252e-07
1.218387137332501126e-07
1.203179027723654256e-07
1.189572192980846565e-07
1.183302492026177767e-07
1.171706244109430868e-07
1.161213367616423242e-07
1.151651823314255273e-07
1.147170357947667813e-07
1.138713305182249153e-07
1.130816032464144796e-07
1.123350894911868605e-07
1.116200971506531848e-07
1.112710421189050271e-07
1.105835690660795857e-07
1.099025923560317876e-07
1.092196077662153352e-07
1.085268803225218413e-07
1.078173892483000456e-07
1.070847767152380522e-07
1.063233001272880828e-07
1.055277876887082738e-07
1.046935970256266293e-07
1.038165766474518344e-07
1.028930300500571556e-07
1.019196822770691092e-07
1.008936487688956240e-07
9.983817847735008359e-08
9.877988322561580257e-08
9.772106011266726488e-08
9.666383172945218145e-08
9.561015714254462789e-08
9.456184219788499444e-08
9.352054918812374048e-08
9.248780592415508017e-08
9.146501424870351435e-08
9.045345802729681774e-08
8.945431064960881183e-08
8.846864207197027987e-08
8.701751575081797811e-08
8.606960503216739860e-08
8.513819531978829983e-08
8.422396735015987317e-08
8.332753015354926497e-08
8.201740046019287544e-08
8.116767562481479479e-08
8.033737358032376871e-08
7.952683468939506141e-08
7.834870650507946111e-08
7.758874970845892307e-08
7.684938104304872353e-08
7.577923539315280278e-08
7.509188840036914011e-08
7.442687847112739108e-08
7.348502423498609736e-08
7.289220848620346494e-08
7.204998636355488107e-08
7.151678336209604807e-08
7.100391228632731517e-08
7.026873389878269287e-08
6.979887400652202935e-08
6.912050223845934318e-08
6.868371653294692020e-08
6.804831176706761550e-08
6.763604222915353186e-08
6.703170226205063800e-08
6.644100394470701976e-08
6.605312196098503556e-08
6.547789078049231243e-08
6.509756934173170031e-08
6.452989591998911169e-08
6.396346889425134687e-08
6.358545955115272583e-08
6.301638115707595261e-08
6.244321775441234795e-08
6.205802395831406091e-08
6.147450255522232107e-08
6.088291340141120866e-08
6.028205565666326950e-08
5.987580552234385116e-08
5.926154659435958372e-08
5.864567267604699458e-08
5.802955712908099715e-08
5.741446183694962073e-08
5.700554099819933731e-08
5.639467117542459385e-08
5.578769729802599712e-08
5.518553319668864254e-08
5.458901232207853144e-08
5.399889321220191826e-08
5.341586459995463065e-08
5.284055018518511122e-08
5.227351309387037071e-08
5.171526004540780215e-08
5.116624524754947343e-08
5.062687403713827886e-08
5.009750628353921446e-08
4.957845957048657616e-08
4.890292789178111994e-08
4.840898302054504034e-08
4.792614917958222090e-08
4.745459270260284420e-08
4.699445142639811145e-08
4.654583677064590078e-08
4.596576117827163235e-08
4.554434119231821548e-08
4.513375527485729151e-08
4.459839310467654629e-08
4.420542887750825490e-08
4.381956323815201602e-08
4.331576610341617861e-08
4.294568258708860494e-08
4.258204551643094034e-08
4.210691288835415209e-08
4.175762681030594508e-08
4.130101467812569518e-08
4.096517648601636771e-08
4.052593020849752979e-08
4.020270935235109734e-08
3.977976641816379554e-08
3.946839816242689330e-08
3.906077967879901589e-08
3.866150805373509622e-08
3.836736211459541662e-08
3.798202752762566465e-08
3.760429512657948711e-08
3.732583467229555550e-08
3.696081388706774031e-08
3.660273663675633864e-08
3.625138242883750896e-08
3.590654010791774552e-08
3.565205978476792869e-08
3.531815118560188339e-08
3.499065223683139180e-08
3.466950382875876313e-08
3.435447588710471973e-08
3.404534911602324474e-08
3.374191442960457360e-08
3.344397241605899298e-08
3.315133283255141369e-08
3.286381412879210337e-08
3.258124299761463652e-08
3.230345395088991044e-08
3.203028891923317750e-08
3.169510570954431683e-08
3.143180266361129398e-08
3.117265671582203815e-08
3.091753735545967319e-08
3.060411084792769457e-08
3.035760296310012347e-08
3.011473512523476778e-08
2.981610452890317522e-08
2.958103759832432802e-08
2.934927494344263266e-08
2.906407495803177283e-08
2.883940799561885316e-08
2.856279973850426464e-08
2.834479362510433644e-08
2.807625822189912265e-08
2.786429677408553243e-08
2.760258349090754169e-08
2.734453226570390313e-08
2.714076726055442498e-08
2.688944705257471993e-08
2.664192651435606960e-08
2.644666755620751164e-08
2.620606146831327627e-08
2.596932483290454343e-08
2.573646894510990615e-08
2.550749886036849299e-08
2.528241391718545040e-08
2.506120822243582364e-08
2.488702970222462713e-08
2.467277681038033282e-08
2.446236254622252409e-08
2.421490129941129432e-08
2.401285013033603987e-08
2.381455607501289957e-08
2.361998757320373727e-08
2.342911064860008342e-08
2.324188915609137540e-08
2.302199478828609776e-08
2.284267877018961343e-08
2.266689050904982930e-08
2.249458706488476322e-08
2.229371035452435416e-08
2.213661179292991224e-08
2.195996474043913607e-08
2.182124477661955728e-08
2.166330134236095008e-08
2.153757462071696749e-08
2.139234906653675013e-08
2.127500010474652311e-08
2.113737161634506768e-08
2.100200362053572110e-08
2.089006524072539842e-08
2.075583690946025290e-08
2.062077256156533752e-08
2.048396041501593268e-08
2.034457261041867460e-08
2.020185929512299042e-08
2.005514310641670558e-08
1.990381402633347780e-08
1.974732458257543939e-08
1.958518537188048068e-08
1.941696088385184315e-08
1.924226560482915302e-08
1.906076038282477328e-08
1.887214903588635045e-08
1.867617518748470195e-08
1.843794269895128321e-08
1.822353148268912427e-08
1.792153337922035953e-08
1.742194537787062689e-08
1.688524401200749308e-08
1.615275215520802379e-08
1.544903024963297544e-08
1.455689736038267058e-08
1.374436672859397275e-08
1.275550411084383254e-08
1.173738394242838765e-08
1.070431371366761627e-08
9.816897429801997168e-09
8.790011318038277912e-09
7.782753249899859069e-09
6.805259236471884907e-09
5.866757654860649961e-09
4.975631723401066331e-09
4.139477846867141107e-09
3.365160110870043730e-09
2.658861184888652249e-09
2.026129875103068642e-09
1.471925551290413058e-09
9.403400516125665773e-10
5.686112540371778669e-10
2.876059077495513650e-10
8.128715839565780487e-11
4.040876450259787233e-12
0.000000000000000000e+00
0.000000000000000000e+00
0.000000000000000000e+00
0.000000000000000000e+00
0.000000000000000000e+00
0.000000000000000000e+00
0.000000000000000000e+00
0.000000000000000000e+00
0.000000000000000000e+00
0.000000000000000000e+00
0.000000000000000000e+00
0.000000000000000000e+00
0.000000000000000000e+00
0.000000000000000000e+00
0.000000000000000000e+00
0.000000000000000000e+00
0.000000000000000000e+00
0.000000000000000000e+00
0.000000000000000000e+00
0.000000000000000000e+00
0.000000000000000000e+00
0.000000000000000000e+00
0.000000000000000000e+00
0.000000000000000000e+00
0.000000000000000000e+00
0.000000000000000000e+00
0.000000000000000000e+00
0.000000000000000000e+00
0.000000000000000000e+00
0.000000000000000000e+00
0.000000000000000000e+00
0.000000000000000000e+00
0.000000000000000000e+00
0.000000000000000000e+00
0.000000000000000000e+00
0.000000000000000000e+00
0.000000000000000000e+00
0.000000000000000000e+00
0.000000000000000000e+00
0.000000000000000000e+00
0.000000000000000000e+00
0.000000000000000000e+00
0.000000000000000000e+00
0.000000000000000000e+00
0.000000000000000000e+00
0.000000000000000000e+00
0.000000000000000000e+00
0.000000000000000000e+00
0.000000000000000000e+00
0.000000000000000000e+00
0.000000000000000000e+00
0.000000000000000000e+00
0.000000000000000000e+00
0.000000000000000000e+00
0.000000000000000000e+00
0.000000000000000000e+00
0.000000000000000000e+00
0.000000000000000000e+00
0.000000000000000000e+00
0.000000000000000000e+00
0.000000000000000000e+00
0.000000000000000000e+00
0.000000000000000000e+00
0.000000000000000000e+00
0.000000000000000000e+00
0.000000000000000000e+00
0.000000000000000000e+00
0.000000000000000000e+00
0.000000000000000000e+00
0.000000000000000000e+00
0.000000000000000000e+00
0.000000000000000000e+00
0.000000000000000000e+00
0.000000000000000000e+00
0.000000000000000000e+00
0.000000000000000000e+00
0.000000000000000000e+00
0.000000000000000000e+00
0.000000000000000000e+00
0.000000000000000000e+00
0.000000000000000000e+00
0.000000000000000000e+00
0.000000000000000000e+00
0.000000000000000000e+00
0.000000000000000000e+00
0.000000000000000000e+00
0.000000000000000000e+00
0.000000000000000000e+00
0.000000000000000000e+00
0.000000000000000000e+00
0.000000000000000000e+00
0.000000000000000000e+00
0.000000000000000000e+00
0.000000000000000000e+00
0.000000000000000000e+00
0.000000000000000000e+00
0.000000000000000000e+00
0.000000000000000000e+00
0.000000000000000000e+00
0.000000000000000000e+00
0.000000000000000000e+00
0.000000000000000000e+00
0.000000000000000000e+00
0.000000000000000000e+00
0.000000000000000000e+00
0.000000000000000000e+00
0.000000000000000000e+00
0.000000000000000000e+00
0.000000000000000000e+00
0.000000000000000000e+00
0.000000000000000000e+00
0.000000000000000000e+00
0.000000000000000000e+00
0.000000000000000000e+00
0.000000000000000000e+00
0.000000000000000000e+00
0.000000000000000000e+00
0.000000000000000000e+00
0.000000000000000000e+00
0.000000000000000000e+00
0.000000000000000000e+00
0.000000000000000000e+00
0.000000000000000000e+00
0.000000000000000000e+00
0.000000000000000000e+00
0.000000000000000000e+00
0.000000000000000000e+00
0.000000000000000000e+00
0.000000000000000000e+00
0.000000000000000000e+00
0.000000000000000000e+00
0.000000000000000000e+00
0.000000000000000000e+00
0.000000000000000000e+00
0.000000000000000000e+00
0.000000000000000000e+00
0.000000000000000000e+00
0.000000000000000000e+00
0.000000000000000000e+00
0.000000000000000000e+00
0.000000000000000000e+00
0.000000000000000000e+00
0.000000000000000000e+00
0.000000000000000000e+00
0.000000000000000000e+00
0.000000000000000000e+00
0.000000000000000000e+00
0.000000000000000000e+00
0.000000000000000000e+00
0.000000000000000000e+00
0.000000000000000000e+00
0.000000000000000000e+00
0.000000000000000000e+00
0.000000000000000000e+00
0.000000000000000000e+00
0.000000000000000000e+00
0.000000000000000000e+00
0.000000000000000000e+00
0.000000000000000000e+00
0.000000000000000000e+00
0.000000000000000000e+00
0.000000000000000000e+00
0.000000000000000000e+00
0.000000000000000000e+00
0.000000000000000000e+00
0.000000000000000000e+00
0.000000000000000000e+00
0.000000000000000000e+00
0.000000000000000000e+00
0.000000000000000000e+00
0.000000000000000000e+00
0.000000000000000000e+00
0.000000000000000000e+00
0.000000000000000000e+00
0.000000000000000000e+00
0.000000000000000000e+00
0.000000000000000000e+00
0.000000000000000000e+00
0.000000000000000000e+00
0.000000000000000000e+00
0.000000000000000000e+00
0.000000000000000000e+00
0.000000000000000000e+00
0.000000000000000000e+00
0.000000000000000000e+00
0.000000000000000000e+00
0.000000000000000000e+00
0.000000000000000000e+00
0.000000000000000000e+00
0.000000000000000000e+00
0.000000000000000000e+00
0.000000000000000000e+00
0.000000000000000000e+00
0.000000000000000000e+00
0.000000000000000000e+00
0.000000000000000000e+00
0.000000000000000000e+00
0.000000000000000000e+00
0.000000000000000000e+00
0.000000000000000000e+00
0.000000000000000000e+00
0.000000000000000000e+00
0.000000000000000000e+00
0.000000000000000000e+00
0.000000000000000000e+00
0.000000000000000000e+00
0.000000000000000000e+00
0.000000000000000000e+00
0.000000000000000000e+00
0.000000000000000000e+00
0.000000000000000000e+00
0.000000000000000000e+00
0.000000000000000000e+00
0.000000000000000000e+00
0.000000000000000000e+00
0.000000000000000000e+00
0.000000000000000000e+00
0.000000000000000000e+00
0.000000000000000000e+00
0.000000000000000000e+00
0.000000000000000000e+00
0.000000000000000000e+00
0.000000000000000000e+00
0.000000000000000000e+00
0.000000000000000000e+00
0.000000000000000000e+00
0.000000000000000000e+00
0.000000000000000000e+00
0.000000000000000000e+00
0.000000000000000000e+00
0.000000000000000000e+00
0.000000000000000000e+00
0.000000000000000000e+00
0.000000000000000000e+00
0.000000000000000000e+00
0.000000000000000000e+00
0.000000000000000000e+00
0.000000000000000000e+00
0.000000000000000000e+00
0.000000000000000000e+00
0.000000000000000000e+00
0.000000000000000000e+00
0.000000000000000000e+00
0.000000000000000000e+00
0.000000000000000000e+00
0.000000000000000000e+00
0.000000000000000000e+00
0.000000000000000000e+00
0.000000000000000000e+00
0.000000000000000000e+00
0.000000000000000000e+00
0.000000000000000000e+00
0.000000000000000000e+00
0.000000000000000000e+00
0.000000000000000000e+00
0.000000000000000000e+00
0.000000000000000000e+00
0.000000000000000000e+00
0.000000000000000000e+00
0.000000000000000000e+00
0.000000000000000000e+00
0.000000000000000000e+00
0.000000000000000000e+00
0.000000000000000000e+00
0.000000000000000000e+00
0.000000000000000000e+00
0.000000000000000000e+00
0.000000000000000000e+00
0.000000000000000000e+00
0.000000000000000000e+00
0.000000000000000000e+00
0.000000000000000000e+00
0.000000000000000000e+00
0.000000000000000000e+00
0.000000000000000000e+00
0.000000000000000000e+00
0.000000000000000000e+00
0.000000000000000000e+00
0.000000000000000000e+00
0.000000000000000000e+00
0.000000000000000000e+00
0.000000000000000000e+00
0.000000000000000000e+00
0.000000000000000000e+00
0.000000000000000000e+00
0.000000000000000000e+00
0.000000000000000000e+00
0.000000000000000000e+00
0.000000000000000000e+00
0.000000000000000000e+00
0.000000000000000000e+00
0.000000000000000000e+00
0.000000000000000000e+00
0.000000000000000000e+00
0.000000000000000000e+00
0.000000000000000000e+00
0.000000000000000000e+00
0.000000000000000000e+00
0.000000000000000000e+00
0.000000000000000000e+00
0.000000000000000000e+00
0.000000000000000000e+00
0.000000000000000000e+00
0.000000000000000000e+00
0.000000000000000000e+00
0.000000000000000000e+00
0.000000000000000000e+00
0.000000000000000000e+00
0.000000000000000000e+00
0.000000000000000000e+00
0.000000000000000000e+00
0.000000000000000000e+00
0.000000000000000000e+00
0.000000000000000000e+00
0.000000000000000000e+00
0.000000000000000000e+00
0.000000000000000000e+00
0.000000000000000000e+00
0.000000000000000000e+00
0.000000000000000000e+00
0.000000000000000000e+00
0.000000000000000000e+00
0.000000000000000000e+00
0.000000000000000000e+00
0.000000000000000000e+00
0.000000000000000000e+00
0.000000000000000000e+00
0.000000000000000000e+00
0.000000000000000000e+00
0.000000000000000000e+00
0.000000000000000000e+00
0.000000000000000000e+00
0.000000000000000000e+00
0.000000000000000000e+00
0.000000000000000000e+00
0.000000000000000000e+00
0.000000000000000000e+00
0.000000000000000000e+00
0.000000000000000000e+00
0.000000000000000000e+00
0.000000000000000000e+00
0.000000000000000000e+00
0.000000000000000000e+00
0.000000000000000000e+00
0.000000000000000000e+00
0.000000000000000000e+00
0.000000000000000000e+00
0.000000000000000000e+00
0.000000000000000000e+00
0.000000000000000000e+00
0.000000000000000000e+00
0.000000000000000000e+00
0.000000000000000000e+00
0.000000000000000000e+00
0.000000000000000000e+00
0.000000000000000000e+00
0.000000000000000000e+00
0.000000000000000000e+00
0.000000000000000000e+00
0.000000000000000000e+00
0.000000000000000000e+00
0.000000000000000000e+00
0.000000000000000000e+00
0.000000000000000000e+00
0.000000000000000000e+00
0.000000000000000000e+00
0.000000000000000000e+00
0.000000000000000000e+00
0.000000000000000000e+00
0.000000000000000000e+00
0.000000000000000000e+00
0.000000000000000000e+00
0.000000000000000000e+00
0.000000000000000000e+00
0.000000000000000000e+00
0.000000000000000000e+00
0.000000000000000000e+00
0.000000000000000000e+00
0.000000000000000000e+00
0.000000000000000000e+00
0.000000000000000000e+00
0.000000000000000000e+00
0.000000000000000000e+00
0.000000000000000000e+00
0.000000000000000000e+00
0.000000000000000000e+00
0.000000000000000000e+00
0.000000000000000000e+00
0.000000000000000000e+00
0.000000000000000000e+00
0.000000000000000000e+00
0.000000000000000000e+00
0.000000000000000000e+00
0.000000000000000000e+00
0.000000000000000000e+00
0.000000000000000000e+00
0.000000000000000000e+00
0.000000000000000000e+00
0.000000000000000000e+00
0.000000000000000000e+00
0.000000000000000000e+00
0.000000000000000000e+00
0.000000000000000000e+00
0.000000000000000000e+00
0.000000000000000000e+00
0.000000000000000000e+00
0.000000000000000000e+00
0.000000000000000000e+00
0.000000000000000000e+00
0.000000000000000000e+00
0.000000000000000000e+00
0.000000000000000000e+00
0.000000000000000000e+00
0.000000000000000000e+00
0.000000000000000000e+00
0.000000000000000000e+00
0.000000000000000000e+00
0.000000000000000000e+00
0.000000000000000000e+00
0.000000000000000000e+00
0.000000000000000000e+00
0.000000000000000000e+00
0.000000000000000000e+00
0.000000000000000000e+00
0.000000000000000000e+00
0.000000000000000000e+00
0.000000000000000000e+00
0.000000000000000000e+00
0.000000000000000000e+00
0.000000000000000000e+00
0.000000000000000000e+00
0.000000000000000000e+00
0.000000000000000000e+00
0.000000000000000000e+00
0.000000000000000000e+00
0.000000000000000000e+00
0.000000000000000000e+00
0.000000000000000000e+00
0.000000000000000000e+00
0.000000000000000000e+00
0.000000000000000000e+00
0.000000000000000000e+00
0.000000000000000000e+00
0.000000000000000000e+00
0.000000000000000000e+00
0.000000000000000000e+00
0.000000000000000000e+00
0.000000000000000000e+00
0.000000000000000000e+00
0.000000000000000000e+00
0.000000000000000000e+00
0.000000000000000000e+00
0.000000000000000000e+00
0.000000000000000000e+00
0.000000000000000000e+00
0.000000000000000000e+00
0.000000000000000000e+00
0.000000000000000000e+00
0.000000000000000000e+00
0.000000000000000000e+00
0.000000000000000000e+00
0.000000000000000000e+00
0.000000000000000000e+00
0.000000000000000000e+00
0.000000000000000000e+00
0.000000000000000000e+00
0.000000000000000000e+00
0.000000000000000000e+00
0.000000000000000000e+00
0.000000000000000000e+00
0.000000000000000000e+00
0.000000000000000000e+00
0.000000000000000000e+00
0.000000000000000000e+00
0.000000000000000000e+00
0.000000000000000000e+00
0.000000000000000000e+00
0.000000000000000000e+00
0.000000000000000000e+00
0.000000000000000000e+00
0.000000000000000000e+00
0.000000000000000000e+00
0.000000000000000000e+00
0.000000000000000000e+00
0.000000000000000000e+00
0.000000000000000000e+00
0.000000000000000000e+00
0.000000000000000000e+00
0.000000000000000000e+00
0.000000000000000000e+00
0.000000000000000000e+00
0.000000000000000000e+00
0.000000000000000000e+00
0.000000000000000000e+00
0.000000000000000000e+00
0.000000000000000000e+00
0.000000000000000000e+00
0.000000000000000000e+00
0.000000000000000000e+00
0.000000000000000000e+00
0.000000000000000000e+00
0.000000000000000000e+00
0.000000000000000000e+00
0.000000000000000000e+00
0.000000000000000000e+00
0.000000000000000000e+00
0.000000000000000000e+00
0.000000000000000000e+00
0.000000000000000000e+00
0.000000000000000000e+00
0.000000000000000000e+00
0.000000000000000000e+00
0.000000000000000000e+00
0.000000000000000000e+00
0.000000000000000000e+00
0.000000000000000000e+00
nan
