# bin_16_10
-3.316532187603968245e-08
-7.239862234483722652e-09
-1.477593827160597457e-08
4.027676323442587196e-09
-8.808231053643358590e-09
6.036548361627876906e-09
-6.996622122120374633e-09
6.041468133413115919e-09
-7.620740619122674625e-09
5.519256915175465102e-09
-6.758278071458794881e-09
5.545213619424626524e-09
-4.640788374711654720e-09
-3.854523519285897881e-09
-2.933757989045574142e-09
-1.541279079060711509e-09
-2.033414381245298525e-10
2.992464194610846984e-10
-2.408428684508477038e-10
-1.212133320116463447e-09
-2.052840896445879111e-09
-2.482223222612943623e-09
-2.518571981056784909e-09
-2.421212344916923935e-09
-2.338111619197995130e-09
-2.352949896574840914e-09
-2.627009396527292534e-09
-3.075055232999651354e-09
-3.468264544099707019e-09
-3.667432086168795559e-09
-3.594157989645568684e-09
-2.834990956554617060e-09
-1.454170686893279943e-09
3.738109204784999581e-11
1.295091929960227953e-09
2.095008739563405757e-09
2.300273931653794079e-09
2.068797554757514172e-09
1.692866504541826530e-09
1.263792456158610701e-09
8.477803816793560174e-10
4.918419012175363616e-10
2.283468036809024208e-10
7.853298860904238846e-11
4.384851462313306565e-13
-5.963656672620057020e-11
-1.043819213860043205e-10
-1.360954975410326328e-10
-1.567435597792454048e-10
-1.680109723139304120e-10
-1.713432881784692427e-10
-1.679821008921629603e-10
-1.599577410680425241e-10
-1.494222401943502855e-10
-1.374728940490129536e-10
-1.249866467429600444e-10
-1.126585266666006387e-10
-1.010334705961065053e-10
-9.053270531981698967e-11
-8.147564020738216982e-11
-7.409805006723552150e-11
-6.807619885699566718e-11
-6.283831131939738920e-11
-5.821721367705489939e-11
-5.407219357756305557e-11
-5.028512336816942203e-11
-4.675715444577145825e-11
-4.340589542112062637e-11
-4.016300083202613320e-11
-3.697210877082736754e-11
-3.378707547782301846e-11
-3.057046303708408356e-11
-2.734372772406220837e-11
-2.416811971021285899e-11
-2.106793145791138914e-11
-1.806307529379416947e-11
-1.516968742987074710e-11
-1.240065199434125785e-11
-9.766055882617043528e-12
-7.273583715741920259e-12
-4.928860895660908761e-12
-2.735751639396562845e-12
-6.966179278074762709e-13
1.187455505433603938e-12
2.916465713315850440e-12
4.411388612959689322e-12
5.640496166044764833e-12
6.668582889542563686e-12
7.552130715433013683e-12
8.340244600868655403e-12
9.075483769978106304e-12
9.794600613456965814e-12
1.052919781821140905e-11
1.130631303085151225e-11
1.214893925081335573e-11
1.307648817989361778e-11
1.410520290659850070e-11
1.524852556010849859e-11
1.651742491619439472e-11
1.792068836431318062e-11
1.946518214120884167e-11
2.153675711042113110e-11
2.437442999457224153e-11
2.778133199415930018e-11
3.158251231785714458e-11
3.562282684797817407e-11
3.976502802208008830e-11
4.388803611177862888e-11
4.788537413026005435e-11
5.166375042630178367e-11
5.514177465079000098e-11
5.824879423438896227e-11
6.092383981227260220e-11
6.311466919115660848e-11
6.477690049079269043e-11
6.587322602025708666e-11
6.637269928079050429e-11
6.625008823229310189e-11
6.548528862921891351e-11
6.302441825554294572e-11
5.814095816585827173e-11
5.127664216984742810e-11
4.283241951097584004e-11
3.317177875828793083e-11
2.262380175489606992e-11
1.148597036876460268e-11
2.674677294685271795e-14
-1.151205384641163134e-11
-2.291308091406977642e-11
-3.398144068572818422e-11
-4.454284869364629832e-11
-5.444192928771361539e-11
-6.354065026912711057e-11
-7.171688163896188239e-11
-7.886306841668385835e-11
-8.488500833289513224e-11
-8.970072597413799471e-11
-9.323943566263364087e-11
-9.544058599675567916e-11
-9.625297956459262906e-11
-9.563396187843037337e-11
-9.428695728757235084e-11
-9.294077774968594525e-11
-9.159672285047958292e-11
-9.025599100337232446e-11
-8.891968615216296395e-11
-8.758882402840163192e-11
-8.626433799442653903e-11
-8.494708450074319122e-11
-8.363784818431960249e-11
-8.233734663243129289e-11
-8.104623483489946578e-11
-7.976510934591550695e-11
-7.849451217512055811e-11
-7.723493442620064184e-11
-7.598681969995791412e-11
-7.475056727761583496e-11
-7.352653509900445930e-11
-7.231504254924317968e-11
-7.111637306658694307e-11
-6.993077658322015042e-11
-6.875847180996578818e-11
-6.759964837512208599e-11
-6.645446882693611093e-11
-6.532307050857495383e-11
-6.420556731385170873e-11
-6.311290344901161910e-11
-6.205339925235545909e-11
-6.102341123969284762e-11
-6.001954338873287401e-11
-5.903863223040745910e-11
-5.807773283398517869e-11
-5.713410563042039973e-11
-5.528866272988115399e-11
-5.438228683376038057e-11
-5.348404146185460081e-11
-5.259204209085274167e-11
-5.170454541904861243e-11
-5.081994077773869250e-11
-4.993674204832610542e-11
-4.905358005461963400e-11
-4.728243173488090939e-11
-4.639222939271946177e-11
-4.549761943210649224e-11
-4.459771800179518951e-11
-4.369172104460718605e-11
-4.277889930857713372e-11
-4.185859364885308071e-11
-3.999321822535046093e-11
-3.904714216019784124e-11
-3.809156194820072023e-11
-3.712610754415348967e-11
-3.324859381238901116e-11
-2.678065521371874882e-11
-1.714290249763566600e-11
-4.708992280466897871e-12
1.016888148735220915e-11
4.594860074810120887e-11
6.624387569092724413e-11
8.776806504171714691e-11
1.334784803940948634e-10
1.571908498793625723e-10
1.811828668604590983e-10
2.052526710830223986e-10
2.528813528363204561e-10
2.760977453528555962e-10
2.987057504498248342e-10
3.415294484656761119e-10
3.614856056878349295e-10
3.803133200710504785e-10
4.141597621609791177e-10
4.289861077239589071e-10
4.540182434876205413e-10
4.640734047178756807e-10
4.723978903479458234e-10
4.836191547426066124e-10
4.864114222617527072e-10
4.861349854920711682e-10
4.829902942182757279e-10
4.713521697031531882e-10
4.632773723138543321e-10
4.538910512160767805e-10
4.317191521239928339e-10
4.191849400126748131e-10
3.918024411175254472e-10
3.771698466508113108e-10
3.465209168283676634e-10
3.306890116195884726e-10
2.984361006179296666e-10
2.821721342204766921e-10
2.497308608591888111e-10
2.178425594871752641e-10
2.022563908310157626e-10
1.720720911921737587e-10
1.575734811686338910e-10
1.299904773360689224e-10
1.045645674634381149e-10
9.275294085218424722e-11
7.109680848175656531e-11
6.131159395011580885e-11
4.396000179271576707e-11
2.972254473149428202e-11
2.382348280496653031e-11
1.455430455132550775e-11
8.759227894468474442e-12
7.197633154625871562e-12
5.061899438912872699e-12
3.090669736457057369e-12
1.275472332248599809e-12
4.238573038497493909e-13
-1.172236081110364421e-12
-2.631634673815289994e-12
-3.961396040856901074e-12
-4.579770391220626694e-12
-5.727535444369033257e-12
-6.761791324410757776e-12
-7.688430865379042390e-12
-8.513053063499876488e-12
-8.888780832279720199e-12
-9.570270293012540354e-12
-1.016255392361027881e-11
-1.067031868412048956e-11
-1.109802083031156387e-11
-1.144989783897939423e-11
-1.172997966767366119e-11
-1.194209938917951938e-11
-1.208990323844337996e-11
-1.217686010716434410e-11
-1.220627051898808417e-11
-1.218127511610955041e-11
-1.210486268611170186e-11
-1.197987775602576111e-11
-1.177313651577650528e-11
-1.145879382157752656e-11
-1.104990464228835010e-11
-1.055864389422803321e-11
-9.996359711341427998e-12
-9.373623478710835004e-12
-8.700276834354752303e-12
-7.985475830544848152e-12
-7.237732433133103411e-12
-6.464953525545701156e-12
-5.674477573092336203e-12
-4.873109093010455402e-12
-3.664291053992280325e-12
-2.862244246949049888e-12
-2.069366717563576241e-12
-1.290434478695528688e-12
-5.298456061150033538e-13
5.678908132216352957e-13
1.265654659314483062e-12
1.932335958607757684e-12
2.564969821742210979e-12
3.444247351239892520e-12
3.980498582413085050e-12
4.474316293371672250e-12
5.131398830613814561e-12
5.511292653066030921e-12
5.849267756369470945e-12
6.347530624548493148e-12
6.677878473447713735e-12
7.166997904627025451e-12
7.486862185748236560e-12
7.800323246026493217e-12
8.256072192666105251e-12
8.548789937233378375e-12
8.968891150506661476e-12
9.235098259615731776e-12
9.611755837923232788e-12
9.846787575992611589e-12
1.017374316406923355e-11
1.046843352310493090e-11
1.064620938541781008e-11
1.088386729573988919e-11
1.102247559434108334e-11
1.119992123526707371e-11
1.134009211654979955e-11
1.141250454854523557e-11
1.148918809327048056e-11
1.152720767175007602e-11
1.153093881830584325e-11
1.150399270281994926e-11
1.143794197234959534e-11
1.133281977853774449e-11
1.124109037997950443e-11
1.033958748102781550e-11
8.058773798518436092e-12
4.572605727211272888e-12
4.248410859125673693e-14
-3.483204218458249352e-12
-9.426115485343180318e-12
-1.603791592536741850e-11
-2.319664735685905253e-11
-3.078952496758488066e-11
-3.871234041993905462e-11
-4.686890347183239902e-11
-5.517051953761487633e-11
-6.353550079482778997e-11
-7.188870861045434251e-11
-8.016112521577848412e-11
-8.828945270289076070e-11
-9.621573754921651288e-11
-1.038870190000810580e-10
-1.136358784130126433e-10
-1.205318142712234463e-10
-1.270281950234868870e-10
-1.330901476415835041e-10
-1.386862598247498198e-10
-1.437883474240885829e-10
-1.497795455733060235e-10
-1.536358324562833175e-10
-1.570820091955411590e-10
-1.617946014550289573e-10
-1.654105206942190486e-10
-1.690594692986467159e-10
-1.739236584835050953e-10
-1.775347725947616481e-10
-1.810856079526748156e-10
-1.856858091635531604e-10
-1.890074618098061522e-10
-1.932279581643344845e-10
-1.962141786617776370e-10
-1.999266405831904047e-10
-2.024905208908342607e-10
-2.055906148673387224e-10
-2.076619843926330569e-10
-2.100661299840789769e-10
-2.120420683039472352e-10
-2.132318244018503027e-10
-2.144157228910051645e-10
-2.151271848777689247e-10
-2.153437755157064163e-10
-2.152022267846057004e-10
-2.145618228399278909e-10
-2.134165992283677968e-10
-2.117622739906432512e-10
-2.101857262582934549e-10
-2.075660443125787882e-10
-2.029295762905976012e-10
-1.959145642543918719e-10
-1.867864787488801914e-10
-1.757928363207989204e-10
-1.631643079643525618e-10
-1.491157584637616716e-10
-1.338472211347510049e-10
-1.175448121566306825e-10
-1.003815883990617632e-10
-8.251835238080872018e-11
-6.410440775053319888e-11
-4.052258727215180485e-11
-2.136062679525998468e-11
-2.062061213656118286e-12
1.726527020209230057e-11
4.131387607075814008e-11
6.035343666628760818e-11
7.912551537790277956e-11
1.020989261321410967e-10
1.199999307552789694e-10
1.374079868229746134e-10
1.583880760303851448e-10
1.744852739708713085e-10
1.936721836766893061e-10
2.082235742942429436e-10
2.253546768291463948e-10
2.385446574929203175e-10
2.549335347873475783e-10
2.711848394422438387e-10
2.840683057436462065e-10
3.000045438489785181e-10
3.157326457883020381e-10
3.281512295025485705e-10
3.434536923087354176e-10
3.584949111678736354e-10
3.732595089206559113e-10
3.877337837653706604e-10
4.019055885406462539e-10
4.157642181807925360e-10
4.266192981682109689e-10
4.398914413816397997e-10
4.528272408739882671e-10
4.678976757094064204e-10
4.800733652455498833e-10
4.918965268859241881e-10
5.033639769256788776e-10
5.144733078760956386e-10
5.252228284254711797e-10
5.376458948876295960e-10
5.476010555329034545e-10
5.571951778762625117e-10
5.664290094866761261e-10
5.772695291078773219e-10
5.870660397046823139e-10
5.997237921762664915e-10
6.108345733660207734e-10
6.246203417194669823e-10
6.363250844235119182e-10
6.504419737439103048e-10
6.621292838214389437e-10
6.759026107030472282e-10
6.892429357608776765e-10
6.999181887575395652e-10
7.120774374276875563e-10
7.234066633128330180e-10
7.337911150142681522e-10
7.431277643098493709e-10
7.513244587078869750e-10
7.582991317730596880e-10
7.639790672251413396e-10
7.683002130999401288e-10
7.712065425285122141e-10
7.726494579372496646e-10
7.725872356993419213e-10
7.709845084790374577e-10
7.678117827052046794e-10
7.630449887913514843e-10
7.554438296288666306e-10
7.471093213350394078e-10
7.347283183257520783e-10
7.142467309347414940e-10
6.922436085657051445e-10
6.622136720225747220e-10
6.333632159086100545e-10
5.967884829562399207e-10
5.634772002635175529e-10
5.229368428721586927e-10
4.811970149587306075e-10
4.388442800766880137e-10
4.024629135885132019e-10
3.603637086799066669e-10
3.190691938153766507e-10
2.789949145970507628e-10
2.405192063966133361e-10
2.039857556486477105e-10
1.697059918266720715e-10
1.379613215475877634e-10
1.090052154409926583e-10
8.306515767061017926e-11
6.034446730179036671e-11
3.855107987448930895e-11
2.331133065568128219e-11
1.179096679229418046e-11
3.332526069380245075e-12
1.656636346922913678e-13
0.000000000000000000e+00
0.000000000000000000e+00
0.000000000000000000e+00
0.000000000000000000e+00
0.000000000000000000e+00
0.000000000000000000e+00
0.000000000000000000e+00
0.000000000000000000e+00
0.000000000000000000e+00
0.000000000000000000e+00
0.000000000000000000e+00
0.000000000000000000e+00
0.000000000000000000e+00
0.000000000000000000e+00
0.000000000000000000e+00
0.000000000000000000e+00
0.000000000000000000e+00
0.000000000000000000e+00
0.000000000000000000e+00
0.000000000000000000e+00
0.000000000000000000e+00
0.000000000000000000e+00
0.000000000000000000e+00
0.000000000000000000e+00
0.000000000000000000e+00
0.000000000000000000e+00
0.000000000000000000e+00
0.000000000000000000e+00
0.000000000000000000e+00
0.000000000000000000e+00
0.000000000000000000e+00
0.000000000000000000e+00
0.000000000000000000e+00
0.000000000000000000e+00
0.000000000000000000e+00
0.000000000000000000e+00
0.000000000000000000e+00
0.000000000000000000e+00
0.000000000000000000e+00
0.000000000000000000e+00
0.000000000000000000e+00
0.000000000000000000e+00
0.000000000000000000e+00
0.000000000000000000e+00
0.000000000000000000e+00
0.000000000000000000e+00
0.000000000000000000e+00
0.000000000000000000e+00
0.000000000000000000e+00
0.000000000000000000e+00
0.000000000000000000e+00
0.000000000000000000e+00
0.000000000000000000e+00
0.000000000000000000e+00
0.000000000000000000e+00
0.000000000000000000e+00
0.000000000000000000e+00
0.000000000000000000e+00
0.000000000000000000e+00
0.000000000000000000e+00
0.000000000000000000e+00
0.000000000000000000e+00
0.000000000000000000e+00
0.000000000000000000e+00
0.000000000000000000e+00
0.000000000000000000e+00
0.000000000000000000e+00
0.000000000000000000e+00
0.000000000000000000e+00
0.000000000000000000e+00
0.000000000000000000e+00
0.000000000000000000e+00
0.000000000000000000e+00
0.000000000000000000e+00
0.000000000000000000e+00
0.000000000000000000e+00
0.000000000000000000e+00
0.000000000000000000e+00
0.000000000000000000e+00
0.000000000000000000e+00
0.000000000000000000e+00
0.000000000000000000e+00
0.000000000000000000e+00
0.000000000000000000e+00
0.000000000000000000e+00
0.000000000000000000e+00
0.000000000000000000e+00
0.000000000000000000e+00
0.000000000000000000e+00
0.000000000000000000e+00
0.000000000000000000e+00
0.000000000000000000e+00
0.000000000000000000e+00
0.000000000000000000e+00
0.000000000000000000e+00
0.000000000000000000e+00
0.000000000000000000e+00
0.000000000000000000e+00
0.000000000000000000e+00
0.000000000000000000e+00
0.000000000000000000e+00
0.000000000000000000e+00
0.000000000000000000e+00
0.000000000000000000e+00
0.000000000000000000e+00
0.000000000000000000e+00
0.000000000000000000e+00
0.000000000000000000e+00
0.000000000000000000e+00
0.000000000000000000e+00
0.000000000000000000e+00
0.000000000000000000e+00
0.000000000000000000e+00
0.000000000000000000e+00
0.000000000000000000e+00
0.000000000000000000e+00
0.000000000000000000e+00
0.000000000000000000e+00
0.000000000000000000e+00
0.000000000000000000e+00
0.000000000000000000e+00
0.000000000000000000e+00
0.000000000000000000e+00
0.000000000000000000e+00
0.000000000000000000e+00
0.000000000000000000e+00
0.000000000000000000e+00
0.000000000000000000e+00
0.000000000000000000e+00
0.000000000000000000e+00
0.000000000000000000e+00
0.000000000000000000e+00
0.000000000000000000e+00
0.000000000000000000e+00
0.000000000000000000e+00
0.000000000000000000e+00
0.000000000000000000e+00
0.000000000000000000e+00
0.000000000000000000e+00
0.000000000000000000e+00
0.000000000000000000e+00
0.000000000000000000e+00
0.000000000000000000e+00
0.000000000000000000e+00
0.000000000000000000e+00
0.000000000000000000e+00
0.000000000000000000e+00
0.000000000000000000e+00
0.000000000000000000e+00
0.000000000000000000e+00
0.000000000000000000e+00
0.000000000000000000e+00
0.000000000000000000e+00
0.000000000000000000e+00
0.000000000000000000e+00
0.000000000000000000e+00
0.000000000000000000e+00
0.000000000000000000e+00
0.000000000000000000e+00
0.000000000000000000e+00
0.000000000000000000e+00
0.000000000000000000e+00
0.000000000000000000e+00
0.000000000000000000e+00
0.000000000000000000e+00
0.000000000000000000e+00
0.000000000000000000e+00
0.000000000000000000e+00
0.000000000000000000e+00
0.000000000000000000e+00
0.000000000000000000e+00
0.000000000000000000e+00
0.000000000000000000e+00
0.000000000000000000e+00
0.000000000000000000e+00
0.000000000000000000e+00
0.000000000000000000e+00
0.000000000000000000e+00
0.000000000000000000e+00
0.000000000000000000e+00
0.000000000000000000e+00
0.000000000000000000e+00
0.000000000000000000e+00
0.000000000000000000e+00
0.000000000000000000e+00
0.000000000000000000e+00
0.000000000000000000e+00
0.000000000000000000e+00
0.000000000000000000e+00
0.000000000000000000e+00
0.000000000000000000e+00
0.000000000000000000e+00
0.000000000000000000e+00
0.000000000000000000e+00
0.000000000000000000e+00
0.000000000000000000e+00
0.000000000000000000e+00
0.000000000000000000e+00
0.000000000000000000e+00
0.000000000000000000e+00
0.000000000000000000e+00
0.000000000000000000e+00
0.000000000000000000e+00
0.000000000000000000e+00
0.000000000000000000e+00
0.000000000000000000e+00
0.000000000000000000e+00
0.000000000000000000e+00
0.000000000000000000e+00
0.000000000000000000e+00
0.000000000000000000e+00
0.000000000000000000e+00
0.000000000000000000e+00
0.000000000000000000e+00
0.000000000000000000e+00
0.000000000000000000e+00
0.000000000000000000e+00
0.000000000000000000e+00
0.000000000000000000e+00
0.000000000000000000e+00
0.000000000000000000e+00
0.000000000000000000e+00
0.000000000000000000e+00
0.000000000000000000e+00
0.000000000000000000e+00
0.000000000000000000e+00
0.000000000000000000e+00
0.000000000000000000e+00
0.000000000000000000e+00
0.000000000000000000e+00
0.000000000000000000e+00
0.000000000000000000e+00
0.000000000000000000e+00
0.000000000000000000e+00
0.000000000000000000e+00
0.000000000000000000e+00
0.000000000000000000e+00
0.000000000000000000e+00
0.000000000000000000e+00
0.000000000000000000e+00
0.000000000000000000e+00
0.000000000000000000e+00
0.000000000000000000e+00
0.000000000000000000e+00
0.000000000000000000e+00
0.000000000000000000e+00
0.000000000000000000e+00
0.000000000000000000e+00
0.000000000000000000e+00
0.000000000000000000e+00
0.000000000000000000e+00
0.000000000000000000e+00
0.000000000000000000e+00
0.000000000000000000e+00
0.000000000000000000e+00
0.000000000000000000e+00
0.000000000000000000e+00
0.000000000000000000e+00
0.000000000000000000e+00
0.000000000000000000e+00
0.000000000000000000e+00
0.000000000000000000e+00
0.000000000000000000e+00
0.000000000000000000e+00
0.000000000000000000e+00
0.000000000000000000e+00
0.000000000000000000e+00
0.000000000000000000e+00
0.000000000000000000e+00
0.000000000000000000e+00
0.000000000000000000e+00
0.000000000000000000e+00
0.000000000000000000e+00
0.000000000000000000e+00
0.000000000000000000e+00
0.000000000000000000e+00
0.000000000000000000e+00
0.000000000000000000e+00
0.000000000000000000e+00
0.000000000000000000e+00
0.000000000000000000e+00
0.000000000000000000e+00
0.000000000000000000e+00
0.000000000000000000e+00
0.000000000000000000e+00
0.000000000000000000e+00
0.000000000000000000e+00
0.000000000000000000e+00
0.000000000000000000e+00
0.000000000000000000e+00
0.000000000000000000e+00
0.000000000000000000e+00
0.000000000000000000e+00
0.000000000000000000e+00
0.000000000000000000e+00
0.000000000000000000e+00
0.000000000000000000e+00
0.000000000000000000e+00
0.000000000000000000e+00
0.000000000000000000e+00
0.000000000000000000e+00
0.000000000000000000e+00
0.000000000000000000e+00
0.000000000000000000e+00
0.000000000000000000e+00
0.000000000000000000e+00
0.000000000000000000e+00
0.000000000000000000e+00
0.000000000000000000e+00
0.000000000000000000e+00
0.000000000000000000e+00
0.000000000000000000e+00
0.000000000000000000e+00
0.000000000000000000e+00
0.000000000000000000e+00
0.000000000000000000e+00
0.000000000000000000e+00
0.000000000000000000e+00
0.000000000000000000e+00
0.000000000000000000e+00
0.000000000000000000e+00
0.000000000000000000e+00
0.000000000000000000e+00
0.000000000000000000e+00
0.000000000000000000e+00
0.000000000000000000e+00
0.000000000000000000e+00
0.000000000000000000e+00
0.000000000000000000e+00
0.000000000000000000e+00
0.000000000000000000e+00
0.000000000000000000e+00
0.000000000000000000e+00
0.000000000000000000e+00
0.000000000000000000e+00
0.000000000000000000e+00
0.000000000000000000e+00
0.000000000000000000e+00
0.000000000000000000e+00
0.000000000000000000e+00
0.000000000000000000e+00
0.000000000000000000e+00
0.000000000000000000e+00
0.000000000000000000e+00
0.000000000000000000e+00
0.000000000000000000e+00
0.000000000000000000e+00
0.000000000000000000e+00
0.000000000000000000e+00
0.000000000000000000e+00
0.000000000000000000e+00
0.000000000000000000e+00
0.000000000000000000e+00
0.000000000000000000e+00
0.000000000000000000e+00
0.000000000000000000e+00
0.000000000000000000e+00
0.000000000000000000e+00
0.000000000000000000e+00
0.000000000000000000e+00
0.000000000000000000e+00
0.000000000000000000e+00
0.000000000000000000e+00
0.000000000000000000e+00
0.000000000000000000e+00
0.000000000000000000e+00
0.000000000000000000e+00
0.000000000000000000e+00
0.000000000000000000e+00
0.000000000000000000e+00
0.000000000000000000e+00
0.000000000000000000e+00
0.000000000000000000e+00
0.000000000000000000e+00
0.000000000000000000e+00
0.000000000000000000e+00
0.000000000000000000e+00
0.000000000000000000e+00
0.000000000000000000e+00
0.000000000000000000e+00
0.000000000000000000e+00
0.000000000000000000e+00
0.000000000000000000e+00
0.000000000000000000e+00
0.000000000000000000e+00
0.000000000000000000e+00
0.000000000000000000e+00
0.000000000000000000e+00
0.000000000000000000e+00
0.000000000000000000e+00
0.000000000000000000e+00
0.000000000000000000e+00
0.000000000000000000e+00
0.000000000000000000e+00
0.000000000000000000e+00
0.000000000000000000e+00
0.000000000000000000e+00
0.000000000000000000e+00
0.000000000000000000e+00
0.000000000000000000e+00
0.000000000000000000e+00
0.000000000000000000e+00
0.000000000000000000e+00
0.000000000000000000e+00
0.000000000000000000e+00
0.000000000000000000e+00
0.000000000000000000e+00
0.000000000000000000e+00
0.000000000000000000e+00
0.000000000000000000e+00
0.000000000000000000e+00
0.000000000000000000e+00
0.000000000000000000e+00
0.000000000000000000e+00
0.000000000000000000e+00
0.000000000000000000e+00
0.000000000000000000e+00
0.000000000000000000e+00
0.000000000000000000e+00
0.000000000000000000e+00
0.000000000000000000e+00
0.000000000000000000e+00
0.000000000000000000e+00
0.000000000000000000e+00
0.000000000000000000e+00
0.000000000000000000e+00
0.000000000000000000e+00
0.000000000000000000e+00
0.000000000000000000e+00
0.000000000000000000e+00
0.000000000000000000e+00
0.000000000000000000e+00
0.000000000000000000e+00
0.000000000000000000e+00
0.000000000000000000e+00
0.000000000000000000e+00
0.000000000000000000e+00
0.000000000000000000e+00
0.000000000000000000e+00
0.000000000000000000e+00
0.000000000000000000e+00
0.000000000000000000e+00
0.000000000000000000e+00
0.000000000000000000e+00
0.000000000000000000e+00
0.000000000000000000e+00
0.000000000000000000e+00
0.000000000000000000e+00
0.000000000000000000e+00
0.000000000000000000e+00
0.000000000000000000e+00
0.000000000000000000e+00
0.000000000000000000e+00
0.000000000000000000e+00
0.000000000000000000e+00
0.000000000000000000e+00
0.000000000000000000e+00
0.000000000000000000e+00
0.000000000000000000e+00
0.000000000000000000e+00
0.000000000000000000e+00
0.000000000000000000e+00
0.000000000000000000e+00
0.000000000000000000e+00
0.000000000000000000e+00
0.000000000000000000e+00
0.000000000000000000e+00
0.000000000000000000e+00
0.000000000000000000e+00
0.000000000000000000e+00
0.000000000000000000e+00
0.000000000000000000e+00
0.000000000000000000e+00
0.000000000000000000e+00
0.000000000000000000e+00
0.000000000000000000e+00
0.000000000000000000e+00
0.000000000000000000e+00
0.000000000000000000e+00
0.000000000000000000e+00
0.000000000000000000e+00
0.000000000000000000e+00
0.000000000000000000e+00
0.000000000000000000e+00
0.000000000000000000e+00
0.000000000000000000e+00
0.000000000000000000e+00
0.000000000000000000e+00
0.000000000000000000e+00
0.000000000000000000e+00
0.000000000000000000e+00
0.000000000000000000e+00
0.000000000000000000e+00
0.000000000000000000e+00
0.000000000000000000e+00
0.000000000000000000e+00
0.000000000000000000e+00
0.000000000000000000e+00
0.000000000000000000e+00
0.000000000000000000e+00
0.000000000000000000e+00
0.000000000000000000e+00
0.000000000000000000e+00
0.000000000000000000e+00
0.000000000000000000e+00
0.000000000000000000e+00
0.000000000000000000e+00
0.000000000000000000e+00
0.000000000000000000e+00
0.000000000000000000e+00
0.000000000000000000e+00
0.000000000000000000e+00
0.000000000000000000e+00
0.000000000000000000e+00
0.000000000000000000e+00
0.000000000000000000e+00
nan
