# bin_16_7
-2.205418158627156310e-08
9.006312107955928950e-09
-1.840161595019059310e-08
1.275086842920236801e-08
-1.982438428471109611e-08
1.898682582448844441e-08
-2.217713749027530058e-08
2.329196290281332478e-08
-2.372993556244017094e-08
2.487598616333647942e-08
-2.140815712460589780e-08
2.314863079057157945e-08
-2.085531717794125598e-08
-1.895430620222772695e-08
-1.686989032252622378e-08
-1.221058280539470517e-08
-6.795527047419013572e-09
-4.300955402280455663e-09
-8.022574853353922321e-09
-1.485519859506754363e-08
-1.983995203410381845e-08
-2.057221530973403446e-08
-1.760375143216906412e-08
-1.379055941970023542e-08
-1.066615124350986524e-08
-9.069799073900719528e-09
-1.042432975343806997e-08
-1.387634051606871859e-08
-1.730564951755924978e-08
-1.939852041968288164e-08
-1.939124086406781393e-08
-1.456375332692733921e-08
-5.522189423771108384e-09
4.287771163654727725e-09
1.254178361283166034e-08
1.772862407693735129e-08
1.892423777639344747e-08
1.785837066575311217e-08
1.667939694316977775e-08
1.542120491748270085e-08
1.411092012127214632e-08
1.277021069861213208e-08
1.141633151491361736e-08
1.006296224377825603e-08
8.505899710689593503e-09
6.710708526579061140e-09
4.894377573275101631e-09
3.219385050227396147e-09
1.805037867797132443e-09
7.365226421012104270e-10
7.213904231132817595e-11
-1.509143031105200748e-10
-1.312621012113934878e-10
-9.123542161334206777e-11
-4.042521505984213587e-11
1.354516312485841782e-11
6.467310182501111948e-11
1.082899306182941207e-10
1.408234982363703250e-10
1.596014429944981982e-10
1.626880569840436008e-10
1.501293775524992879e-10
1.262640403278728280e-10
9.541512579881055545e-11
6.114628611695614448e-11
2.637736560126754261e-11
-6.517339651997151228e-12
-3.562550033214863400e-11
-5.942560137096699038e-11
-7.672632882598141023e-11
-8.661490606869909496e-11
-8.841303872778699478e-11
-8.490548518927443892e-11
-7.951109911821974818e-11
-7.261298719537219666e-11
-6.454324461910580074e-11
-5.558925164487925258e-11
-4.599918323803649463e-11
-3.598683443891014765e-11
-2.573584993212876934e-11
-1.540343425666784795e-11
-5.123608773914494997e-12
4.989927336348904670e-12
1.484128237957284679e-11
2.435016061113190351e-11
3.471227186302965867e-11
4.671590423750146949e-11
5.974808384586152917e-11
7.327813901155723468e-11
8.684830563952930087e-11
1.000653870626604075e-10
1.125933464630466354e-10
1.241467247315606548e-10
1.344847895093693450e-10
1.434063324040094622e-10
1.507450412082790342e-10
1.563653825598286091e-10
1.601589380241263125e-10
1.620411432021723873e-10
1.619483852766957005e-10
1.598354195200584929e-10
1.551868543773671778e-10
1.479355769126893362e-10
1.386691513441635435e-10
1.279111455272306627e-10
1.161272400737592173e-10
1.037307581429567509e-10
9.108767278531524975e-11
7.852114284892966344e-11
6.631562322638242515e-11
5.472059055585318767e-11
4.395392132751186493e-11
3.420495562824450204e-11
2.563727643433685806e-11
1.839123138858498891e-11
1.258622133639828310e-11
8.322777510479635974e-12
5.684447115139642817e-12
4.739505142410587884e-12
5.071677950506514922e-12
6.132144283650290738e-12
7.789568024469328062e-12
9.924722648835750212e-12
1.242950473580251048e-11
1.520602757770746897e-11
1.816578814187341620e-11
2.122890123416055883e-11
2.432339525720946067e-11
2.738456444813300159e-11
3.035437292670815433e-11
3.318090629023962916e-11
3.581786685925688789e-11
3.822410901265446610e-11
4.036321135503112332e-11
4.220308273572464413e-11
4.371559939100129407e-11
4.487627071036238253e-11
4.566393133711411908e-11
4.606045750410067315e-11
4.605050567953001642e-11
4.562127175669703412e-11
4.494720626661027636e-11
4.421303385812069064e-11
4.342294825148061884e-11
4.258091017119352430e-11
4.169066041761965813e-11
4.075573215904415056e-11
3.977946249428913258e-11
3.876500333247901411e-11
3.771533163335389323e-11
3.663325904855311208e-11
3.552144100153384683e-11
3.438238524123763110e-11
3.321845990225159426e-11
3.203190110201339021e-11
3.082482010357568568e-11
2.959921007055165884e-11
2.835695243911023151e-11
2.709982293025480621e-11
2.582949722410658614e-11
2.454755631650167479e-11
2.325549157689748931e-11
2.195470952536940358e-11
2.064653634533443003e-11
1.933222214758596489e-11
1.801294500023752831e-11
1.659164942245521677e-11
1.499144462552412962e-11
1.324207455254940431e-11
1.137121537615845660e-11
9.404599971650123415e-12
7.366134956190922896e-12
5.278010754372702570e-12
1.033580519211374144e-12
-1.086024257127133844e-12
-3.181707885824657723e-12
-5.238425393025005568e-12
-7.242311808408072715e-12
-9.180610305971463055e-12
-1.104160456056962534e-11
-1.281455506687239215e-11
-1.605789467873661174e-11
-1.751116657250063343e-11
-1.884205707345898081e-11
-2.004387843328803784e-11
-2.111060854262450811e-11
-2.203684910825508726e-11
-2.281778625974471926e-11
-2.392719646799853938e-11
-2.424864058233514837e-11
-2.441065945723203100e-11
-2.441084597053373929e-11
-2.400215817173728032e-11
-2.375946073026583686e-11
-2.351916736789986445e-11
-2.328134646119752731e-11
-2.304606012932593501e-11
-2.258331048136269276e-11
-2.235594320470052329e-11
-2.213130319912131916e-11
-2.169034370049031733e-11
-2.147408281782449751e-11
-2.126066692431732958e-11
-2.105011568205493045e-11
-2.063766873464796014e-11
-2.043579589520345335e-11
-2.023683381807258179e-11
-1.984765679774899198e-11
-1.965744311539636168e-11
-1.947014302294466560e-11
-1.910426222835858078e-11
-1.892566609440946938e-11
-1.857711082921931973e-11
-1.840712638760160274e-11
-1.823998483459756011e-11
-1.791416498127731587e-11
-1.775545108391089731e-11
-1.744631855859390684e-11
-1.729585842156765007e-11
-1.708217482005934881e-11
-1.703319303413307136e-11
-1.701810431515362006e-11
-1.707657226231200291e-11
-1.714400655581397404e-11
-1.734108308342706810e-11
-1.746546697593062683e-11
-1.775375594163321528e-11
-1.791315999692101846e-11
-1.825208986648720034e-11
-1.842777833561665385e-11
-1.878275822616911359e-11
-1.913183608987203245e-11
-1.930047226134452698e-11
-1.961926705877039669e-11
-1.976698257841514493e-11
-2.003346750703491507e-11
-2.025467551525183938e-11
-2.034602253191331385e-11
-2.048614060048068577e-11
-2.053344446513596284e-11
-2.057924027828717700e-11
-2.055608132642236306e-11
-2.051734997687450759e-11
-2.038333882196918680e-11
-2.017135734631413153e-11
-2.003528850137366941e-11
-1.887719094862905073e-11
-1.616477136572357452e-11
-1.214725010615811775e-11
-9.721374786155571943e-12
-4.169551273306005665e-12
2.149844377074286003e-12
9.052389543862599458e-12
1.266901140013224344e-11
2.013433086584334568e-11
2.778761107699191553e-11
3.549432924062043248e-11
4.313197816758810579e-11
4.688968849882626004e-11
5.421819272182583413e-11
6.121837302105927594e-11
6.780332209516330968e-11
7.389469007516191746e-11
7.942205780511413551e-11
8.432235385302152221e-11
8.853931214208195972e-11
9.202296732337854070e-11
9.472918522390046638e-11
9.661922590014303169e-11
9.765933700858081024e-11
9.782037537142202926e-11
9.707745477033880901e-11
9.559158586894371460e-11
9.355952561708755658e-11
9.101185890309965383e-11
8.797770787540131703e-11
8.448480363220204683e-11
8.055955415481958758e-11
7.622710869731161734e-11
7.151141883208749793e-11
6.643529633899801900e-11
6.102046811404833965e-11
5.528762826323875081e-11
4.925648753714010380e-11
3.969128607766909288e-11
3.299459142016711718e-11
2.606149593543596753e-11
1.890783278251350063e-11
1.154868224027672627e-11
1.558981976144382180e-13
-7.655621082015308135e-12
-1.562528083745774787e-11
-2.374097570287886118e-11
-3.616327112642315929e-11
-4.459482556758504555e-11
-5.313443172961698613e-11
-6.612534024523921891e-11
-7.489364103558748222e-11
-8.399986862803085279e-11
-1.010513485975707377e-10
-1.145672252877266520e-10
-1.374503335414846615e-10
-1.541148466769455533e-10
-1.716606443814372936e-10
-1.992062826057921472e-10
-2.181244699093619694e-10
-2.469175101162948564e-10
-2.661670510850876823e-10
-2.947716674331305028e-10
-3.134739846908717201e-10
-3.406819643407780200e-10
-3.665556699458333895e-10
-3.829017146343452031e-10
-4.058476159907865197e-10
-4.199805786153859711e-10
-4.392545655750633293e-10
-4.560265869817528628e-10
-4.657225871156291440e-10
-4.779123456015950797e-10
-4.871442004400205155e-10
-4.915904496422608190e-10
-4.956131704003980836e-10
-4.963737160001452352e-10
-4.937904796392583415e-10
-4.901773908929765357e-10
-4.825972512044685678e-10
-4.730694565387800567e-10
-4.617134675767561984e-10
-4.486425554330530093e-10
-4.390291523090257426e-10
-4.233359679838857535e-10
-4.062020909779869682e-10
-3.877207640593208778e-10
-3.679804197664805174e-10
-3.470649308104723177e-10
-3.250538466251698608e-10
-3.020226168918332745e-10
-2.780428028099659555e-10
-2.531822768374098838e-10
-2.275054115765378998e-10
-2.010732584405652512e-10
-1.739437166941220667e-10
-1.461716934248775598e-10
-1.082325134025020347e-10
-7.915920432385397344e-11
-4.960671197203668028e-11
-1.961862707126245459e-11
1.076373164208214878e-11
4.150120400349933830e-11
8.297304293286609029e-11
1.143981555050561273e-10
1.506801709473845069e-10
2.278340618456083500e-10
3.052011021778691832e-10
3.966625301955840675e-10
5.367652823236159600e-10
6.528303731915447713e-10
7.762227857145135800e-10
9.491442522157430667e-10
1.083048978503256907e-09
1.264392305274389918e-09
1.400739039032348742e-09
1.580612960982424564e-09
1.712593976723719288e-09
1.882679383561530440e-09
2.004587739598184884e-09
2.157935818714566380e-09
2.299065778710668845e-09
2.395879187496358081e-09
2.511703275629138407e-09
2.611131708238180802e-09
2.674213263131490791e-09
2.742140647443420064e-09
2.790708605581845525e-09
2.819091342327434579e-09
2.826580871465608455e-09
2.818122352142632405e-09
2.787574966698034513e-09
2.733613420142793674e-09
2.658394954725827477e-09
2.565033905115443918e-09
2.456419750577200019e-09
2.335231421952320499e-09
2.203950700879241127e-09
2.064874771090596357e-09
1.920127977458509244e-09
1.771672844608855137e-09
1.621320403354048085e-09
1.470739869884962824e-09
1.284522227688445260e-09
1.138857729980681563e-09
9.975165625401009145e-10
8.616598575950572554e-10
7.011589607370796600e-10
5.813797970325239329e-10
4.702005600722151446e-10
3.444989717312147432e-10
2.554020114107696938e-10
1.771678207306102768e-10
9.548569411864502943e-11
4.361892312874307455e-11
-3.673343109909760608e-12
-2.703012748382177401e-11
-3.761943877331403627e-11
-3.768252501731923274e-11
-3.773111971462368597e-11
-3.774782152121552659e-11
-3.773941121363593641e-11
-3.770310163128451045e-11
-3.763962975564379505e-11
-3.757032730812218092e-11
-3.746177187742804823e-11
-3.733015355934952074e-11
-3.717680044702368211e-11
-3.700297489173794213e-11
-3.680987685546689974e-11
-3.659864708006899196e-11
-3.641733901991250949e-11
-3.617616913187995441e-11
-3.591977142297319762e-11
-3.559331606644854119e-11
-3.530666696018784289e-11
-3.500764391246342502e-11
-3.469704857501936791e-11
-3.437564330063064506e-11
-3.404415307645541161e-11
-3.363402102668618333e-11
-3.328272332241632849e-11
-3.292343027089219983e-11
-3.255672885617585212e-11
-3.058640890819724930e-11
-2.134614899744932002e-11
-1.022535501666806729e-12
2.253100080250118221e-11
5.745851134410745256e-11
9.118791419129031982e-11
1.361120040767712295e-10
1.764576079957176531e-10
2.274206299349935463e-10
2.802164270790785457e-10
3.249446739349271113e-10
3.787595889741782981e-10
4.319903003003849699e-10
4.839206141079640531e-10
5.338978843180295738e-10
5.813286093415511102e-10
6.256743228950475474e-10
6.664477587619223385e-10
7.032092708316905557e-10
7.355634910798159722e-10
7.631562093813674922e-10
7.856714601899224545e-10
8.028288021669100823e-10
8.143807778218578725e-10
8.201105411275188300e-10
8.191867048920452220e-10
8.116938886592976761e-10
7.982425982107287475e-10
7.759904607516254259e-10
7.520852577935697630e-10
7.194593551675274794e-10
6.881148942646807971e-10
6.483784241538075747e-10
6.121875163268663857e-10
5.681426096459698093e-10
5.227945430866090192e-10
4.767805862397970191e-10
4.372541983388183187e-10
3.915156881022324421e-10
3.466514300967319465e-10
3.031128921544991821e-10
2.613111152039366796e-10
2.216194959764194325e-10
1.843763857589472993e-10
1.498875176278508357e-10
1.184282737194840264e-10
9.024580327986497887e-11
6.556100148200233741e-11
4.188366419980312827e-11
2.532650053933320781e-11
1.281024799635470544e-11
3.620609416946058152e-12
1.799845832638847726e-13
0.000000000000000000e+00
0.000000000000000000e+00
0.000000000000000000e+00
0.000000000000000000e+00
0.000000000000000000e+00
0.000000000000000000e+00
0.000000000000000000e+00
0.000000000000000000e+00
0.000000000000000000e+00
0.000000000000000000e+00
0.000000000000000000e+00
0.000000000000000000e+00
0.000000000000000000e+00
0.000000000000000000e+00
0.000000000000000000e+00
0.000000000000000000e+00
0.000000000000000000e+00
0.000000000000000000e+00
0.000000000000000000e+00
0.000000000000000000e+00
0.000000000000000000e+00
0.000000000000000000e+00
0.000000000000000000e+00
0.000000000000000000e+00
0.000000000000000000e+00
0.000000000000000000e+00
0.000000000000000000e+00
0.000000000000000000e+00
0.000000000000000000e+00
0.000000000000000000e+00
0.000000000000000000e+00
0.000000000000000000e+00
0.000000000000000000e+00
0.000000000000000000e+00
0.000000000000000000e+00
0.000000000000000000e+00
0.000000000000000000e+00
0.000000000000000000e+00
0.000000000000000000e+00
0.000000000000000000e+00
0.000000000000000000e+00
0.000000000000000000e+00
0.000000000000000000e+00
0.000000000000000000e+00
0.000000000000000000e+00
0.000000000000000000e+00
0.000000000000000000e+00
0.000000000000000000e+00
0.000000000000000000e+00
0.000000000000000000e+00
0.000000000000000000e+00
0.000000000000000000e+00
0.000000000000000000e+00
0.000000000000000000e+00
0.000000000000000000e+00
0.000000000000000000e+00
0.000000000000000000e+00
0.000000000000000000e+00
0.000000000000000000e+00
0.000000000000000000e+00
0.000000000000000000e+00
0.000000000000000000e+00
0.000000000000000000e+00
0.000000000000000000e+00
0.000000000000000000e+00
0.000000000000000000e+00
0.000000000000000000e+00
0.000000000000000000e+00
0.000000000000000000e+00
0.000000000000000000e+00
0.000000000000000000e+00
0.000000000000000000e+00
0.000000000000000000e+00
0.000000000000000000e+00
0.000000000000000000e+00
0.000000000000000000e+00
0.000000000000000000e+00
0.000000000000000000e+00
0.000000000000000000e+00
0.000000000000000000e+00
0.000000000000000000e+00
0.000000000000000000e+00
0.000000000000000000e+00
0.000000000000000000e+00
0.000000000000000000e+00
0.000000000000000000e+00
0.000000000000000000e+00
0.000000000000000000e+00
0.000000000000000000e+00
0.000000000000000000e+00
0.000000000000000000e+00
0.000000000000000000e+00
0.000000000000000000e+00
0.000000000000000000e+00
0.000000000000000000e+00
0.000000000000000000e+00
0.000000000000000000e+00
0.000000000000000000e+00
0.000000000000000000e+00
0.000000000000000000e+00
0.000000000000000000e+00
0.000000000000000000e+00
0.000000000000000000e+00
0.000000000000000000e+00
0.000000000000000000e+00
0.000000000000000000e+00
0.000000000000000000e+00
0.000000000000000000e+00
0.000000000000000000e+00
0.000000000000000000e+00
0.000000000000000000e+00
0.000000000000000000e+00
0.000000000000000000e+00
0.000000000000000000e+00
0.000000000000000000e+00
0.000000000000000000e+00
0.000000000000000000e+00
0.000000000000000000e+00
0.000000000000000000e+00
0.000000000000000000e+00
0.000000000000000000e+00
0.000000000000000000e+00
0.000000000000000000e+00
0.000000000000000000e+00
0.000000000000000000e+00
0.000000000000000000e+00
0.000000000000000000e+00
0.000000000000000000e+00
0.000000000000000000e+00
0.000000000000000000e+00
0.000000000000000000e+00
0.000000000000000000e+00
0.000000000000000000e+00
0.000000000000000000e+00
0.000000000000000000e+00
0.000000000000000000e+00
0.000000000000000000e+00
0.000000000000000000e+00
0.000000000000000000e+00
0.000000000000000000e+00
0.000000000000000000e+00
0.000000000000000000e+00
0.000000000000000000e+00
0.000000000000000000e+00
0.000000000000000000e+00
0.000000000000000000e+00
0.000000000000000000e+00
0.000000000000000000e+00
0.000000000000000000e+00
0.000000000000000000e+00
0.000000000000000000e+00
0.000000000000000000e+00
0.000000000000000000e+00
0.000000000000000000e+00
0.000000000000000000e+00
0.000000000000000000e+00
0.000000000000000000e+00
0.000000000000000000e+00
0.000000000000000000e+00
0.000000000000000000e+00
0.000000000000000000e+00
0.000000000000000000e+00
0.000000000000000000e+00
0.000000000000000000e+00
0.000000000000000000e+00
0.000000000000000000e+00
0.000000000000000000e+00
0.000000000000000000e+00
0.000000000000000000e+00
0.000000000000000000e+00
0.000000000000000000e+00
0.000000000000000000e+00
0.000000000000000000e+00
0.000000000000000000e+00
0.000000000000000000e+00
0.000000000000000000e+00
0.000000000000000000e+00
0.000000000000000000e+00
0.000000000000000000e+00
0.000000000000000000e+00
0.000000000000000000e+00
0.000000000000000000e+00
0.000000000000000000e+00
0.000000000000000000e+00
0.000000000000000000e+00
0.000000000000000000e+00
0.000000000000000000e+00
0.000000000000000000e+00
0.000000000000000000e+00
0.000000000000000000e+00
0.000000000000000000e+00
0.000000000000000000e+00
0.000000000000000000e+00
0.000000000000000000e+00
0.000000000000000000e+00
0.000000000000000000e+00
0.000000000000000000e+00
0.000000000000000000e+00
0.000000000000000000e+00
0.000000000000000000e+00
0.000000000000000000e+00
0.000000000000000000e+00
0.000000000000000000e+00
0.000000000000000000e+00
0.000000000000000000e+00
0.000000000000000000e+00
0.000000000000000000e+00
0.000000000000000000e+00
0.000000000000000000e+00
0.000000000000000000e+00
0.000000000000000000e+00
0.000000000000000000e+00
0.000000000000000000e+00
0.000000000000000000e+00
0.000000000000000000e+00
0.000000000000000000e+00
0.000000000000000000e+00
0.000000000000000000e+00
0.000000000000000000e+00
0.000000000000000000e+00
0.000000000000000000e+00
0.000000000000000000e+00
0.000000000000000000e+00
0.000000000000000000e+00
0.000000000000000000e+00
0.000000000000000000e+00
0.000000000000000000e+00
0.000000000000000000e+00
0.000000000000000000e+00
0.000000000000000000e+00
0.000000000000000000e+00
0.000000000000000000e+00
0.000000000000000000e+00
0.000000000000000000e+00
0.000000000000000000e+00
0.000000000000000000e+00
0.000000000000000000e+00
0.000000000000000000e+00
0.000000000000000000e+00
0.000000000000000000e+00
0.000000000000000000e+00
0.000000000000000000e+00
0.000000000000000000e+00
0.000000000000000000e+00
0.000000000000000000e+00
0.000000000000000000e+00
0.000000000000000000e+00
0.000000000000000000e+00
0.000000000000000000e+00
0.000000000000000000e+00
0.000000000000000000e+00
0.000000000000000000e+00
0.000000000000000000e+00
0.000000000000000000e+00
0.000000000000000000e+00
0.000000000000000000e+00
0.000000000000000000e+00
0.000000000000000000e+00
0.000000000000000000e+00
0.000000000000000000e+00
0.000000000000000000e+00
0.000000000000000000e+00
0.000000000000000000e+00
0.000000000000000000e+00
0.000000000000000000e+00
0.000000000000000000e+00
0.000000000000000000e+00
0.000000000000000000e+00
0.000000000000000000e+00
0.000000000000000000e+00
0.000000000000000000e+00
0.000000000000000000e+00
0.000000000000000000e+00
0.000000000000000000e+00
0.000000000000000000e+00
0.000000000000000000e+00
0.000000000000000000e+00
0.000000000000000000e+00
0.000000000000000000e+00
0.000000000000000000e+00
0.000000000000000000e+00
0.000000000000000000e+00
0.000000000000000000e+00
0.000000000000000000e+00
0.000000000000000000e+00
0.000000000000000000e+00
0.000000000000000000e+00
0.000000000000000000e+00
0.000000000000000000e+00
0.000000000000000000e+00
0.000000000000000000e+00
0.000000000000000000e+00
0.000000000000000000e+00
0.000000000000000000e+00
0.000000000000000000e+00
0.000000000000000000e+00
0.000000000000000000e+00
0.000000000000000000e+00
0.000000000000000000e+00
0.000000000000000000e+00
0.000000000000000000e+00
0.000000000000000000e+00
0.000000000000000000e+00
0.000000000000000000e+00
0.000000000000000000e+00
0.000000000000000000e+00
0.000000000000000000e+00
0.000000000000000000e+00
0.000000000000000000e+00
0.000000000000000000e+00
0.000000000000000000e+00
0.000000000000000000e+00
0.000000000000000000e+00
0.000000000000000000e+00
0.000000000000000000e+00
0.000000000000000000e+00
0.000000000000000000e+00
0.000000000000000000e+00
0.000000000000000000e+00
0.000000000000000000e+00
0.000000000000000000e+00
0.000000000000000000e+00
0.000000000000000000e+00
0.000000000000000000e+00
0.000000000000000000e+00
0.000000000000000000e+00
0.000000000000000000e+00
0.000000000000000000e+00
0.000000000000000000e+00
0.000000000000000000e+00
0.000000000000000000e+00
0.000000000000000000e+00
0.000000000000000000e+00
0.000000000000000000e+00
0.000000000000000000e+00
0.000000000000000000e+00
0.000000000000000000e+00
0.000000000000000000e+00
0.000000000000000000e+00
0.000000000000000000e+00
0.000000000000000000e+00
0.000000000000000000e+00
0.000000000000000000e+00
0.000000000000000000e+00
0.000000000000000000e+00
0.000000000000000000e+00
0.000000000000000000e+00
0.000000000000000000e+00
0.000000000000000000e+00
0.000000000000000000e+00
0.000000000000000000e+00
0.000000000000000000e+00
0.000000000000000000e+00
0.000000000000000000e+00
0.000000000000000000e+00
0.000000000000000000e+00
0.000000000000000000e+00
0.000000000000000000e+00
0.000000000000000000e+00
0.000000000000000000e+00
0.000000000000000000e+00
0.000000000000000000e+00
0.000000000000000000e+00
0.000000000000000000e+00
0.000000000000000000e+00
0.000000000000000000e+00
0.000000000000000000e+00
0.000000000000000000e+00
0.000000000000000000e+00
0.000000000000000000e+00
0.000000000000000000e+00
0.000000000000000000e+00
0.000000000000000000e+00
0.000000000000000000e+00
0.000000000000000000e+00
0.000000000000000000e+00
0.000000000000000000e+00
0.000000000000000000e+00
0.000000000000000000e+00
0.000000000000000000e+00
0.000000000000000000e+00
0.000000000000000000e+00
0.000000000000000000e+00
0.000000000000000000e+00
0.000000000000000000e+00
0.000000000000000000e+00
0.000000000000000000e+00
0.000000000000000000e+00
0.000000000000000000e+00
0.000000000000000000e+00
0.000000000000000000e+00
0.000000000000000000e+00
0.000000000000000000e+00
0.000000000000000000e+00
0.000000000000000000e+00
0.000000000000000000e+00
0.000000000000000000e+00
0.000000000000000000e+00
0.000000000000000000e+00
0.000000000000000000e+00
0.000000000000000000e+00
0.000000000000000000e+00
0.000000000000000000e+00
0.000000000000000000e+00
0.000000000000000000e+00
0.000000000000000000e+00
0.000000000000000000e+00
0.000000000000000000e+00
0.000000000000000000e+00
0.000000000000000000e+00
0.000000000000000000e+00
0.000000000000000000e+00
0.000000000000000000e+00
0.000000000000000000e+00
0.000000000000000000e+00
0.000000000000000000e+00
0.000000000000000000e+00
0.000000000000000000e+00
0.000000000000000000e+00
0.000000000000000000e+00
0.000000000000000000e+00
0.000000000000000000e+00
0.000000000000000000e+00
0.000000000000000000e+00
0.000000000000000000e+00
0.000000000000000000e+00
0.000000000000000000e+00
0.000000000000000000e+00
0.000000000000000000e+00
0.000000000000000000e+00
0.000000000000000000e+00
0.000000000000000000e+00
0.000000000000000000e+00
0.000000000000000000e+00
0.000000000000000000e+00
0.000000000000000000e+00
0.000000000000000000e+00
0.000000000000000000e+00
0.000000000000000000e+00
0.000000000000000000e+00
0.000000000000000000e+00
0.000000000000000000e+00
0.000000000000000000e+00
0.000000000000000000e+00
0.000000000000000000e+00
0.000000000000000000e+00
0.000000000000000000e+00
0.000000000000000000e+00
0.000000000000000000e+00
0.000000000000000000e+00
0.000000000000000000e+00
0.000000000000000000e+00
0.000000000000000000e+00
0.000000000000000000e+00
0.000000000000000000e+00
0.000000000000000000e+00
0.000000000000000000e+00
0.000000000000000000e+00
0.000000000000000000e+00
0.000000000000000000e+00
0.000000000000000000e+00
0.000000000000000000e+00
0.000000000000000000e+00
0.000000000000000000e+00
0.000000000000000000e+00
0.000000000000000000e+00
0.000000000000000000e+00
0.000000000000000000e+00
0.000000000000000000e+00
0.000000000000000000e+00
0.000000000000000000e+00
0.000000000000000000e+00
0.000000000000000000e+00
0.000000000000000000e+00
0.000000000000000000e+00
0.000000000000000000e+00
0.000000000000000000e+00
0.000000000000000000e+00
0.000000000000000000e+00
0.000000000000000000e+00
0.000000000000000000e+00
0.000000000000000000e+00
0.000000000000000000e+00
0.000000000000000000e+00
0.000000000000000000e+00
0.000000000000000000e+00
0.000000000000000000e+00
0.000000000000000000e+00
0.000000000000000000e+00
0.000000000000000000e+00
0.000000000000000000e+00
0.000000000000000000e+00
0.000000000000000000e+00
0.000000000000000000e+00
0.000000000000000000e+00
0.000000000000000000e+00
0.000000000000000000e+00
0.000000000000000000e+00
0.000000000000000000e+00
0.000000000000000000e+00
0.000000000000000000e+00
0.000000000000000000e+00
0.000000000000000000e+00
0.000000000000000000e+00
0.000000000000000000e+00
0.000000000000000000e+00
0.000000000000000000e+00
0.000000000000000000e+00
0.000000000000000000e+00
0.000000000000000000e+00
0.000000000000000000e+00
0.000000000000000000e+00
0.000000000000000000e+00
0.000000000000000000e+00
0.000000000000000000e+00
0.000000000000000000e+00
nan
