# bin_15_8
-2.778117564339106479e-08
-1.213049136912944044e-08
-1.083369022824018114e-08
-3.619136340715304235e-09
-8.005840114120314853e-09
4.980181034328514445e-09
-7.478281971091709907e-09
8.250283589920523491e-09
-9.865863777620583922e-09
1.405175048854045212e-08
-1.459115334804923333e-08
1.553302417268282213e-08
-1.532006840093294343e-08
-1.875286225551946769e-08
-1.793059544813507281e-08
-6.717737644610299663e-09
7.744434577952749115e-09
1.298076233406815738e-08
1.023642700153980194e-08
5.953187509980340881e-09
1.354554197464720101e-09
-2.881537633278193641e-09
-7.866459894370460333e-09
-1.297627175087346100e-08
-1.623150260963503911e-08
-1.661370754142259794e-08
-1.432318984764621992e-08
-1.100240284481373478e-08
-7.829151581165284902e-09
-5.528738047546574317e-09
-4.518271630177256920e-09
-4.817196497692463868e-09
-5.808048880113059865e-09
-6.952586569427794192e-09
-7.886899917261912009e-09
-8.373563392523882925e-09
-8.266549639917336745e-09
-7.575653480602999971e-09
-6.543802043704864699e-09
-5.375608729059426303e-09
-4.220082476925966944e-09
-3.183652926090026314e-09
-2.340205518462023114e-09
-1.738828201241473740e-09
-1.302187396142708145e-09
-9.303850244384085698e-10
-6.227956427189787342e-10
-3.777542348682478705e-10
-1.928619093661000872e-10
-6.522063524694542107e-11
8.387222007768534804e-12
3.136233780019787810e-11
2.614408054019121932e-11
1.503037458655697263e-11
7.867863381574910823e-13
-1.438827592478634893e-11
-2.876359331602336988e-11
-4.099247359642506612e-11
-5.004432058434544101e-11
-5.514793128660619742e-11
-5.574447505823706732e-11
-4.219248526297015017e-11
-9.926118733660315439e-12
3.478154205870915689e-11
8.673169370076608485e-11
1.416380465265417006e-10
1.959891986050562798e-10
2.469314338479195692e-10
2.921688276112886043e-10
3.298780402546512822e-10
3.586355928565796489e-10
3.773557643859002675e-10
3.893587975488290474e-10
3.987013198219846476e-10
4.056084349510567218e-10
4.102873011702229119e-10
4.129286314821899267e-10
4.137080595442001696e-10
4.127873840575640860e-10
4.103157032427661804e-10
4.064304498074766079e-10
4.012583357654485314e-10
3.949162155263171982e-10
3.875118748376095739e-10
3.791447524097776228e-10
3.654862389991135755e-10
3.436574141697009096e-10
3.157123141380086932e-10
2.834450852343860862e-10
2.484189488424574949e-10
2.119919571757374373e-10
1.753399078547717293e-10
1.394767409301277873e-10
1.052727033141092151e-10
7.347053177973644929e-11
4.469987610958398694e-11
1.949015807113292127e-11
-1.717960821425343581e-12
-1.856234974063436971e-11
-3.075028168021460380e-11
-3.805028921182283369e-11
-4.249172462958542691e-11
-4.628133400831221049e-11
-4.949010240843502839e-11
-5.218264161340205217e-11
-5.441774687048366842e-11
-5.624890346298703121e-11
-5.772474787835265710e-11
-5.888948785621695024e-11
-5.978328517161649511e-11
-6.044260462527065002e-11
-6.090053237008675937e-11
-6.118706639621268617e-11
-6.132938172206418811e-11
-6.135207259227762376e-11
-6.127737376236134021e-11
-6.112536275118233184e-11
-6.091414476389807812e-11
-6.066002182736449830e-11
-6.033488624410615866e-11
-5.991280096774593813e-11
-5.941081585351362647e-11
-5.884442261488397864e-11
-5.822768121201938144e-11
-5.757333600335531077e-11
-5.689292252140527634e-11
-5.619686565754325604e-11
-5.549456997136377812e-11
-5.479450277751293392e-11
-5.410427060598997912e-11
-5.343068958026710300e-11
-5.277985021065525762e-11
-5.215717705769481657e-11
-5.156748368156292046e-11
-5.101502325819228361e-11
-5.050353521065877670e-11
-5.003628817511684209e-11
-4.961611959387493577e-11
-4.924547220386522905e-11
-4.892642766655323168e-11
-4.866073756505938923e-11
-4.861074178326766370e-11
-4.889926421505136125e-11
-4.947197215527884787e-11
-5.027883795057995325e-11
-5.127383900421009788e-11
-5.241467859972544326e-11
-5.366252604404994899e-11
-5.498177474432340742e-11
-5.633981693757597540e-11
-5.770683388855261340e-11
-5.905560045964193950e-11
-6.036130303846655593e-11
-6.160136988387344674e-11
-6.275531302036059884e-11
-6.380458087485526686e-11
-6.473242090870283575e-11
-6.552375155210177491e-11
-6.616504279843489406e-11
-6.664420486230865863e-11
-6.695048434795892111e-11
-6.707436741427947835e-11
-6.700748945933689785e-11
-6.674255088111020899e-11
-6.627323850252464528e-11
-6.559415227785894628e-11
-6.435069757093314940e-11
-6.226888957635970863e-11
-5.945906211971899594e-11
-5.602415276767918796e-11
-5.206014167441455414e-11
-4.765646442103667760e-11
-4.289640045059747958e-11
-3.261162110899144010e-11
-2.722586748060125912e-11
-2.176227931404963528e-11
-1.627842736413975372e-11
-1.082762183884163900e-11
-5.459166963147654061e-12
-2.186007494801628286e-13
4.852079141426985803e-12
1.433222669549785941e-11
1.867354656970370287e-11
2.270831763627283895e-11
2.640928772178430381e-11
2.975163898059589063e-11
3.271283887420493801e-11
3.527249970553687240e-11
3.911559073701634588e-11
4.036781557822226452e-11
4.115586203658849165e-11
4.146822584104069221e-11
4.083441911505320513e-11
4.029415375599898447e-11
3.967781515422382926e-11
3.898900728219853497e-11
3.823119142700733350e-11
3.652170183787792543e-11
3.557628791550864862e-11
3.457439596703337049e-11
3.241238458522885596e-11
3.125759389045551928e-11
3.005699133063396421e-11
2.881298593627149186e-11
2.620393177319334345e-11
2.484324112361119052e-11
2.344787088867287550e-11
2.056089444588472374e-11
1.907299826090277262e-11
1.755784845942751221e-11
1.445242865496937363e-11
1.286531557280232916e-11
9.629711293363124144e-12
7.984015672972512534e-12
6.321495701582952693e-12
2.950981551332896644e-12
1.245362477421341296e-12
-2.201015215089368454e-12
-3.939673930163961496e-12
-8.284185556646889299e-12
-1.103422763176422237e-11
-1.411399471359708748e-11
-2.110856274064318277e-11
-2.495109182952304086e-11
-3.315949160633545610e-11
-3.746358898793674988e-11
-4.632898776904116980e-11
-5.083770362132119564e-11
-5.988606590830093189e-11
-6.438116506174381958e-11
-7.321089354836147688e-11
-8.170337940106016647e-11
-8.578085117964953479e-11
-9.352216690492571612e-11
-9.715829514367657594e-11
-1.038985241181452106e-10
-1.098545699424044888e-10
-1.125132011628475777e-10
-1.171469581713935992e-10
-1.191060813820860687e-10
-1.222731892679406095e-10
-1.243975978422558052e-10
-1.250552319864838102e-10
-1.255383228174639684e-10
-1.248861187636768610e-10
-1.241261197567905192e-10
-1.221128997760489134e-10
-1.197416002300235070e-10
-1.170745102298091742e-10
-1.156481004207819029e-10
-1.126430305445552303e-10
-1.094763162977536384e-10
-1.061939013622160639e-10
-1.045225793805075155e-10
-1.011442261769301162e-10
-9.774842790397632076e-11
-9.436855226220359823e-11
-9.103494077464883061e-11
-8.939419276168028094e-11
-8.618078520907857301e-11
-8.307766077083845119e-11
-8.010620145303436801e-11
-7.728563739653055325e-11
-7.463320526385907401e-11
-7.216429555228836208e-11
-6.989258962140996682e-11
-6.783018716498110660e-11
-6.598772480278408457e-11
-6.437448641846478912e-11
-6.299850582339633745e-11
-6.186666228423244247e-11
-6.098476941268816150e-11
-6.026615508569682840e-11
-5.961837988553114595e-11
-5.903798132598850748e-11
-5.852165570016688814e-11
-5.806625045030496948e-11
-5.766875693295433535e-11
-5.732630355726109908e-11
-5.703614927548775732e-11
-5.679567740617144541e-11
-5.660238977149618993e-11
-5.645390113156314041e-11
-5.634793389927353269e-11
-5.626397986321748331e-11
-5.625501355804614117e-11
-5.628137462515861145e-11
-5.634121129670843584e-11
-5.643275476455271913e-11
-5.662584486416255967e-11
-5.678942744977960405e-11
-5.697912614141708468e-11
-5.719350105449956688e-11
-5.755833895759651523e-11
-5.782851939711869133e-11
-5.811882368861385064e-11
-5.858946143282276646e-11
-5.892505851427374876e-11
-5.947179273643353856e-11
-6.277702206737350078e-11
-6.659360150794514830e-11
-7.434716531159149747e-11
-8.065752992738291740e-11
-8.772345175719203733e-11
-9.946598004880372019e-11
-1.078872819026755026e-10
-1.211405045875708310e-10
-1.302459813328642406e-10
-1.440815721177747102e-10
-1.533014648256699175e-10
-1.669333454940269235e-10
-1.801180422513266166e-10
-1.885528292230038435e-10
-2.005278295014545280e-10
-2.079828282777291666e-10
-2.182530092570597082e-10
-2.272993562106952284e-10
-2.325855706263765833e-10
-2.393113277695971279e-10
-2.445007520187437093e-10
-2.470612441224899312e-10
-2.494933769133658205e-10
-2.501726892528271033e-10
-2.490386471929636605e-10
-2.472497842563738037e-10
-2.426623552727601327e-10
-2.357423783882697078e-10
-2.268011773591715242e-10
-2.161273370247117253e-10
-2.081817143747547898e-10
-1.952043522715829246e-10
-1.811637454119953548e-10
-1.662771048227565423e-10
-1.507450573005107157e-10
-1.347527309254635625e-10
-1.184707703053737541e-10
-1.020562862585578500e-10
-8.565374431240309766e-11
-6.939579608657942167e-11
-5.340405734561922141e-11
-3.778983624210653239e-11
-2.265481502769278364e-11
-8.091688282911598898e-12
1.029162703725719356e-11
2.320594055848752001e-11
3.529689552108785638e-11
4.650430810504170773e-11
5.677420360568080323e-11
6.605839503255249107e-11
7.683076472343491852e-11
8.365719020976300457e-11
8.944837681021933053e-11
9.598891702354517711e-11
1.001289728450808482e-10
1.036961323957115384e-10
1.076809988604951220e-10
1.101748326150007755e-10
1.123112986092596192e-10
1.147000545376412459e-10
1.162136589170591986e-10
1.179518196103149365e-10
1.191024437405837229e-10
1.205096131758302758e-10
1.215180402295284968e-10
1.228650970680237065e-10
1.239179641873210576e-10
1.254332422934095428e-10
1.271326724734708116e-10
1.285620837779464997e-10
1.307153831180062769e-10
1.331936479882408716e-10
1.352906677566616133e-10
1.384343700221953330e-10
1.420058935082357790e-10
1.460347348804800902e-10
1.505466839957509912e-10
1.542612641958050232e-10
1.607859803800647543e-10
1.922223984479237149e-10
2.543196983718265005e-10
3.426514012422660811e-10
4.531102800315969098e-10
5.818880493300448557e-10
7.254563437579882568e-10
8.805489001107829398e-10
1.044144864197896334e-09
1.213453148807276646e-09
1.385897774296097894e-09
1.559104128006811861e-09
1.773369784265609016e-09
1.940564658968113117e-09
2.102044158308764133e-09
2.256155145061031843e-09
2.436142731598292636e-09
2.568351524096505149e-09
2.688753834211024862e-09
2.820973420255748905e-09
2.910915441476925264e-09
2.985823884957438426e-09
3.057126563445255795e-09
3.095458863096320944e-09
3.118996691370498505e-09
3.117689288015369292e-09
3.090151460144902206e-09
3.050461661491887838e-09
2.985498171727558846e-09
2.905805279089322105e-09
2.833007304251242117e-09
2.732515643822078189e-09
2.623339330988355384e-09
2.530993616747624431e-09
2.410749502058062194e-09
2.286641950437445447e-09
2.160138742765255812e-09
2.032588165288017985e-09
1.905227057411418695e-09
1.779188328979266714e-09
1.680008739769412076e-09
1.558900100956920267e-09
1.441791115260077109e-09
1.307658487338376295e-09
1.202054402241672444e-09
1.102750322325475522e-09
1.010324530421400337e-09
9.252962500847109912e-10
8.481297385643572468e-10
7.664857436658515314e-10
7.080025748785639193e-10
6.585404427474140009e-10
6.183717551446474885e-10
5.814322177003718173e-10
5.541917852726724545e-10
5.241937938995165104e-10
5.012502118740246261e-10
4.759599706420427530e-10
4.565890055326581323e-10
4.351931198094264950e-10
4.187606440097820249e-10
4.005473655626846226e-10
3.838026270499077418e-10
3.708462889654981812e-10
3.563570990639754508e-10
3.428817583881772529e-10
3.302816588968129703e-10
3.184284209646323861e-10
3.072032284362839663e-10
2.964962066877240143e-10
2.862058408103303899e-10
2.762384312367364544e-10
2.665075843159948786e-10
2.569337355202192664e-10
2.474437031264804644e-10
2.379702703673914620e-10
2.284517941825361286e-10
2.188318388314504122e-10
2.074117526833094902e-10
1.974023615036972593e-10
1.872282767790432206e-10
1.752581068853668261e-10
1.649767398202138841e-10
1.530301987952621539e-10
1.428864090321693112e-10
1.312255432891678289e-10
1.214250040754435239e-10
1.102691770710570061e-10
9.946292068398374855e-11
8.905376481170793452e-11
8.048017919482058560e-11
7.091836624222967002e-11
6.186400029096878301e-11
5.334781978555196285e-11
4.539695503715008970e-11
3.803519479258924079e-11
3.128323459466569359e-11
2.515890818826393890e-11
1.967740313697084103e-11
1.485146173177813321e-11
1.069156819664594379e-11
6.763660019044529704e-12
4.056842271551381850e-12
2.036199046288752000e-12
5.707057252162527544e-13
2.817390511913925375e-14
0.000000000000000000e+00
0.000000000000000000e+00
0.000000000000000000e+00
0.000000000000000000e+00
0.000000000000000000e+00
0.000000000000000000e+00
0.000000000000000000e+00
0.000000000000000000e+00
0.000000000000000000e+00
0.000000000000000000e+00
0.000000000000000000e+00
0.000000000000000000e+00
0.000000000000000000e+00
0.000000000000000000e+00
0.000000000000000000e+00
0.000000000000000000e+00
0.000000000000000000e+00
0.000000000000000000e+00
0.000000000000000000e+00
0.000000000000000000e+00
0.000000000000000000e+00
0.000000000000000000e+00
0.000000000000000000e+00
0.000000000000000000e+00
0.000000000000000000e+00
0.000000000000000000e+00
0.000000000000000000e+00
0.000000000000000000e+00
0.000000000000000000e+00
0.000000000000000000e+00
0.000000000000000000e+00
0.000000000000000000e+00
0.000000000000000000e+00
0.000000000000000000e+00
0.000000000000000000e+00
0.000000000000000000e+00
0.000000000000000000e+00
0.000000000000000000e+00
0.000000000000000000e+00
0.000000000000000000e+00
0.000000000000000000e+00
0.000000000000000000e+00
0.000000000000000000e+00
0.000000000000000000e+00
0.000000000000000000e+00
0.000000000000000000e+00
0.000000000000000000e+00
0.000000000000000000e+00
0.000000000000000000e+00
0.000000000000000000e+00
0.000000000000000000e+00
0.000000000000000000e+00
0.000000000000000000e+00
0.000000000000000000e+00
0.000000000000000000e+00
0.000000000000000000e+00
0.000000000000000000e+00
0.000000000000000000e+00
0.000000000000000000e+00
0.000000000000000000e+00
0.000000000000000000e+00
0.000000000000000000e+00
0.000000000000000000e+00
0.000000000000000000e+00
0.000000000000000000e+00
0.000000000000000000e+00
0.000000000000000000e+00
0.000000000000000000e+00
0.000000000000000000e+00
0.000000000000000000e+00
0.000000000000000000e+00
0.000000000000000000e+00
0.000000000000000000e+00
0.000000000000000000e+00
0.000000000000000000e+00
0.000000000000000000e+00
0.000000000000000000e+00
0.000000000000000000e+00
0.000000000000000000e+00
0.000000000000000000e+00
0.000000000000000000e+00
0.000000000000000000e+00
0.000000000000000000e+00
0.000000000000000000e+00
0.000000000000000000e+00
0.000000000000000000e+00
0.000000000000000000e+00
0.000000000000000000e+00
0.000000000000000000e+00
0.000000000000000000e+00
0.000000000000000000e+00
0.000000000000000000e+00
0.000000000000000000e+00
0.000000000000000000e+00
0.000000000000000000e+00
0.000000000000000000e+00
0.000000000000000000e+00
0.000000000000000000e+00
0.000000000000000000e+00
0.000000000000000000e+00
0.000000000000000000e+00
0.000000000000000000e+00
0.000000000000000000e+00
0.000000000000000000e+00
0.000000000000000000e+00
0.000000000000000000e+00
0.000000000000000000e+00
0.000000000000000000e+00
0.000000000000000000e+00
0.000000000000000000e+00
0.000000000000000000e+00
0.000000000000000000e+00
0.000000000000000000e+00
0.000000000000000000e+00
0.000000000000000000e+00
0.000000000000000000e+00
0.000000000000000000e+00
0.000000000000000000e+00
0.000000000000000000e+00
0.000000000000000000e+00
0.000000000000000000e+00
0.000000000000000000e+00
0.000000000000000000e+00
0.000000000000000000e+00
0.000000000000000000e+00
0.000000000000000000e+00
0.000000000000000000e+00
0.000000000000000000e+00
0.000000000000000000e+00
0.000000000000000000e+00
0.000000000000000000e+00
0.000000000000000000e+00
0.000000000000000000e+00
0.000000000000000000e+00
0.000000000000000000e+00
0.000000000000000000e+00
0.000000000000000000e+00
0.000000000000000000e+00
0.000000000000000000e+00
0.000000000000000000e+00
0.000000000000000000e+00
0.000000000000000000e+00
0.000000000000000000e+00
0.000000000000000000e+00
0.000000000000000000e+00
0.000000000000000000e+00
0.000000000000000000e+00
0.000000000000000000e+00
0.000000000000000000e+00
0.000000000000000000e+00
0.000000000000000000e+00
0.000000000000000000e+00
0.000000000000000000e+00
0.000000000000000000e+00
0.000000000000000000e+00
0.000000000000000000e+00
0.000000000000000000e+00
0.000000000000000000e+00
0.000000000000000000e+00
0.000000000000000000e+00
0.000000000000000000e+00
0.000000000000000000e+00
0.000000000000000000e+00
0.000000000000000000e+00
0.000000000000000000e+00
0.000000000000000000e+00
0.000000000000000000e+00
0.000000000000000000e+00
0.000000000000000000e+00
0.000000000000000000e+00
0.000000000000000000e+00
0.000000000000000000e+00
0.000000000000000000e+00
0.000000000000000000e+00
0.000000000000000000e+00
0.000000000000000000e+00
0.000000000000000000e+00
0.000000000000000000e+00
0.000000000000000000e+00
0.000000000000000000e+00
0.000000000000000000e+00
0.000000000000000000e+00
0.000000000000000000e+00
0.000000000000000000e+00
0.000000000000000000e+00
0.000000000000000000e+00
0.000000000000000000e+00
0.000000000000000000e+00
0.000000000000000000e+00
0.000000000000000000e+00
0.000000000000000000e+00
0.000000000000000000e+00
0.000000000000000000e+00
0.000000000000000000e+00
0.000000000000000000e+00
0.000000000000000000e+00
0.000000000000000000e+00
0.000000000000000000e+00
0.000000000000000000e+00
0.000000000000000000e+00
0.000000000000000000e+00
0.000000000000000000e+00
0.000000000000000000e+00
0.000000000000000000e+00
0.000000000000000000e+00
0.000000000000000000e+00
0.000000000000000000e+00
0.000000000000000000e+00
0.000000000000000000e+00
0.000000000000000000e+00
0.000000000000000000e+00
0.000000000000000000e+00
0.000000000000000000e+00
0.000000000000000000e+00
0.000000000000000000e+00
0.000000000000000000e+00
0.000000000000000000e+00
0.000000000000000000e+00
0.000000000000000000e+00
0.000000000000000000e+00
0.000000000000000000e+00
0.000000000000000000e+00
0.000000000000000000e+00
0.000000000000000000e+00
0.000000000000000000e+00
0.000000000000000000e+00
0.000000000000000000e+00
0.000000000000000000e+00
0.000000000000000000e+00
0.000000000000000000e+00
0.000000000000000000e+00
0.000000000000000000e+00
0.000000000000000000e+00
0.000000000000000000e+00
0.000000000000000000e+00
0.000000000000000000e+00
0.000000000000000000e+00
0.000000000000000000e+00
0.000000000000000000e+00
0.000000000000000000e+00
0.000000000000000000e+00
0.000000000000000000e+00
0.000000000000000000e+00
0.000000000000000000e+00
0.000000000000000000e+00
0.000000000000000000e+00
0.000000000000000000e+00
0.000000000000000000e+00
0.000000000000000000e+00
0.000000000000000000e+00
0.000000000000000000e+00
0.000000000000000000e+00
0.000000000000000000e+00
0.000000000000000000e+00
0.000000000000000000e+00
0.000000000000000000e+00
0.000000000000000000e+00
0.000000000000000000e+00
0.000000000000000000e+00
0.000000000000000000e+00
0.000000000000000000e+00
0.000000000000000000e+00
0.000000000000000000e+00
0.000000000000000000e+00
0.000000000000000000e+00
0.000000000000000000e+00
0.000000000000000000e+00
0.000000000000000000e+00
0.000000000000000000e+00
0.000000000000000000e+00
0.000000000000000000e+00
0.000000000000000000e+00
0.000000000000000000e+00
0.000000000000000000e+00
0.000000000000000000e+00
0.000000000000000000e+00
0.000000000000000000e+00
0.000000000000000000e+00
0.000000000000000000e+00
0.000000000000000000e+00
0.000000000000000000e+00
0.000000000000000000e+00
0.000000000000000000e+00
0.000000000000000000e+00
0.000000000000000000e+00
0.000000000000000000e+00
0.000000000000000000e+00
0.000000000000000000e+00
0.000000000000000000e+00
0.000000000000000000e+00
0.000000000000000000e+00
0.000000000000000000e+00
0.000000000000000000e+00
0.000000000000000000e+00
0.000000000000000000e+00
0.000000000000000000e+00
0.000000000000000000e+00
0.000000000000000000e+00
0.000000000000000000e+00
0.000000000000000000e+00
0.000000000000000000e+00
0.000000000000000000e+00
0.000000000000000000e+00
0.000000000000000000e+00
0.000000000000000000e+00
0.000000000000000000e+00
0.000000000000000000e+00
0.000000000000000000e+00
0.000000000000000000e+00
0.000000000000000000e+00
0.000000000000000000e+00
0.000000000000000000e+00
0.000000000000000000e+00
0.000000000000000000e+00
0.000000000000000000e+00
0.000000000000000000e+00
0.000000000000000000e+00
0.000000000000000000e+00
0.000000000000000000e+00
0.000000000000000000e+00
0.000000000000000000e+00
0.000000000000000000e+00
0.000000000000000000e+00
0.000000000000000000e+00
0.000000000000000000e+00
0.000000000000000000e+00
0.000000000000000000e+00
0.000000000000000000e+00
0.000000000000000000e+00
0.000000000000000000e+00
0.000000000000000000e+00
0.000000000000000000e+00
0.000000000000000000e+00
0.000000000000000000e+00
0.000000000000000000e+00
0.000000000000000000e+00
0.000000000000000000e+00
0.000000000000000000e+00
0.000000000000000000e+00
0.000000000000000000e+00
0.000000000000000000e+00
0.000000000000000000e+00
0.000000000000000000e+00
0.000000000000000000e+00
0.000000000000000000e+00
0.000000000000000000e+00
0.000000000000000000e+00
0.000000000000000000e+00
0.000000000000000000e+00
0.000000000000000000e+00
0.000000000000000000e+00
0.000000000000000000e+00
0.000000000000000000e+00
0.000000000000000000e+00
0.000000000000000000e+00
0.000000000000000000e+00
0.000000000000000000e+00
0.000000000000000000e+00
0.000000000000000000e+00
0.000000000000000000e+00
0.000000000000000000e+00
0.000000000000000000e+00
0.000000000000000000e+00
0.000000000000000000e+00
0.000000000000000000e+00
0.000000000000000000e+00
0.000000000000000000e+00
0.000000000000000000e+00
0.000000000000000000e+00
0.000000000000000000e+00
0.000000000000000000e+00
0.000000000000000000e+00
0.000000000000000000e+00
0.000000000000000000e+00
0.000000000000000000e+00
0.000000000000000000e+00
0.000000000000000000e+00
0.000000000000000000e+00
0.000000000000000000e+00
0.000000000000000000e+00
0.000000000000000000e+00
0.000000000000000000e+00
0.000000000000000000e+00
0.000000000000000000e+00
0.000000000000000000e+00
0.000000000000000000e+00
0.000000000000000000e+00
0.000000000000000000e+00
0.000000000000000000e+00
0.000000000000000000e+00
0.000000000000000000e+00
0.000000000000000000e+00
0.000000000000000000e+00
0.000000000000000000e+00
0.000000000000000000e+00
0.000000000000000000e+00
0.000000000000000000e+00
0.000000000000000000e+00
0.000000000000000000e+00
0.000000000000000000e+00
0.000000000000000000e+00
0.000000000000000000e+00
0.000000000000000000e+00
0.000000000000000000e+00
0.000000000000000000e+00
0.000000000000000000e+00
0.000000000000000000e+00
0.000000000000000000e+00
0.000000000000000000e+00
0.000000000000000000e+00
0.000000000000000000e+00
0.000000000000000000e+00
0.000000000000000000e+00
0.000000000000000000e+00
0.000000000000000000e+00
0.000000000000000000e+00
0.000000000000000000e+00
0.000000000000000000e+00
0.000000000000000000e+00
0.000000000000000000e+00
0.000000000000000000e+00
0.000000000000000000e+00
0.000000000000000000e+00
0.000000000000000000e+00
0.000000000000000000e+00
0.000000000000000000e+00
0.000000000000000000e+00
0.000000000000000000e+00
0.000000000000000000e+00
0.000000000000000000e+00
0.000000000000000000e+00
0.000000000000000000e+00
0.000000000000000000e+00
0.000000000000000000e+00
0.000000000000000000e+00
0.000000000000000000e+00
0.000000000000000000e+00
0.000000000000000000e+00
0.000000000000000000e+00
0.000000000000000000e+00
0.000000000000000000e+00
0.000000000000000000e+00
0.000000000000000000e+00
0.000000000000000000e+00
0.000000000000000000e+00
0.000000000000000000e+00
0.000000000000000000e+00
0.000000000000000000e+00
0.000000000000000000e+00
0.000000000000000000e+00
0.000000000000000000e+00
0.000000000000000000e+00
0.000000000000000000e+00
0.000000000000000000e+00
0.000000000000000000e+00
0.000000000000000000e+00
0.000000000000000000e+00
0.000000000000000000e+00
0.000000000000000000e+00
0.000000000000000000e+00
0.000000000000000000e+00
0.000000000000000000e+00
0.000000000000000000e+00
0.000000000000000000e+00
0.000000000000000000e+00
0.000000000000000000e+00
0.000000000000000000e+00
0.000000000000000000e+00
0.000000000000000000e+00
0.000000000000000000e+00
0.000000000000000000e+00
0.000000000000000000e+00
0.000000000000000000e+00
0.000000000000000000e+00
0.000000000000000000e+00
0.000000000000000000e+00
0.000000000000000000e+00
0.000000000000000000e+00
0.000000000000000000e+00
0.000000000000000000e+00
0.000000000000000000e+00
0.000000000000000000e+00
0.000000000000000000e+00
0.000000000000000000e+00
0.000000000000000000e+00
0.000000000000000000e+00
0.000000000000000000e+00
0.000000000000000000e+00
0.000000000000000000e+00
0.000000000000000000e+00
0.000000000000000000e+00
0.000000000000000000e+00
0.000000000000000000e+00
0.000000000000000000e+00
0.000000000000000000e+00
0.000000000000000000e+00
0.000000000000000000e+00
0.000000000000000000e+00
0.000000000000000000e+00
0.000000000000000000e+00
0.000000000000000000e+00
0.000000000000000000e+00
0.000000000000000000e+00
0.000000000000000000e+00
0.000000000000000000e+00
0.000000000000000000e+00
0.000000000000000000e+00
0.000000000000000000e+00
0.000000000000000000e+00
0.000000000000000000e+00
0.000000000000000000e+00
0.000000000000000000e+00
0.000000000000000000e+00
0.000000000000000000e+00
0.000000000000000000e+00
0.000000000000000000e+00
nan
