# bin_13_10
-5.004959872512371352e-07
-3.954982641959697184e-07
-3.123227435454585968e-07
-2.421398761409452202e-07
-1.864768388740101037e-07
-1.449561835034971294e-07
-1.078283011890389713e-07
-8.728410110376954152e-08
-6.185635321191829114e-08
-5.121362974076896030e-08
-3.114046154545510937e-08
-3.414215772748653139e-08
-1.444856415505200732e-08
-8.225067356073729152e-09
-6.060727618199858288e-09
-7.964405058385345224e-09
-1.099435574493217785e-08
-1.157528529283638366e-08
-1.008404049006301231e-08
-8.223668642380894778e-09
-6.187319688342385221e-09
-4.099395123687213730e-09
-1.481688060959219442e-09
1.233855359096404160e-09
3.089242662026869849e-09
3.588396722260151914e-09
2.568131796791908266e-09
7.887171120773364030e-10
-9.380023811971660112e-10
-2.110449578323535348e-09
-2.438520550603752658e-09
-1.426651292961895120e-09
6.558930195457600817e-10
3.063500201199758560e-09
5.286721968679262230e-09
6.988100815147865051e-09
7.955015126877308936e-09
8.392690790791994315e-09
8.629032272106155602e-09
8.701517337543794803e-09
8.641120350054324823e-09
8.473484283012813500e-09
8.219867656648452742e-09
7.897912686796122139e-09
7.172274365900878262e-09
5.932042141426164573e-09
4.467126435946810369e-09
2.998270685983134225e-09
1.691165878244840110e-09
6.677449930399675507e-10
1.523392192647711847e-11
-2.065872041208821285e-10
-1.978860791649304497e-10
-1.875939170495240540e-10
-1.760048674101034925e-10
-1.633712442018918280e-10
-1.499094452710605843e-10
-1.358049919321222294e-10
-1.212168279948666466e-10
-1.062809940746757321e-10
-9.111377367396085831e-11
-7.220980413346219772e-11
-4.797127060122545532e-11
-2.096436256992095273e-11
6.710020517511392569e-12
3.334455514961663962e-11
5.756461826205725738e-11
7.827656871572930464e-11
9.462377652755350022e-11
1.059492167268517530e-10
1.117636327203173172e-10
1.117184307280901927e-10
1.069734224926648481e-10
9.947632722317483617e-11
9.004974688965757450e-11
7.939453306329186298e-11
6.810560486180206969e-11
5.668572849137938838e-11
4.555752971007716122e-11
3.507397266916419692e-11
2.552750629101643043e-11
1.715805175025573470e-11
1.015998101605157940e-11
4.688216181616749999e-12
8.635619431863695300e-13
-1.923454780792822346e-12
-4.367371662473360937e-12
-6.495928566140233000e-12
-8.334652512585095064e-12
-9.907045584893310497e-12
-1.123475554144278257e-11
-1.233773086429655821e-11
-1.323436178420872305e-11
-1.394160865828536295e-11
-1.447511893024237710e-11
-1.484933377381157719e-11
-1.507758540511543995e-11
-1.517218594798356417e-11
-1.514450864566564032e-11
-1.500506213185648101e-11
-1.476355840221210233e-11
-1.306772599797846006e-11
-8.946587673306259666e-12
-2.934137806417910800e-12
4.493621746648263948e-12
1.291315074159573854e-11
2.194836391529441263e-11
3.126609717032909749e-11
4.057200042195239100e-11
4.960681568713254399e-11
5.814300321525520168e-11
6.598168222586477097e-11
7.294985618248578677e-11
7.889789553827798673e-11
8.369725357913692520e-11
8.723839339814707400e-11
8.942890619307753577e-11
9.019180301344569279e-11
8.946396381981440170e-11
8.758557281653471518e-11
8.501455042321270637e-11
8.186563951874409750e-11
7.824325044885600932e-11
7.424229316929782087e-11
6.994894228224508669e-11
6.544134059386316063e-11
6.079024632324037044e-11
5.605962864179769838e-11
5.130721581319273950e-11
4.658499983249040056e-11
4.193970112628646028e-11
3.741319656919630473e-11
3.304291379368522402e-11
2.886219451694096389e-11
2.490062937796894341e-11
2.118436656814841066e-11
1.773639634721012714e-11
1.457681336219900146e-11
1.172305852790534900e-11
9.190142082081147330e-12
6.990849296180699351e-12
5.002228054586699399e-12
3.094009366117504465e-12
1.266307461853407327e-12
-4.809388735060589288e-13
-2.147949553403510254e-12
-3.735087769284415742e-12
-5.242845795514066272e-12
-6.671831924514452813e-12
-8.022758444806014542e-12
-9.296430581533300003e-12
-1.049373632539033229e-11
-1.161563708166786121e-11
-1.266315907648245811e-11
-1.363738546215413846e-11
-1.453944906819929913e-11
-1.537052574855528292e-11
-1.613182827945854202e-11
-1.682460076590932108e-11
-1.745011351787823207e-11
-1.800965836038436975e-11
-1.850454434431206571e-11
-1.893609382735021816e-11
-1.930563889676804893e-11
-1.961451810787894827e-11
-1.986407351402019338e-11
-2.007158840193258228e-11
-2.025423738598845672e-11
-2.041316194685019816e-11
-2.054945406680627376e-11
-2.066415849488495038e-11
-2.075827489970234479e-11
-2.083275991609897452e-11
-2.092645873573328494e-11
-2.094738768426029780e-11
-2.095211897142274637e-11
-2.094142142635845660e-11
-2.091603119092430394e-11
-2.087665316525279863e-11
-2.082396238447738250e-11
-2.075860533018282278e-11
-2.059234299807530459e-11
-2.049259887072879182e-11
-2.038251298792826010e-11
-2.026260667545417661e-11
-2.013337937896085665e-11
-1.999530960276361903e-11
-1.984885580554875653e-11
-1.953253484437198322e-11
-1.936349186990280502e-11
-1.918771477591626123e-11
-1.900557386429270191e-11
-1.848884124846836576e-11
-1.790058528909057610e-11
-1.707485068494764020e-11
-1.603264814667579103e-11
-1.479386251045208131e-11
-1.180077994812669774e-11
-1.008110596013435285e-11
-8.234191917644510444e-12
-4.217929790527936092e-12
-2.076182160855994871e-12
1.375251506630771706e-13
2.411259109904514699e-12
7.094451289519096442e-12
9.483321441959767746e-12
1.189098015879928480e-11
1.672782969442935948e-11
1.914090403294104905e-11
2.154048312976971173e-11
2.627210840796017139e-11
2.859169361990766228e-11
3.311022699600106425e-11
3.529900879868083430e-11
3.743459537048128781e-11
4.152948496113350137e-11
4.348118274900187158e-11
4.717614753268137735e-11
4.891341228920202084e-11
5.257661259883649651e-11
5.458065741027673553e-11
5.667753609302363729e-11
6.108849157873880956e-11
6.337390528381791639e-11
6.803854864572103907e-11
7.039345931908348852e-11
7.509255260017199161e-11
7.741620912202692958e-11
8.196469600083285821e-11
8.417231036346921721e-11
8.841496509392289311e-11
9.238048567528981555e-11
9.424329079237461175e-11
9.770041788569623273e-11
9.928442082169646723e-11
1.021400844339386575e-10
1.045520509212565593e-10
1.055825418178560369e-10
1.072767277619626890e-10
1.079348611070749798e-10
1.088610708798976052e-10
1.092535661938648866e-10
1.092453133367142594e-10
1.088127246873644764e-10
1.078179086743199648e-10
1.071074627977061131e-10
1.046659301683928167e-10
1.006489233470859687e-10
9.531054411938578450e-11
9.221955442730763005e-11
8.533075908705840357e-11
7.766864915482811648e-11
6.942125855766342343e-11
6.513245888254279897e-11
5.632520367969618752e-11
4.733559056620129253e-11
3.830077249884816676e-11
2.934565007756282315e-11
2.493387529561662381e-11
1.630784829553804404e-11
8.025827541591867948e-12
1.764108569270020364e-13
-7.160530703278454813e-12
-1.391321388513287209e-11
-2.001734884438303193e-11
-2.541558616035823447e-11
-3.005700232145540000e-11
-3.389662096496815303e-11
-3.689496735414748474e-11
-3.901765375987583454e-11
-4.023499358463113937e-11
-4.052164222364382432e-11
-4.032939923459622826e-11
-4.012540945007248741e-11
-3.991037352771678680e-11
-3.968495852943440310e-11
-3.944979956082569307e-11
-3.920550132515304746e-11
-3.895263959665692742e-11
-3.869176261774392948e-11
-3.842339242429531735e-11
-3.814802610308776823e-11
-3.786613698507913550e-11
-3.757817577808646826e-11
-3.713578194881296051e-11
-3.683447345944357151e-11
-3.652850724629662662e-11
-3.621824476501694873e-11
-3.590403013333354671e-11
-3.542601018135652972e-11
-3.510331412290771101e-11
-3.477774515013507010e-11
-3.444957884323941615e-11
-3.395302953563091847e-11
-3.361948951962128179e-11
-3.328421561506313748e-11
-3.277853245874685324e-11
-3.243986377244559804e-11
-3.205354563875701764e-11
-3.088408596115367350e-11
-2.972076339893850414e-11
-2.749250621686047673e-11
-2.573465139422916921e-11
-2.379609555276699448e-11
-2.061391021083645283e-11
-1.834957586039825714e-11
-1.480209905982625133e-11
-1.237053100421438139e-11
-8.677097347925809817e-12
-6.212948504276413543e-12
-2.559388183597636748e-12
9.933844006365220139e-13
3.280684854375220878e-12
6.555563183665623870e-12
8.616556731601811185e-12
1.149626525784024880e-11
1.409123423722720200e-11
1.564765580117447650e-11
1.770140310779515931e-11
1.939621116239326994e-11
2.031582434183237567e-11
2.136558633947245897e-11
2.200485575330640082e-11
2.221917256315084775e-11
2.211988179529710005e-11
2.129101016514514857e-11
1.949706648661218543e-11
1.687991064807900155e-11
1.357079419952910742e-11
1.104060489311201376e-11
6.843280982521042436e-12
2.257326331266928665e-12
-2.619245967081769027e-12
-7.696130538841862397e-12
-1.289021885369518757e-11
-1.812512165444651217e-11
-2.333072245093745773e-11
-2.844275999469182153e-11
-3.340243779764766064e-11
-3.815605889419696960e-11
-4.265468417152477165e-11
-4.685381270972667364e-11
-5.071308268114582448e-11
-5.526753905152850017e-11
-5.819803290513031817e-11
-6.068056065134595499e-11
-6.268968408522633520e-11
-6.420280431166099965e-11
-6.519996503457437009e-11
-6.569699820851722899e-11
-6.542613392906054306e-11
-6.466903288120578643e-11
-6.332081832568503543e-11
-6.210413185256489614e-11
-6.073472891899996973e-11
-5.870512500269713248e-11
-5.705376222978710332e-11
-5.531055992724191160e-11
-5.287059177329413770e-11
-5.097278597397217906e-11
-4.837760947502431377e-11
-4.639880286831772866e-11
-4.373900316167722179e-11
-4.174182119355462223e-11
-3.909429551984490842e-11
-3.713176577500917755e-11
-3.456144569948652022e-11
-3.206031582070491078e-11
-3.023956924147912742e-11
-2.789707353087409227e-11
-2.566397772577226011e-11
-2.406812467001286479e-11
-2.205418905713565458e-11
-2.017914097161959167e-11
-1.845146595365789245e-11
-1.687859898770584056e-11
-1.580446517116262477e-11
-1.451236674303981922e-11
-1.327251573153267225e-11
-1.204443860092236891e-11
-1.083375875969407348e-11
-9.645604261413285466e-12
-8.484641607469550991e-12
-7.355107326923285215e-12
-6.260837483205027411e-12
-5.205295246851977304e-12
-4.191596663693641136e-12
-3.222534738836985505e-12
-2.300601948423371969e-12
-1.217807653241321260e-12
-4.096126237702264425e-13
3.451830864342662992e-13
1.045145446862488834e-12
1.841133819233800729e-12
2.413512303143106187e-12
2.927732733897266189e-12
3.487727722887738187e-12
3.868892566873486007e-12
4.190268156221670702e-12
4.507581531649718410e-12
4.693792157307393871e-12
4.842041598356971664e-12
4.893186753089226173e-12
4.873169627860181451e-12
4.585006505876051225e-12
3.616655832097997732e-12
2.058957234433613160e-12
4.464603665125107327e-13
-1.959786100622292098e-12
-4.730686462063837808e-12
-7.163464624024346220e-12
-1.042067342342503501e-11
-1.386277656864728245e-11
-1.743491289144923098e-11
-2.108661594034915591e-11
-2.477151965351419812e-11
-2.844708337903006264e-11
-3.135450657236918588e-11
-3.491729271565050123e-11
-3.836985283516861583e-11
-4.232508771790658823e-11
-4.543265563641081670e-11
-4.834270034184661095e-11
-5.103313141215734030e-11
-5.348404102643427439e-11
-5.567755394082699376e-11
-5.794762712044798984e-11
-5.952107787473404957e-11
-6.079201265181882910e-11
-6.174966244009438034e-11
-6.251855918614128967e-11
-6.304358786177928248e-11
-6.358500810233526739e-11
-6.396586092540277956e-11
-6.434276216499342489e-11
-6.459327676472886173e-11
-6.482150216932065632e-11
-6.495427594885697923e-11
-6.504825207873022026e-11
-6.507461771342350105e-11
-6.504762790245242409e-11
-6.495955710817200875e-11
-6.481393261336400324e-11
-6.461397443463141934e-11
-6.436274471371209137e-11
-6.406315572049012223e-11
-6.371797742045677391e-11
-6.332984463229389055e-11
-6.290126379961427198e-11
-6.243461939936748677e-11
-6.193218000799894432e-11
-6.139610404512432040e-11
-6.082844521324881518e-11
-6.023115765090723241e-11
-5.960610081552774348e-11
-5.884412633502952969e-11
-5.815914845348668961e-11
-5.719534225878751265e-11
-5.560094148286324556e-11
-5.388809595442799016e-11
-5.155039852838090254e-11
-4.930451842467060150e-11
-4.645733761367171372e-11
-4.386420193730221048e-11
-4.070831484481055542e-11
-3.745905428987308552e-11
-3.416208164467265264e-11
-3.132995355564619010e-11
-2.805271709488545259e-11
-2.483812218656694233e-11
-2.171851721354866977e-11
-1.872335390721539148e-11
-1.587938673281008584e-11
-1.321085909416390675e-11
-1.073967724882281795e-11
-8.485572761571799289e-12
-6.466254266035130301e-12
-4.697549250061553348e-12
-3.001030657007685690e-12
-1.814683743778520806e-12
-9.178744910554526667e-13
-2.594223801784090549e-13
-1.289617951254150368e-14
0.000000000000000000e+00
0.000000000000000000e+00
0.000000000000000000e+00
0.000000000000000000e+00
0.000000000000000000e+00
0.000000000000000000e+00
0.000000000000000000e+00
0.000000000000000000e+00
0.000000000000000000e+00
0.000000000000000000e+00
0.000000000000000000e+00
0.000000000000000000e+00
0.000000000000000000e+00
0.000000000000000000e+00
0.000000000000000000e+00
0.000000000000000000e+00
0.000000000000000000e+00
0.000000000000000000e+00
0.000000000000000000e+00
0.000000000000000000e+00
0.000000000000000000e+00
0.000000000000000000e+00
0.000000000000000000e+00
0.000000000000000000e+00
0.000000000000000000e+00
0.000000000000000000e+00
0.000000000000000000e+00
0.000000000000000000e+00
0.000000000000000000e+00
0.000000000000000000e+00
0.000000000000000000e+00
0.000000000000000000e+00
0.000000000000000000e+00
0.000000000000000000e+00
0.000000000000000000e+00
0.000000000000000000e+00
0.000000000000000000e+00
0.000000000000000000e+00
0.000000000000000000e+00
0.000000000000000000e+00
0.000000000000000000e+00
0.000000000000000000e+00
0.000000000000000000e+00
0.000000000000000000e+00
0.000000000000000000e+00
0.000000000000000000e+00
0.000000000000000000e+00
0.000000000000000000e+00
0.000000000000000000e+00
0.000000000000000000e+00
0.000000000000000000e+00
0.000000000000000000e+00
0.000000000000000000e+00
0.000000000000000000e+00
0.000000000000000000e+00
0.000000000000000000e+00
0.000000000000000000e+00
0.000000000000000000e+00
0.000000000000000000e+00
0.000000000000000000e+00
0.000000000000000000e+00
0.000000000000000000e+00
0.000000000000000000e+00
0.000000000000000000e+00
0.000000000000000000e+00
0.000000000000000000e+00
0.000000000000000000e+00
0.000000000000000000e+00
0.000000000000000000e+00
0.000000000000000000e+00
0.000000000000000000e+00
0.000000000000000000e+00
0.000000000000000000e+00
0.000000000000000000e+00
0.000000000000000000e+00
0.000000000000000000e+00
0.000000000000000000e+00
0.000000000000000000e+00
0.000000000000000000e+00
0.000000000000000000e+00
0.000000000000000000e+00
0.000000000000000000e+00
0.000000000000000000e+00
0.000000000000000000e+00
0.000000000000000000e+00
0.000000000000000000e+00
0.000000000000000000e+00
0.000000000000000000e+00
0.000000000000000000e+00
0.000000000000000000e+00
0.000000000000000000e+00
0.000000000000000000e+00
0.000000000000000000e+00
0.000000000000000000e+00
0.000000000000000000e+00
0.000000000000000000e+00
0.000000000000000000e+00
0.000000000000000000e+00
0.000000000000000000e+00
0.000000000000000000e+00
0.000000000000000000e+00
0.000000000000000000e+00
0.000000000000000000e+00
0.000000000000000000e+00
0.000000000000000000e+00
0.000000000000000000e+00
0.000000000000000000e+00
0.000000000000000000e+00
0.000000000000000000e+00
0.000000000000000000e+00
0.000000000000000000e+00
0.000000000000000000e+00
0.000000000000000000e+00
0.000000000000000000e+00
0.000000000000000000e+00
0.000000000000000000e+00
0.000000000000000000e+00
0.000000000000000000e+00
0.000000000000000000e+00
0.000000000000000000e+00
0.000000000000000000e+00
0.000000000000000000e+00
0.000000000000000000e+00
0.000000000000000000e+00
0.000000000000000000e+00
0.000000000000000000e+00
0.000000000000000000e+00
0.000000000000000000e+00
0.000000000000000000e+00
0.000000000000000000e+00
0.000000000000000000e+00
0.000000000000000000e+00
0.000000000000000000e+00
0.000000000000000000e+00
0.000000000000000000e+00
0.000000000000000000e+00
0.000000000000000000e+00
0.000000000000000000e+00
0.000000000000000000e+00
0.000000000000000000e+00
0.000000000000000000e+00
0.000000000000000000e+00
0.000000000000000000e+00
0.000000000000000000e+00
0.000000000000000000e+00
0.000000000000000000e+00
0.000000000000000000e+00
0.000000000000000000e+00
0.000000000000000000e+00
0.000000000000000000e+00
0.000000000000000000e+00
0.000000000000000000e+00
0.000000000000000000e+00
0.000000000000000000e+00
0.000000000000000000e+00
0.000000000000000000e+00
0.000000000000000000e+00
0.000000000000000000e+00
0.000000000000000000e+00
0.000000000000000000e+00
0.000000000000000000e+00
0.000000000000000000e+00
0.000000000000000000e+00
0.000000000000000000e+00
0.000000000000000000e+00
0.000000000000000000e+00
0.000000000000000000e+00
0.000000000000000000e+00
0.000000000000000000e+00
0.000000000000000000e+00
0.000000000000000000e+00
0.000000000000000000e+00
0.000000000000000000e+00
0.000000000000000000e+00
0.000000000000000000e+00
0.000000000000000000e+00
0.000000000000000000e+00
0.000000000000000000e+00
0.000000000000000000e+00
0.000000000000000000e+00
0.000000000000000000e+00
0.000000000000000000e+00
0.000000000000000000e+00
0.000000000000000000e+00
0.000000000000000000e+00
0.000000000000000000e+00
0.000000000000000000e+00
0.000000000000000000e+00
0.000000000000000000e+00
0.000000000000000000e+00
0.000000000000000000e+00
0.000000000000000000e+00
0.000000000000000000e+00
0.000000000000000000e+00
0.000000000000000000e+00
0.000000000000000000e+00
0.000000000000000000e+00
0.000000000000000000e+00
0.000000000000000000e+00
0.000000000000000000e+00
0.000000000000000000e+00
0.000000000000000000e+00
0.000000000000000000e+00
0.000000000000000000e+00
0.000000000000000000e+00
0.000000000000000000e+00
0.000000000000000000e+00
0.000000000000000000e+00
0.000000000000000000e+00
0.000000000000000000e+00
0.000000000000000000e+00
0.000000000000000000e+00
0.000000000000000000e+00
0.000000000000000000e+00
0.000000000000000000e+00
0.000000000000000000e+00
0.000000000000000000e+00
0.000000000000000000e+00
0.000000000000000000e+00
0.000000000000000000e+00
0.000000000000000000e+00
0.000000000000000000e+00
0.000000000000000000e+00
0.000000000000000000e+00
0.000000000000000000e+00
0.000000000000000000e+00
0.000000000000000000e+00
0.000000000000000000e+00
0.000000000000000000e+00
0.000000000000000000e+00
0.000000000000000000e+00
0.000000000000000000e+00
0.000000000000000000e+00
0.000000000000000000e+00
0.000000000000000000e+00
0.000000000000000000e+00
0.000000000000000000e+00
0.000000000000000000e+00
0.000000000000000000e+00
0.000000000000000000e+00
0.000000000000000000e+00
0.000000000000000000e+00
0.000000000000000000e+00
0.000000000000000000e+00
0.000000000000000000e+00
0.000000000000000000e+00
0.000000000000000000e+00
0.000000000000000000e+00
0.000000000000000000e+00
0.000000000000000000e+00
0.000000000000000000e+00
0.000000000000000000e+00
0.000000000000000000e+00
0.000000000000000000e+00
0.000000000000000000e+00
0.000000000000000000e+00
0.000000000000000000e+00
0.000000000000000000e+00
0.000000000000000000e+00
0.000000000000000000e+00
0.000000000000000000e+00
0.000000000000000000e+00
0.000000000000000000e+00
0.000000000000000000e+00
0.000000000000000000e+00
0.000000000000000000e+00
0.000000000000000000e+00
0.000000000000000000e+00
0.000000000000000000e+00
0.000000000000000000e+00
0.000000000000000000e+00
0.000000000000000000e+00
0.000000000000000000e+00
0.000000000000000000e+00
0.000000000000000000e+00
0.000000000000000000e+00
0.000000000000000000e+00
0.000000000000000000e+00
0.000000000000000000e+00
0.000000000000000000e+00
0.000000000000000000e+00
0.000000000000000000e+00
0.000000000000000000e+00
0.000000000000000000e+00
0.000000000000000000e+00
0.000000000000000000e+00
0.000000000000000000e+00
0.000000000000000000e+00
0.000000000000000000e+00
0.000000000000000000e+00
0.000000000000000000e+00
0.000000000000000000e+00
0.000000000000000000e+00
0.000000000000000000e+00
0.000000000000000000e+00
0.000000000000000000e+00
0.000000000000000000e+00
0.000000000000000000e+00
0.000000000000000000e+00
0.000000000000000000e+00
0.000000000000000000e+00
0.000000000000000000e+00
0.000000000000000000e+00
0.000000000000000000e+00
0.000000000000000000e+00
0.000000000000000000e+00
0.000000000000000000e+00
0.000000000000000000e+00
0.000000000000000000e+00
0.000000000000000000e+00
0.000000000000000000e+00
0.000000000000000000e+00
0.000000000000000000e+00
0.000000000000000000e+00
0.000000000000000000e+00
0.000000000000000000e+00
0.000000000000000000e+00
0.000000000000000000e+00
0.000000000000000000e+00
0.000000000000000000e+00
0.000000000000000000e+00
0.000000000000000000e+00
0.000000000000000000e+00
0.000000000000000000e+00
0.000000000000000000e+00
0.000000000000000000e+00
0.000000000000000000e+00
0.000000000000000000e+00
0.000000000000000000e+00
0.000000000000000000e+00
0.000000000000000000e+00
0.000000000000000000e+00
0.000000000000000000e+00
0.000000000000000000e+00
0.000000000000000000e+00
0.000000000000000000e+00
0.000000000000000000e+00
0.000000000000000000e+00
0.000000000000000000e+00
0.000000000000000000e+00
0.000000000000000000e+00
0.000000000000000000e+00
0.000000000000000000e+00
0.000000000000000000e+00
0.000000000000000000e+00
0.000000000000000000e+00
0.000000000000000000e+00
0.000000000000000000e+00
0.000000000000000000e+00
0.000000000000000000e+00
0.000000000000000000e+00
0.000000000000000000e+00
0.000000000000000000e+00
0.000000000000000000e+00
0.000000000000000000e+00
0.000000000000000000e+00
0.000000000000000000e+00
0.000000000000000000e+00
0.000000000000000000e+00
0.000000000000000000e+00
0.000000000000000000e+00
0.000000000000000000e+00
0.000000000000000000e+00
0.000000000000000000e+00
0.000000000000000000e+00
0.000000000000000000e+00
0.000000000000000000e+00
0.000000000000000000e+00
0.000000000000000000e+00
0.000000000000000000e+00
0.000000000000000000e+00
0.000000000000000000e+00
0.000000000000000000e+00
0.000000000000000000e+00
0.000000000000000000e+00
0.000000000000000000e+00
0.000000000000000000e+00
0.000000000000000000e+00
0.000000000000000000e+00
0.000000000000000000e+00
0.000000000000000000e+00
0.000000000000000000e+00
0.000000000000000000e+00
0.000000000000000000e+00
0.000000000000000000e+00
0.000000000000000000e+00
0.000000000000000000e+00
0.000000000000000000e+00
0.000000000000000000e+00
0.000000000000000000e+00
0.000000000000000000e+00
0.000000000000000000e+00
0.000000000000000000e+00
0.000000000000000000e+00
0.000000000000000000e+00
0.000000000000000000e+00
0.000000000000000000e+00
0.000000000000000000e+00
0.000000000000000000e+00
0.000000000000000000e+00
0.000000000000000000e+00
0.000000000000000000e+00
0.000000000000000000e+00
0.000000000000000000e+00
0.000000000000000000e+00
0.000000000000000000e+00
0.000000000000000000e+00
0.000000000000000000e+00
0.000000000000000000e+00
0.000000000000000000e+00
0.000000000000000000e+00
0.000000000000000000e+00
0.000000000000000000e+00
0.000000000000000000e+00
0.000000000000000000e+00
0.000000000000000000e+00
0.000000000000000000e+00
0.000000000000000000e+00
0.000000000000000000e+00
0.000000000000000000e+00
0.000000000000000000e+00
0.000000000000000000e+00
0.000000000000000000e+00
0.000000000000000000e+00
0.000000000000000000e+00
0.000000000000000000e+00
0.000000000000000000e+00
0.000000000000000000e+00
0.000000000000000000e+00
0.000000000000000000e+00
0.000000000000000000e+00
0.000000000000000000e+00
0.000000000000000000e+00
0.000000000000000000e+00
0.000000000000000000e+00
0.000000000000000000e+00
0.000000000000000000e+00
0.000000000000000000e+00
0.000000000000000000e+00
0.000000000000000000e+00
0.000000000000000000e+00
0.000000000000000000e+00
0.000000000000000000e+00
0.000000000000000000e+00
0.000000000000000000e+00
0.000000000000000000e+00
0.000000000000000000e+00
0.000000000000000000e+00
0.000000000000000000e+00
0.000000000000000000e+00
0.000000000000000000e+00
0.000000000000000000e+00
0.000000000000000000e+00
0.000000000000000000e+00
0.000000000000000000e+00
0.000000000000000000e+00
0.000000000000000000e+00
0.000000000000000000e+00
0.000000000000000000e+00
0.000000000000000000e+00
0.000000000000000000e+00
0.000000000000000000e+00
0.000000000000000000e+00
0.000000000000000000e+00
0.000000000000000000e+00
0.000000000000000000e+00
0.000000000000000000e+00
0.000000000000000000e+00
0.000000000000000000e+00
0.000000000000000000e+00
0.000000000000000000e+00
0.000000000000000000e+00
0.000000000000000000e+00
0.000000000000000000e+00
0.000000000000000000e+00
0.000000000000000000e+00
0.000000000000000000e+00
0.000000000000000000e+00
0.000000000000000000e+00
0.000000000000000000e+00
0.000000000000000000e+00
0.000000000000000000e+00
0.000000000000000000e+00
0.000000000000000000e+00
0.000000000000000000e+00
0.000000000000000000e+00
0.000000000000000000e+00
0.000000000000000000e+00
0.000000000000000000e+00
0.000000000000000000e+00
0.000000000000000000e+00
0.000000000000000000e+00
0.000000000000000000e+00
0.000000000000000000e+00
0.000000000000000000e+00
0.000000000000000000e+00
0.000000000000000000e+00
0.000000000000000000e+00
0.000000000000000000e+00
0.000000000000000000e+00
0.000000000000000000e+00
0.000000000000000000e+00
0.000000000000000000e+00
0.000000000000000000e+00
0.000000000000000000e+00
0.000000000000000000e+00
0.000000000000000000e+00
0.000000000000000000e+00
0.000000000000000000e+00
0.000000000000000000e+00
0.000000000000000000e+00
0.000000000000000000e+00
0.000000000000000000e+00
0.000000000000000000e+00
0.000000000000000000e+00
0.000000000000000000e+00
nan
