# bin_10_8
-2.981146536526270428e-06
-2.464867226343705023e-06
-2.009626046716856298e-06
-1.633731022882314206e-06
-1.315940374813558943e-06
-1.064089375925178305e-06
-8.500035875351627249e-07
-6.803625706569996672e-07
-5.559921735571126662e-07
-4.350195141213651282e-07
-3.552601661365902959e-07
-2.785143039124757871e-07
-2.342412805942586979e-07
-1.931342398309933801e-07
-1.564101210752007476e-07
-1.228138064817308129e-07
-9.389940144748284542e-08
-7.209211096108742578e-08
-5.506791852175452188e-08
-4.139215549171949783e-08
-3.213278977025017442e-08
-2.749237095978162968e-08
-2.592133032073942838e-08
-2.515721153224619139e-08
-2.434543821297222820e-08
-2.300332143142304709e-08
-1.840619227620566290e-08
-1.092679815339495290e-08
-3.708186871739197807e-09
1.309687916664225943e-09
3.006700450702072137e-09
2.477787022150790716e-09
1.474166223514845521e-09
2.386840032584870789e-10
-1.057314984284407622e-09
-2.295206123801394595e-09
-3.395186191611288197e-09
-4.615457886115579709e-09
-6.033879588060658806e-09
-7.393843807968015515e-09
-8.515043614619478791e-09
-9.274948831979329125e-09
-9.594617860645160018e-09
-9.427815157048620988e-09
-8.582546701077929749e-09
-7.142682952134469776e-09
-5.427399555890973067e-09
-3.680372959630802132e-09
-2.085130376639684488e-09
-7.773392041279479419e-10
1.453392229400080375e-10
6.153394399840779667e-10
8.176360959474105467e-10
9.742494674107056224e-10
1.091170854315099468e-09
1.173632899555031324e-09
1.226210731224514951e-09
1.252908609667687820e-09
1.257234319554416645e-09
1.242263174766005275e-09
1.210693197759681886e-09
1.144141252779442174e-09
1.035228787577277051e-09
9.004293440750423375e-10
7.533172928533489399e-10
6.050094734716682204e-10
4.645405037957994663e-10
3.391820096590152868e-10
2.347143697538109765e-10
1.556581956251665702e-10
1.054716226919932487e-10
8.671853450417457641e-11
9.960927329162471512e-11
1.372448691073701071e-10
1.919110369586287786e-10
2.570489157002870555e-10
3.271040807026995623e-10
3.973950815287341477e-10
4.639988996299524928e-10
5.236510852618558316e-10
5.736586433658269701e-10
6.118240034042222054e-10
6.363786350329518231e-10
6.459250658937489032e-10
6.393862246082535048e-10
6.153871777044321789e-10
5.760763893444453925e-10
5.254544561812675508e-10
4.670115594223845803e-10
4.037845646181108146e-10
3.384077814113173718e-10
2.731581112309651301e-10
2.099952231440643479e-10
1.505973214820429400e-10
9.639300192600067168e-11
4.858963418257138772e-11
8.198658100970551690e-12
-2.394186488095358552e-11
-4.714714253922199822e-11
-6.086771716901538407e-11
-6.467346814759305469e-11
-6.253473539007794547e-11
-5.889811171933546669e-11
-5.409899487801177256e-11
-4.843628615887672031e-11
-4.217587333692800098e-11
-3.555378335891651981e-11
-2.877903721274804526e-11
-2.203623605236280503e-11
-1.548790467205037021e-11
-9.276615765460398719e-12
-3.526916031956020071e-12
1.652926926254748522e-12
6.169339867086211187e-12
9.942005977186981995e-12
1.290255990900887883e-11
1.499340330857108536e-11
1.616662957511476596e-11
1.638304768761013420e-11
1.560300606464591928e-11
1.392578428209857736e-11
1.151450321380231721e-11
8.517228349549598042e-12
5.068196652801183568e-12
1.288943786619794731e-12
-2.710659897365401099e-12
-6.831456957098455183e-12
-1.098412707044375095e-11
-1.508838149478835101e-11
-1.907222196812872942e-11
-2.287125874783433020e-11
-2.642808294105091985e-11
-2.969168869675150536e-11
-3.261694120778944799e-11
-3.516408681556497199e-11
-3.729830182334638291e-11
-3.898927690977858536e-11
-4.021083429432602838e-11
-4.094057504368301916e-11
-4.115955412466721834e-11
-4.085198100674121134e-11
-3.903672154871417781e-11
-3.498861506701908639e-11
-2.905624191889713787e-11
-2.156075078056812654e-11
-1.279776418015920926e-11
-3.039152034626117265e-12
7.465317314159759310e-12
1.848643978905791150e-11
2.981414388014955498e-11
4.125615705641952708e-11
5.263676334384719744e-11
6.379564564355345898e-11
7.458680683947365609e-11
8.487756418362699827e-11
9.454761185139519713e-11
1.034881469323359984e-10
1.116010544662882726e-10
1.187981474524257277e-10
1.250004580524449318e-10
1.301375764803575068e-10
1.341470343220996106e-10
1.369737292599779233e-10
1.385693883915003979e-10
1.388920675305646396e-10
1.379056840627175142e-10
1.347485539429258097e-10
1.288337876290068055e-10
1.205225713144460719e-10
1.101518932751863327e-10
9.803597934816551908e-11
8.446764334753653179e-11
6.971955765989128450e-11
3.768122334242720307e-11
2.084602601998866228e-11
3.743238162250015620e-12
-1.343858393126850728e-11
-3.052482467020174726e-11
-4.735397644363013707e-11
-6.377685527745629327e-11
-7.965586198786139771e-11
-1.092856501387258669e-10
-1.228130914671573541e-10
-1.353487801744898954e-10
-1.468033701802196688e-10
-1.570954820286780369e-10
-1.661512153796164214e-10
-1.739036894816337363e-10
-1.852638606674097925e-10
-1.887691183251458346e-10
-1.907654899957774740e-10
-1.912151707258346024e-10
-1.874819323904687330e-10
-1.836254897621806473e-10
-1.786501486511099004e-10
-1.726826709050099541e-10
-1.658426069458324962e-10
-1.499890246281881209e-10
-1.411817265513732108e-10
-1.319149212746973535e-10
-1.123518479396960766e-10
-1.022171534332700460e-10
-9.194661908265722115e-11
-8.160922385257775903e-11
-6.098848984867429431e-11
-5.082247449038095153e-11
-4.082464872474119768e-11
-2.152847902675543459e-11
-1.231947900581419008e-11
-3.457686346506374708e-12
1.307781069753408694e-11
2.068485441632075571e-11
3.442919193758862479e-11
4.051394800695310767e-11
4.604224055412202136e-11
5.534656880856437424e-11
5.908568979783692222e-11
6.465812243567886025e-11
6.646419917423825127e-11
6.923519068990081372e-11
7.049321599719499390e-11
7.166988430343613170e-11
7.378951847715018363e-11
7.473746931244909549e-11
7.642153015389439126e-11
7.716217889770587522e-11
7.845154310634463053e-11
7.900439319919754575e-11
7.993629763072701246e-11
8.031912031920974435e-11
8.092750278331897706e-11
8.133756876969271552e-11
8.147230432083067587e-11
8.160889841240225540e-11
8.161370579173964839e-11
8.150338469086339784e-11
8.124205441594232189e-11
8.105795181195168971e-11
8.058892405086010688e-11
8.030631238145109102e-11
7.965042159460859379e-11
7.888063336340618931e-11
7.845553415497341232e-11
7.752968138704291978e-11
7.650897294533240658e-11
7.596520488466040555e-11
7.472640996457195015e-11
7.323969185213541720e-11
7.152185940142874408e-11
7.058126653556127750e-11
6.854621419366228815e-11
6.631802848674576782e-11
6.391042265097073414e-11
6.264340989989498390e-11
5.999070667965490018e-11
5.718957865132337829e-11
5.425121906355735230e-11
5.118619049205881521e-11
4.960931244849700574e-11
4.637279223504972990e-11
4.303347746812156414e-11
3.959998869353756829e-11
3.608045940059758628e-11
3.248256296436409652e-11
2.881353802150608088e-11
2.508021237729724816e-11
2.128902553479800651e-11
1.744604993121354683e-11
1.355701096075514889e-11
9.627305858112632552e-12
5.662021511784409410e-12
1.665951271980185640e-12
-2.779378615804440159e-12
-8.003907626860475624e-12
-1.387760169062140029e-11
-2.027973899329657800e-11
-2.709833149426981795e-11
-3.422958210603387104e-11
-4.157737525816473347e-11
-4.905279871934742295e-11
-5.657369469404844370e-11
-6.406423834283860177e-11
-7.145454199848313910e-11
-7.868028346426566067e-11
-8.908239272685872815e-11
-9.564874918804566565e-11
-1.018643907936927211e-10
-1.076860134787534729e-10
-1.130742021527343887e-10
-1.202664789603792686e-10
-1.244219670544382036e-10
-1.280332483421444521e-10
-1.310755486702333698e-10
-1.345245621105684065e-10
-1.360532967285261421e-10
-1.369464555951098233e-10
-1.370645106497462049e-10
-1.363119830387548656e-10
-1.348922208896587542e-10
-1.316656152096445364e-10
-1.288754658581019530e-10
-1.238691860991644440e-10
-1.200587578960747247e-10
-1.159256666423727986e-10
-1.092177701949070465e-10
-1.044671903102723932e-10
-9.701884878607711489e-11
-9.188981133115627128e-11
-8.403260777553847848e-11
-7.872927372146612524e-11
-7.074584406116573436e-11
-6.280429058908994726e-11
-5.757198637236469472e-11
-4.986956868521923038e-11
-4.486026464596150068e-11
-3.757909669100903768e-11
-3.062535009436232733e-11
-2.619572024258774149e-11
-1.989332501619010760e-11
-1.403656954279283629e-11
-1.039725184623599803e-11
-5.359492139079138113e-12
-8.520145929347876042e-13
3.100694331722733785e-12
5.417115478813123755e-12
8.673084693091710160e-12
1.187073254799335647e-11
1.499537840013045962e-11
1.803374934275923816e-11
2.000543917380267742e-11
2.287402831785507142e-11
2.562708102937466794e-11
2.825566999326305265e-11
3.075185850568504487e-11
3.310862773147438583e-11
3.531980894498803687e-11
3.738002040891287425e-11
3.928460857047573659e-11
4.102959327754082554e-11
4.261161673838193798e-11
4.402789596860948686e-11
4.527617848694977684e-11
4.635470103844623663e-11
4.752645197629725269e-11
4.820447617392414378e-11
4.870992178897636990e-11
4.904273363830161664e-11
4.920316887025893355e-11
4.919177063340451417e-11
4.891070198743625128e-11
4.850189751228063410e-11
4.772395519825610919e-11
4.520069906040782326e-11
4.229991397475992852e-11
3.866159342189969820e-11
3.284571517476563723e-11
2.788751180717975809e-11
2.251959202789039174e-11
1.487065021364332312e-11
8.866482922322151878e-12
6.412547289927561057e-13
-5.606497541304456662e-12
-1.392610642536365198e-11
-2.008528763597211601e-11
-2.809274353542964865e-11
-3.388399304742797220e-11
-4.123851204380485354e-11
-4.808929427033736969e-11
-5.284662964641040607e-11
-5.862188562323687647e-11
-6.368648350291184808e-11
-6.698213962534316461e-11
-7.066278151266638205e-11
-7.348427765014919648e-11
-7.540478008530194016e-11
-7.638812820751445052e-11
-7.649184536096876994e-11
-7.572033373871014632e-11
-7.302926246609025060e-11
-6.830590683101671092e-11
-6.183867211130957107e-11
-5.389524492626808413e-11
-4.472390894839622404e-11
-3.455477722103813477e-11
-2.360094657510742277e-11
-1.205957925638096754e-11
-1.129165213085418789e-13
1.207077136845142461e-11
2.433629462623787512e-11
3.956661523086892940e-11
5.151102053615619003e-11
6.311348917402773101e-11
7.426571583555905457e-11
8.742275622025011972e-11
9.721284044979689753e-11
1.062614685498046686e-10
1.164190831907011047e-10
1.235431769541519242e-10
1.297133714166588083e-10
1.360059908985239607e-10
1.398481871596319326e-10
1.430954060426330695e-10
1.444065036789001121e-10
1.443882375177268801e-10
1.436134273404147070e-10
1.426141582221399435e-10
1.415830668943146328e-10
1.407368921984194963e-10
1.396544559866367073e-10
1.385465675582629204e-10
1.376433090627034632e-10
1.364946847234303740e-10
1.353260581539393964e-10
1.341391784938728816e-10
1.329356998354193966e-10
1.317171862691587061e-10
1.304851166477776534e-10
1.294906427262521758e-10
1.282376439131007200e-10
1.269748137122088486e-10
1.254481163918254154e-10
1.241677672996333617e-10
1.228811805396768550e-10
1.215893512807572334e-10
1.202932192273473950e-10
1.189936714895121227e-10
1.174308809643974613e-10
1.161266993394605428e-10
1.148216180654501628e-10
1.135163313748050427e-10
1.111370307220422682e-10
1.050959609987843085e-10
9.291580746908222533e-11
7.923501459681308018e-11
5.926603286151442691e-11
4.016349740456843732e-11
1.487547894911548921e-11
-7.740690696570832508e-12
-3.622640021543107061e-11
-6.567315716538668345e-11
-9.058810202999929186e-11
-1.205422172144026670e-10
-1.501621372858527730e-10
-1.790641149496330021e-10
-2.068984828767730568e-10
-2.333472917680817057e-10
-2.581221061651275813e-10
-2.809619472211399104e-10
-3.016313724169051939e-10
-3.199186829205212437e-10
-3.356342499500373794e-10
-3.486089521086476026e-10
-3.586927162274543719e-10
-3.657531547740419115e-10
-3.696742933698318231e-10
-3.701476126080329651e-10
-3.669493604219767826e-10
-3.608683211337476833e-10
-3.508086080784640515e-10
-3.400015796422821992e-10
-3.252521103299154858e-10
-3.110819532771512164e-10
-2.931179492402397618e-10
-2.767568177031745035e-10
-2.568450620989819343e-10
-2.363441759240024856e-10
-2.155422550627880774e-10
-1.976732246774390539e-10
-1.769958273082270749e-10
-1.567136605814117209e-10
-1.370308234000216823e-10
-1.181331385328272014e-10
-1.001894106162510303e-10
-8.335260099458475615e-11
-6.776092502017580562e-11
-5.353887703777482599e-11
-4.079818790925256592e-11
-2.963871959438015887e-11
-1.893470433248220423e-11
-1.144956652314532946e-11
-5.791237774222423362e-12
-1.636799695610125914e-12
-8.136716148439877474e-14
0.000000000000000000e+00
0.000000000000000000e+00
0.000000000000000000e+00
0.000000000000000000e+00
0.000000000000000000e+00
0.000000000000000000e+00
0.000000000000000000e+00
0.000000000000000000e+00
0.000000000000000000e+00
0.000000000000000000e+00
0.000000000000000000e+00
0.000000000000000000e+00
0.000000000000000000e+00
0.000000000000000000e+00
0.000000000000000000e+00
0.000000000000000000e+00
0.000000000000000000e+00
0.000000000000000000e+00
0.000000000000000000e+00
0.000000000000000000e+00
0.000000000000000000e+00
0.000000000000000000e+00
0.000000000000000000e+00
0.000000000000000000e+00
0.000000000000000000e+00
0.000000000000000000e+00
0.000000000000000000e+00
0.000000000000000000e+00
0.000000000000000000e+00
0.000000000000000000e+00
0.000000000000000000e+00
0.000000000000000000e+00
0.000000000000000000e+00
0.000000000000000000e+00
0.000000000000000000e+00
0.000000000000000000e+00
0.000000000000000000e+00
0.000000000000000000e+00
0.000000000000000000e+00
0.000000000000000000e+00
0.000000000000000000e+00
0.000000000000000000e+00
0.000000000000000000e+00
0.000000000000000000e+00
0.000000000000000000e+00
0.000000000000000000e+00
0.000000000000000000e+00
0.000000000000000000e+00
0.000000000000000000e+00
0.000000000000000000e+00
0.000000000000000000e+00
0.000000000000000000e+00
0.000000000000000000e+00
0.000000000000000000e+00
0.000000000000000000e+00
0.000000000000000000e+00
0.000000000000000000e+00
0.000000000000000000e+00
0.000000000000000000e+00
0.000000000000000000e+00
0.000000000000000000e+00
0.000000000000000000e+00
0.000000000000000000e+00
0.000000000000000000e+00
0.000000000000000000e+00
0.000000000000000000e+00
0.000000000000000000e+00
0.000000000000000000e+00
0.000000000000000000e+00
0.000000000000000000e+00
0.000000000000000000e+00
0.000000000000000000e+00
0.000000000000000000e+00
0.000000000000000000e+00
0.000000000000000000e+00
0.000000000000000000e+00
0.000000000000000000e+00
0.000000000000000000e+00
0.000000000000000000e+00
0.000000000000000000e+00
0.000000000000000000e+00
0.000000000000000000e+00
0.000000000000000000e+00
0.000000000000000000e+00
0.000000000000000000e+00
0.000000000000000000e+00
0.000000000000000000e+00
0.000000000000000000e+00
0.000000000000000000e+00
0.000000000000000000e+00
0.000000000000000000e+00
0.000000000000000000e+00
0.000000000000000000e+00
0.000000000000000000e+00
0.000000000000000000e+00
0.000000000000000000e+00
0.000000000000000000e+00
0.000000000000000000e+00
0.000000000000000000e+00
0.000000000000000000e+00
0.000000000000000000e+00
0.000000000000000000e+00
0.000000000000000000e+00
0.000000000000000000e+00
0.000000000000000000e+00
0.000000000000000000e+00
0.000000000000000000e+00
0.000000000000000000e+00
0.000000000000000000e+00
0.000000000000000000e+00
0.000000000000000000e+00
0.000000000000000000e+00
0.000000000000000000e+00
0.000000000000000000e+00
0.000000000000000000e+00
0.000000000000000000e+00
0.000000000000000000e+00
0.000000000000000000e+00
0.000000000000000000e+00
0.000000000000000000e+00
0.000000000000000000e+00
0.000000000000000000e+00
0.000000000000000000e+00
0.000000000000000000e+00
0.000000000000000000e+00
0.000000000000000000e+00
0.000000000000000000e+00
0.000000000000000000e+00
0.000000000000000000e+00
0.000000000000000000e+00
0.000000000000000000e+00
0.000000000000000000e+00
0.000000000000000000e+00
0.000000000000000000e+00
0.000000000000000000e+00
0.000000000000000000e+00
0.000000000000000000e+00
0.000000000000000000e+00
0.000000000000000000e+00
0.000000000000000000e+00
0.000000000000000000e+00
0.000000000000000000e+00
0.000000000000000000e+00
0.000000000000000000e+00
0.000000000000000000e+00
0.000000000000000000e+00
0.000000000000000000e+00
0.000000000000000000e+00
0.000000000000000000e+00
0.000000000000000000e+00
0.000000000000000000e+00
0.000000000000000000e+00
0.000000000000000000e+00
0.000000000000000000e+00
0.000000000000000000e+00
0.000000000000000000e+00
0.000000000000000000e+00
0.000000000000000000e+00
0.000000000000000000e+00
0.000000000000000000e+00
0.000000000000000000e+00
0.000000000000000000e+00
0.000000000000000000e+00
0.000000000000000000e+00
0.000000000000000000e+00
0.000000000000000000e+00
0.000000000000000000e+00
0.000000000000000000e+00
0.000000000000000000e+00
0.000000000000000000e+00
0.000000000000000000e+00
0.000000000000000000e+00
0.000000000000000000e+00
0.000000000000000000e+00
0.000000000000000000e+00
0.000000000000000000e+00
0.000000000000000000e+00
0.000000000000000000e+00
0.000000000000000000e+00
0.000000000000000000e+00
0.000000000000000000e+00
0.000000000000000000e+00
0.000000000000000000e+00
0.000000000000000000e+00
0.000000000000000000e+00
0.000000000000000000e+00
0.000000000000000000e+00
0.000000000000000000e+00
0.000000000000000000e+00
0.000000000000000000e+00
0.000000000000000000e+00
0.000000000000000000e+00
0.000000000000000000e+00
0.000000000000000000e+00
0.000000000000000000e+00
0.000000000000000000e+00
0.000000000000000000e+00
0.000000000000000000e+00
0.000000000000000000e+00
0.000000000000000000e+00
0.000000000000000000e+00
0.000000000000000000e+00
0.000000000000000000e+00
0.000000000000000000e+00
0.000000000000000000e+00
0.000000000000000000e+00
0.000000000000000000e+00
0.000000000000000000e+00
0.000000000000000000e+00
0.000000000000000000e+00
0.000000000000000000e+00
0.000000000000000000e+00
0.000000000000000000e+00
0.000000000000000000e+00
0.000000000000000000e+00
0.000000000000000000e+00
0.000000000000000000e+00
0.000000000000000000e+00
0.000000000000000000e+00
0.000000000000000000e+00
0.000000000000000000e+00
0.000000000000000000e+00
0.000000000000000000e+00
0.000000000000000000e+00
0.000000000000000000e+00
0.000000000000000000e+00
0.000000000000000000e+00
0.000000000000000000e+00
0.000000000000000000e+00
0.000000000000000000e+00
0.000000000000000000e+00
0.000000000000000000e+00
0.000000000000000000e+00
0.000000000000000000e+00
0.000000000000000000e+00
0.000000000000000000e+00
0.000000000000000000e+00
0.000000000000000000e+00
0.000000000000000000e+00
0.000000000000000000e+00
0.000000000000000000e+00
0.000000000000000000e+00
0.000000000000000000e+00
0.000000000000000000e+00
0.000000000000000000e+00
0.000000000000000000e+00
0.000000000000000000e+00
0.000000000000000000e+00
0.000000000000000000e+00
0.000000000000000000e+00
0.000000000000000000e+00
0.000000000000000000e+00
0.000000000000000000e+00
0.000000000000000000e+00
0.000000000000000000e+00
0.000000000000000000e+00
0.000000000000000000e+00
0.000000000000000000e+00
0.000000000000000000e+00
0.000000000000000000e+00
0.000000000000000000e+00
0.000000000000000000e+00
0.000000000000000000e+00
0.000000000000000000e+00
0.000000000000000000e+00
0.000000000000000000e+00
0.000000000000000000e+00
0.000000000000000000e+00
0.000000000000000000e+00
0.000000000000000000e+00
0.000000000000000000e+00
0.000000000000000000e+00
0.000000000000000000e+00
0.000000000000000000e+00
0.000000000000000000e+00
0.000000000000000000e+00
0.000000000000000000e+00
0.000000000000000000e+00
0.000000000000000000e+00
0.000000000000000000e+00
0.000000000000000000e+00
0.000000000000000000e+00
0.000000000000000000e+00
0.000000000000000000e+00
0.000000000000000000e+00
0.000000000000000000e+00
0.000000000000000000e+00
0.000000000000000000e+00
0.000000000000000000e+00
0.000000000000000000e+00
0.000000000000000000e+00
0.000000000000000000e+00
0.000000000000000000e+00
0.000000000000000000e+00
0.000000000000000000e+00
0.000000000000000000e+00
0.000000000000000000e+00
0.000000000000000000e+00
0.000000000000000000e+00
0.000000000000000000e+00
0.000000000000000000e+00
0.000000000000000000e+00
0.000000000000000000e+00
0.000000000000000000e+00
0.000000000000000000e+00
0.000000000000000000e+00
0.000000000000000000e+00
0.000000000000000000e+00
0.000000000000000000e+00
0.000000000000000000e+00
0.000000000000000000e+00
0.000000000000000000e+00
0.000000000000000000e+00
0.000000000000000000e+00
0.000000000000000000e+00
0.000000000000000000e+00
0.000000000000000000e+00
0.000000000000000000e+00
0.000000000000000000e+00
0.000000000000000000e+00
0.000000000000000000e+00
0.000000000000000000e+00
0.000000000000000000e+00
0.000000000000000000e+00
0.000000000000000000e+00
0.000000000000000000e+00
0.000000000000000000e+00
0.000000000000000000e+00
0.000000000000000000e+00
0.000000000000000000e+00
0.000000000000000000e+00
0.000000000000000000e+00
0.000000000000000000e+00
0.000000000000000000e+00
0.000000000000000000e+00
0.000000000000000000e+00
0.000000000000000000e+00
0.000000000000000000e+00
0.000000000000000000e+00
0.000000000000000000e+00
0.000000000000000000e+00
0.000000000000000000e+00
0.000000000000000000e+00
0.000000000000000000e+00
0.000000000000000000e+00
0.000000000000000000e+00
0.000000000000000000e+00
0.000000000000000000e+00
0.000000000000000000e+00
0.000000000000000000e+00
0.000000000000000000e+00
0.000000000000000000e+00
0.000000000000000000e+00
0.000000000000000000e+00
0.000000000000000000e+00
0.000000000000000000e+00
0.000000000000000000e+00
0.000000000000000000e+00
0.000000000000000000e+00
0.000000000000000000e+00
0.000000000000000000e+00
0.000000000000000000e+00
0.000000000000000000e+00
0.000000000000000000e+00
0.000000000000000000e+00
0.000000000000000000e+00
0.000000000000000000e+00
0.000000000000000000e+00
0.000000000000000000e+00
0.000000000000000000e+00
0.000000000000000000e+00
0.000000000000000000e+00
0.000000000000000000e+00
0.000000000000000000e+00
0.000000000000000000e+00
0.000000000000000000e+00
0.000000000000000000e+00
0.000000000000000000e+00
0.000000000000000000e+00
0.000000000000000000e+00
0.000000000000000000e+00
0.000000000000000000e+00
0.000000000000000000e+00
0.000000000000000000e+00
0.000000000000000000e+00
0.000000000000000000e+00
0.000000000000000000e+00
0.000000000000000000e+00
0.000000000000000000e+00
0.000000000000000000e+00
0.000000000000000000e+00
0.000000000000000000e+00
0.000000000000000000e+00
0.000000000000000000e+00
0.000000000000000000e+00
0.000000000000000000e+00
0.000000000000000000e+00
0.000000000000000000e+00
0.000000000000000000e+00
0.000000000000000000e+00
0.000000000000000000e+00
0.000000000000000000e+00
0.000000000000000000e+00
0.000000000000000000e+00
0.000000000000000000e+00
0.000000000000000000e+00
0.000000000000000000e+00
0.000000000000000000e+00
0.000000000000000000e+00
0.000000000000000000e+00
0.000000000000000000e+00
0.000000000000000000e+00
0.000000000000000000e+00
0.000000000000000000e+00
0.000000000000000000e+00
0.000000000000000000e+00
0.000000000000000000e+00
0.000000000000000000e+00
0.000000000000000000e+00
0.000000000000000000e+00
0.000000000000000000e+00
0.000000000000000000e+00
0.000000000000000000e+00
0.000000000000000000e+00
0.000000000000000000e+00
0.000000000000000000e+00
0.000000000000000000e+00
0.000000000000000000e+00
0.000000000000000000e+00
0.000000000000000000e+00
0.000000000000000000e+00
0.000000000000000000e+00
0.000000000000000000e+00
0.000000000000000000e+00
0.000000000000000000e+00
0.000000000000000000e+00
0.000000000000000000e+00
0.000000000000000000e+00
0.000000000000000000e+00
0.000000000000000000e+00
0.000000000000000000e+00
0.000000000000000000e+00
0.000000000000000000e+00
0.000000000000000000e+00
0.000000000000000000e+00
0.000000000000000000e+00
0.000000000000000000e+00
0.000000000000000000e+00
0.000000000000000000e+00
0.000000000000000000e+00
0.000000000000000000e+00
0.000000000000000000e+00
0.000000000000000000e+00
0.000000000000000000e+00
0.000000000000000000e+00
0.000000000000000000e+00
0.000000000000000000e+00
0.000000000000000000e+00
0.000000000000000000e+00
0.000000000000000000e+00
0.000000000000000000e+00
0.000000000000000000e+00
0.000000000000000000e+00
0.000000000000000000e+00
0.000000000000000000e+00
0.000000000000000000e+00
0.000000000000000000e+00
0.000000000000000000e+00
0.000000000000000000e+00
0.000000000000000000e+00
0.000000000000000000e+00
0.000000000000000000e+00
0.000000000000000000e+00
0.000000000000000000e+00
0.000000000000000000e+00
0.000000000000000000e+00
0.000000000000000000e+00
0.000000000000000000e+00
0.000000000000000000e+00
0.000000000000000000e+00
0.000000000000000000e+00
0.000000000000000000e+00
0.000000000000000000e+00
0.000000000000000000e+00
0.000000000000000000e+00
0.000000000000000000e+00
0.000000000000000000e+00
0.000000000000000000e+00
0.000000000000000000e+00
0.000000000000000000e+00
0.000000000000000000e+00
0.000000000000000000e+00
0.000000000000000000e+00
0.000000000000000000e+00
0.000000000000000000e+00
0.000000000000000000e+00
0.000000000000000000e+00
0.000000000000000000e+00
0.000000000000000000e+00
0.000000000000000000e+00
0.000000000000000000e+00
0.000000000000000000e+00
0.000000000000000000e+00
0.000000000000000000e+00
0.000000000000000000e+00
0.000000000000000000e+00
0.000000000000000000e+00
0.000000000000000000e+00
0.000000000000000000e+00
0.000000000000000000e+00
0.000000000000000000e+00
0.000000000000000000e+00
0.000000000000000000e+00
0.000000000000000000e+00
0.000000000000000000e+00
0.000000000000000000e+00
nan
