# bin_13_1
-4.566255228403003872e-08
2.771974838219831082e-07
6.330939693671058498e-10
7.331628829127786726e-08
2.582158027561312877e-07
2.116962211855366374e-07
2.730055172871293174e-07
-3.372172239930702513e-07
4.339259601252512692e-07
1.761626752352447130e-07
-1.393709078959608173e-07
-4.998647326431814886e-07
-3.668917081410088837e-07
-3.694932169397937236e-07
-3.644208142071568543e-07
9.918391599602325605e-08
7.209227359765762020e-07
9.246689887322639691e-07
7.435771402969712800e-07
4.926169377825962720e-07
2.656081010720610642e-07
1.096467115895110154e-07
-1.762180775798686151e-09
-9.340646463909329223e-08
-1.484509964238847963e-07
-1.595149954140585743e-07
-1.168503823462324333e-07
-4.318523683111394408e-08
2.824403325565360363e-08
7.690580904323963823e-08
9.092758586051319411e-08
5.433816715947297438e-08
-1.841504715573872508e-08
-9.803207038356289873e-08
-1.647399510392804770e-07
-2.056748178988783698e-07
-2.129625742219030602e-07
-1.689770282729628662e-07
-8.280474242750361302e-08
1.767687879179607345e-08
1.123340151654262030e-07
1.869438652328787350e-07
2.317853044979013436e-07
2.405530547363670678e-07
2.188633361274999722e-07
1.820718774249423953e-07
1.386976535855931849e-07
9.522691837689491000e-08
5.652802714282045566e-08
2.618337628548731743e-08
6.755405083586428845e-09
1.261653957546101010e-15
9.610285639037612383e-16
7.184735476026012903e-16
5.253642050998270477e-16
3.742953321692746411e-16
2.589037438419862528e-16
1.737180858229674695e-16
1.140314682813691998e-16
7.579323286004614280e-17
5.551679893115233938e-17
4.417177916708121162e-17
3.464165783939630909e-17
2.670687000360255520e-17
2.017368080317529452e-17
1.487101290617177332e-17
1.064768959238540699e-17
7.370035102896144465e-18
4.919782651138986998e-18
3.192247869353407767e-18
2.094731668084791085e-18
1.545121717110154917e-18
1.264347707100898759e-18
1.020798907934650978e-18
8.110033327779698976e-19
6.318106992723450678e-19
4.803606781309798211e-19
3.540545353531408879e-19
2.505297746697799178e-19
1.676374361297122060e-19
1.034217493854357433e-19
5.610187719995806595e-20
2.405551678377583602e-20
5.804154471455061422e-21
-2.064540642536956546e-25
-1.990875804194304967e-25
-1.874213464483298309e-25
-1.725828351397275248e-25
-1.555556140360826340e-25
-1.371954458854602368e-25
-1.182446013103081743e-25
-9.934458896766043137e-26
-8.104748373573196438e-26
-6.382601186138355165e-26
-4.808253312856707952e-26
-3.415704359628420531e-26
-2.233430799359201088e-26
-1.285021817996128404e-26
-5.897462950308960060e-27
-1.630584685443593849e-27
-1.704897477147480116e-28
-1.476501540398081280e-28
-1.270078228152008954e-28
-1.084138645577792989e-28
-9.172944385385524570e-29
-7.682505379039630506e-29
-6.357984727678955573e-29
-5.188102040350563132e-29
-4.162324343304353931e-29
-3.270813542282716307e-29
-2.504377884385508389e-29
-1.854427088739433795e-29
-1.312930844837404646e-29
-8.723804041917975886e-30
-5.257530151538463752e-30
-2.664789726540386910e-30
-8.841107445548919016e-31
1.420370651163674288e-31
4.675050786058201734e-31
4.565665714623809793e-31
4.400734961298696513e-31
4.190576463727895899e-31
3.944553382851825143e-31
3.671151971486144110e-31
3.378053116922206695e-31
3.072198090673061604e-31
2.759848991175289169e-31
2.446644322387145882e-31
2.137650112356806166e-31
1.837406940573417504e-31
1.549973210905842086e-31
1.278964977860239315e-31
1.027592607464207259e-31
7.986945300562532926e-32
5.947683203957082856e-32
4.179993206025334647e-32
2.702870033053302162e-32
1.532692558502493391e-32
6.834475135410161866e-33
1.669355863696023881e-33
-7.038694810731049986e-35
-6.902731640708399840e-35
-6.700587494851583628e-35
-6.442809865317550215e-35
-6.139114151176619260e-35
-5.798441504753730887e-35
-5.429012669546321890e-35
-5.038378098121528812e-35
-4.633464616521585599e-35
-4.220618881590348602e-35
-3.805647859127200181e-35
-3.393856533737274990e-35
-2.990083045559720767e-35
-2.598731434602059415e-35
-2.223802160085788725e-35
-1.868920549926273033e-35
-1.537363324136418643e-35
-1.232083325487630243e-35
-9.557325811052611236e-36
-7.106838097599846197e-36
-4.990504813763382012e-36
-3.227055276636594614e-36
-1.832987957336342039e-36
-8.227333005278060709e-37
-2.088056205124763780e-37
-1.944811285809984201e-39
-1.785346065895798453e-39
-1.635223460400938083e-39
-1.494052578786887052e-39
-1.361458916659578430e-39
-1.237083618625835008e-39
-1.120582777313683639e-39
-1.011626766619445368e-39
-8.150983635890132238e-40
-7.269325680266778712e-40
-6.451236749611140614e-40
-5.694045392976250218e-40
-4.995189203290444045e-40
-4.352210089695932997e-40
-3.762749772403001183e-40
-3.224545488649877727e-40
-2.293307183770916300e-40
-1.896189320063726446e-40
-1.542152530170223689e-40
-1.229353892902397679e-40
-9.560241096422318137e-41
-7.204644174549830056e-41
-5.210436419936991648e-41
-2.244153281058023109e-41
-1.242586821216188107e-41
-5.433771705465808100e-42
-1.331942624294587191e-42
7.572904925347700130e-45
7.435628892130010723e-45
7.264130765175960183e-45
7.062521590472681340e-45
6.834675853229168689e-45
6.314661023570462062e-45
6.029162809760361528e-45
5.730790830219652765e-45
5.106690646226923720e-45
4.786170740915739575e-45
4.463210801802590097e-45
4.140028548150433151e-45
3.501172113569647661e-45
3.189258648297657096e-45
2.884657581787968882e-45
2.303615998880042296e-45
2.030022329865425078e-45
1.769445603467708302e-45
1.291985638463636239e-45
1.077209530714285246e-45
7.002364857386454469e-46
5.396868361663989627e-46
3.987460058256147908e-46
1.782632622721652196e-46
9.986082683097462309e-47
9.174793585109521435e-48
-2.283337658078499717e-48
-2.227169633000828364e-48
-2.187654433819566249e-48
-2.141507232702052880e-48
-2.032068673869065295e-48
-1.970069209335848328e-48
-1.834502578527693611e-48
-1.762043324829651345e-48
-1.610335010964284230e-48
-1.532032668928569761e-48
-1.372716451853678568e-48
-1.292508095050841047e-48
-1.132845331504343099e-48
-9.764294800303779719e-49
-9.002106293853199925e-49
-7.531438085679614183e-49
-6.828049817900146747e-49
-5.496777695932462125e-49
-4.280046074106678752e-49
-3.719350291476024131e-49
-2.701684794058280384e-49
-2.247735237337609655e-49
-1.456376196063755441e-49
-8.283126652221981842e-50
-5.781473333436543064e-50
-2.100846997270613615e-50
-2.353647223846294231e-51
1.049004748061697287e-55
1.027974806599353230e-55
9.967050285081209862e-56
9.568746742462930386e-56
9.342363293726305454e-56
8.844168654685126562e-56
8.296571802818025975e-56
7.711987714750639002e-56
7.409414664081941013e-56
6.790341864196599361e-56
6.160870253849625515e-56
5.530044534689574464e-56
4.906098021970831868e-56
4.599070063755059182e-56
3.999248514848627570e-56
3.423715192663041347e-56
2.878299928387171624e-56
2.368254946934576031e-56
1.898297229703086958e-56
1.472647919712547082e-56
1.095068979516194881e-56
7.688972966505115653e-57
4.970764169887404054e-57
2.821860730776539257e-57
1.264696622868655494e-57
3.185981829272181729e-58
2.208979610274600997e-62
2.019277769839278331e-62
1.841184407736849547e-62
1.674196359475670567e-62
1.517832276505808345e-62
1.371631611861350514e-62
1.235153657215749932e-62
1.107976628505510009e-62
9.896967974489144194e-63
8.799276664462500668e-63
7.782991844980871157e-63
6.844570019177060824e-63
5.980617617455642464e-63
4.817246546199643136e-63
4.125544816680489827e-63
3.497521326851683562e-63
2.930378382111841110e-63
2.421434978381692496e-63
1.761552645275694553e-63
1.387098828279190685e-63
1.062308045429787139e-63
7.849642998196897227e-64
4.532881151052683317e-64
2.854565479832084247e-64
1.580097039503072515e-64
3.856748918203993468e-65
4.217807462533780205e-66
-5.928234913921742681e-72
-5.772501722531311411e-72
-5.632948096056362656e-72
-5.378727552236291041e-72
-5.184023306242128804e-72
-4.972648258797034505e-72
-4.630409950791443323e-72
-4.389242935070085135e-72
-4.013954581392907771e-72
-3.757949769454178253e-72
-3.370295728117932902e-72
-3.112149170461925876e-72
-2.729647290485439941e-72
-2.357479608094251799e-72
-2.117484803563163672e-72
-1.772893286500970997e-72
-1.555146968453347956e-72
-1.249171400067744867e-72
-9.708468349305690504e-73
-8.021037189109963693e-73
-5.761296755396021850e-73
-3.847786134857937273e-73
-2.774641327867544172e-73
-1.482094720553712802e-73
-5.841090056605994791e-74
-9.420739057715268286e-75
2.564445826138866254e-84
2.518255699407500920e-84
2.450645613269644190e-84
2.364829416795415982e-84
2.263780028664738594e-84
2.189316691024883586e-84
2.068880827123577920e-84
1.940079607890847832e-84
1.805131158272590554e-84
1.666078599047120302e-84
1.524801657275070181e-84
1.383027519502428548e-84
1.242340978704464793e-84
1.104193922348881797e-84
9.699142056182317951e-85
8.407139507415645741e-85
7.176973105248105511e-85
6.018677315201354526e-85
4.941347498190917726e-85
3.644943334933044423e-85
2.787097912392440520e-85
2.034540358135719556e-85
1.392980978028449796e-85
8.674862600085201363e-86
4.625235571015131349e-86
1.167502924752469790e-86
7.344464514695293695e-88
9.994300156860538359e-99
8.941923424714192010e-99
8.204744593482296574e-99
7.510253696153340127e-99
6.647742874781204596e-99
6.046366703569773380e-99
5.482272677599812573e-99
4.785582975781053273e-99
4.302804751038684624e-99
3.709513042372241198e-99
3.300679091337099964e-99
2.801401759430405863e-99
2.459792834826874430e-99
2.045974167863469307e-99
1.765462161065597785e-99
1.429297073106991804e-99
1.134265918612300796e-99
9.386546080031722522e-100
7.103637385508155985e-100
5.174012688680117265e-100
3.947081103600505067e-100
2.590206298717847079e-100
1.536236033630353344e-100
7.685419831036396339e-101
2.713240769033108167e-101
6.684994998224214334e-102
2.769862198712467962e-116
2.523596121660674043e-116
2.292943834849408601e-116
2.077204206004093154e-116
1.875707590185606810e-116
1.687814313662413698e-116
1.512913237345972680e-116
1.350420395232118126e-116
1.199777703575213515e-116
1.060451736787348083e-116
9.319325663006246297e-117
8.137326588621594176e-117
6.797859887251776112e-117
5.831308620338490780e-117
4.953529014196715478e-117
4.160487098637510703e-117
3.282483596997227372e-117
2.666243931699344321e-117
2.122796905337750694e-117
1.540770787209013485e-117
1.149095205131357095e-117
8.198556717117127818e-118
4.916975854862601262e-118
2.925159181686781000e-118
1.184015423609922801e-118
3.594493797149722674e-119
2.047885171027702404e-138
1.893841301114689818e-138
1.712863177098023906e-138
1.544176663333755574e-138
1.417683675609327971e-138
1.269667773647916555e-138
1.132375787331470943e-138
1.029919643046851162e-138
9.106607657383721613e-139
8.007564315764054760e-139
6.997604463795807283e-139
6.072473923992036006e-139
5.228115996087432692e-139
4.460661722923318676e-139
3.899583195053901506e-139
3.261370014063694683e-139
2.690149636394911975e-139
2.088570590271755930e-139
1.653552973053889894e-139
1.275684696697687591e-139
9.521785934720302048e-140
6.803737873523997579e-140
4.577296997781558698e-140
2.520409267963921848e-140
1.291644188852580328e-140
4.806276332416563843e-141
6.641800179839741463e-142
1.879692358043394072e-168
1.727476050025367793e-168
1.556336158118133087e-168
1.422905092258066734e-168
1.273305751504737503e-168
1.157026296357609717e-168
1.027093910008663270e-168
9.264737086881169328e-169
8.144961939370221031e-169
7.116436416372355595e-169
6.325830994532703512e-169
5.453231658967748158e-169
4.659855731091850076e-169
3.941836436841071312e-169
3.295488365775993866e-169
2.717298471297129290e-169
2.203917554629315021e-169
1.752152204288325291e-169
1.358957164538654567e-169
1.021428108023566806e-169
7.367947893060786642e-170
5.024145575130729736e-170
3.157662076273388402e-170
1.744441512374697808e-170
7.615288873396616996e-171
1.294892502526018342e-171
-3.482172585615069732e-226
-3.424466453419692232e-226
-3.329004624626804280e-226
-3.226451133024693517e-226
-3.086485777497620194e-226
-2.952017816124821115e-226
-2.781548075250283972e-226
-2.626288821923081218e-226
-2.437335857359651877e-226
-2.242792327600572159e-226
-2.045392123747492588e-226
-1.875823637055402455e-226
-1.679605101129520512e-226
-1.487137113525526380e-226
-1.300356474471286927e-226
-1.121026552488416427e-226
-9.507492222241416608e-227
-7.909760131187606920e-227
-6.430185222555929195e-227
-5.080581409684617638e-227
-3.871551412897978479e-227
-2.812571650911146463e-227
-1.796812188675714582e-227
-1.086508683874650431e-227
-5.495605549219584031e-228
-1.553244028451892179e-228
-7.721351490148683645e-230
0.000000000000000000e+00
0.000000000000000000e+00
0.000000000000000000e+00
0.000000000000000000e+00
0.000000000000000000e+00
0.000000000000000000e+00
0.000000000000000000e+00
0.000000000000000000e+00
0.000000000000000000e+00
0.000000000000000000e+00
0.000000000000000000e+00
0.000000000000000000e+00
0.000000000000000000e+00
0.000000000000000000e+00
0.000000000000000000e+00
0.000000000000000000e+00
0.000000000000000000e+00
0.000000000000000000e+00
0.000000000000000000e+00
0.000000000000000000e+00
0.000000000000000000e+00
0.000000000000000000e+00
0.000000000000000000e+00
0.000000000000000000e+00
0.000000000000000000e+00
0.000000000000000000e+00
0.000000000000000000e+00
0.000000000000000000e+00
0.000000000000000000e+00
0.000000000000000000e+00
0.000000000000000000e+00
0.000000000000000000e+00
0.000000000000000000e+00
0.000000000000000000e+00
0.000000000000000000e+00
0.000000000000000000e+00
0.000000000000000000e+00
0.000000000000000000e+00
0.000000000000000000e+00
0.000000000000000000e+00
0.000000000000000000e+00
0.000000000000000000e+00
0.000000000000000000e+00
0.000000000000000000e+00
0.000000000000000000e+00
0.000000000000000000e+00
0.000000000000000000e+00
0.000000000000000000e+00
0.000000000000000000e+00
0.000000000000000000e+00
0.000000000000000000e+00
0.000000000000000000e+00
0.000000000000000000e+00
0.000000000000000000e+00
0.000000000000000000e+00
0.000000000000000000e+00
0.000000000000000000e+00
0.000000000000000000e+00
0.000000000000000000e+00
0.000000000000000000e+00
0.000000000000000000e+00
0.000000000000000000e+00
0.000000000000000000e+00
0.000000000000000000e+00
0.000000000000000000e+00
0.000000000000000000e+00
0.000000000000000000e+00
0.000000000000000000e+00
0.000000000000000000e+00
0.000000000000000000e+00
0.000000000000000000e+00
0.000000000000000000e+00
0.000000000000000000e+00
0.000000000000000000e+00
0.000000000000000000e+00
0.000000000000000000e+00
0.000000000000000000e+00
0.000000000000000000e+00
0.000000000000000000e+00
0.000000000000000000e+00
0.000000000000000000e+00
0.000000000000000000e+00
0.000000000000000000e+00
0.000000000000000000e+00
0.000000000000000000e+00
0.000000000000000000e+00
0.000000000000000000e+00
0.000000000000000000e+00
0.000000000000000000e+00
0.000000000000000000e+00
0.000000000000000000e+00
0.000000000000000000e+00
0.000000000000000000e+00
0.000000000000000000e+00
0.000000000000000000e+00
0.000000000000000000e+00
0.000000000000000000e+00
0.000000000000000000e+00
0.000000000000000000e+00
0.000000000000000000e+00
0.000000000000000000e+00
0.000000000000000000e+00
0.000000000000000000e+00
0.000000000000000000e+00
0.000000000000000000e+00
0.000000000000000000e+00
0.000000000000000000e+00
0.000000000000000000e+00
0.000000000000000000e+00
0.000000000000000000e+00
0.000000000000000000e+00
0.000000000000000000e+00
0.000000000000000000e+00
0.000000000000000000e+00
0.000000000000000000e+00
0.000000000000000000e+00
0.000000000000000000e+00
0.000000000000000000e+00
0.000000000000000000e+00
0.000000000000000000e+00
0.000000000000000000e+00
0.000000000000000000e+00
0.000000000000000000e+00
0.000000000000000000e+00
0.000000000000000000e+00
0.000000000000000000e+00
0.000000000000000000e+00
0.000000000000000000e+00
0.000000000000000000e+00
0.000000000000000000e+00
0.000000000000000000e+00
0.000000000000000000e+00
0.000000000000000000e+00
0.000000000000000000e+00
0.000000000000000000e+00
0.000000000000000000e+00
0.000000000000000000e+00
0.000000000000000000e+00
0.000000000000000000e+00
0.000000000000000000e+00
0.000000000000000000e+00
0.000000000000000000e+00
0.000000000000000000e+00
0.000000000000000000e+00
0.000000000000000000e+00
0.000000000000000000e+00
0.000000000000000000e+00
0.000000000000000000e+00
0.000000000000000000e+00
0.000000000000000000e+00
0.000000000000000000e+00
0.000000000000000000e+00
0.000000000000000000e+00
0.000000000000000000e+00
0.000000000000000000e+00
0.000000000000000000e+00
0.000000000000000000e+00
0.000000000000000000e+00
0.000000000000000000e+00
0.000000000000000000e+00
0.000000000000000000e+00
0.000000000000000000e+00
0.000000000000000000e+00
0.000000000000000000e+00
0.000000000000000000e+00
0.000000000000000000e+00
0.000000000000000000e+00
0.000000000000000000e+00
0.000000000000000000e+00
0.000000000000000000e+00
0.000000000000000000e+00
0.000000000000000000e+00
0.000000000000000000e+00
0.000000000000000000e+00
0.000000000000000000e+00
0.000000000000000000e+00
0.000000000000000000e+00
0.000000000000000000e+00
0.000000000000000000e+00
0.000000000000000000e+00
0.000000000000000000e+00
0.000000000000000000e+00
0.000000000000000000e+00
0.000000000000000000e+00
0.000000000000000000e+00
0.000000000000000000e+00
0.000000000000000000e+00
0.000000000000000000e+00
0.000000000000000000e+00
0.000000000000000000e+00
0.000000000000000000e+00
0.000000000000000000e+00
0.000000000000000000e+00
0.000000000000000000e+00
0.000000000000000000e+00
0.000000000000000000e+00
0.000000000000000000e+00
0.000000000000000000e+00
0.000000000000000000e+00
0.000000000000000000e+00
0.000000000000000000e+00
0.000000000000000000e+00
0.000000000000000000e+00
0.000000000000000000e+00
0.000000000000000000e+00
0.000000000000000000e+00
0.000000000000000000e+00
0.000000000000000000e+00
0.000000000000000000e+00
0.000000000000000000e+00
0.000000000000000000e+00
0.000000000000000000e+00
0.000000000000000000e+00
0.000000000000000000e+00
0.000000000000000000e+00
0.000000000000000000e+00
0.000000000000000000e+00
0.000000000000000000e+00
0.000000000000000000e+00
0.000000000000000000e+00
0.000000000000000000e+00
0.000000000000000000e+00
0.000000000000000000e+00
0.000000000000000000e+00
0.000000000000000000e+00
0.000000000000000000e+00
0.000000000000000000e+00
0.000000000000000000e+00
0.000000000000000000e+00
0.000000000000000000e+00
0.000000000000000000e+00
0.000000000000000000e+00
0.000000000000000000e+00
0.000000000000000000e+00
0.000000000000000000e+00
0.000000000000000000e+00
0.000000000000000000e+00
0.000000000000000000e+00
0.000000000000000000e+00
0.000000000000000000e+00
0.000000000000000000e+00
0.000000000000000000e+00
0.000000000000000000e+00
0.000000000000000000e+00
0.000000000000000000e+00
0.000000000000000000e+00
0.000000000000000000e+00
0.000000000000000000e+00
0.000000000000000000e+00
0.000000000000000000e+00
0.000000000000000000e+00
0.000000000000000000e+00
0.000000000000000000e+00
0.000000000000000000e+00
0.000000000000000000e+00
0.000000000000000000e+00
0.000000000000000000e+00
0.000000000000000000e+00
0.000000000000000000e+00
0.000000000000000000e+00
0.000000000000000000e+00
0.000000000000000000e+00
0.000000000000000000e+00
0.000000000000000000e+00
0.000000000000000000e+00
0.000000000000000000e+00
0.000000000000000000e+00
0.000000000000000000e+00
0.000000000000000000e+00
0.000000000000000000e+00
0.000000000000000000e+00
0.000000000000000000e+00
0.000000000000000000e+00
0.000000000000000000e+00
0.000000000000000000e+00
0.000000000000000000e+00
0.000000000000000000e+00
0.000000000000000000e+00
0.000000000000000000e+00
0.000000000000000000e+00
0.000000000000000000e+00
0.000000000000000000e+00
0.000000000000000000e+00
0.000000000000000000e+00
0.000000000000000000e+00
0.000000000000000000e+00
0.000000000000000000e+00
0.000000000000000000e+00
0.000000000000000000e+00
0.000000000000000000e+00
0.000000000000000000e+00
0.000000000000000000e+00
0.000000000000000000e+00
0.000000000000000000e+00
0.000000000000000000e+00
0.000000000000000000e+00
0.000000000000000000e+00
0.000000000000000000e+00
0.000000000000000000e+00
0.000000000000000000e+00
0.000000000000000000e+00
0.000000000000000000e+00
0.000000000000000000e+00
0.000000000000000000e+00
0.000000000000000000e+00
0.000000000000000000e+00
0.000000000000000000e+00
0.000000000000000000e+00
0.000000000000000000e+00
0.000000000000000000e+00
0.000000000000000000e+00
0.000000000000000000e+00
0.000000000000000000e+00
0.000000000000000000e+00
0.000000000000000000e+00
0.000000000000000000e+00
0.000000000000000000e+00
0.000000000000000000e+00
0.000000000000000000e+00
0.000000000000000000e+00
0.000000000000000000e+00
0.000000000000000000e+00
0.000000000000000000e+00
0.000000000000000000e+00
0.000000000000000000e+00
0.000000000000000000e+00
0.000000000000000000e+00
0.000000000000000000e+00
0.000000000000000000e+00
0.000000000000000000e+00
0.000000000000000000e+00
0.000000000000000000e+00
0.000000000000000000e+00
0.000000000000000000e+00
0.000000000000000000e+00
0.000000000000000000e+00
0.000000000000000000e+00
0.000000000000000000e+00
0.000000000000000000e+00
0.000000000000000000e+00
0.000000000000000000e+00
0.000000000000000000e+00
0.000000000000000000e+00
0.000000000000000000e+00
0.000000000000000000e+00
0.000000000000000000e+00
0.000000000000000000e+00
0.000000000000000000e+00
0.000000000000000000e+00
0.000000000000000000e+00
0.000000000000000000e+00
0.000000000000000000e+00
0.000000000000000000e+00
0.000000000000000000e+00
0.000000000000000000e+00
0.000000000000000000e+00
0.000000000000000000e+00
0.000000000000000000e+00
0.000000000000000000e+00
0.000000000000000000e+00
0.000000000000000000e+00
0.000000000000000000e+00
0.000000000000000000e+00
0.000000000000000000e+00
0.000000000000000000e+00
0.000000000000000000e+00
0.000000000000000000e+00
0.000000000000000000e+00
0.000000000000000000e+00
0.000000000000000000e+00
0.000000000000000000e+00
0.000000000000000000e+00
0.000000000000000000e+00
0.000000000000000000e+00
0.000000000000000000e+00
0.000000000000000000e+00
0.000000000000000000e+00
0.000000000000000000e+00
0.000000000000000000e+00
0.000000000000000000e+00
0.000000000000000000e+00
0.000000000000000000e+00
0.000000000000000000e+00
0.000000000000000000e+00
0.000000000000000000e+00
0.000000000000000000e+00
0.000000000000000000e+00
0.000000000000000000e+00
0.000000000000000000e+00
0.000000000000000000e+00
0.000000000000000000e+00
0.000000000000000000e+00
0.000000000000000000e+00
0.000000000000000000e+00
0.000000000000000000e+00
0.000000000000000000e+00
0.000000000000000000e+00
0.000000000000000000e+00
0.000000000000000000e+00
0.000000000000000000e+00
0.000000000000000000e+00
0.000000000000000000e+00
0.000000000000000000e+00
0.000000000000000000e+00
0.000000000000000000e+00
0.000000000000000000e+00
0.000000000000000000e+00
0.000000000000000000e+00
0.000000000000000000e+00
0.000000000000000000e+00
0.000000000000000000e+00
0.000000000000000000e+00
0.000000000000000000e+00
0.000000000000000000e+00
0.000000000000000000e+00
0.000000000000000000e+00
0.000000000000000000e+00
0.000000000000000000e+00
0.000000000000000000e+00
0.000000000000000000e+00
0.000000000000000000e+00
0.000000000000000000e+00
0.000000000000000000e+00
0.000000000000000000e+00
0.000000000000000000e+00
0.000000000000000000e+00
0.000000000000000000e+00
0.000000000000000000e+00
0.000000000000000000e+00
0.000000000000000000e+00
0.000000000000000000e+00
0.000000000000000000e+00
0.000000000000000000e+00
0.000000000000000000e+00
0.000000000000000000e+00
0.000000000000000000e+00
0.000000000000000000e+00
0.000000000000000000e+00
0.000000000000000000e+00
0.000000000000000000e+00
0.000000000000000000e+00
0.000000000000000000e+00
0.000000000000000000e+00
0.000000000000000000e+00
0.000000000000000000e+00
0.000000000000000000e+00
0.000000000000000000e+00
0.000000000000000000e+00
0.000000000000000000e+00
0.000000000000000000e+00
0.000000000000000000e+00
0.000000000000000000e+00
0.000000000000000000e+00
0.000000000000000000e+00
0.000000000000000000e+00
0.000000000000000000e+00
0.000000000000000000e+00
0.000000000000000000e+00
0.000000000000000000e+00
0.000000000000000000e+00
0.000000000000000000e+00
0.000000000000000000e+00
0.000000000000000000e+00
0.000000000000000000e+00
0.000000000000000000e+00
0.000000000000000000e+00
0.000000000000000000e+00
0.000000000000000000e+00
0.000000000000000000e+00
0.000000000000000000e+00
0.000000000000000000e+00
0.000000000000000000e+00
0.000000000000000000e+00
0.000000000000000000e+00
0.000000000000000000e+00
0.000000000000000000e+00
0.000000000000000000e+00
0.000000000000000000e+00
0.000000000000000000e+00
0.000000000000000000e+00
0.000000000000000000e+00
0.000000000000000000e+00
0.000000000000000000e+00
0.000000000000000000e+00
0.000000000000000000e+00
0.000000000000000000e+00
0.000000000000000000e+00
0.000000000000000000e+00
0.000000000000000000e+00
0.000000000000000000e+00
0.000000000000000000e+00
0.000000000000000000e+00
0.000000000000000000e+00
0.000000000000000000e+00
0.000000000000000000e+00
0.000000000000000000e+00
0.000000000000000000e+00
0.000000000000000000e+00
0.000000000000000000e+00
0.000000000000000000e+00
0.000000000000000000e+00
0.000000000000000000e+00
0.000000000000000000e+00
0.000000000000000000e+00
0.000000000000000000e+00
0.000000000000000000e+00
0.000000000000000000e+00
0.000000000000000000e+00
0.000000000000000000e+00
0.000000000000000000e+00
0.000000000000000000e+00
0.000000000000000000e+00
0.000000000000000000e+00
0.000000000000000000e+00
0.000000000000000000e+00
0.000000000000000000e+00
nan
