# bin_22_21
-9.416409806030232044e-08
-9.039207170000148667e-08
-8.809190474589499134e-08
-8.420435217641649898e-08
-8.105159421005101517e-08
-7.686905468406577588e-08
-7.318376406118142100e-08
-6.912105851059468923e-08
-6.631157493105100060e-08
-6.150012273951809637e-08
-5.850099011478384244e-08
-5.464069954889946472e-08
-5.166414207069187179e-08
-4.836773212666084082e-08
-4.489050163470262358e-08
-4.151116797771821687e-08
-3.818886411210988122e-08
-3.467041965232831261e-08
-3.122520013908246674e-08
-2.815704708478226437e-08
-2.542170793513436959e-08
-2.297942174374892805e-08
-2.069265937214717047e-08
-1.840897156794952114e-08
-1.609555453266909721e-08
-1.374241500913184385e-08
-1.142570931532398822e-08
-9.203713526045395140e-09
-7.058204028135349042e-09
-4.978423735656619745e-09
-2.958371194277389947e-09
-1.047031104110996232e-09
7.343622395885541450e-10
2.420866604370050067e-09
4.037039357966589868e-09
5.599853472095976206e-09
7.120819396126106437e-09
8.668588752074896706e-09
1.022656871900011965e-08
1.170185390834397192e-08
1.303003689079657184e-08
1.416825222073598945e-08
1.508984994374809194e-08
1.578031161639585439e-08
1.619189602952470346e-08
1.637442773193997852e-08
1.644248647560620269e-08
1.648347123970917332e-08
1.656315010443129325e-08
1.673009977948967982e-08
1.701926209157576193e-08
1.745479633429176099e-08
1.800670315302005383e-08
1.861193648272733336e-08
1.924319442765709621e-08
1.987865339666572848e-08
2.050101864102348188e-08
2.109673716911866355e-08
2.165534445837271138e-08
2.216892164146429731e-08
2.263164408503189001e-08
2.305400032981452173e-08
2.345005475866293844e-08
2.382071101429874586e-08
2.416689595478170583e-08
2.448954781703576920e-08
2.478960667176160005e-08
2.506800677727477974e-08
2.532567050648601958e-08
2.556350357628250546e-08
2.578239135409368081e-08
2.598319605413429064e-08
2.617290617887091737e-08
2.635550914924133915e-08
2.652784719572035145e-08
2.668735480680036427e-08
2.683197568410290767e-08
2.696009079711595575e-08
2.707045602869971292e-08
2.716214811596705531e-08
2.723451777290760536e-08
2.728714903614828174e-08
2.731982400765454337e-08
2.733249228145364379e-08
2.732524443849803456e-08
2.730438051317058614e-08
2.727571591442042420e-08
2.723880347386094556e-08
2.719331211541685919e-08
2.713901115966399256e-08
2.707575653286038894e-08
2.700347865039297188e-08
2.692217177307934043e-08
2.683188465973479625e-08
2.673271236115674941e-08
2.662478901963033341e-08
2.650828155459292146e-08
2.638338412953859693e-08
2.625031330787043402e-08
2.610930381645809828e-08
2.596060484533954922e-08
2.580353395396860427e-08
2.563839600983953327e-08
2.546679583595375284e-08
2.529017267293720529e-08
2.510981555754710437e-08
2.492687726642236433e-08
2.474238696444529747e-08
2.455726168280447199e-08
2.437231673911809396e-08
2.418827520062078877e-08
2.400577648127156544e-08
2.382538415457586302e-08
2.364759305580396029e-08
2.347283574002716402e-08
2.330148835588840496e-08
2.313387598919031846e-08
2.297027752515014263e-08
2.281093007346979399e-08
2.266633234800445176e-08
2.254334062449346460e-08
2.243707927067300768e-08
2.234314521966365175e-08
2.225756859991369990e-08
2.217677660322540444e-08
2.209756031575276559e-08
2.201704426141734860e-08
2.193265842942861348e-08
2.184211257774901768e-08
2.174337262262068772e-08
2.163463894085255178e-08
2.151432642662181682e-08
2.138104615822006631e-08
2.123358854260518114e-08
2.107090781692529086e-08
2.089210779646918686e-08
2.069642876786319928e-08
2.048323543486713961e-08
2.025200583189842053e-08
2.000232112750434514e-08
1.973385624647269133e-08
1.945539919805561539e-08
1.917648310520365023e-08
1.889790988710030788e-08
1.862041139969888583e-08
1.834465445598836050e-08
1.807124549371033434e-08
1.780073491607602186e-08
1.753362112908586405e-08
1.727035429726494773e-08
1.701133983798163735e-08
1.675694167300198158e-08
1.650748525453816448e-08
1.626326038176485806e-08
1.602452382259381967e-08
1.579150175440628778e-08
1.556439203643643462e-08
1.534336632557109066e-08
1.512857204647413213e-08
1.492013422615296978e-08
1.471815720235393300e-08
1.452272621449802353e-08
1.433390888524467307e-08
1.415175660019371587e-08
1.397630579270206380e-08
1.380757914029746686e-08
1.364392778274670294e-08
1.348363116008311086e-08
1.332659715363767129e-08
1.317273673587102179e-08
1.302196384898313195e-08
1.287419528896064215e-08
1.272935059478888485e-08
1.244812404430874331e-08
1.231159405112008540e-08
1.217769146066713755e-08
1.204634802859737505e-08
1.191749768379815390e-08
1.179107644728208457e-08
1.166702235452854008e-08
1.154527538111624442e-08
1.130847197071670384e-08
1.119330455908040827e-08
1.108022218939961624e-08
1.096917352692430331e-08
1.086010879170270107e-08
1.075297970330098555e-08
1.064773942776855418e-08
1.044274490862236628e-08
1.034290378163812513e-08
1.024477760886496113e-08
1.014832606496024611e-08
9.960820725514619006e-09
9.870725277887883598e-09
9.783150579001125820e-09
9.698025750106290382e-09
9.615282034238445807e-09
9.456673107557069068e-09
9.380680377800476243e-09
9.306813596156307123e-09
9.165223044159329452e-09
9.097386151233194117e-09
9.031448851385639937e-09
8.967358633415809084e-09
8.844516988740222962e-09
8.785667986339489484e-09
8.728470822485010705e-09
8.618851950315138516e-09
8.566343425505152033e-09
8.515313026354547716e-09
8.417526263969303793e-09
8.370692562941945190e-09
8.280959311783800038e-09
8.237988793118226675e-09
8.196236690393488740e-09
8.116256480024316511e-09
8.077965026157815083e-09
8.004627609643455169e-09
7.969523434559250148e-09
7.903541433797787763e-09
7.872796561612367671e-09
7.843411186619865429e-09
7.788333392064911366e-09
7.762459277835109302e-09
7.713617663598791533e-09
7.690492765970447669e-09
7.646468796210235621e-09
7.625433684781750854e-09
7.585001285404765534e-09
7.565486733377746756e-09
7.527589014366640950e-09
7.490868124229599159e-09
7.472833867018540604e-09
7.437207648084692946e-09
7.419538105518444070e-09
7.384307252029871097e-09
7.349004018581855373e-09
7.331250551516088949e-09
7.295404758527265265e-09
7.277262927005653515e-09
7.240428253176454459e-09
7.202723450339791304e-09
7.183498571779413871e-09
7.144221533922725340e-09
7.103744031773490205e-09
7.083022266542259918e-09
7.044005799585313124e-09
7.009805418557450034e-09
6.979429930572414834e-09
6.965390210916433379e-09
6.939077953981471086e-09
6.914471243491022046e-09
6.890850246047274138e-09
6.879202370835088041e-09
6.855851289985869497e-09
6.831960627249127085e-09
6.807018021908488275e-09
6.780560809118536582e-09
6.766632312985616999e-09
6.737135344111936833e-09
6.705160842983978428e-09
6.670392577268009457e-09
6.632549291795553671e-09
6.591382051263588150e-09
6.546671771828235337e-09
6.498226928004810150e-09
6.445881422304303703e-09
6.389492605972761868e-09
6.328939440063845783e-09
6.264120786870775411e-09
6.194953822478200083e-09
6.121372561872244069e-09
6.046080946557538331e-09
5.971809712107126008e-09
5.898544917999226059e-09
5.826272706534269837e-09
5.754979311771066422e-09
5.684651067611756091e-09
5.615274415097523466e-09
5.546835908972747999e-09
5.479322223571083069e-09
5.412720158073312087e-09
5.347016641183242505e-09
5.282198735264685046e-09
5.186604434551960377e-09
5.123944862634032302e-09
5.062126720986191653e-09
5.001137712104735729e-09
4.940965686921238083e-09
4.852213286759398884e-09
4.794031555432009796e-09
4.736625473929830755e-09
4.679983575525962489e-09
4.596428865004346243e-09
4.541648263542337725e-09
4.487592919001506136e-09
4.407846225349441488e-09
4.355557205829728804e-09
4.303664053356561255e-09
4.223425413760995639e-09
4.168407118655125168e-09
4.084188945518439059e-09
4.027238091082592699e-09
3.969882021962059435e-09
3.883500791829175181e-09
3.825936944372335829e-09
3.740028123431189289e-09
3.683261557124523195e-09
3.599207548779522786e-09
3.544081602307418789e-09
3.463038347983027566e-09
3.384273254498807195e-09
3.333181714441594513e-09
3.258877476964771753e-09
3.211004608139926233e-09
3.141856352645733280e-09
3.076077543967201844e-09
3.034183946313405707e-09
2.974395870950351934e-09
2.918388859379194931e-09
2.883208529128828145e-09
2.833746989218321448e-09
2.788328546111516150e-09
2.747019501868454321e-09
2.721788986065196761e-09
2.687349590386681980e-09
2.656644087008720787e-09
2.629257263683809021e-09
2.604803429284334623e-09
2.589952398509234498e-09
2.569603957330448032e-09
2.551290159461175868e-09
2.534718108518349297e-09
2.519616504852509223e-09
2.505734246683796012e-09
2.492839121378765795e-09
2.480716580842429849e-09
2.469168595424447167e-09
2.458012581131066699e-09
2.447080395298059224e-09
2.436217396216567786e-09
2.425281562515694517e-09
2.414142668394888904e-09
2.398770404984961882e-09
2.386711839542680635e-09
2.374091758024809744e-09
2.360822725036514401e-09
2.346825505601618371e-09
2.332028519105926412e-09
2.310944715725887278e-09
2.294042464340258311e-09
2.276407111690004179e-09
2.253011747843791190e-09
2.235599896037539737e-09
2.218289508996007347e-09
2.195346970940505410e-09
2.178229871800726982e-09
2.161178994569034709e-09
2.138532290645364787e-09
2.121602683487305927e-09
2.099089914415546615e-09
2.082241835683566387e-09
2.059815120701315365e-09
2.043016225479179813e-09
2.020636829481572726e-09
2.003861129567906505e-09
1.981498170783057297e-09
1.959133371565959973e-09
1.942354459289116880e-09
1.919970787661959463e-09
1.897569072182911322e-09
1.880753398742842211e-09
1.858310521259039003e-09
1.835839951503749550e-09
1.813339504640847932e-09
1.790807601033027819e-09
1.773887390493170166e-09
1.751264350920806446e-09
1.727879649131033868e-09
1.703600585382446554e-09
1.678604699021308047e-09
1.653056315549006495e-09
1.627107395354273242e-09
1.600898328366199929e-09
1.574558678200758610e-09
1.548207879124813380e-09
1.521955888931265152e-09
1.495903800605487467e-09
1.470144415465369924e-09
1.438485664040938143e-09
1.413684811994589654e-09
1.389427269178628333e-09
1.365776196711136131e-09
1.337152033645748325e-09
1.315066910971379262e-09
1.293755264349006570e-09
1.268265353849304183e-09
1.248837102917451656e-09
1.230299902107847021e-09
1.208423501906177057e-09
1.191987649134575738e-09
1.172807822258619779e-09
1.158576725051292162e-09
1.142201763276099303e-09
1.130306258017102989e-09
1.116923958683693601e-09
1.105001320515715572e-09
1.096384758749127965e-09
1.086615751560026039e-09
1.077804780803605070e-09
1.071341886288008686e-09
1.063875232041349713e-09
1.056964641142296958e-09
1.050487261692668739e-09
1.044329987706672159e-09
1.038388806448239728e-09
1.032568188717011318e-09
1.027939370629526792e-09
1.022119953928159099e-09
1.016194043699248054e-09
1.008846815801385878e-09
1.002455144920856862e-09
9.957595911991142231e-10
9.887099828021505340e-10
9.812609899368545272e-10
9.733717924179699388e-10
9.632724004104989915e-10
9.542913278457652072e-10
9.447662356177146121e-10
9.346720743191690195e-10
9.219014455238363351e-10
9.112491436160744623e-10
8.985784521733919702e-10
8.881138866813724819e-10
8.756706664298812622e-10
8.653972282092595384e-10
8.531849382796625675e-10
8.431050338717439526e-10
8.311260293842068398e-10
8.192749144481680439e-10
8.094968787116437634e-10
7.978808394260024760e-10
7.863931286514798063e-10
7.750336741324217408e-10
7.638022991933532137e-10
7.526987306705807690e-10
7.417226063276630595e-10
7.308734817884576176e-10
7.201508370191511191e-10
7.095540823885480975e-10
6.990825643339071042e-10
6.887355706577828698e-10
6.785123354796108240e-10
6.684120438641999358e-10
6.584338361478081143e-10
6.469456910500398775e-10
6.371662918064015704e-10
6.246932215560814288e-10
6.054070908533869806e-10
5.854030850153483942e-10
5.586798280045884299e-10
5.333759428831573407e-10
5.016297232059875977e-10
4.729434561694926700e-10
4.382457644286136861e-10
4.027099230573119184e-10
3.668063831255106836e-10
3.360669633664025416e-10
3.005960249893242525e-10
2.658931121982371802e-10
2.322906983005754196e-10
2.000912478646289206e-10
1.695692873617475605e-10
1.409733387635921176e-10
1.145277253651040059e-10
9.043425844808746707e-11
6.887381279319101850e-11
5.000779848629598507e-11
3.192901470274881464e-11
1.929788964328156038e-11
9.756579496230940359e-12
2.756210375140952142e-12
1.369598383434650858e-13
0.000000000000000000e+00
0.000000000000000000e+00
0.000000000000000000e+00
0.000000000000000000e+00
0.000000000000000000e+00
0.000000000000000000e+00
0.000000000000000000e+00
0.000000000000000000e+00
0.000000000000000000e+00
0.000000000000000000e+00
0.000000000000000000e+00
0.000000000000000000e+00
0.000000000000000000e+00
0.000000000000000000e+00
0.000000000000000000e+00
0.000000000000000000e+00
0.000000000000000000e+00
0.000000000000000000e+00
0.000000000000000000e+00
0.000000000000000000e+00
0.000000000000000000e+00
0.000000000000000000e+00
0.000000000000000000e+00
0.000000000000000000e+00
0.000000000000000000e+00
0.000000000000000000e+00
0.000000000000000000e+00
0.000000000000000000e+00
0.000000000000000000e+00
0.000000000000000000e+00
0.000000000000000000e+00
0.000000000000000000e+00
0.000000000000000000e+00
0.000000000000000000e+00
0.000000000000000000e+00
0.000000000000000000e+00
0.000000000000000000e+00
0.000000000000000000e+00
0.000000000000000000e+00
0.000000000000000000e+00
0.000000000000000000e+00
0.000000000000000000e+00
0.000000000000000000e+00
0.000000000000000000e+00
0.000000000000000000e+00
0.000000000000000000e+00
0.000000000000000000e+00
0.000000000000000000e+00
0.000000000000000000e+00
0.000000000000000000e+00
0.000000000000000000e+00
0.000000000000000000e+00
0.000000000000000000e+00
0.000000000000000000e+00
0.000000000000000000e+00
0.000000000000000000e+00
0.000000000000000000e+00
0.000000000000000000e+00
0.000000000000000000e+00
0.000000000000000000e+00
0.000000000000000000e+00
0.000000000000000000e+00
0.000000000000000000e+00
0.000000000000000000e+00
0.000000000000000000e+00
0.000000000000000000e+00
0.000000000000000000e+00
0.000000000000000000e+00
0.000000000000000000e+00
0.000000000000000000e+00
0.000000000000000000e+00
0.000000000000000000e+00
0.000000000000000000e+00
0.000000000000000000e+00
0.000000000000000000e+00
0.000000000000000000e+00
0.000000000000000000e+00
0.000000000000000000e+00
0.000000000000000000e+00
0.000000000000000000e+00
0.000000000000000000e+00
0.000000000000000000e+00
0.000000000000000000e+00
0.000000000000000000e+00
0.000000000000000000e+00
0.000000000000000000e+00
0.000000000000000000e+00
0.000000000000000000e+00
0.000000000000000000e+00
0.000000000000000000e+00
0.000000000000000000e+00
0.000000000000000000e+00
0.000000000000000000e+00
0.000000000000000000e+00
0.000000000000000000e+00
0.000000000000000000e+00
0.000000000000000000e+00
0.000000000000000000e+00
0.000000000000000000e+00
0.000000000000000000e+00
0.000000000000000000e+00
0.000000000000000000e+00
0.000000000000000000e+00
0.000000000000000000e+00
0.000000000000000000e+00
0.000000000000000000e+00
0.000000000000000000e+00
0.000000000000000000e+00
0.000000000000000000e+00
0.000000000000000000e+00
0.000000000000000000e+00
0.000000000000000000e+00
0.000000000000000000e+00
0.000000000000000000e+00
0.000000000000000000e+00
0.000000000000000000e+00
0.000000000000000000e+00
0.000000000000000000e+00
0.000000000000000000e+00
0.000000000000000000e+00
0.000000000000000000e+00
0.000000000000000000e+00
0.000000000000000000e+00
0.000000000000000000e+00
0.000000000000000000e+00
0.000000000000000000e+00
0.000000000000000000e+00
0.000000000000000000e+00
0.000000000000000000e+00
0.000000000000000000e+00
0.000000000000000000e+00
0.000000000000000000e+00
0.000000000000000000e+00
0.000000000000000000e+00
0.000000000000000000e+00
0.000000000000000000e+00
0.000000000000000000e+00
0.000000000000000000e+00
0.000000000000000000e+00
0.000000000000000000e+00
0.000000000000000000e+00
0.000000000000000000e+00
0.000000000000000000e+00
0.000000000000000000e+00
0.000000000000000000e+00
0.000000000000000000e+00
0.000000000000000000e+00
0.000000000000000000e+00
0.000000000000000000e+00
0.000000000000000000e+00
0.000000000000000000e+00
0.000000000000000000e+00
0.000000000000000000e+00
0.000000000000000000e+00
0.000000000000000000e+00
0.000000000000000000e+00
0.000000000000000000e+00
0.000000000000000000e+00
0.000000000000000000e+00
0.000000000000000000e+00
0.000000000000000000e+00
0.000000000000000000e+00
0.000000000000000000e+00
0.000000000000000000e+00
0.000000000000000000e+00
0.000000000000000000e+00
0.000000000000000000e+00
0.000000000000000000e+00
0.000000000000000000e+00
0.000000000000000000e+00
0.000000000000000000e+00
0.000000000000000000e+00
0.000000000000000000e+00
0.000000000000000000e+00
0.000000000000000000e+00
0.000000000000000000e+00
0.000000000000000000e+00
0.000000000000000000e+00
0.000000000000000000e+00
0.000000000000000000e+00
0.000000000000000000e+00
0.000000000000000000e+00
0.000000000000000000e+00
0.000000000000000000e+00
0.000000000000000000e+00
0.000000000000000000e+00
0.000000000000000000e+00
0.000000000000000000e+00
0.000000000000000000e+00
0.000000000000000000e+00
0.000000000000000000e+00
0.000000000000000000e+00
0.000000000000000000e+00
0.000000000000000000e+00
0.000000000000000000e+00
0.000000000000000000e+00
0.000000000000000000e+00
0.000000000000000000e+00
0.000000000000000000e+00
0.000000000000000000e+00
0.000000000000000000e+00
0.000000000000000000e+00
0.000000000000000000e+00
0.000000000000000000e+00
0.000000000000000000e+00
0.000000000000000000e+00
0.000000000000000000e+00
0.000000000000000000e+00
0.000000000000000000e+00
0.000000000000000000e+00
0.000000000000000000e+00
0.000000000000000000e+00
0.000000000000000000e+00
0.000000000000000000e+00
0.000000000000000000e+00
0.000000000000000000e+00
0.000000000000000000e+00
0.000000000000000000e+00
0.000000000000000000e+00
0.000000000000000000e+00
0.000000000000000000e+00
0.000000000000000000e+00
0.000000000000000000e+00
0.000000000000000000e+00
0.000000000000000000e+00
0.000000000000000000e+00
0.000000000000000000e+00
0.000000000000000000e+00
0.000000000000000000e+00
0.000000000000000000e+00
0.000000000000000000e+00
0.000000000000000000e+00
0.000000000000000000e+00
0.000000000000000000e+00
0.000000000000000000e+00
0.000000000000000000e+00
0.000000000000000000e+00
0.000000000000000000e+00
0.000000000000000000e+00
0.000000000000000000e+00
0.000000000000000000e+00
0.000000000000000000e+00
0.000000000000000000e+00
0.000000000000000000e+00
0.000000000000000000e+00
0.000000000000000000e+00
0.000000000000000000e+00
0.000000000000000000e+00
0.000000000000000000e+00
0.000000000000000000e+00
0.000000000000000000e+00
0.000000000000000000e+00
0.000000000000000000e+00
0.000000000000000000e+00
0.000000000000000000e+00
0.000000000000000000e+00
0.000000000000000000e+00
0.000000000000000000e+00
0.000000000000000000e+00
0.000000000000000000e+00
0.000000000000000000e+00
0.000000000000000000e+00
0.000000000000000000e+00
0.000000000000000000e+00
0.000000000000000000e+00
0.000000000000000000e+00
0.000000000000000000e+00
0.000000000000000000e+00
0.000000000000000000e+00
0.000000000000000000e+00
0.000000000000000000e+00
0.000000000000000000e+00
0.000000000000000000e+00
0.000000000000000000e+00
0.000000000000000000e+00
0.000000000000000000e+00
0.000000000000000000e+00
0.000000000000000000e+00
0.000000000000000000e+00
0.000000000000000000e+00
0.000000000000000000e+00
0.000000000000000000e+00
0.000000000000000000e+00
0.000000000000000000e+00
0.000000000000000000e+00
0.000000000000000000e+00
0.000000000000000000e+00
0.000000000000000000e+00
0.000000000000000000e+00
0.000000000000000000e+00
0.000000000000000000e+00
0.000000000000000000e+00
0.000000000000000000e+00
0.000000000000000000e+00
0.000000000000000000e+00
0.000000000000000000e+00
0.000000000000000000e+00
0.000000000000000000e+00
0.000000000000000000e+00
0.000000000000000000e+00
0.000000000000000000e+00
0.000000000000000000e+00
0.000000000000000000e+00
0.000000000000000000e+00
0.000000000000000000e+00
0.000000000000000000e+00
0.000000000000000000e+00
0.000000000000000000e+00
0.000000000000000000e+00
0.000000000000000000e+00
0.000000000000000000e+00
0.000000000000000000e+00
0.000000000000000000e+00
0.000000000000000000e+00
0.000000000000000000e+00
0.000000000000000000e+00
0.000000000000000000e+00
0.000000000000000000e+00
0.000000000000000000e+00
0.000000000000000000e+00
0.000000000000000000e+00
0.000000000000000000e+00
0.000000000000000000e+00
0.000000000000000000e+00
0.000000000000000000e+00
0.000000000000000000e+00
0.000000000000000000e+00
0.000000000000000000e+00
0.000000000000000000e+00
0.000000000000000000e+00
0.000000000000000000e+00
0.000000000000000000e+00
0.000000000000000000e+00
0.000000000000000000e+00
0.000000000000000000e+00
0.000000000000000000e+00
0.000000000000000000e+00
0.000000000000000000e+00
0.000000000000000000e+00
0.000000000000000000e+00
0.000000000000000000e+00
0.000000000000000000e+00
0.000000000000000000e+00
0.000000000000000000e+00
0.000000000000000000e+00
0.000000000000000000e+00
0.000000000000000000e+00
0.000000000000000000e+00
0.000000000000000000e+00
0.000000000000000000e+00
0.000000000000000000e+00
0.000000000000000000e+00
0.000000000000000000e+00
0.000000000000000000e+00
0.000000000000000000e+00
0.000000000000000000e+00
0.000000000000000000e+00
0.000000000000000000e+00
0.000000000000000000e+00
0.000000000000000000e+00
0.000000000000000000e+00
0.000000000000000000e+00
0.000000000000000000e+00
0.000000000000000000e+00
0.000000000000000000e+00
0.000000000000000000e+00
0.000000000000000000e+00
0.000000000000000000e+00
0.000000000000000000e+00
0.000000000000000000e+00
0.000000000000000000e+00
0.000000000000000000e+00
0.000000000000000000e+00
0.000000000000000000e+00
0.000000000000000000e+00
0.000000000000000000e+00
0.000000000000000000e+00
0.000000000000000000e+00
0.000000000000000000e+00
0.000000000000000000e+00
0.000000000000000000e+00
0.000000000000000000e+00
0.000000000000000000e+00
0.000000000000000000e+00
0.000000000000000000e+00
0.000000000000000000e+00
0.000000000000000000e+00
0.000000000000000000e+00
0.000000000000000000e+00
0.000000000000000000e+00
0.000000000000000000e+00
0.000000000000000000e+00
0.000000000000000000e+00
0.000000000000000000e+00
0.000000000000000000e+00
0.000000000000000000e+00
0.000000000000000000e+00
0.000000000000000000e+00
0.000000000000000000e+00
0.000000000000000000e+00
0.000000000000000000e+00
0.000000000000000000e+00
0.000000000000000000e+00
0.000000000000000000e+00
0.000000000000000000e+00
0.000000000000000000e+00
0.000000000000000000e+00
0.000000000000000000e+00
0.000000000000000000e+00
0.000000000000000000e+00
0.000000000000000000e+00
0.000000000000000000e+00
0.000000000000000000e+00
0.000000000000000000e+00
0.000000000000000000e+00
0.000000000000000000e+00
0.000000000000000000e+00
0.000000000000000000e+00
0.000000000000000000e+00
0.000000000000000000e+00
0.000000000000000000e+00
0.000000000000000000e+00
0.000000000000000000e+00
0.000000000000000000e+00
0.000000000000000000e+00
0.000000000000000000e+00
0.000000000000000000e+00
0.000000000000000000e+00
0.000000000000000000e+00
0.000000000000000000e+00
0.000000000000000000e+00
0.000000000000000000e+00
0.000000000000000000e+00
0.000000000000000000e+00
0.000000000000000000e+00
0.000000000000000000e+00
0.000000000000000000e+00
0.000000000000000000e+00
0.000000000000000000e+00
0.000000000000000000e+00
0.000000000000000000e+00
0.000000000000000000e+00
0.000000000000000000e+00
0.000000000000000000e+00
0.000000000000000000e+00
0.000000000000000000e+00
0.000000000000000000e+00
0.000000000000000000e+00
0.000000000000000000e+00
0.000000000000000000e+00
0.000000000000000000e+00
0.000000000000000000e+00
0.000000000000000000e+00
0.000000000000000000e+00
0.000000000000000000e+00
0.000000000000000000e+00
0.000000000000000000e+00
0.000000000000000000e+00
0.000000000000000000e+00
0.000000000000000000e+00
0.000000000000000000e+00
0.000000000000000000e+00
0.000000000000000000e+00
0.000000000000000000e+00
0.000000000000000000e+00
0.000000000000000000e+00
0.000000000000000000e+00
0.000000000000000000e+00
0.000000000000000000e+00
0.000000000000000000e+00
0.000000000000000000e+00
0.000000000000000000e+00
0.000000000000000000e+00
0.000000000000000000e+00
0.000000000000000000e+00
0.000000000000000000e+00
0.000000000000000000e+00
0.000000000000000000e+00
0.000000000000000000e+00
0.000000000000000000e+00
0.000000000000000000e+00
0.000000000000000000e+00
0.000000000000000000e+00
0.000000000000000000e+00
0.000000000000000000e+00
0.000000000000000000e+00
0.000000000000000000e+00
0.000000000000000000e+00
0.000000000000000000e+00
0.000000000000000000e+00
0.000000000000000000e+00
0.000000000000000000e+00
0.000000000000000000e+00
0.000000000000000000e+00
0.000000000000000000e+00
0.000000000000000000e+00
0.000000000000000000e+00
0.000000000000000000e+00
0.000000000000000000e+00
0.000000000000000000e+00
0.000000000000000000e+00
0.000000000000000000e+00
0.000000000000000000e+00
0.000000000000000000e+00
0.000000000000000000e+00
0.000000000000000000e+00
0.000000000000000000e+00
0.000000000000000000e+00
0.000000000000000000e+00
0.000000000000000000e+00
0.000000000000000000e+00
0.000000000000000000e+00
0.000000000000000000e+00
0.000000000000000000e+00
0.000000000000000000e+00
0.000000000000000000e+00
nan
