# bin_12_8
-3.800697543355356865e-07
-2.431389259437599377e-07
-1.704264760411844622e-07
-9.675321004505393425e-08
-7.721699972124867919e-08
-3.314531834081893849e-08
-4.009428722751460843e-08
-9.696476141792206087e-09
-1.796549862725263576e-08
-4.092032232163650735e-09
-9.847621371841708183e-09
3.362939882988017654e-10
-5.939333925608861606e-09
-5.817195477545119288e-10
3.140229410294232776e-09
3.992592989962172663e-10
-3.805308689846410883e-09
-6.649186224958135465e-09
-8.295191404534330119e-09
-9.491844989018930985e-09
-9.933706285754362157e-09
-9.527994601329816202e-09
-8.387244746487080100e-09
-7.044391676902048493e-09
-5.925959455304499896e-09
-5.263914901673609080e-09
-6.341064846756606947e-09
-8.932695247927129342e-09
-1.149961624624436643e-08
-1.308836857205330878e-08
-1.314495541855608338e-08
-1.113844378399542933e-08
-7.643253761648906639e-09
-3.674649602857665618e-09
7.164803836975805507e-11
3.132905987464811585e-09
5.215732572937362829e-09
6.699345467477435705e-09
8.016889816779968720e-09
9.083094905371618070e-09
9.844109253961830766e-09
1.026934885550807530e-08
1.034531624758015431e-08
1.007091312042850743e-08
9.196863754323653188e-09
7.734132304843561824e-09
6.009354615026788780e-09
4.271463917857883601e-09
2.707526754266392308e-09
1.455417204672549164e-09
6.139755268806427929e-10
2.511599220764113086e-10
1.542277806355398523e-10
7.608918301880444472e-11
1.433818219307536076e-11
-3.312924876400541552e-11
-6.815528340898368381e-11
-9.235458230876821322e-11
-1.071437904377221324e-10
-1.137669283128694561e-10
-1.133172930044519481e-10
-1.007138302748802936e-10
-7.424744264372186479e-11
-3.917888895266555790e-11
1.544623567994762822e-13
4.019808599761745582e-11
7.806085391924052313e-11
1.114134302024510806e-10
1.384017730274844628e-10
1.575734472674104681e-10
1.678148150668845650e-10
1.682974750828156680e-10
1.611419526573316507e-10
1.498242619779679902e-10
1.355818555866747507e-10
1.194692397520962221e-10
1.023817312280987217e-10
8.507615343468425287e-11
6.818887936833337278e-11
5.225157170904092884e-11
3.770492211200470184e-11
2.491065025567380310e-11
1.416198777970545473e-11
5.692841876603756267e-12
-3.141927641149794979e-13
-4.750142799017643650e-12
-8.636530807573091562e-12
-1.201783691403957441e-11
-1.493499156356063220e-11
-1.742567700960618457e-11
-1.952460105232580169e-11
-2.126374580119501440e-11
-2.267259393528094531e-11
-2.377833466936247977e-11
-2.460605139966830517e-11
-2.517889279534198882e-11
-2.551822891761718422e-11
-2.564379378523630342e-11
-2.557381565937965551e-11
-2.532513619212062150e-11
-2.491331946729843677e-11
-2.254545465755183636e-11
-1.693687727020258799e-11
-8.801637309837340454e-12
1.223768731328690220e-12
1.257300117430040525e-11
2.474318160239558423e-11
3.728882963149429853e-11
4.981637027849554396e-11
6.197915653400981828e-11
7.347295738883422545e-11
8.403186660005444319e-11
9.342459198105870155e-11
1.014510890208291295e-10
1.079395062352018829e-10
1.127434128735592676e-10
1.157392824901613088e-10
1.168242084769064225e-10
1.159138299761615250e-10
1.133918479291871771e-10
1.098293440997109421e-10
1.054212959805099264e-10
1.003446199605473402e-10
9.475964481668339876e-11
8.881146548233471554e-11
8.263118718361757510e-11
7.633706913793575282e-11
7.003557619853079492e-11
6.382234609284713613e-11
5.778307923514540510e-11
5.199435748795865223e-11
4.652439769668665075e-11
4.143374532148787731e-11
3.677591303581912486e-11
3.259796874714698417e-11
2.894107711859195101e-11
2.584099832709098182e-11
2.332854748087866048e-11
2.143001783386567693e-11
2.016757067428238593e-11
1.955959452740931787e-11
1.984423828268341018e-11
2.113850304647820846e-11
2.328618005072483122e-11
2.614334003230086206e-11
2.957748053681326521e-11
3.346673227928625931e-11
3.769912031384024625e-11
4.217187608657453756e-11
4.679079674210959224e-11
5.146964832678910841e-11
5.612960978245234423e-11
6.069875485571562861e-11
6.511156926056578615e-11
6.930850062828161343e-11
7.323553895958660544e-11
7.684382546085387579e-11
8.008928780018108860e-11
8.293229996137188147e-11
8.533736500517516205e-11
8.727281916849924173e-11
8.871055584449202970e-11
8.962576809008360514e-11
8.999670840356233006e-11
8.980446460352536768e-11
8.903275072274794815e-11
8.723082603757900013e-11
8.407659076015293130e-11
7.973970934252872633e-11
7.437858944340478974e-11
6.814104677754465080e-11
6.116493066809638530e-11
5.357871271915379436e-11
3.704626093715266275e-11
2.831490764626268290e-11
1.940416696479671864e-11
1.040331150853618695e-11
1.395110620410607947e-12
-7.543783350482593958e-12
-1.634247114691821442e-11
-2.493546374425496589e-11
-4.126753862006465927e-11
-4.889987839985074694e-11
-5.611248061143261629e-11
-6.286241766551184146e-11
-6.911049208124339920e-11
-7.482100993023176918e-11
-7.996156723657719093e-11
-8.841843719940663304e-11
-9.168463592029339427e-11
-9.428029830257629671e-11
-9.618666940130910641e-11
-9.818637102904982496e-11
-9.890067561397867187e-11
-9.953347447149044809e-11
-1.000879697895988480e-10
-1.005672456254456471e-10
-1.013119117946534620e-10
-1.015829199747005439e-10
-1.017899526212736604e-10
-1.020222323041447174e-10
-1.020523201460500922e-10
-1.020281210343356887e-10
-1.019518411120649468e-10
-1.016514668110359459e-10
-1.014313970287860962e-10
-1.011673012878328849e-10
-1.005143076511620667e-10
-1.001288849657374716e-10
-9.970639154598950860e-11
-9.875647808339195428e-11
-9.823206089831598011e-11
-9.709141428777516542e-11
-9.647787702378346689e-11
-9.583724542934687692e-11
-9.447957134874977410e-11
-9.376485694716571272e-11
-9.226918589569601793e-11
-9.149031727647419287e-11
-8.741094411437565979e-11
-8.366584864234654996e-11
-7.892852770235953816e-11
-6.688002739392089684e-11
-5.975798638755103180e-11
-4.375654974839762801e-11
-3.503942490256030833e-11
-1.654770345439780370e-11
-6.911835014404848427e-12
1.281967452069811094e-11
2.279721233453421348e-11
4.270387406820396144e-11
6.221708434189476552e-11
7.171290863792232381e-11
8.997847439614928736e-11
9.867341408175553320e-11
1.150169097279330269e-10
1.297612449343736496e-10
1.364642960711602395e-10
1.484086326415502646e-10
1.536053916212502334e-10
1.623481314948384682e-10
1.687729741642860573e-10
1.710772634323963049e-10
1.738023568620296024e-10
1.739395267757916230e-10
1.730127918811442934e-10
1.682214682738028923e-10
1.593651330472457031e-10
1.471004906897155505e-10
1.398805498049834918e-10
1.236188841494372191e-10
1.053651170957698719e-10
8.560505726714177731e-11
7.530064193382298874e-11
5.410278420742134553e-11
3.243944915411871340e-11
1.066485239035635675e-11
-1.089847527029155257e-11
-2.150821845152904591e-11
-4.221360456129651198e-11
-6.202536153374720379e-11
-8.071482792324900659e-11
-9.807590459896510011e-11
-1.139234015537274050e-10
-1.280915000890784925e-10
-1.404323221705970925e-10
-1.508145993571853961e-10
-1.591224342695504883e-10
-1.652541480812279615e-10
-1.691212079932378301e-10
-1.706472290944315558e-10
-1.697670454167082013e-10
-1.674469028276895702e-10
-1.647138453857818985e-10
-1.616003218800051815e-10
-1.581369064343255467e-10
-1.543524030151668863e-10
-1.502739439112498700e-10
-1.459270825538221477e-10
-1.413358810213770034e-10
-1.365229925506478063e-10
-1.315097393549154948e-10
-1.263161860313208499e-10
-1.209612088208924770e-10
-1.126646166239257059e-10
-1.069814445493104517e-10
-1.011944682325538764e-10
-9.531797408386523828e-11
-8.936537723851138809e-11
-8.032111932483953279e-11
-7.423166229238173611e-11
-6.810685917389597075e-11
-6.195675765269430103e-11
-5.270458493737848563e-11
-4.653108455237304615e-11
-4.036264093135704001e-11
-3.113557945877598663e-11
-2.501121708332496385e-11
-1.889028917217728029e-11
-9.451992718991891108e-12
-2.999034588636435714e-12
6.863003043111372622e-12
1.352788666387913800e-11
2.024144892593293506e-11
3.036248260912876925e-11
3.711850715374453950e-11
4.722592080425263775e-11
5.392521499582331816e-11
6.388229155186065524e-11
7.044126336320109031e-11
8.013314922338520456e-11
8.961883012011777222e-11
9.581273170632108159e-11
1.048880937226107823e-10
1.107837714461488234e-10
1.193785842624353430e-10
1.276569734754241306e-10
1.329911772957226770e-10
1.407036234238814092e-10
1.480571037170128650e-10
1.527539888175527124e-10
1.594834401592398644e-10
1.658260001597391766e-10
1.717743305664745547e-10
1.755179217210395755e-10
1.811989366144980901e-10
1.872102694959952142e-10
1.934545011560847119e-10
1.998421714432286507e-10
2.041395004450550171e-10
2.105873415591395623e-10
2.169749445179931261e-10
2.232376427765482074e-10
2.293164814733654475e-10
2.351578232229820266e-10
2.407129801454933437e-10
2.459378703446502347e-10
2.507926971734723051e-10
2.552416497444079615e-10
2.592526232502937690e-10
2.627969577634032111e-10
2.658491942734081161e-10
2.683868468117395724e-10
2.709361981691940423e-10
2.722008433785103549e-10
2.728947934475499946e-10
2.730061589854400010e-10
2.725250388882118914e-10
2.714433722822872262e-10
2.690562047783882837e-10
2.665512344385489833e-10
2.635554068221455801e-10
2.594381900203251589e-10
2.562945473450020107e-10
2.531073777472033078e-10
2.487963379292636004e-10
2.455213748689217237e-10
2.422142791687519580e-10
2.377601120547207132e-10
2.343897072879643413e-10
2.298613169255225957e-10
2.264424723532139290e-10
2.218585577463238474e-10
2.184044957584741703e-10
2.137816773706458445e-10
2.103041447578777936e-10
2.056571802316140268e-10
2.010023937019764958e-10
1.975085777778018050e-10
1.928495281551037810e-10
1.881929771553817208e-10
1.847041877676467302e-10
1.800597744679945004e-10
1.754263534636951855e-10
1.708066175812258065e-10
1.662030683493393291e-10
1.627624319875075019e-10
1.581429825982506865e-10
1.524618077475294257e-10
1.454732915354561984e-10
1.373851927517455859e-10
1.283900669543951825e-10
1.186662390777360777e-10
1.083787141482573897e-10
9.768003019521919682e-11
8.671105715858348667e-11
7.560174533334924563e-11
6.447182664515109717e-11
5.343147182573086796e-11
3.991038354840399808e-11
2.942895711591917913e-11
1.933630352246873597e-11
9.708380295519673197e-12
-1.568136242424559263e-12
-9.906842052520689729e-12
-1.757819713840240470e-11
-2.615285568809627851e-11
-3.214658098460789172e-11
-3.732755887143591370e-11
-4.260783315571948219e-11
-4.583805732092706842e-11
-4.859005495838819764e-11
-4.973557059859272973e-11
-4.981623304506368076e-11
-4.876867216736639288e-11
-4.609359709281559847e-11
-4.198688819526869048e-11
-3.772955433473112296e-11
-3.126278714253081624e-11
-2.359745686933376849e-11
-1.665284447105935045e-11
-7.016781752189500751e-12
3.617206801841417400e-12
1.518442984209590400e-11
2.762355521133902207e-11
4.087643386930348738e-11
5.488793362437838269e-11
6.660812131248797263e-11
8.185523945845637622e-11
9.772135427463026346e-11
1.175145332961911624e-10
1.345872231094992778e-10
1.521428787199340076e-10
1.701435396293949564e-10
1.885532218492344908e-10
2.073378174770237419e-10
2.303288217007576161e-10
2.498268110803694944e-10
2.696021004635878705e-10
2.896274804041508880e-10
3.167488534579435193e-10
3.534751644423785475e-10
4.145249386178663077e-10
4.774233883263575015e-10
5.648163902902272436e-10
6.457455198083581414e-10
7.504241837715323691e-10
8.423930601668200029e-10
9.565931561132957637e-10
1.073125891823579308e-09
1.170712253807775689e-09
1.286948348264062097e-09
1.400800037158233138e-09
1.510874331075757310e-09
1.615904375043706282e-09
1.714740651726040164e-09
1.806342773969985235e-09
1.889771826326606151e-09
1.964183218062387325e-09
2.028820012853615404e-09
2.083006702829169049e-09
2.126143396915378675e-09
2.157700395554849910e-09
2.177213125831314794e-09
2.184277412848453588e-09
2.176324026875609941e-09
2.155253433871584275e-09
2.119536841281281561e-09
2.060451764579607537e-09
1.996977379121504594e-09
1.910347321102856107e-09
1.827119816328491869e-09
1.721609395647792545e-09
1.625513343356723631e-09
1.508562929296872318e-09
1.388152294774374697e-09
1.265973552411393424e-09
1.161020953356059186e-09
1.039573591703014154e-09
9.204475917719708791e-10
8.048417153242147571e-10
6.938473804235982094e-10
5.884560502297388013e-10
4.895661333463595019e-10
3.979894287432646836e-10
3.144571459358837438e-10
2.396255289450250350e-10
1.740811105594701884e-10
1.112117663456254456e-10
6.724829152712787899e-11
3.401446206339327188e-11
9.613637588758895827e-12
4.779047822624133792e-13
0.000000000000000000e+00
0.000000000000000000e+00
0.000000000000000000e+00
0.000000000000000000e+00
0.000000000000000000e+00
0.000000000000000000e+00
0.000000000000000000e+00
0.000000000000000000e+00
0.000000000000000000e+00
0.000000000000000000e+00
0.000000000000000000e+00
0.000000000000000000e+00
0.000000000000000000e+00
0.000000000000000000e+00
0.000000000000000000e+00
0.000000000000000000e+00
0.000000000000000000e+00
0.000000000000000000e+00
0.000000000000000000e+00
0.000000000000000000e+00
0.000000000000000000e+00
0.000000000000000000e+00
0.000000000000000000e+00
0.000000000000000000e+00
0.000000000000000000e+00
0.000000000000000000e+00
0.000000000000000000e+00
0.000000000000000000e+00
0.000000000000000000e+00
0.000000000000000000e+00
0.000000000000000000e+00
0.000000000000000000e+00
0.000000000000000000e+00
0.000000000000000000e+00
0.000000000000000000e+00
0.000000000000000000e+00
0.000000000000000000e+00
0.000000000000000000e+00
0.000000000000000000e+00
0.000000000000000000e+00
0.000000000000000000e+00
0.000000000000000000e+00
0.000000000000000000e+00
0.000000000000000000e+00
0.000000000000000000e+00
0.000000000000000000e+00
0.000000000000000000e+00
0.000000000000000000e+00
0.000000000000000000e+00
0.000000000000000000e+00
0.000000000000000000e+00
0.000000000000000000e+00
0.000000000000000000e+00
0.000000000000000000e+00
0.000000000000000000e+00
0.000000000000000000e+00
0.000000000000000000e+00
0.000000000000000000e+00
0.000000000000000000e+00
0.000000000000000000e+00
0.000000000000000000e+00
0.000000000000000000e+00
0.000000000000000000e+00
0.000000000000000000e+00
0.000000000000000000e+00
0.000000000000000000e+00
0.000000000000000000e+00
0.000000000000000000e+00
0.000000000000000000e+00
0.000000000000000000e+00
0.000000000000000000e+00
0.000000000000000000e+00
0.000000000000000000e+00
0.000000000000000000e+00
0.000000000000000000e+00
0.000000000000000000e+00
0.000000000000000000e+00
0.000000000000000000e+00
0.000000000000000000e+00
0.000000000000000000e+00
0.000000000000000000e+00
0.000000000000000000e+00
0.000000000000000000e+00
0.000000000000000000e+00
0.000000000000000000e+00
0.000000000000000000e+00
0.000000000000000000e+00
0.000000000000000000e+00
0.000000000000000000e+00
0.000000000000000000e+00
0.000000000000000000e+00
0.000000000000000000e+00
0.000000000000000000e+00
0.000000000000000000e+00
0.000000000000000000e+00
0.000000000000000000e+00
0.000000000000000000e+00
0.000000000000000000e+00
0.000000000000000000e+00
0.000000000000000000e+00
0.000000000000000000e+00
0.000000000000000000e+00
0.000000000000000000e+00
0.000000000000000000e+00
0.000000000000000000e+00
0.000000000000000000e+00
0.000000000000000000e+00
0.000000000000000000e+00
0.000000000000000000e+00
0.000000000000000000e+00
0.000000000000000000e+00
0.000000000000000000e+00
0.000000000000000000e+00
0.000000000000000000e+00
0.000000000000000000e+00
0.000000000000000000e+00
0.000000000000000000e+00
0.000000000000000000e+00
0.000000000000000000e+00
0.000000000000000000e+00
0.000000000000000000e+00
0.000000000000000000e+00
0.000000000000000000e+00
0.000000000000000000e+00
0.000000000000000000e+00
0.000000000000000000e+00
0.000000000000000000e+00
0.000000000000000000e+00
0.000000000000000000e+00
0.000000000000000000e+00
0.000000000000000000e+00
0.000000000000000000e+00
0.000000000000000000e+00
0.000000000000000000e+00
0.000000000000000000e+00
0.000000000000000000e+00
0.000000000000000000e+00
0.000000000000000000e+00
0.000000000000000000e+00
0.000000000000000000e+00
0.000000000000000000e+00
0.000000000000000000e+00
0.000000000000000000e+00
0.000000000000000000e+00
0.000000000000000000e+00
0.000000000000000000e+00
0.000000000000000000e+00
0.000000000000000000e+00
0.000000000000000000e+00
0.000000000000000000e+00
0.000000000000000000e+00
0.000000000000000000e+00
0.000000000000000000e+00
0.000000000000000000e+00
0.000000000000000000e+00
0.000000000000000000e+00
0.000000000000000000e+00
0.000000000000000000e+00
0.000000000000000000e+00
0.000000000000000000e+00
0.000000000000000000e+00
0.000000000000000000e+00
0.000000000000000000e+00
0.000000000000000000e+00
0.000000000000000000e+00
0.000000000000000000e+00
0.000000000000000000e+00
0.000000000000000000e+00
0.000000000000000000e+00
0.000000000000000000e+00
0.000000000000000000e+00
0.000000000000000000e+00
0.000000000000000000e+00
0.000000000000000000e+00
0.000000000000000000e+00
0.000000000000000000e+00
0.000000000000000000e+00
0.000000000000000000e+00
0.000000000000000000e+00
0.000000000000000000e+00
0.000000000000000000e+00
0.000000000000000000e+00
0.000000000000000000e+00
0.000000000000000000e+00
0.000000000000000000e+00
0.000000000000000000e+00
0.000000000000000000e+00
0.000000000000000000e+00
0.000000000000000000e+00
0.000000000000000000e+00
0.000000000000000000e+00
0.000000000000000000e+00
0.000000000000000000e+00
0.000000000000000000e+00
0.000000000000000000e+00
0.000000000000000000e+00
0.000000000000000000e+00
0.000000000000000000e+00
0.000000000000000000e+00
0.000000000000000000e+00
0.000000000000000000e+00
0.000000000000000000e+00
0.000000000000000000e+00
0.000000000000000000e+00
0.000000000000000000e+00
0.000000000000000000e+00
0.000000000000000000e+00
0.000000000000000000e+00
0.000000000000000000e+00
0.000000000000000000e+00
0.000000000000000000e+00
0.000000000000000000e+00
0.000000000000000000e+00
0.000000000000000000e+00
0.000000000000000000e+00
0.000000000000000000e+00
0.000000000000000000e+00
0.000000000000000000e+00
0.000000000000000000e+00
0.000000000000000000e+00
0.000000000000000000e+00
0.000000000000000000e+00
0.000000000000000000e+00
0.000000000000000000e+00
0.000000000000000000e+00
0.000000000000000000e+00
0.000000000000000000e+00
0.000000000000000000e+00
0.000000000000000000e+00
0.000000000000000000e+00
0.000000000000000000e+00
0.000000000000000000e+00
0.000000000000000000e+00
0.000000000000000000e+00
0.000000000000000000e+00
0.000000000000000000e+00
0.000000000000000000e+00
0.000000000000000000e+00
0.000000000000000000e+00
0.000000000000000000e+00
0.000000000000000000e+00
0.000000000000000000e+00
0.000000000000000000e+00
0.000000000000000000e+00
0.000000000000000000e+00
0.000000000000000000e+00
0.000000000000000000e+00
0.000000000000000000e+00
0.000000000000000000e+00
0.000000000000000000e+00
0.000000000000000000e+00
0.000000000000000000e+00
0.000000000000000000e+00
0.000000000000000000e+00
0.000000000000000000e+00
0.000000000000000000e+00
0.000000000000000000e+00
0.000000000000000000e+00
0.000000000000000000e+00
0.000000000000000000e+00
0.000000000000000000e+00
0.000000000000000000e+00
0.000000000000000000e+00
0.000000000000000000e+00
0.000000000000000000e+00
0.000000000000000000e+00
0.000000000000000000e+00
0.000000000000000000e+00
0.000000000000000000e+00
0.000000000000000000e+00
0.000000000000000000e+00
0.000000000000000000e+00
0.000000000000000000e+00
0.000000000000000000e+00
0.000000000000000000e+00
0.000000000000000000e+00
0.000000000000000000e+00
0.000000000000000000e+00
0.000000000000000000e+00
0.000000000000000000e+00
0.000000000000000000e+00
0.000000000000000000e+00
0.000000000000000000e+00
0.000000000000000000e+00
0.000000000000000000e+00
0.000000000000000000e+00
0.000000000000000000e+00
0.000000000000000000e+00
0.000000000000000000e+00
0.000000000000000000e+00
0.000000000000000000e+00
0.000000000000000000e+00
0.000000000000000000e+00
0.000000000000000000e+00
0.000000000000000000e+00
0.000000000000000000e+00
0.000000000000000000e+00
0.000000000000000000e+00
0.000000000000000000e+00
0.000000000000000000e+00
0.000000000000000000e+00
0.000000000000000000e+00
0.000000000000000000e+00
0.000000000000000000e+00
0.000000000000000000e+00
0.000000000000000000e+00
0.000000000000000000e+00
0.000000000000000000e+00
0.000000000000000000e+00
0.000000000000000000e+00
0.000000000000000000e+00
0.000000000000000000e+00
0.000000000000000000e+00
0.000000000000000000e+00
0.000000000000000000e+00
0.000000000000000000e+00
0.000000000000000000e+00
0.000000000000000000e+00
0.000000000000000000e+00
0.000000000000000000e+00
0.000000000000000000e+00
0.000000000000000000e+00
0.000000000000000000e+00
0.000000000000000000e+00
0.000000000000000000e+00
0.000000000000000000e+00
0.000000000000000000e+00
0.000000000000000000e+00
0.000000000000000000e+00
0.000000000000000000e+00
0.000000000000000000e+00
0.000000000000000000e+00
0.000000000000000000e+00
0.000000000000000000e+00
0.000000000000000000e+00
0.000000000000000000e+00
0.000000000000000000e+00
0.000000000000000000e+00
0.000000000000000000e+00
0.000000000000000000e+00
0.000000000000000000e+00
0.000000000000000000e+00
0.000000000000000000e+00
0.000000000000000000e+00
0.000000000000000000e+00
0.000000000000000000e+00
0.000000000000000000e+00
0.000000000000000000e+00
0.000000000000000000e+00
0.000000000000000000e+00
0.000000000000000000e+00
0.000000000000000000e+00
0.000000000000000000e+00
0.000000000000000000e+00
0.000000000000000000e+00
0.000000000000000000e+00
0.000000000000000000e+00
0.000000000000000000e+00
0.000000000000000000e+00
0.000000000000000000e+00
0.000000000000000000e+00
0.000000000000000000e+00
0.000000000000000000e+00
0.000000000000000000e+00
0.000000000000000000e+00
0.000000000000000000e+00
0.000000000000000000e+00
0.000000000000000000e+00
0.000000000000000000e+00
0.000000000000000000e+00
0.000000000000000000e+00
0.000000000000000000e+00
0.000000000000000000e+00
0.000000000000000000e+00
0.000000000000000000e+00
0.000000000000000000e+00
0.000000000000000000e+00
0.000000000000000000e+00
0.000000000000000000e+00
0.000000000000000000e+00
0.000000000000000000e+00
0.000000000000000000e+00
0.000000000000000000e+00
0.000000000000000000e+00
0.000000000000000000e+00
0.000000000000000000e+00
0.000000000000000000e+00
0.000000000000000000e+00
0.000000000000000000e+00
0.000000000000000000e+00
0.000000000000000000e+00
0.000000000000000000e+00
0.000000000000000000e+00
0.000000000000000000e+00
0.000000000000000000e+00
0.000000000000000000e+00
0.000000000000000000e+00
0.000000000000000000e+00
0.000000000000000000e+00
0.000000000000000000e+00
0.000000000000000000e+00
0.000000000000000000e+00
0.000000000000000000e+00
0.000000000000000000e+00
0.000000000000000000e+00
0.000000000000000000e+00
0.000000000000000000e+00
0.000000000000000000e+00
0.000000000000000000e+00
0.000000000000000000e+00
0.000000000000000000e+00
0.000000000000000000e+00
0.000000000000000000e+00
0.000000000000000000e+00
0.000000000000000000e+00
0.000000000000000000e+00
0.000000000000000000e+00
0.000000000000000000e+00
0.000000000000000000e+00
0.000000000000000000e+00
0.000000000000000000e+00
0.000000000000000000e+00
0.000000000000000000e+00
0.000000000000000000e+00
0.000000000000000000e+00
0.000000000000000000e+00
0.000000000000000000e+00
0.000000000000000000e+00
0.000000000000000000e+00
0.000000000000000000e+00
0.000000000000000000e+00
0.000000000000000000e+00
0.000000000000000000e+00
0.000000000000000000e+00
0.000000000000000000e+00
0.000000000000000000e+00
0.000000000000000000e+00
0.000000000000000000e+00
0.000000000000000000e+00
0.000000000000000000e+00
0.000000000000000000e+00
0.000000000000000000e+00
0.000000000000000000e+00
0.000000000000000000e+00
0.000000000000000000e+00
0.000000000000000000e+00
0.000000000000000000e+00
0.000000000000000000e+00
0.000000000000000000e+00
0.000000000000000000e+00
0.000000000000000000e+00
0.000000000000000000e+00
0.000000000000000000e+00
0.000000000000000000e+00
0.000000000000000000e+00
0.000000000000000000e+00
0.000000000000000000e+00
0.000000000000000000e+00
0.000000000000000000e+00
0.000000000000000000e+00
0.000000000000000000e+00
0.000000000000000000e+00
0.000000000000000000e+00
0.000000000000000000e+00
0.000000000000000000e+00
0.000000000000000000e+00
0.000000000000000000e+00
0.000000000000000000e+00
0.000000000000000000e+00
0.000000000000000000e+00
0.000000000000000000e+00
0.000000000000000000e+00
0.000000000000000000e+00
0.000000000000000000e+00
0.000000000000000000e+00
0.000000000000000000e+00
0.000000000000000000e+00
0.000000000000000000e+00
0.000000000000000000e+00
0.000000000000000000e+00
0.000000000000000000e+00
0.000000000000000000e+00
0.000000000000000000e+00
0.000000000000000000e+00
0.000000000000000000e+00
0.000000000000000000e+00
0.000000000000000000e+00
0.000000000000000000e+00
0.000000000000000000e+00
0.000000000000000000e+00
0.000000000000000000e+00
0.000000000000000000e+00
0.000000000000000000e+00
0.000000000000000000e+00
0.000000000000000000e+00
0.000000000000000000e+00
0.000000000000000000e+00
0.000000000000000000e+00
0.000000000000000000e+00
0.000000000000000000e+00
0.000000000000000000e+00
0.000000000000000000e+00
0.000000000000000000e+00
0.000000000000000000e+00
0.000000000000000000e+00
0.000000000000000000e+00
0.000000000000000000e+00
0.000000000000000000e+00
0.000000000000000000e+00
0.000000000000000000e+00
0.000000000000000000e+00
0.000000000000000000e+00
0.000000000000000000e+00
0.000000000000000000e+00
0.000000000000000000e+00
0.000000000000000000e+00
nan
