# bin_5_1
-2.879664240796304165e-06
-6.971136791898920067e-07
-9.396541220810340245e-08
-1.013711873917003329e-07
2.430355893279019433e-08
-1.202623430512684115e-07
-1.791457902552501369e-08
-3.568427611186846099e-08
5.826900403360743356e-08
-1.232623756245972705e-07
-7.676799724488919465e-08
7.763923238994950332e-08
1.839124726757487745e-08
-1.444916268163829948e-07
-2.251019045583139541e-07
-1.784105921657979620e-07
-1.276830420009672448e-07
-1.007883080541651310e-07
-1.180546848122443371e-07
-1.566631384251359500e-07
-1.839936350708695253e-07
-1.841752464462546351e-07
-1.643623812692519534e-07
-1.424508314571050939e-07
-1.239731226205194365e-07
-1.119148286025597086e-07
-1.646207378317465447e-07
-2.799592611800668626e-07
-3.935911658440673361e-07
-4.656836749523152894e-07
-4.731150243842781416e-07
-3.465479282520360737e-07
-1.068370923696844414e-07
1.536742106283650897e-07
3.726890623798347954e-07
5.096986833661926240e-07
5.399282762714188811e-07
4.034563356626280321e-07
1.277223422930633217e-07
-1.955866979528336910e-07
-5.002426733841120706e-07
-7.394520386081439822e-07
-8.812227121776996142e-07
-9.047944321478701688e-07
-8.235818540690906468e-07
-6.860011174902228631e-07
-5.237231505903046448e-07
-3.608671501623289537e-07
-2.155412171790542457e-07
-1.010752197203431662e-07
-2.700880088881615903e-08
1.159317196255552326e-10
1.992058823399159721e-09
3.476214147833937416e-09
4.619202166859974710e-09
5.465422183758534711e-09
6.053720363359496460e-09
6.418119817018391691e-09
6.588447570670707056e-09
6.590874117684489192e-09
6.448378686499669613e-09
6.169424589063370526e-09
5.782107900847948383e-09
5.330114194339009573e-09
4.849411834793455599e-09
4.369428940313549955e-09
3.914053479230262465e-09
3.502483846332003307e-09
3.149952840808547646e-09
2.868344300867841263e-09
2.666718598561738922e-09
2.551760654416781428e-09
3.166164672898344989e-09
4.889512955678707105e-09
7.375718009767371448e-09
1.033053472023891316e-08
1.350478548190454591e-08
1.668846144197943109e-08
1.970558296355610038e-08
2.240971876159457312e-08
2.468007709799762047e-08
2.641809432409437563e-08
2.754445624017481059e-08
2.799649646469530856e-08
2.772592349037966781e-08
2.682352575684439948e-08
2.549006634425753261e-08
2.383975234218650160e-08
2.197219615142725578e-08
1.997404901510867867e-08
1.792045312992568544e-08
1.587633317129599202e-08
1.389754555425597627e-08
1.203190155961690340e-08
1.032007853930221061e-08
8.796431739001159028e-09
7.489717808615220687e-09
6.423739784156558011e-09
5.617922195283518151e-09
5.087823960241907910e-09
4.845595857088138191e-09
4.822431159421148996e-09
4.923525913918994008e-09
5.122085639560888335e-09
5.394218533202805155e-09
5.718658851080485055e-09
6.076516501907843427e-09
6.451050279067351353e-09
6.827462424882818558e-09
7.192712456492244111e-09
7.535348393750679781e-09
7.845353717813912219e-09
8.114008557175342797e-09
8.333763748210921174e-09
8.498126551733917010e-09
8.601556927436063109e-09
8.639373375946287960e-09
8.607667454950182064e-09
8.503226162594534778e-09
8.307957562528740152e-09
8.018188136616577334e-09
7.651504826371324197e-09
7.223866791445952000e-09
6.749738175797314157e-09
6.242210087691261862e-09
5.713112702573214093e-09
5.173118317152364961e-09
4.631836109950091482e-09
4.097899297291468913e-09
3.579045313595074135e-09
3.082189590239667431e-09
2.613493457712781857e-09
2.178426650691700072e-09
1.781824854735614642e-09
1.427942695988202738e-09
1.120502541348785974e-09
8.627394456550087268e-10
6.574425542422948703e-10
5.069932435507073996e-10
4.134002590082482989e-10
3.783320880197683151e-10
3.919572093611942507e-10
4.397391933178601941e-10
5.163827915615432364e-10
6.170091138228179802e-10
7.371267135113542409e-10
8.726046759874534809e-10
1.019647565433069478e-09
1.174772097194361473e-09
1.334785412513893000e-09
1.496764841813005328e-09
1.658039051193607047e-09
1.816170474663164291e-09
1.968938941805189606e-09
2.114326417271394052e-09
2.250502774605815443e-09
2.375812532571646817e-09
2.488762487373714504e-09
2.588010178992402213e-09
2.672353134297848343e-09
2.740718833728949208e-09
2.792155352125601646e-09
2.825822627819465464e-09
2.840984317343072771e-09
2.837000196127451895e-09
2.813319068346006615e-09
2.779028250194162790e-09
2.743660693890712654e-09
2.707387355522251646e-09
2.670367684482498520e-09
2.632750303681071728e-09
2.594673649594909410e-09
2.556266574628961568e-09
2.478932019950641453e-09
2.440219263364181279e-09
2.401606507916924615e-09
2.363182555289949975e-09
2.325029565045230039e-09
2.287223450068536206e-09
2.249834249125957523e-09
2.212926477896794200e-09
2.140787637535208404e-09
2.105660867292786638e-09
2.071224695302574951e-09
2.037520619095112471e-09
2.004586333573276307e-09
1.972455963043018622e-09
1.941160279982392997e-09
1.881180532930619428e-09
1.852543053071240794e-09
1.824833785321950483e-09
1.798069611705384306e-09
1.746985935561275308e-09
1.721818041650875808e-09
1.696802900181438208e-09
1.671979118941378035e-09
1.647382620553970135e-09
1.599002596576649095e-09
1.575278753865378583e-09
1.551901812801677470e-09
1.506284792931166334e-09
1.484088090035148312e-09
1.462325245217788248e-09
1.441013694860832228e-09
1.399806635847694434e-09
1.379938663331083955e-09
1.360577214639528722e-09
1.323415023553075026e-09
1.305632036341126162e-09
1.288391210544418998e-09
1.255560517635165070e-09
1.239980667437670512e-09
1.210510877379855346e-09
1.196626254904572720e-09
1.183310879447222610e-09
1.158391283458043319e-09
1.146787327786126802e-09
1.125287807790269002e-09
1.115389482182703787e-09
1.109842592301480670e-09
1.116944413512521008e-09
1.130296562708112289e-09
1.174801692445306361e-09
1.205499197813564335e-09
1.282701423946794731e-09
1.328794428743347218e-09
1.434985445985250795e-09
1.494711206131060706e-09
1.626538181029517064e-09
1.698302760225981720e-09
1.852733675297585468e-09
2.020693695106760063e-09
2.109388129891127352e-09
2.295528725455722998e-09
2.392717312122491887e-09
2.594718591549710093e-09
2.806115130447661713e-09
2.915061938726921496e-09
3.138934578493806021e-09
3.253663371483593541e-09
3.488237462299468010e-09
3.729044631306512262e-09
3.851575649995000427e-09
4.100496709819225138e-09
4.354065639461078653e-09
4.482415742497548157e-09
5.075635162557694989e-09
6.269963895791578148e-09
7.966842568790461185e-09
8.975155497375284020e-09
1.125850899063215219e-08
1.383197481331527980e-08
1.662272246340192839e-08
1.807852438292457006e-08
2.107207048689770659e-08
2.412696529068125332e-08
2.719018147683547918e-08
3.021345841710626166e-08
3.169625605524836284e-08
3.457871808026525658e-08
3.731923495020557702e-08
3.988366321346640790e-08
4.224125133279201026e-08
4.436439060345699443e-08
4.622838347439906800e-08
4.781122803370001015e-08
4.909341751186444411e-08
5.005775374114458559e-08
5.068917358739603118e-08
5.097458744308858159e-08
5.090272893667833040e-08
5.046401507501895785e-08
4.975046302122482337e-08
4.887290678878771273e-08
4.785018914713899889e-08
4.669990521025626288e-08
4.543847727362759072e-08
4.408122512944887397e-08
4.264243214528353879e-08
4.113540737238475880e-08
3.957254393219687202e-08
3.796537391312085921e-08
3.632461999434273377e-08
3.466024399931878602e-08
3.213943070844692103e-08
3.045499422555389069e-08
2.877644575346044197e-08
2.711085088952614726e-08
2.546473440938006413e-08
2.304511176948275432e-08
2.147297792922662470e-08
1.993935538556964714e-08
1.844871327732860554e-08
1.630217779379916934e-08
1.493608289810052911e-08
1.362574465600727302e-08
1.177109292066930442e-08
1.061230425390477345e-08
9.502569248940269101e-09
7.760514465893091658e-09
6.546472965936506915e-09
4.670184729296848787e-09
3.395273722699266144e-09
2.110587151487411124e-09
1.815231827439375230e-10
-1.095828247224023213e-09
-2.983048850057985359e-09
-4.213585937937901839e-09
-6.004831732441270847e-09
-7.155644333551920135e-09
-8.805973195166700268e-09
-1.035354679653238350e-08
-1.132231611498745746e-08
-1.267322994942029701e-08
-1.350159450274009254e-08
-1.462953176650023302e-08
-1.561337677950994867e-08
-1.618601300815594557e-08
-1.691592923317178684e-08
-1.748675916821746004e-08
-1.777691962140736988e-08
-1.807407933809268369e-08
-1.820313151264938970e-08
-1.816196326387600752e-08
-1.803918039798820894e-08
-1.771276866684676507e-08
-1.723297208014548045e-08
-1.662279428274120239e-08
-1.590351451281049363e-08
-1.537315851548910982e-08
-1.451500410509995651e-08
-1.359690600526185212e-08
-1.263474116765890949e-08
-1.164313398234145429e-08
-1.063553937580655742e-08
-9.624320489373914050e-09
-8.620821302780632992e-09
-7.635434542085847510e-09
-6.677665187083399662e-09
-5.756189871305280452e-09
-4.878912447225734261e-09
-4.053015970315111732e-09
-3.285011338018944397e-09
-2.361144554058846824e-09
-1.750100419424158625e-09
-1.214359524770330393e-09
-7.580099223623453252e-10
-3.846788500946232114e-10
-9.756471227382799886e-11
1.463541790505268859e-10
2.220456830442006747e-10
2.246565322284879818e-10
2.207030410383540793e-10
2.174491564575274651e-10
2.139888252974163979e-10
2.091129721040166167e-10
2.053006760106979597e-10
2.013879166627438544e-10
1.960615905237487851e-10
1.920174952072912882e-10
1.866036062460609076e-10
1.825544543000664668e-10
1.772077283503180284e-10
1.732599748178633559e-10
1.681104520809525258e-10
1.643532673466572410e-10
1.595094709734445412e-10
1.548817833575693839e-10
1.515686752775312616e-10
1.473803320768132295e-10
1.434731635038663881e-10
1.407386560520101149e-10
1.373671793973724931e-10
1.343228824516375683e-10
1.316185378958276165e-10
1.292650683660127962e-10
1.277358344153738907e-10
1.271104566238520628e-10
1.507583016400422948e-10
2.043687467181083969e-10
2.836636872581206196e-10
3.846729724490999401e-10
5.037148291639179106e-10
6.373775274194360443e-10
7.825022055854420793e-10
9.361667792129806726e-10
1.095670862619578126e-09
1.258521637251576174e-09
1.422420605367970305e-09
1.625560207155293018e-09
1.784337138939961573e-09
1.937889270768868587e-09
2.084614457613023845e-09
2.256201119651963499e-09
2.382404124421571659e-09
2.497475628117608361e-09
2.624029673177684286e-09
2.710271950012517921e-09
2.782247435900779661e-09
2.850994299043239498e-09
2.888192189723140339e-09
2.911474429836356547e-09
2.910907414754051487e-09
2.885492065624069439e-09
2.833356072252710483e-09
2.715146271777690346e-09
2.546218772188204178e-09
2.380068661884759418e-09
2.140003653451637317e-09
1.870533013014428669e-09
1.638179886209931793e-09
1.331848200588655589e-09
1.013075654666661476e-09
6.870189263399235494e-10
3.584106206033556998e-10
3.158795995334582058e-11
-2.894804214874437014e-10
-5.397450581639707211e-10
-8.415364620617158511e-10
-1.128215514304560344e-09
-1.448382804702792250e-09
-1.692388189657352619e-09
-1.913275642039606378e-09
-2.109040782092741875e-09
-2.277888017629186781e-09
-2.418215982487572636e-09
-2.546975637176730664e-09
-2.619795686006101537e-09
-2.660124299813061563e-09
-2.667037144407794438e-09
-2.632638221714573822e-09
-2.580174642967317078e-09
-2.494648787222172872e-09
-2.407269467830656410e-09
-2.286281190056894946e-09
-2.174338851911377207e-09
-2.029414070046490094e-09
-1.901811600965265765e-09
-1.742846003302869528e-09
-1.579873542413802669e-09
-1.442671800136933027e-09
-1.278200693446583022e-09
-1.115758394973460393e-09
-9.571318681416035501e-10
-8.039487060742058196e-10
-6.576881886221935148e-10
-5.196916006018241310e-10
-3.911718617726725249e-10
-2.732225154700292002e-10
-1.668261194615670365e-10
-7.286207950526354025e-11
7.886036775276524243e-12
7.472367073060410990e-11
1.270388957240521251e-10
1.642964621238759614e-10
1.881169226444841121e-10
1.914512628861057413e-10
1.882785563032337254e-10
1.830300261886393553e-10
1.773915935728315467e-10
1.696962414852704832e-10
1.623031383608326621e-10
1.529306427788732691e-10
1.443944259793269866e-10
1.340057152528159146e-10
1.233096329814893781e-10
1.124564896083641221e-10
1.031335453473597977e-10
9.234537055675353010e-11
8.176340243600243851e-11
7.149412704817965288e-11
6.163449511071696328e-11
5.227257834224881487e-11
4.348818242087661125e-11
3.535341948688793273e-11
2.793324291558577132e-11
2.128594689389530168e-11
1.546363315675479830e-11
9.878946382847075492e-12
5.973668867644010128e-12
3.021506248910158415e-12
8.539798746502481964e-13
4.245230406104689104e-14
0.000000000000000000e+00
0.000000000000000000e+00
0.000000000000000000e+00
0.000000000000000000e+00
0.000000000000000000e+00
0.000000000000000000e+00
0.000000000000000000e+00
0.000000000000000000e+00
0.000000000000000000e+00
0.000000000000000000e+00
0.000000000000000000e+00
0.000000000000000000e+00
0.000000000000000000e+00
0.000000000000000000e+00
0.000000000000000000e+00
0.000000000000000000e+00
0.000000000000000000e+00
0.000000000000000000e+00
0.000000000000000000e+00
0.000000000000000000e+00
0.000000000000000000e+00
0.000000000000000000e+00
0.000000000000000000e+00
0.000000000000000000e+00
0.000000000000000000e+00
0.000000000000000000e+00
0.000000000000000000e+00
0.000000000000000000e+00
0.000000000000000000e+00
0.000000000000000000e+00
0.000000000000000000e+00
0.000000000000000000e+00
0.000000000000000000e+00
0.000000000000000000e+00
0.000000000000000000e+00
0.000000000000000000e+00
0.000000000000000000e+00
0.000000000000000000e+00
0.000000000000000000e+00
0.000000000000000000e+00
0.000000000000000000e+00
0.000000000000000000e+00
0.000000000000000000e+00
0.000000000000000000e+00
0.000000000000000000e+00
0.000000000000000000e+00
0.000000000000000000e+00
0.000000000000000000e+00
0.000000000000000000e+00
0.000000000000000000e+00
0.000000000000000000e+00
0.000000000000000000e+00
0.000000000000000000e+00
0.000000000000000000e+00
0.000000000000000000e+00
0.000000000000000000e+00
0.000000000000000000e+00
0.000000000000000000e+00
0.000000000000000000e+00
0.000000000000000000e+00
0.000000000000000000e+00
0.000000000000000000e+00
0.000000000000000000e+00
0.000000000000000000e+00
0.000000000000000000e+00
0.000000000000000000e+00
0.000000000000000000e+00
0.000000000000000000e+00
0.000000000000000000e+00
0.000000000000000000e+00
0.000000000000000000e+00
0.000000000000000000e+00
0.000000000000000000e+00
0.000000000000000000e+00
0.000000000000000000e+00
0.000000000000000000e+00
0.000000000000000000e+00
0.000000000000000000e+00
0.000000000000000000e+00
0.000000000000000000e+00
0.000000000000000000e+00
0.000000000000000000e+00
0.000000000000000000e+00
0.000000000000000000e+00
0.000000000000000000e+00
0.000000000000000000e+00
0.000000000000000000e+00
0.000000000000000000e+00
0.000000000000000000e+00
0.000000000000000000e+00
0.000000000000000000e+00
0.000000000000000000e+00
0.000000000000000000e+00
0.000000000000000000e+00
0.000000000000000000e+00
0.000000000000000000e+00
0.000000000000000000e+00
0.000000000000000000e+00
0.000000000000000000e+00
0.000000000000000000e+00
0.000000000000000000e+00
0.000000000000000000e+00
0.000000000000000000e+00
0.000000000000000000e+00
0.000000000000000000e+00
0.000000000000000000e+00
0.000000000000000000e+00
0.000000000000000000e+00
0.000000000000000000e+00
0.000000000000000000e+00
0.000000000000000000e+00
0.000000000000000000e+00
0.000000000000000000e+00
0.000000000000000000e+00
0.000000000000000000e+00
0.000000000000000000e+00
0.000000000000000000e+00
0.000000000000000000e+00
0.000000000000000000e+00
0.000000000000000000e+00
0.000000000000000000e+00
0.000000000000000000e+00
0.000000000000000000e+00
0.000000000000000000e+00
0.000000000000000000e+00
0.000000000000000000e+00
0.000000000000000000e+00
0.000000000000000000e+00
0.000000000000000000e+00
0.000000000000000000e+00
0.000000000000000000e+00
0.000000000000000000e+00
0.000000000000000000e+00
0.000000000000000000e+00
0.000000000000000000e+00
0.000000000000000000e+00
0.000000000000000000e+00
0.000000000000000000e+00
0.000000000000000000e+00
0.000000000000000000e+00
0.000000000000000000e+00
0.000000000000000000e+00
0.000000000000000000e+00
0.000000000000000000e+00
0.000000000000000000e+00
0.000000000000000000e+00
0.000000000000000000e+00
0.000000000000000000e+00
0.000000000000000000e+00
0.000000000000000000e+00
0.000000000000000000e+00
0.000000000000000000e+00
0.000000000000000000e+00
0.000000000000000000e+00
0.000000000000000000e+00
0.000000000000000000e+00
0.000000000000000000e+00
0.000000000000000000e+00
0.000000000000000000e+00
0.000000000000000000e+00
0.000000000000000000e+00
0.000000000000000000e+00
0.000000000000000000e+00
0.000000000000000000e+00
0.000000000000000000e+00
0.000000000000000000e+00
0.000000000000000000e+00
0.000000000000000000e+00
0.000000000000000000e+00
0.000000000000000000e+00
0.000000000000000000e+00
0.000000000000000000e+00
0.000000000000000000e+00
0.000000000000000000e+00
0.000000000000000000e+00
0.000000000000000000e+00
0.000000000000000000e+00
0.000000000000000000e+00
0.000000000000000000e+00
0.000000000000000000e+00
0.000000000000000000e+00
0.000000000000000000e+00
0.000000000000000000e+00
0.000000000000000000e+00
0.000000000000000000e+00
0.000000000000000000e+00
0.000000000000000000e+00
0.000000000000000000e+00
0.000000000000000000e+00
0.000000000000000000e+00
0.000000000000000000e+00
0.000000000000000000e+00
0.000000000000000000e+00
0.000000000000000000e+00
0.000000000000000000e+00
0.000000000000000000e+00
0.000000000000000000e+00
0.000000000000000000e+00
0.000000000000000000e+00
0.000000000000000000e+00
0.000000000000000000e+00
0.000000000000000000e+00
0.000000000000000000e+00
0.000000000000000000e+00
0.000000000000000000e+00
0.000000000000000000e+00
0.000000000000000000e+00
0.000000000000000000e+00
0.000000000000000000e+00
0.000000000000000000e+00
0.000000000000000000e+00
0.000000000000000000e+00
0.000000000000000000e+00
0.000000000000000000e+00
0.000000000000000000e+00
0.000000000000000000e+00
0.000000000000000000e+00
0.000000000000000000e+00
0.000000000000000000e+00
0.000000000000000000e+00
0.000000000000000000e+00
0.000000000000000000e+00
0.000000000000000000e+00
0.000000000000000000e+00
0.000000000000000000e+00
0.000000000000000000e+00
0.000000000000000000e+00
0.000000000000000000e+00
0.000000000000000000e+00
0.000000000000000000e+00
0.000000000000000000e+00
0.000000000000000000e+00
0.000000000000000000e+00
0.000000000000000000e+00
0.000000000000000000e+00
0.000000000000000000e+00
0.000000000000000000e+00
0.000000000000000000e+00
0.000000000000000000e+00
0.000000000000000000e+00
0.000000000000000000e+00
0.000000000000000000e+00
0.000000000000000000e+00
0.000000000000000000e+00
0.000000000000000000e+00
0.000000000000000000e+00
0.000000000000000000e+00
0.000000000000000000e+00
0.000000000000000000e+00
0.000000000000000000e+00
0.000000000000000000e+00
0.000000000000000000e+00
0.000000000000000000e+00
0.000000000000000000e+00
0.000000000000000000e+00
0.000000000000000000e+00
0.000000000000000000e+00
0.000000000000000000e+00
0.000000000000000000e+00
0.000000000000000000e+00
0.000000000000000000e+00
0.000000000000000000e+00
0.000000000000000000e+00
0.000000000000000000e+00
0.000000000000000000e+00
0.000000000000000000e+00
0.000000000000000000e+00
0.000000000000000000e+00
0.000000000000000000e+00
0.000000000000000000e+00
0.000000000000000000e+00
0.000000000000000000e+00
0.000000000000000000e+00
0.000000000000000000e+00
0.000000000000000000e+00
0.000000000000000000e+00
0.000000000000000000e+00
0.000000000000000000e+00
0.000000000000000000e+00
0.000000000000000000e+00
0.000000000000000000e+00
0.000000000000000000e+00
0.000000000000000000e+00
0.000000000000000000e+00
0.000000000000000000e+00
0.000000000000000000e+00
0.000000000000000000e+00
0.000000000000000000e+00
0.000000000000000000e+00
0.000000000000000000e+00
0.000000000000000000e+00
0.000000000000000000e+00
0.000000000000000000e+00
0.000000000000000000e+00
0.000000000000000000e+00
0.000000000000000000e+00
0.000000000000000000e+00
0.000000000000000000e+00
0.000000000000000000e+00
0.000000000000000000e+00
0.000000000000000000e+00
0.000000000000000000e+00
0.000000000000000000e+00
0.000000000000000000e+00
0.000000000000000000e+00
0.000000000000000000e+00
0.000000000000000000e+00
0.000000000000000000e+00
0.000000000000000000e+00
0.000000000000000000e+00
0.000000000000000000e+00
0.000000000000000000e+00
0.000000000000000000e+00
0.000000000000000000e+00
0.000000000000000000e+00
0.000000000000000000e+00
0.000000000000000000e+00
0.000000000000000000e+00
0.000000000000000000e+00
0.000000000000000000e+00
0.000000000000000000e+00
0.000000000000000000e+00
0.000000000000000000e+00
0.000000000000000000e+00
0.000000000000000000e+00
0.000000000000000000e+00
0.000000000000000000e+00
0.000000000000000000e+00
0.000000000000000000e+00
0.000000000000000000e+00
0.000000000000000000e+00
0.000000000000000000e+00
0.000000000000000000e+00
0.000000000000000000e+00
0.000000000000000000e+00
0.000000000000000000e+00
0.000000000000000000e+00
0.000000000000000000e+00
0.000000000000000000e+00
0.000000000000000000e+00
0.000000000000000000e+00
0.000000000000000000e+00
0.000000000000000000e+00
0.000000000000000000e+00
0.000000000000000000e+00
0.000000000000000000e+00
0.000000000000000000e+00
0.000000000000000000e+00
0.000000000000000000e+00
0.000000000000000000e+00
0.000000000000000000e+00
0.000000000000000000e+00
0.000000000000000000e+00
0.000000000000000000e+00
0.000000000000000000e+00
0.000000000000000000e+00
0.000000000000000000e+00
0.000000000000000000e+00
0.000000000000000000e+00
0.000000000000000000e+00
0.000000000000000000e+00
0.000000000000000000e+00
0.000000000000000000e+00
0.000000000000000000e+00
0.000000000000000000e+00
0.000000000000000000e+00
0.000000000000000000e+00
0.000000000000000000e+00
0.000000000000000000e+00
0.000000000000000000e+00
0.000000000000000000e+00
0.000000000000000000e+00
0.000000000000000000e+00
0.000000000000000000e+00
0.000000000000000000e+00
0.000000000000000000e+00
0.000000000000000000e+00
0.000000000000000000e+00
0.000000000000000000e+00
0.000000000000000000e+00
0.000000000000000000e+00
0.000000000000000000e+00
0.000000000000000000e+00
0.000000000000000000e+00
0.000000000000000000e+00
0.000000000000000000e+00
0.000000000000000000e+00
0.000000000000000000e+00
0.000000000000000000e+00
0.000000000000000000e+00
0.000000000000000000e+00
0.000000000000000000e+00
0.000000000000000000e+00
0.000000000000000000e+00
0.000000000000000000e+00
0.000000000000000000e+00
0.000000000000000000e+00
0.000000000000000000e+00
0.000000000000000000e+00
0.000000000000000000e+00
0.000000000000000000e+00
0.000000000000000000e+00
0.000000000000000000e+00
0.000000000000000000e+00
0.000000000000000000e+00
0.000000000000000000e+00
0.000000000000000000e+00
0.000000000000000000e+00
0.000000000000000000e+00
0.000000000000000000e+00
0.000000000000000000e+00
0.000000000000000000e+00
0.000000000000000000e+00
0.000000000000000000e+00
0.000000000000000000e+00
0.000000000000000000e+00
0.000000000000000000e+00
0.000000000000000000e+00
0.000000000000000000e+00
0.000000000000000000e+00
0.000000000000000000e+00
0.000000000000000000e+00
0.000000000000000000e+00
0.000000000000000000e+00
0.000000000000000000e+00
0.000000000000000000e+00
0.000000000000000000e+00
0.000000000000000000e+00
0.000000000000000000e+00
0.000000000000000000e+00
0.000000000000000000e+00
0.000000000000000000e+00
0.000000000000000000e+00
0.000000000000000000e+00
0.000000000000000000e+00
0.000000000000000000e+00
0.000000000000000000e+00
0.000000000000000000e+00
0.000000000000000000e+00
0.000000000000000000e+00
0.000000000000000000e+00
0.000000000000000000e+00
0.000000000000000000e+00
0.000000000000000000e+00
0.000000000000000000e+00
0.000000000000000000e+00
0.000000000000000000e+00
0.000000000000000000e+00
0.000000000000000000e+00
0.000000000000000000e+00
0.000000000000000000e+00
0.000000000000000000e+00
0.000000000000000000e+00
0.000000000000000000e+00
0.000000000000000000e+00
0.000000000000000000e+00
0.000000000000000000e+00
0.000000000000000000e+00
0.000000000000000000e+00
0.000000000000000000e+00
0.000000000000000000e+00
0.000000000000000000e+00
0.000000000000000000e+00
0.000000000000000000e+00
0.000000000000000000e+00
0.000000000000000000e+00
0.000000000000000000e+00
0.000000000000000000e+00
0.000000000000000000e+00
0.000000000000000000e+00
0.000000000000000000e+00
0.000000000000000000e+00
0.000000000000000000e+00
0.000000000000000000e+00
0.000000000000000000e+00
0.000000000000000000e+00
0.000000000000000000e+00
0.000000000000000000e+00
0.000000000000000000e+00
0.000000000000000000e+00
0.000000000000000000e+00
0.000000000000000000e+00
0.000000000000000000e+00
0.000000000000000000e+00
0.000000000000000000e+00
0.000000000000000000e+00
0.000000000000000000e+00
0.000000000000000000e+00
0.000000000000000000e+00
0.000000000000000000e+00
0.000000000000000000e+00
0.000000000000000000e+00
0.000000000000000000e+00
0.000000000000000000e+00
0.000000000000000000e+00
0.000000000000000000e+00
0.000000000000000000e+00
0.000000000000000000e+00
0.000000000000000000e+00
0.000000000000000000e+00
0.000000000000000000e+00
0.000000000000000000e+00
0.000000000000000000e+00
0.000000000000000000e+00
0.000000000000000000e+00
0.000000000000000000e+00
0.000000000000000000e+00
0.000000000000000000e+00
0.000000000000000000e+00
0.000000000000000000e+00
0.000000000000000000e+00
0.000000000000000000e+00
0.000000000000000000e+00
0.000000000000000000e+00
0.000000000000000000e+00
0.000000000000000000e+00
nan
