# bin_14_10
-1.580131704784170016e-07
-1.141674053168369811e-07
-7.839225493950048977e-08
-5.477094276893767015e-08
-3.647129388222563782e-08
-2.446427267069356576e-08
-1.684081252594431792e-08
-9.560547605098546179e-09
-8.277108823283319615e-09
-2.585152697210929723e-09
-7.963280730388116011e-09
1.493178127856055438e-10
-5.920623838425205192e-09
-7.692248766264013002e-09
-7.439795771889168714e-09
-2.464974258170770283e-09
3.984007329825739178e-09
6.289772650263791104e-09
5.217587624784564572e-09
3.706138223654609384e-09
2.135928523686100970e-09
7.149273922037977352e-10
-8.913293853092978367e-10
-2.512753074016015495e-09
-3.571826725589467775e-09
-3.772504670030071190e-09
-2.552714522764104089e-09
-3.845415877524357607e-10
1.722399301078249731e-09
3.144200506158308906e-09
3.519859364800538058e-09
2.086914391212489300e-09
-7.654058975409500125e-10
-3.887295262105149002e-09
-6.502807322545602694e-09
-8.107122229341438323e-09
-8.391229550252415865e-09
-7.944317147793183916e-09
-7.491127126909842858e-09
-7.036977968474893693e-09
-6.585993237566365858e-09
-6.141342801828666662e-09
-5.705434635096152594e-09
-5.280067804956471264e-09
-4.677558706257286869e-09
-3.833704010046267916e-09
-2.901784301568876253e-09
-1.997940580114714160e-09
-1.208797844229847720e-09
-5.975607659916230307e-10
-2.088944322870604571e-10
-7.283647665396535920e-11
-7.366020295942575861e-11
-8.013599593695086830e-11
-9.034557575871636118e-11
-1.027389994478062795e-10
-1.160715818883027791e-10
-1.293515593366123094e-10
-1.417966076064709667e-10
-1.527976741706608213e-10
-1.618888634315600997e-10
-1.711946242636404905e-10
-1.822151220738561719e-10
-1.938217565482860853e-10
-2.050979888277646504e-10
-2.153061991895084102e-10
-2.238595912676285417e-10
-2.302983561391045627e-10
-2.342694374697804920e-10
-2.355093449652912684e-10
-2.338295515191310185e-10
-2.291040828706290046e-10
-2.181157470420458742e-10
-1.995345228404288352e-10
-1.757985507927714044e-10
-1.489795731424710987e-10
-1.208308637756327315e-10
-9.282895715003643944e-11
-6.621000376376415669e-11
-4.200146398871644434e-11
-2.104975342770461565e-11
-4.044368684259680006e-12
8.461049652483124285e-12
1.603032176558069818e-11
1.832865905969784231e-11
1.253958672551644587e-11
-2.280208427719812601e-12
-2.382952823841490976e-11
-5.009990205592193483e-11
-7.934287031501189361e-11
-1.100408992163048972e-10
-1.408815096746405405e-10
-1.707342539454746335e-10
-1.986302171936454687e-10
-2.237437595890201919e-10
-2.453762480371201847e-10
-2.629415560135893548e-10
-2.759531357149666554e-10
-2.840124893346327816e-10
-2.867988861276977883e-10
-2.840601893926863909e-10
-2.774641763222747601e-10
-2.690879724898740822e-10
-2.593072898217421970e-10
-2.484576527920209928e-10
-2.368382013052863807e-10
-2.247151348326914152e-10
-2.123248329017433653e-10
-1.998766834255175433e-10
-1.875556471365192558e-10
-1.755245835179527319e-10
-1.639263610611971829e-10
-1.528857723876024792e-10
-1.425112727246361355e-10
-1.328965583937365416e-10
-1.241220003259778412e-10
-1.162559461507842401e-10
-1.093559030837005106e-10
-1.034696126551866681e-10
-9.844598555456020563e-11
-9.404387252091588404e-11
-9.017544393557516643e-11
-8.676066333376676417e-11
-8.372666099293034214e-11
-8.100715805896348988e-11
-7.854193696799293882e-11
-7.627635429682344497e-11
-7.416089251557362715e-11
-7.215074742464544833e-11
-7.020544833821670894e-11
-6.828850833070988079e-11
-6.636710209368318699e-11
-6.441176916056691790e-11
-6.239614044765582082e-11
-6.029668623358157584e-11
-5.809248385776005342e-11
-5.576500356251246831e-11
-5.329791103501165576e-11
-5.067688532509823162e-11
-4.788945092442837397e-11
-4.492482289230574090e-11
-4.146334313726705122e-11
-3.727771921960483438e-11
-3.248925153108956392e-11
-2.720961726302543151e-11
-2.154154050308823176e-11
-1.557941586728740585e-11
-9.409889011226375955e-12
-3.112397111151355011e-12
3.240327828013740618e-12
9.581790195067391370e-12
1.585129408038022861e-11
2.199353640612708750e-11
2.795822778345298295e-11
3.369973915563382725e-11
3.917677242871452025e-11
4.435205342254825543e-11
4.919204559640412802e-11
5.366668311529825494e-11
5.774912192658198020e-11
6.141550761188246013e-11
6.464475886780769431e-11
6.741836555046321456e-11
6.972020029440061602e-11
7.153634278649127596e-11
7.285491583993072227e-11
7.386576165223682585e-11
7.476904695380097067e-11
7.556965658907601310e-11
7.627226436323515684e-11
7.688134268196491647e-11
7.740117171399711092e-11
7.783584810209938793e-11
7.846526118527862091e-11
7.866734608801535593e-11
7.879898939160270164e-11
7.886348658864378206e-11
7.886399369162783481e-11
7.880353338812202840e-11
7.868500090323993213e-11
7.851116958449859528e-11
7.800812612670350791e-11
7.768389795163068948e-11
7.731434831448984746e-11
7.690171618661704753e-11
7.644814708685003666e-11
7.595569708119835543e-11
7.542633659924216356e-11
7.426435943028565432e-11
7.363528738043238736e-11
7.297640061719247028e-11
7.228929282900902581e-11
7.041363214539827506e-11
6.843854765637971296e-11
6.573243178089929164e-11
6.237289260190190420e-11
5.843318213527057785e-11
4.908577196874156592e-11
4.380470363946320476e-11
3.819711031762982032e-11
2.621727175072383274e-11
1.994464537838699280e-11
1.354504454057122509e-11
7.061126288661585037e-12
-6.001932292929601183e-12
-1.250827013521926843e-11
-1.895307749718520053e-11
-3.153661369280399575e-11
-3.761952771292249708e-11
-4.352908288397074647e-11
-5.473608075197093631e-11
-5.999150620486613687e-11
-6.971232151536276994e-11
-7.414430037351701424e-11
-7.827052352336499594e-11
-8.555243681517403612e-11
-8.868425551297033602e-11
-9.387762398563704414e-11
-9.592122649910545305e-11
-9.943666143420156574e-11
-1.010513879172097051e-10
-1.025736056783361510e-10
-1.053487286145556383e-10
-1.066056418844587517e-10
-1.088679028454264964e-10
-1.098770297465302672e-10
-1.116604491325244407e-10
-1.124383032032084699e-10
-1.137749426319105748e-10
-1.143370829665211368e-10
-1.152571443690165324e-10
-1.159153912878040208e-10
-1.161501464989464027e-10
-1.164382796300206748e-10
-1.164945129708571772e-10
-1.164382375832868717e-10
-1.161658819687867909e-10
-1.159519142028233072e-10
-1.153746508011157836e-10
-1.150137801042109890e-10
-1.141534391152706970e-10
-1.131158590913320876e-10
-1.125333531546548328e-10
-1.112462113460069172e-10
-1.098030471897646993e-10
-1.090254349367851308e-10
-1.068361906977339429e-10
-1.035763116739273248e-10
-9.942134769417039630e-11
-9.705912493151417994e-11
-9.185965640355071350e-11
-8.614357577070982084e-11
-8.004066995759538851e-11
-7.688167946606584649e-11
-7.041798956264965817e-11
-6.384543254809831780e-11
-5.725856306171554690e-11
-5.074345363556936803e-11
-4.753753936837230284e-11
-4.127440253706074988e-11
-3.526502376335853034e-11
-2.957034989608978745e-11
-2.424528955994991337e-11
-1.933915600630093712e-11
-1.489607904576868191e-11
-1.095538826205662962e-11
-7.551969542992536536e-12
-4.716596814294799867e-12
-2.476240722661588250e-12
-8.543558867242894243e-13
1.288517837944226544e-13
4.561763095083020652e-13
4.412734112057837400e-13
4.085406709050121660e-13
3.589579071274477081e-13
2.934583293270905699e-13
2.129308166333526535e-13
1.182220773578651957e-13
1.013869601046607754e-14
-1.105509258430047431e-13
-2.431147289342638160e-13
-3.868552502704791382e-13
-5.411079664867877416e-13
-7.052397216374733230e-13
-9.686486940748462773e-13
-1.154900574585439519e-12
-1.349041589572595923e-12
-1.550562320548428718e-12
-1.758977384505779403e-12
-2.083521196432673221e-12
-2.307196273481390881e-12
-2.536240374003876148e-12
-2.770263129470694054e-12
-3.129823613869679577e-12
-3.374704428474837805e-12
-3.623337758046389414e-12
-4.002641840938308137e-12
-4.259317033077606059e-12
-4.623960433221129461e-12
-6.503110575905688528e-12
-8.621995510174639849e-12
-1.289091424125657943e-11
-1.635125615392255523e-11
-2.021906418821546324e-11
-2.663905730570257006e-11
-3.124077488993001144e-11
-3.848278001208071570e-11
-4.346008486944638280e-11
-5.102844458387342657e-11
-5.607708050052853598e-11
-6.355195260054790287e-11
-7.079711705054735310e-11
-7.544265484996982024e-11
-8.205677194625362615e-11
-8.618894846749398514e-11
-9.190727751304084275e-11
-9.698063498792451589e-11
-9.996988579414342903e-11
-1.038179417258166502e-10
-1.068536953055340535e-10
-1.084018059074616932e-10
-1.099782435217496044e-10
-1.106262579591753620e-10
-1.103133198540164726e-10
-1.095571571511463459e-10
-1.075580378028715829e-10
-1.045861883651133549e-10
-1.007705790707148785e-10
-9.623077674671723456e-11
-9.285696162479023491e-11
-8.735226480997224669e-11
-8.140079406735428404e-11
-7.509259645022056047e-11
-6.851085883563905979e-11
-6.173235652651969772e-11
-5.482787282968249691e-11
-4.786259155411004237e-11
-4.089646423642794527e-11
-3.398455377380490938e-11
-2.717735602701391474e-11
-2.052110084765212978e-11
-1.405803388278181414e-11
-7.826680416856296374e-12
6.123517535876681207e-14
5.621182476294691038e-12
1.084481145048001531e-11
1.570705759698978731e-11
2.018542797349580598e-11
2.425982693839892186e-11
2.903338956894386005e-11
3.209930293162665539e-11
3.480389141458022419e-11
3.831126400944658431e-11
4.087926116733727296e-11
4.338425990979721432e-11
4.661306646917792945e-11
4.894230623859392853e-11
5.118542612931358061e-11
5.403263016764816438e-11
5.605381858472720571e-11
5.858801498909684121e-11
6.036306297399352191e-11
6.255584876025788409e-11
6.406615628337534909e-11
6.589605476045719673e-11
6.712782913555034443e-11
6.857929356953744861e-11
6.980951098304136083e-11
7.058540091269757443e-11
7.142269186434307790e-11
7.203342893518758565e-11
7.234238923371410000e-11
7.255543324930247814e-11
7.254149078909124242e-11
7.230138016131594258e-11
7.183636216381032589e-11
7.134098771256042177e-11
7.048621994833898670e-11
6.940633521778867432e-11
6.811039726495896632e-11
6.661125504697091854e-11
6.492111648845780804e-11
6.305158112326238965e-11
6.101367096199279310e-11
5.881785968954643936e-11
5.647410029010505713e-11
5.399185119096186424e-11
5.138010101079633684e-11
4.864739199267626717e-11
4.507373603624866747e-11
4.209793901578059112e-11
3.902612305198144276e-11
3.586516719363385962e-11
3.179854676364372926e-11
2.846043255549907125e-11
2.505325784806471583e-11
2.070558071399224505e-11
1.716284153833134689e-11
1.356804336243547742e-11
9.008452319190656213e-12
5.313292958522763310e-12
6.418289275780966837e-13
-3.132559056312752023e-12
-7.890977144954944601e-12
-1.220596390831551629e-11
-1.884649718598083526e-11
-2.664881516888585086e-11
-3.357753617257376187e-11
-4.292401776753117524e-11
-5.285458896287081872e-11
-6.110097767405405182e-11
-7.164962100737285504e-11
-8.232565818785548549e-11
-9.299104840675300352e-11
-1.035195161711958716e-10
-1.137957453249361288e-10
-1.237146266813470938e-10
-1.313278926598300048e-10
-1.403685915318481276e-10
-1.488061353477280657e-10
-1.580336773039332139e-10
-1.648997767082384451e-10
-1.709559719362776744e-10
-1.761513327068848480e-10
-1.804406577000755846e-10
-1.837840675658783537e-10
-1.864986859062577471e-10
-1.876445358888013273e-10
-1.877483482357615454e-10
-1.867887233882399104e-10
-1.842856826608424685e-10
-1.814373595077354312e-10
-1.772849495347859803e-10
-1.732929750751260378e-10
-1.679599553676645285e-10
-1.631330275382589413e-10
-1.569636723235483815e-10
-1.515682036279514766e-10
-1.448592070386710739e-10
-1.379657418981657177e-10
-1.321306656881651845e-10
-1.250756521373814326e-10
-1.180188173905624822e-10
-1.110145597567446467e-10
-1.041125971728393853e-10
-9.735828755845404652e-11
-9.079292792245962510e-11
-8.445403366783646672e-11
-7.837559943811702974e-11
-7.258834275330745546e-11
-6.711993159488574508e-11
-6.199519701780169470e-11
-5.723633179176201433e-11
-5.286307600407945836e-11
-4.889289049148796574e-11
-4.479080287194774251e-11
-4.173916269464688853e-11
-3.890520341455759180e-11
-3.572552619566129367e-11
-3.310972980699646326e-11
-3.018691576805422454e-11
-2.779275985090536889e-11
-2.512964202447883492e-11
-2.295858970651014815e-11
-2.055584499210864227e-11
-1.829293526781615398e-11
-1.616928253621635523e-11
-1.445924536169314787e-11
-1.259193898617592172e-11
-1.086108900796150712e-11
-9.265375486322216448e-12
-7.803331126914029168e-12
-6.473357076091319943e-12
-5.273737488998860425e-12
-4.202652961655119988e-12
-3.258192910522229269e-12
-2.438366976847026564e-12
-1.741115527334799874e-12
-1.091626978838404339e-12
-6.498342174674471510e-13
-3.237950992474576372e-13
-9.002794464574216277e-14
-4.414400719788945760e-15
0.000000000000000000e+00
0.000000000000000000e+00
0.000000000000000000e+00
0.000000000000000000e+00
0.000000000000000000e+00
0.000000000000000000e+00
0.000000000000000000e+00
0.000000000000000000e+00
0.000000000000000000e+00
0.000000000000000000e+00
0.000000000000000000e+00
0.000000000000000000e+00
0.000000000000000000e+00
0.000000000000000000e+00
0.000000000000000000e+00
0.000000000000000000e+00
0.000000000000000000e+00
0.000000000000000000e+00
0.000000000000000000e+00
0.000000000000000000e+00
0.000000000000000000e+00
0.000000000000000000e+00
0.000000000000000000e+00
0.000000000000000000e+00
0.000000000000000000e+00
0.000000000000000000e+00
0.000000000000000000e+00
0.000000000000000000e+00
0.000000000000000000e+00
0.000000000000000000e+00
0.000000000000000000e+00
0.000000000000000000e+00
0.000000000000000000e+00
0.000000000000000000e+00
0.000000000000000000e+00
0.000000000000000000e+00
0.000000000000000000e+00
0.000000000000000000e+00
0.000000000000000000e+00
0.000000000000000000e+00
0.000000000000000000e+00
0.000000000000000000e+00
0.000000000000000000e+00
0.000000000000000000e+00
0.000000000000000000e+00
0.000000000000000000e+00
0.000000000000000000e+00
0.000000000000000000e+00
0.000000000000000000e+00
0.000000000000000000e+00
0.000000000000000000e+00
0.000000000000000000e+00
0.000000000000000000e+00
0.000000000000000000e+00
0.000000000000000000e+00
0.000000000000000000e+00
0.000000000000000000e+00
0.000000000000000000e+00
0.000000000000000000e+00
0.000000000000000000e+00
0.000000000000000000e+00
0.000000000000000000e+00
0.000000000000000000e+00
0.000000000000000000e+00
0.000000000000000000e+00
0.000000000000000000e+00
0.000000000000000000e+00
0.000000000000000000e+00
0.000000000000000000e+00
0.000000000000000000e+00
0.000000000000000000e+00
0.000000000000000000e+00
0.000000000000000000e+00
0.000000000000000000e+00
0.000000000000000000e+00
0.000000000000000000e+00
0.000000000000000000e+00
0.000000000000000000e+00
0.000000000000000000e+00
0.000000000000000000e+00
0.000000000000000000e+00
0.000000000000000000e+00
0.000000000000000000e+00
0.000000000000000000e+00
0.000000000000000000e+00
0.000000000000000000e+00
0.000000000000000000e+00
0.000000000000000000e+00
0.000000000000000000e+00
0.000000000000000000e+00
0.000000000000000000e+00
0.000000000000000000e+00
0.000000000000000000e+00
0.000000000000000000e+00
0.000000000000000000e+00
0.000000000000000000e+00
0.000000000000000000e+00
0.000000000000000000e+00
0.000000000000000000e+00
0.000000000000000000e+00
0.000000000000000000e+00
0.000000000000000000e+00
0.000000000000000000e+00
0.000000000000000000e+00
0.000000000000000000e+00
0.000000000000000000e+00
0.000000000000000000e+00
0.000000000000000000e+00
0.000000000000000000e+00
0.000000000000000000e+00
0.000000000000000000e+00
0.000000000000000000e+00
0.000000000000000000e+00
0.000000000000000000e+00
0.000000000000000000e+00
0.000000000000000000e+00
0.000000000000000000e+00
0.000000000000000000e+00
0.000000000000000000e+00
0.000000000000000000e+00
0.000000000000000000e+00
0.000000000000000000e+00
0.000000000000000000e+00
0.000000000000000000e+00
0.000000000000000000e+00
0.000000000000000000e+00
0.000000000000000000e+00
0.000000000000000000e+00
0.000000000000000000e+00
0.000000000000000000e+00
0.000000000000000000e+00
0.000000000000000000e+00
0.000000000000000000e+00
0.000000000000000000e+00
0.000000000000000000e+00
0.000000000000000000e+00
0.000000000000000000e+00
0.000000000000000000e+00
0.000000000000000000e+00
0.000000000000000000e+00
0.000000000000000000e+00
0.000000000000000000e+00
0.000000000000000000e+00
0.000000000000000000e+00
0.000000000000000000e+00
0.000000000000000000e+00
0.000000000000000000e+00
0.000000000000000000e+00
0.000000000000000000e+00
0.000000000000000000e+00
0.000000000000000000e+00
0.000000000000000000e+00
0.000000000000000000e+00
0.000000000000000000e+00
0.000000000000000000e+00
0.000000000000000000e+00
0.000000000000000000e+00
0.000000000000000000e+00
0.000000000000000000e+00
0.000000000000000000e+00
0.000000000000000000e+00
0.000000000000000000e+00
0.000000000000000000e+00
0.000000000000000000e+00
0.000000000000000000e+00
0.000000000000000000e+00
0.000000000000000000e+00
0.000000000000000000e+00
0.000000000000000000e+00
0.000000000000000000e+00
0.000000000000000000e+00
0.000000000000000000e+00
0.000000000000000000e+00
0.000000000000000000e+00
0.000000000000000000e+00
0.000000000000000000e+00
0.000000000000000000e+00
0.000000000000000000e+00
0.000000000000000000e+00
0.000000000000000000e+00
0.000000000000000000e+00
0.000000000000000000e+00
0.000000000000000000e+00
0.000000000000000000e+00
0.000000000000000000e+00
0.000000000000000000e+00
0.000000000000000000e+00
0.000000000000000000e+00
0.000000000000000000e+00
0.000000000000000000e+00
0.000000000000000000e+00
0.000000000000000000e+00
0.000000000000000000e+00
0.000000000000000000e+00
0.000000000000000000e+00
0.000000000000000000e+00
0.000000000000000000e+00
0.000000000000000000e+00
0.000000000000000000e+00
0.000000000000000000e+00
0.000000000000000000e+00
0.000000000000000000e+00
0.000000000000000000e+00
0.000000000000000000e+00
0.000000000000000000e+00
0.000000000000000000e+00
0.000000000000000000e+00
0.000000000000000000e+00
0.000000000000000000e+00
0.000000000000000000e+00
0.000000000000000000e+00
0.000000000000000000e+00
0.000000000000000000e+00
0.000000000000000000e+00
0.000000000000000000e+00
0.000000000000000000e+00
0.000000000000000000e+00
0.000000000000000000e+00
0.000000000000000000e+00
0.000000000000000000e+00
0.000000000000000000e+00
0.000000000000000000e+00
0.000000000000000000e+00
0.000000000000000000e+00
0.000000000000000000e+00
0.000000000000000000e+00
0.000000000000000000e+00
0.000000000000000000e+00
0.000000000000000000e+00
0.000000000000000000e+00
0.000000000000000000e+00
0.000000000000000000e+00
0.000000000000000000e+00
0.000000000000000000e+00
0.000000000000000000e+00
0.000000000000000000e+00
0.000000000000000000e+00
0.000000000000000000e+00
0.000000000000000000e+00
0.000000000000000000e+00
0.000000000000000000e+00
0.000000000000000000e+00
0.000000000000000000e+00
0.000000000000000000e+00
0.000000000000000000e+00
0.000000000000000000e+00
0.000000000000000000e+00
0.000000000000000000e+00
0.000000000000000000e+00
0.000000000000000000e+00
0.000000000000000000e+00
0.000000000000000000e+00
0.000000000000000000e+00
0.000000000000000000e+00
0.000000000000000000e+00
0.000000000000000000e+00
0.000000000000000000e+00
0.000000000000000000e+00
0.000000000000000000e+00
0.000000000000000000e+00
0.000000000000000000e+00
0.000000000000000000e+00
0.000000000000000000e+00
0.000000000000000000e+00
0.000000000000000000e+00
0.000000000000000000e+00
0.000000000000000000e+00
0.000000000000000000e+00
0.000000000000000000e+00
0.000000000000000000e+00
0.000000000000000000e+00
0.000000000000000000e+00
0.000000000000000000e+00
0.000000000000000000e+00
0.000000000000000000e+00
0.000000000000000000e+00
0.000000000000000000e+00
0.000000000000000000e+00
0.000000000000000000e+00
0.000000000000000000e+00
0.000000000000000000e+00
0.000000000000000000e+00
0.000000000000000000e+00
0.000000000000000000e+00
0.000000000000000000e+00
0.000000000000000000e+00
0.000000000000000000e+00
0.000000000000000000e+00
0.000000000000000000e+00
0.000000000000000000e+00
0.000000000000000000e+00
0.000000000000000000e+00
0.000000000000000000e+00
0.000000000000000000e+00
0.000000000000000000e+00
0.000000000000000000e+00
0.000000000000000000e+00
0.000000000000000000e+00
0.000000000000000000e+00
0.000000000000000000e+00
0.000000000000000000e+00
0.000000000000000000e+00
0.000000000000000000e+00
0.000000000000000000e+00
0.000000000000000000e+00
0.000000000000000000e+00
0.000000000000000000e+00
0.000000000000000000e+00
0.000000000000000000e+00
0.000000000000000000e+00
0.000000000000000000e+00
0.000000000000000000e+00
0.000000000000000000e+00
0.000000000000000000e+00
0.000000000000000000e+00
0.000000000000000000e+00
0.000000000000000000e+00
0.000000000000000000e+00
0.000000000000000000e+00
0.000000000000000000e+00
0.000000000000000000e+00
0.000000000000000000e+00
0.000000000000000000e+00
0.000000000000000000e+00
0.000000000000000000e+00
0.000000000000000000e+00
0.000000000000000000e+00
0.000000000000000000e+00
0.000000000000000000e+00
0.000000000000000000e+00
0.000000000000000000e+00
0.000000000000000000e+00
0.000000000000000000e+00
0.000000000000000000e+00
0.000000000000000000e+00
0.000000000000000000e+00
0.000000000000000000e+00
0.000000000000000000e+00
0.000000000000000000e+00
0.000000000000000000e+00
0.000000000000000000e+00
0.000000000000000000e+00
0.000000000000000000e+00
0.000000000000000000e+00
0.000000000000000000e+00
0.000000000000000000e+00
0.000000000000000000e+00
0.000000000000000000e+00
0.000000000000000000e+00
0.000000000000000000e+00
0.000000000000000000e+00
0.000000000000000000e+00
0.000000000000000000e+00
0.000000000000000000e+00
0.000000000000000000e+00
0.000000000000000000e+00
0.000000000000000000e+00
0.000000000000000000e+00
0.000000000000000000e+00
0.000000000000000000e+00
0.000000000000000000e+00
0.000000000000000000e+00
0.000000000000000000e+00
0.000000000000000000e+00
0.000000000000000000e+00
0.000000000000000000e+00
0.000000000000000000e+00
0.000000000000000000e+00
0.000000000000000000e+00
0.000000000000000000e+00
0.000000000000000000e+00
0.000000000000000000e+00
0.000000000000000000e+00
0.000000000000000000e+00
0.000000000000000000e+00
0.000000000000000000e+00
0.000000000000000000e+00
0.000000000000000000e+00
0.000000000000000000e+00
0.000000000000000000e+00
0.000000000000000000e+00
0.000000000000000000e+00
0.000000000000000000e+00
0.000000000000000000e+00
0.000000000000000000e+00
0.000000000000000000e+00
0.000000000000000000e+00
0.000000000000000000e+00
0.000000000000000000e+00
0.000000000000000000e+00
0.000000000000000000e+00
0.000000000000000000e+00
0.000000000000000000e+00
0.000000000000000000e+00
0.000000000000000000e+00
0.000000000000000000e+00
0.000000000000000000e+00
0.000000000000000000e+00
0.000000000000000000e+00
0.000000000000000000e+00
0.000000000000000000e+00
0.000000000000000000e+00
0.000000000000000000e+00
0.000000000000000000e+00
0.000000000000000000e+00
0.000000000000000000e+00
0.000000000000000000e+00
0.000000000000000000e+00
0.000000000000000000e+00
0.000000000000000000e+00
0.000000000000000000e+00
0.000000000000000000e+00
0.000000000000000000e+00
0.000000000000000000e+00
0.000000000000000000e+00
0.000000000000000000e+00
0.000000000000000000e+00
0.000000000000000000e+00
0.000000000000000000e+00
0.000000000000000000e+00
0.000000000000000000e+00
0.000000000000000000e+00
0.000000000000000000e+00
0.000000000000000000e+00
0.000000000000000000e+00
0.000000000000000000e+00
0.000000000000000000e+00
0.000000000000000000e+00
0.000000000000000000e+00
0.000000000000000000e+00
0.000000000000000000e+00
0.000000000000000000e+00
0.000000000000000000e+00
0.000000000000000000e+00
0.000000000000000000e+00
0.000000000000000000e+00
0.000000000000000000e+00
0.000000000000000000e+00
0.000000000000000000e+00
0.000000000000000000e+00
0.000000000000000000e+00
0.000000000000000000e+00
0.000000000000000000e+00
0.000000000000000000e+00
0.000000000000000000e+00
0.000000000000000000e+00
0.000000000000000000e+00
0.000000000000000000e+00
0.000000000000000000e+00
0.000000000000000000e+00
0.000000000000000000e+00
0.000000000000000000e+00
0.000000000000000000e+00
0.000000000000000000e+00
0.000000000000000000e+00
0.000000000000000000e+00
0.000000000000000000e+00
0.000000000000000000e+00
0.000000000000000000e+00
0.000000000000000000e+00
0.000000000000000000e+00
0.000000000000000000e+00
0.000000000000000000e+00
0.000000000000000000e+00
0.000000000000000000e+00
0.000000000000000000e+00
0.000000000000000000e+00
0.000000000000000000e+00
0.000000000000000000e+00
0.000000000000000000e+00
0.000000000000000000e+00
0.000000000000000000e+00
0.000000000000000000e+00
0.000000000000000000e+00
0.000000000000000000e+00
0.000000000000000000e+00
0.000000000000000000e+00
0.000000000000000000e+00
0.000000000000000000e+00
0.000000000000000000e+00
0.000000000000000000e+00
0.000000000000000000e+00
0.000000000000000000e+00
0.000000000000000000e+00
0.000000000000000000e+00
0.000000000000000000e+00
0.000000000000000000e+00
0.000000000000000000e+00
0.000000000000000000e+00
0.000000000000000000e+00
0.000000000000000000e+00
0.000000000000000000e+00
0.000000000000000000e+00
0.000000000000000000e+00
0.000000000000000000e+00
0.000000000000000000e+00
0.000000000000000000e+00
0.000000000000000000e+00
0.000000000000000000e+00
0.000000000000000000e+00
0.000000000000000000e+00
0.000000000000000000e+00
0.000000000000000000e+00
0.000000000000000000e+00
0.000000000000000000e+00
0.000000000000000000e+00
0.000000000000000000e+00
0.000000000000000000e+00
0.000000000000000000e+00
0.000000000000000000e+00
0.000000000000000000e+00
0.000000000000000000e+00
0.000000000000000000e+00
0.000000000000000000e+00
0.000000000000000000e+00
0.000000000000000000e+00
nan
