# bin_22_10
-4.101169002277883256e-09
1.864540963973267351e-09
-3.641835488422123905e-09
1.952082581063117401e-09
-3.886175356026462074e-09
2.168205685480280101e-09
-3.838141678159557239e-09
1.865089899371581570e-09
-2.476111792108568948e-09
1.442517913596544177e-09
-1.250525499383992637e-09
2.419193052888084501e-09
-9.492307737254404879e-10
-8.003004255773098721e-10
-6.822493781185227154e-10
-8.798638603961819072e-10
-1.338446488835135664e-09
-1.779367431276858696e-09
-2.314223549231998568e-09
-2.864166372394147110e-09
-3.162387745606067852e-09
-3.092664726304470656e-09
-2.117252679328530606e-09
-5.873227507204948300e-10
6.252454153422234722e-10
1.039972302472413266e-09
3.515109872445022241e-10
-9.580219111019968905e-10
-2.236715889408906452e-09
-3.081421927112012639e-09
-3.258578931595528957e-09
-2.458611602493518322e-09
-9.637350786823759647e-10
6.576338354626744335e-10
2.022065979423590469e-09
2.880272961140964520e-09
3.079831326311816336e-09
2.611595410923053309e-09
1.750587645484030530e-09
7.586339981960361596e-10
-1.752299913677170926e-10
-9.175284032067048605e-10
-1.377093979813937710e-09
-1.494859297941769836e-09
-1.361083038421102995e-09
-1.134862318827074790e-09
-8.683735630702860963e-10
-6.013426664638803435e-10
-3.635858491609030786e-10
-1.770428330135614619e-10
-5.740613755683054750e-11
-1.542821419460781169e-11
-1.587670711058872292e-11
-1.784192347366105587e-11
-2.063073304000625812e-11
-2.369176603257537363e-11
-2.659044700351426869e-11
-2.898834906762511861e-11
-3.062610129478548904e-11
-3.130922414737459914e-11
-3.089638233749494705e-11
-2.974577141691627245e-11
-2.831811650643424429e-11
-2.665546009099563301e-11
-2.479473526948044019e-11
-2.276838932916844028e-11
-2.060492698783986926e-11
-1.832938437091527924e-11
-1.596374315746130139e-11
-1.352729295309181887e-11
-1.103694878643498542e-11
-8.507529643320770605e-12
-3.583621313104405265e-12
5.150296070655265470e-12
1.643110524746580449e-11
2.918669368872572780e-11
4.251089980568925740e-11
5.564170548137272648e-11
6.794224126894052944e-11
7.888423127816281932e-11
8.803355650747811336e-11
9.503765956201778735e-11
9.961455148979619675e-11
1.015432138432478778e-10
1.006552168488649025e-10
9.589275110118596328e-11
8.706177901595993986e-11
7.521405124470370037e-11
6.126729899446786483e-11
4.602022074157221177e-11
3.016580520261577727e-11
1.430318158009962396e-11
-1.051834928250787080e-12
-1.545735446522197828e-11
-2.853705036516490983e-11
-3.997270855379845214e-11
-4.949758698552024863e-11
-5.689049540454213129e-11
-6.197051607136213250e-11
-6.459229519485394158e-11
-6.464184281332262259e-11
-6.255080002135021945e-11
-5.902085630217215052e-11
-5.433955450146584280e-11
-4.876390981989807829e-11
-4.252329117175513496e-11
-3.582203106734060076e-11
-2.884179056151134787e-11
-2.174370307893166709e-11
-1.467031849227642638e-11
-7.747366658321961241e-12
-1.085357678686341914e-12
5.218965579698039129e-12
1.108130871763513667e-11
1.642862818905341309e-11
2.119804347843006355e-11
2.533584882206816198e-11
2.879661522255488017e-11
3.154237440105830241e-11
3.381729209397422510e-11
3.589406989656595190e-11
3.778233153557508276e-11
3.949124589876042081e-11
4.102954973535947795e-11
4.240556914521777336e-11
4.362723992512036544e-11
4.470212683683769821e-11
4.563744185760615042e-11
4.644006147019175498e-11
4.711654304633325136e-11
4.767314037420156672e-11
4.811581837754646089e-11
4.845026707141071270e-11
4.868191479666973254e-11
4.881594077318817006e-11
4.885728700907093126e-11
4.881066960130568787e-11
4.868058946104943617e-11
4.847134249488866799e-11
4.818702927159345909e-11
4.783156420218931707e-11
4.743785952347077984e-11
4.703678344501004205e-11
4.662901883926996709e-11
4.621520893540443518e-11
4.579595957184686913e-11
4.537184131400164160e-11
4.494339144571375690e-11
4.451111584259153082e-11
4.407549073470029378e-11
4.363696436562922666e-11
4.319595855445728052e-11
4.275287016670074289e-11
4.230807249991546855e-11
4.186191658924665796e-11
4.141473243786551141e-11
4.096683017690519560e-11
4.051850115920352989e-11
4.007001899087793134e-11
3.962164050449457782e-11
3.917360667734981416e-11
3.872614349815460369e-11
3.827946278520095301e-11
3.783376295889251089e-11
3.738922977133802466e-11
3.694603699553550494e-11
3.644084147204223568e-11
3.581987318134181356e-11
3.509694721752445682e-11
3.428497673517907753e-11
3.339602578889357094e-11
3.244135906499748978e-11
3.143148869607929784e-11
2.928468466531983351e-11
2.816539647344100114e-11
2.702627147959417380e-11
2.587467101324160602e-11
2.471743269159809465e-11
2.356090121098039671e-11
2.241095736483229365e-11
2.127304539376595158e-11
1.905306448351157598e-11
1.797992599268534991e-11
1.693672479448169527e-11
1.592708081712354834e-11
1.495431163122735578e-11
1.402145057211018649e-11
1.313126383299308757e-11
1.148873820504068754e-11
1.074073658856002608e-11
1.004411172247295463e-11
9.400518438792930474e-12
8.258414023394838703e-12
7.721879258640170677e-12
7.201421004355400362e-12
6.696646053760891652e-12
6.207170910395934661e-12
5.272633139419904089e-12
4.826849884052130778e-12
4.394924717663352171e-12
3.571302894028338798e-12
3.178953949148126106e-12
2.799158100000828063e-12
2.431608862844312037e-12
1.732061629544803241e-12
1.399487438033387165e-12
1.078007100490338884e-12
4.672513318447386340e-13
1.774539038617769484e-13
-1.022939947142659143e-13
-6.326168665123140708e-13
-8.836649352058158997e-13
-1.358674425279665035e-12
-1.583075421856023554e-12
-1.799024814316876259e-12
-2.206390827605000487e-12
-2.398206149020229137e-12
-2.759062506647248432e-12
-2.928474209755763643e-12
-3.255020367552267524e-12
-3.414044798558833476e-12
-3.569893366710334546e-12
-3.871134225667604932e-12
-4.016101694811976103e-12
-4.293779356548313457e-12
-4.426150326518503537e-12
-4.677203897727013631e-12
-4.795621027955401928e-12
-5.017654401220959626e-12
-5.121068611265921767e-12
-5.312257509242133408e-12
-5.482115358111561502e-12
-5.558895659959423793e-12
-5.695924250055571207e-12
-5.756098852320467621e-12
-5.859630874158505936e-12
-5.940622504350209903e-12
-5.972641124321180498e-12
-6.019716534557381450e-12
-6.034783396908494253e-12
-6.048030379404227694e-12
-6.038877148861191797e-12
-6.025956071729890142e-12
-5.983562331187082105e-12
-5.919314034627539447e-12
-5.879083786383268805e-12
-5.279390693795808338e-12
-3.756822615612758228e-12
-1.459108128298868336e-12
-6.242748521036027152e-14
3.147055024946722457e-12
6.813046220507621853e-12
1.082621965658145940e-11
1.293138377180084741e-11
1.728040034109161130e-11
2.174231992344756430e-11
2.623738959304786049e-11
3.069297766778210620e-11
3.288508839762383066e-11
3.715958868124823158e-11
4.124089163954637629e-11
4.507746476996606514e-11
4.862284744099241985e-11
5.183527948413932647e-11
5.467735570036386326e-11
5.711570443801864346e-11
5.912068853634337426e-11
6.066612705460254362e-11
6.172903632332819202e-11
6.228938896141161249e-11
6.232988960181581054e-11
6.183576616010668999e-11
5.933394850761442208e-11
5.366376343962941523e-11
4.525718016440408022e-11
3.451621212042417662e-11
2.181475412886090476e-11
7.500307064322017868e-12
-8.104402797681228648e-12
-2.469990307877828877e-11
-4.200854701000198387e-11
-5.977317174171919955e-11
-7.775583782030306367e-11
-9.573664475894994620e-11
-1.222647317735355430e-10
-1.393873434313185387e-10
-1.558650238604366884e-10
-1.715462032456367148e-10
-1.862919996455160410e-10
-2.063821363542324793e-10
-2.182581071244052794e-10
-2.288015018778243915e-10
-2.379213833895259366e-10
-2.487548909407496277e-10
-2.539749889050249387e-10
-2.575195432714063932e-10
-2.595756916308440443e-10
-2.587039606169886493e-10
-2.560273611516304929e-10
-2.491825416152899226e-10
-2.430069055906995367e-10
-2.317172834385932790e-10
-2.230520688687363050e-10
-2.136339513350814855e-10
-1.983692321840852503e-10
-1.876045837151265840e-10
-1.708446630181870247e-10
-1.594075680966645206e-10
-1.420848419723858732e-10
-1.305476142002595054e-10
-1.134517674251453591e-10
-9.681856117564164220e-11
-8.609388320360198637e-11
-7.069845806724920269e-11
-6.097318759537411082e-11
-4.731326448066539318e-11
-3.489669632133813810e-11
-2.737488758447291732e-11
-1.731308945396218966e-11
-8.809022635695088539e-12
-4.050955262986516323e-12
1.658848481267360571e-12
5.592946812817980355e-12
7.690337001392447500e-12
8.042576426277994655e-12
-3.463752925716166886e-13
-2.374710189106700469e-11
-5.996353435213722664e-11
-1.069637297355603678e-10
-1.433544389863297917e-10
-2.042238430156302195e-10
-2.711806275602994419e-10
-3.427071118495516520e-10
-4.174048724493103908e-10
-4.939868405273327618e-10
-5.712699142818739146e-10
-6.481680518557651718e-10
-7.236858125122200623e-10
-7.969123161188159228e-10
-8.670155930874151068e-10
-9.332372988630027590e-10
-9.948877688560332598e-10
-1.051341391382658243e-09
-1.117558916446645669e-09
-1.159781553120997510e-09
-1.195131023642784285e-09
-1.223212675853859444e-09
-1.243675802441032007e-09
-1.256210597657044760e-09
-1.260126146468213908e-09
-1.253165480144186527e-09
-1.234783869116497718e-09
-1.180698395823957557e-09
-1.120345443724157904e-09
-1.045525009861202101e-09
-9.268505192456777658e-10
-8.261640064683479752e-10
-7.174606047663468387e-10
-5.629172865006727826e-10
-4.417993506485018600e-10
-2.760558390395573374e-10
-1.502489624560781088e-10
1.721365835513067321e-11
1.411748577092630900e-10
3.023590704752383418e-10
4.189791506626915836e-10
5.671815834577290151e-10
7.053965768494339967e-10
8.015168193507312948e-10
9.184388628883355867e-10
1.021304403058390233e-09
1.088512877381994460e-09
1.164021163183298580e-09
1.222553937662913734e-09
1.263288815684225277e-09
1.285515339647813219e-09
1.289670119542877733e-09
1.278386107326609137e-09
1.254146574185671914e-09
1.220751429747097705e-09
1.179533780380789746e-09
1.131730618811383285e-09
1.078488935586339095e-09
1.020871442928211319e-09
9.598619365132846088e-10
8.963703189434305776e-10
8.312373070338477071e-10
7.652388435150635212e-10
6.990902323352462642e-10
6.171914626303448117e-10
5.530322050284762114e-10
4.906739875625770939e-10
4.306148303399477956e-10
3.594635819931192323e-10
3.061809555340926708e-10
2.565344065924090371e-10
2.000957294293354007e-10
1.598040393573025966e-10
1.241206777314302465e-10
8.635603170810915498e-11
6.187009626109448660e-11
3.871822948799873903e-11
2.635266345906479373e-11
1.881096589867165721e-11
1.644026467205810503e-11
1.371683893194663909e-11
1.124011263211050529e-11
9.422857739377277115e-12
7.340618749865898960e-12
5.452249247113420661e-12
4.069962620257168973e-12
2.489515505870755975e-12
1.059213098206250420e-12
-2.346478816568119121e-13
-1.404863136533095261e-12
-2.463377083342334459e-12
-3.421335593087965634e-12
-4.122313074208133890e-12
-4.924997846130782398e-12
-5.654496315838698943e-12
-6.445266219397097273e-12
-7.042978321289151639e-12
-7.592802671291920211e-12
-8.101519192558238457e-12
-8.575428366031246765e-12
-9.020380838622534638e-12
-9.523716282061838400e-12
-9.923516954227205510e-12
-1.031037312211907937e-11
-1.068853051154927563e-11
-1.113133965457689282e-11
-1.147226972471198867e-11
-1.184471666625684566e-11
-1.212592297672668843e-11
-1.243006492145129709e-11
-1.265703020312606695e-11
-1.289914922284189505e-11
-1.307687238067062355e-11
-1.326269769575858406e-11
-1.342005084481132789e-11
-1.353049814593402510e-11
-1.363944199263215227e-11
-1.372392096731943546e-11
-1.378522052156453272e-11
-1.382456429316808457e-11
-1.384311721107094057e-11
-1.384198843217094098e-11
-1.382223411992261689e-11
-1.378486007396536016e-11
-1.373082421943989293e-11
-1.366103896410781568e-11
-1.357637343088003539e-11
-1.347765557288655800e-11
-1.336567417777750561e-11
-1.324118076753287902e-11
-1.308107806286040349e-11
-1.293069218653700683e-11
-1.271640635941387017e-11
-1.236191860978767185e-11
-1.198109669474543697e-11
-1.146134964470652596e-11
-1.096201660629088731e-11
-1.032899463734157537e-11
-9.752455260120838241e-12
-9.050797728097117357e-12
-8.328380203305556521e-12
-7.595354711080289717e-12
-6.965679457472768987e-12
-6.237041968385661245e-12
-5.522331757366677632e-12
-4.828740934214400658e-12
-4.162817587802606789e-12
-3.530510115999420835e-12
-2.937208625105057366e-12
-2.387783596906448117e-12
-1.886622007440509639e-12
-1.437661068590995496e-12
-1.044419751644459255e-12
-6.672278515075292409e-13
-4.034639008767324461e-13
-2.040736982111180715e-13
-5.767813033006671936e-14
-2.867245000886760034e-15
0.000000000000000000e+00
0.000000000000000000e+00
0.000000000000000000e+00
0.000000000000000000e+00
0.000000000000000000e+00
0.000000000000000000e+00
0.000000000000000000e+00
0.000000000000000000e+00
0.000000000000000000e+00
0.000000000000000000e+00
0.000000000000000000e+00
0.000000000000000000e+00
0.000000000000000000e+00
0.000000000000000000e+00
0.000000000000000000e+00
0.000000000000000000e+00
0.000000000000000000e+00
0.000000000000000000e+00
0.000000000000000000e+00
0.000000000000000000e+00
0.000000000000000000e+00
0.000000000000000000e+00
0.000000000000000000e+00
0.000000000000000000e+00
0.000000000000000000e+00
0.000000000000000000e+00
0.000000000000000000e+00
0.000000000000000000e+00
0.000000000000000000e+00
0.000000000000000000e+00
0.000000000000000000e+00
0.000000000000000000e+00
0.000000000000000000e+00
0.000000000000000000e+00
0.000000000000000000e+00
0.000000000000000000e+00
0.000000000000000000e+00
0.000000000000000000e+00
0.000000000000000000e+00
0.000000000000000000e+00
0.000000000000000000e+00
0.000000000000000000e+00
0.000000000000000000e+00
0.000000000000000000e+00
0.000000000000000000e+00
0.000000000000000000e+00
0.000000000000000000e+00
0.000000000000000000e+00
0.000000000000000000e+00
0.000000000000000000e+00
0.000000000000000000e+00
0.000000000000000000e+00
0.000000000000000000e+00
0.000000000000000000e+00
0.000000000000000000e+00
0.000000000000000000e+00
0.000000000000000000e+00
0.000000000000000000e+00
0.000000000000000000e+00
0.000000000000000000e+00
0.000000000000000000e+00
0.000000000000000000e+00
0.000000000000000000e+00
0.000000000000000000e+00
0.000000000000000000e+00
0.000000000000000000e+00
0.000000000000000000e+00
0.000000000000000000e+00
0.000000000000000000e+00
0.000000000000000000e+00
0.000000000000000000e+00
0.000000000000000000e+00
0.000000000000000000e+00
0.000000000000000000e+00
0.000000000000000000e+00
0.000000000000000000e+00
0.000000000000000000e+00
0.000000000000000000e+00
0.000000000000000000e+00
0.000000000000000000e+00
0.000000000000000000e+00
0.000000000000000000e+00
0.000000000000000000e+00
0.000000000000000000e+00
0.000000000000000000e+00
0.000000000000000000e+00
0.000000000000000000e+00
0.000000000000000000e+00
0.000000000000000000e+00
0.000000000000000000e+00
0.000000000000000000e+00
0.000000000000000000e+00
0.000000000000000000e+00
0.000000000000000000e+00
0.000000000000000000e+00
0.000000000000000000e+00
0.000000000000000000e+00
0.000000000000000000e+00
0.000000000000000000e+00
0.000000000000000000e+00
0.000000000000000000e+00
0.000000000000000000e+00
0.000000000000000000e+00
0.000000000000000000e+00
0.000000000000000000e+00
0.000000000000000000e+00
0.000000000000000000e+00
0.000000000000000000e+00
0.000000000000000000e+00
0.000000000000000000e+00
0.000000000000000000e+00
0.000000000000000000e+00
0.000000000000000000e+00
0.000000000000000000e+00
0.000000000000000000e+00
0.000000000000000000e+00
0.000000000000000000e+00
0.000000000000000000e+00
0.000000000000000000e+00
0.000000000000000000e+00
0.000000000000000000e+00
0.000000000000000000e+00
0.000000000000000000e+00
0.000000000000000000e+00
0.000000000000000000e+00
0.000000000000000000e+00
0.000000000000000000e+00
0.000000000000000000e+00
0.000000000000000000e+00
0.000000000000000000e+00
0.000000000000000000e+00
0.000000000000000000e+00
0.000000000000000000e+00
0.000000000000000000e+00
0.000000000000000000e+00
0.000000000000000000e+00
0.000000000000000000e+00
0.000000000000000000e+00
0.000000000000000000e+00
0.000000000000000000e+00
0.000000000000000000e+00
0.000000000000000000e+00
0.000000000000000000e+00
0.000000000000000000e+00
0.000000000000000000e+00
0.000000000000000000e+00
0.000000000000000000e+00
0.000000000000000000e+00
0.000000000000000000e+00
0.000000000000000000e+00
0.000000000000000000e+00
0.000000000000000000e+00
0.000000000000000000e+00
0.000000000000000000e+00
0.000000000000000000e+00
0.000000000000000000e+00
0.000000000000000000e+00
0.000000000000000000e+00
0.000000000000000000e+00
0.000000000000000000e+00
0.000000000000000000e+00
0.000000000000000000e+00
0.000000000000000000e+00
0.000000000000000000e+00
0.000000000000000000e+00
0.000000000000000000e+00
0.000000000000000000e+00
0.000000000000000000e+00
0.000000000000000000e+00
0.000000000000000000e+00
0.000000000000000000e+00
0.000000000000000000e+00
0.000000000000000000e+00
0.000000000000000000e+00
0.000000000000000000e+00
0.000000000000000000e+00
0.000000000000000000e+00
0.000000000000000000e+00
0.000000000000000000e+00
0.000000000000000000e+00
0.000000000000000000e+00
0.000000000000000000e+00
0.000000000000000000e+00
0.000000000000000000e+00
0.000000000000000000e+00
0.000000000000000000e+00
0.000000000000000000e+00
0.000000000000000000e+00
0.000000000000000000e+00
0.000000000000000000e+00
0.000000000000000000e+00
0.000000000000000000e+00
0.000000000000000000e+00
0.000000000000000000e+00
0.000000000000000000e+00
0.000000000000000000e+00
0.000000000000000000e+00
0.000000000000000000e+00
0.000000000000000000e+00
0.000000000000000000e+00
0.000000000000000000e+00
0.000000000000000000e+00
0.000000000000000000e+00
0.000000000000000000e+00
0.000000000000000000e+00
0.000000000000000000e+00
0.000000000000000000e+00
0.000000000000000000e+00
0.000000000000000000e+00
0.000000000000000000e+00
0.000000000000000000e+00
0.000000000000000000e+00
0.000000000000000000e+00
0.000000000000000000e+00
0.000000000000000000e+00
0.000000000000000000e+00
0.000000000000000000e+00
0.000000000000000000e+00
0.000000000000000000e+00
0.000000000000000000e+00
0.000000000000000000e+00
0.000000000000000000e+00
0.000000000000000000e+00
0.000000000000000000e+00
0.000000000000000000e+00
0.000000000000000000e+00
0.000000000000000000e+00
0.000000000000000000e+00
0.000000000000000000e+00
0.000000000000000000e+00
0.000000000000000000e+00
0.000000000000000000e+00
0.000000000000000000e+00
0.000000000000000000e+00
0.000000000000000000e+00
0.000000000000000000e+00
0.000000000000000000e+00
0.000000000000000000e+00
0.000000000000000000e+00
0.000000000000000000e+00
0.000000000000000000e+00
0.000000000000000000e+00
0.000000000000000000e+00
0.000000000000000000e+00
0.000000000000000000e+00
0.000000000000000000e+00
0.000000000000000000e+00
0.000000000000000000e+00
0.000000000000000000e+00
0.000000000000000000e+00
0.000000000000000000e+00
0.000000000000000000e+00
0.000000000000000000e+00
0.000000000000000000e+00
0.000000000000000000e+00
0.000000000000000000e+00
0.000000000000000000e+00
0.000000000000000000e+00
0.000000000000000000e+00
0.000000000000000000e+00
0.000000000000000000e+00
0.000000000000000000e+00
0.000000000000000000e+00
0.000000000000000000e+00
0.000000000000000000e+00
0.000000000000000000e+00
0.000000000000000000e+00
0.000000000000000000e+00
0.000000000000000000e+00
0.000000000000000000e+00
0.000000000000000000e+00
0.000000000000000000e+00
0.000000000000000000e+00
0.000000000000000000e+00
0.000000000000000000e+00
0.000000000000000000e+00
0.000000000000000000e+00
0.000000000000000000e+00
0.000000000000000000e+00
0.000000000000000000e+00
0.000000000000000000e+00
0.000000000000000000e+00
0.000000000000000000e+00
0.000000000000000000e+00
0.000000000000000000e+00
0.000000000000000000e+00
0.000000000000000000e+00
0.000000000000000000e+00
0.000000000000000000e+00
0.000000000000000000e+00
0.000000000000000000e+00
0.000000000000000000e+00
0.000000000000000000e+00
0.000000000000000000e+00
0.000000000000000000e+00
0.000000000000000000e+00
0.000000000000000000e+00
0.000000000000000000e+00
0.000000000000000000e+00
0.000000000000000000e+00
0.000000000000000000e+00
0.000000000000000000e+00
0.000000000000000000e+00
0.000000000000000000e+00
0.000000000000000000e+00
0.000000000000000000e+00
0.000000000000000000e+00
0.000000000000000000e+00
0.000000000000000000e+00
0.000000000000000000e+00
0.000000000000000000e+00
0.000000000000000000e+00
0.000000000000000000e+00
0.000000000000000000e+00
0.000000000000000000e+00
0.000000000000000000e+00
0.000000000000000000e+00
0.000000000000000000e+00
0.000000000000000000e+00
0.000000000000000000e+00
0.000000000000000000e+00
0.000000000000000000e+00
0.000000000000000000e+00
0.000000000000000000e+00
0.000000000000000000e+00
0.000000000000000000e+00
0.000000000000000000e+00
0.000000000000000000e+00
0.000000000000000000e+00
0.000000000000000000e+00
0.000000000000000000e+00
0.000000000000000000e+00
0.000000000000000000e+00
0.000000000000000000e+00
0.000000000000000000e+00
0.000000000000000000e+00
0.000000000000000000e+00
0.000000000000000000e+00
0.000000000000000000e+00
0.000000000000000000e+00
0.000000000000000000e+00
0.000000000000000000e+00
0.000000000000000000e+00
0.000000000000000000e+00
0.000000000000000000e+00
0.000000000000000000e+00
0.000000000000000000e+00
0.000000000000000000e+00
0.000000000000000000e+00
0.000000000000000000e+00
0.000000000000000000e+00
0.000000000000000000e+00
0.000000000000000000e+00
0.000000000000000000e+00
0.000000000000000000e+00
0.000000000000000000e+00
0.000000000000000000e+00
0.000000000000000000e+00
0.000000000000000000e+00
0.000000000000000000e+00
0.000000000000000000e+00
0.000000000000000000e+00
0.000000000000000000e+00
0.000000000000000000e+00
0.000000000000000000e+00
0.000000000000000000e+00
0.000000000000000000e+00
0.000000000000000000e+00
0.000000000000000000e+00
0.000000000000000000e+00
0.000000000000000000e+00
0.000000000000000000e+00
0.000000000000000000e+00
0.000000000000000000e+00
0.000000000000000000e+00
0.000000000000000000e+00
0.000000000000000000e+00
0.000000000000000000e+00
0.000000000000000000e+00
0.000000000000000000e+00
0.000000000000000000e+00
0.000000000000000000e+00
0.000000000000000000e+00
0.000000000000000000e+00
0.000000000000000000e+00
0.000000000000000000e+00
0.000000000000000000e+00
0.000000000000000000e+00
0.000000000000000000e+00
0.000000000000000000e+00
0.000000000000000000e+00
0.000000000000000000e+00
0.000000000000000000e+00
0.000000000000000000e+00
0.000000000000000000e+00
0.000000000000000000e+00
0.000000000000000000e+00
0.000000000000000000e+00
0.000000000000000000e+00
0.000000000000000000e+00
0.000000000000000000e+00
0.000000000000000000e+00
0.000000000000000000e+00
0.000000000000000000e+00
0.000000000000000000e+00
0.000000000000000000e+00
0.000000000000000000e+00
0.000000000000000000e+00
0.000000000000000000e+00
0.000000000000000000e+00
0.000000000000000000e+00
0.000000000000000000e+00
0.000000000000000000e+00
0.000000000000000000e+00
0.000000000000000000e+00
0.000000000000000000e+00
0.000000000000000000e+00
0.000000000000000000e+00
0.000000000000000000e+00
0.000000000000000000e+00
0.000000000000000000e+00
0.000000000000000000e+00
0.000000000000000000e+00
0.000000000000000000e+00
0.000000000000000000e+00
0.000000000000000000e+00
0.000000000000000000e+00
0.000000000000000000e+00
0.000000000000000000e+00
0.000000000000000000e+00
0.000000000000000000e+00
0.000000000000000000e+00
0.000000000000000000e+00
0.000000000000000000e+00
0.000000000000000000e+00
0.000000000000000000e+00
0.000000000000000000e+00
0.000000000000000000e+00
0.000000000000000000e+00
0.000000000000000000e+00
0.000000000000000000e+00
0.000000000000000000e+00
0.000000000000000000e+00
0.000000000000000000e+00
0.000000000000000000e+00
0.000000000000000000e+00
0.000000000000000000e+00
0.000000000000000000e+00
0.000000000000000000e+00
0.000000000000000000e+00
0.000000000000000000e+00
0.000000000000000000e+00
0.000000000000000000e+00
0.000000000000000000e+00
0.000000000000000000e+00
0.000000000000000000e+00
0.000000000000000000e+00
0.000000000000000000e+00
0.000000000000000000e+00
0.000000000000000000e+00
0.000000000000000000e+00
0.000000000000000000e+00
0.000000000000000000e+00
0.000000000000000000e+00
0.000000000000000000e+00
0.000000000000000000e+00
0.000000000000000000e+00
0.000000000000000000e+00
0.000000000000000000e+00
0.000000000000000000e+00
0.000000000000000000e+00
0.000000000000000000e+00
0.000000000000000000e+00
0.000000000000000000e+00
0.000000000000000000e+00
0.000000000000000000e+00
0.000000000000000000e+00
0.000000000000000000e+00
0.000000000000000000e+00
0.000000000000000000e+00
0.000000000000000000e+00
0.000000000000000000e+00
0.000000000000000000e+00
0.000000000000000000e+00
0.000000000000000000e+00
0.000000000000000000e+00
0.000000000000000000e+00
0.000000000000000000e+00
0.000000000000000000e+00
0.000000000000000000e+00
0.000000000000000000e+00
0.000000000000000000e+00
0.000000000000000000e+00
0.000000000000000000e+00
0.000000000000000000e+00
0.000000000000000000e+00
0.000000000000000000e+00
0.000000000000000000e+00
0.000000000000000000e+00
0.000000000000000000e+00
0.000000000000000000e+00
0.000000000000000000e+00
0.000000000000000000e+00
0.000000000000000000e+00
0.000000000000000000e+00
0.000000000000000000e+00
0.000000000000000000e+00
0.000000000000000000e+00
0.000000000000000000e+00
0.000000000000000000e+00
0.000000000000000000e+00
0.000000000000000000e+00
0.000000000000000000e+00
0.000000000000000000e+00
0.000000000000000000e+00
0.000000000000000000e+00
nan
