# bin_22_19
-1.698911103064488418e-08
-1.529452911371001846e-08
-1.327168370737574428e-08
-1.147677977721880412e-08
-1.010554843235380773e-08
-8.326335177565704287e-09
-7.286866870641591475e-09
-6.222684160204391143e-09
-5.256298621803814346e-09
-4.317928460134468510e-09
-4.005295928143007317e-09
-3.276494538897841064e-09
-2.794020695809330602e-09
-2.346930335549400360e-09
-1.950964108617998289e-09
-1.586237597952051303e-09
-1.278662247213348562e-09
-1.075050616022159981e-09
-9.451747294984071194e-10
-8.422224186361996541e-10
-7.597081499400863626e-10
-6.928762745365997119e-10
-6.455046481781315242e-10
-6.121857017027643260e-10
-5.808083783740228611e-10
-5.444153234435594092e-10
-4.110064940533947830e-10
-1.842550771907694210e-10
3.534907780877030867e-11
1.857418148440861907e-10
2.310472804218863589e-10
1.325746895864668924e-10
-6.425480660975751316e-11
-2.798103008404167752e-10
-4.603515031138868088e-10
-5.709143485946206432e-10
-5.900951936608387988e-10
-5.427719566241488679e-10
-4.737837300968645678e-10
-3.961585746526906067e-10
-3.193853414965702094e-10
-2.502424943454354950e-10
-1.934367036507902111e-10
-1.520958460494674586e-10
-1.210454479441893428e-10
-9.389685986922064189e-11
-7.088361711494198619e-11
-5.210337448234322169e-11
-3.755192939497894055e-11
-2.714978314826701507e-11
-2.076284999901905601e-11
-1.821856920938462651e-11
-2.111406111649485104e-11
-2.926593870118452673e-11
-4.024452154997898034e-11
-5.211764647456582323e-11
-6.336301498564764441e-11
-7.279571146522158482e-11
-7.950819778224852832e-11
-8.282058913665203578e-11
-8.223941799055121141e-11
-7.951876018549486011e-11
-7.668149268973831982e-11
-7.375321708620913152e-11
-7.075617690530329699e-11
-6.770968073079653311e-11
-6.463046985100649673e-11
-6.153303817763933932e-11
-5.842991100655104341e-11
-5.533188822860022425e-11
-5.224825678411244772e-11
-4.918697646598383521e-11
-4.565279621910174315e-11
-4.133150454355376082e-11
-3.647093154430984482e-11
-3.128213372117740194e-11
-2.594417000816169710e-11
-2.060826275189955974e-11
-1.540142544566045898e-11
-1.042962762270834832e-11
-5.780557578172487633e-12
-1.526035271646335275e-12
2.275879354162776154e-12
5.579043502850370309e-12
8.347620201098838400e-12
1.084821466763237433e-11
1.333060961026171233e-11
1.574665164706792412e-11
1.805548727711007987e-11
2.022269375464812323e-11
2.221950962730808825e-11
2.402215326573712614e-11
2.561121913862260274e-11
2.697114282997238434e-11
2.808972688012181018e-11
2.895772047932110367e-11
2.956844687123194381e-11
2.991747304894262275e-11
3.000231696171342798e-11
2.982218800824683867e-11
2.937775708191151220e-11
2.812142375949374746e-11
2.569330489196473399e-11
2.235364110890715261e-11
1.833438180330729983e-11
1.384188421256918832e-11
9.059356614274913455e-12
4.149070757065199057e-12
-7.456339459546497708e-13
-5.498534243910163880e-12
-9.998876737417248856e-12
-1.414988511106736721e-11
-1.786740623168037196e-11
-2.107868190251000030e-11
-2.372123437655968377e-11
-2.574185490769808308e-11
-2.709568567151045171e-11
-2.774538633224024352e-11
-2.766037737960462066e-11
-2.710509030197135249e-11
-2.638083740840682298e-11
-2.551504472830836803e-11
-2.453268385723417735e-11
-2.345646901828551522e-11
-2.230703826153602524e-11
-2.110312013009369493e-11
-1.986168700398862073e-11
-1.859809622667894191e-11
-1.732622002246845379e-11
-1.605856512555139213e-11
-1.480638296187406728e-11
-1.357977115274076790e-11
-1.238776704339282594e-11
-1.123843390002234401e-11
-1.013894036428135790e-11
-9.095633704797747117e-12
-8.114107360062165185e-12
-7.199263225883681335e-12
-6.355369103057861446e-12
-5.586111686619153701e-12
-4.894645446746567938e-12
-4.252040226836987854e-12
-3.627749488970541209e-12
-3.022080729689756218e-12
-2.435278517806665794e-12
-1.867529880802019046e-12
-1.318969281878273132e-12
-7.896832186944365897e-13
-2.797144723763080374e-13
2.109339668376881855e-13
6.822952730037002927e-13
1.134435434506749970e-12
1.567450160025158450e-12
1.981462021319294548e-12
2.376617815203207233e-12
2.753086128401580057e-12
3.111055090235598837e-12
3.450730299220154021e-12
3.772332910707293632e-12
4.076097873677137822e-12
4.362272305670910229e-12
4.631113995683998888e-12
4.882890025593946802e-12
5.117875501401203393e-12
5.336352386204841290e-12
5.538608427432535288e-12
5.717933848282652135e-12
5.869695686723221521e-12
5.997131852150327665e-12
6.103265863855218847e-12
6.190919534018865902e-12
6.262724899718346412e-12
6.321135450212114536e-12
6.406756097456662991e-12
6.438072458859183172e-12
6.464224709938491436e-12
6.486920221393834345e-12
6.507742617438043478e-12
6.528159137101797182e-12
6.549527568293863078e-12
6.573102780136925615e-12
6.631415000140585132e-12
6.668200787524458627e-12
6.711301528986042372e-12
6.761543017801493045e-12
6.819680126505254598e-12
6.886401119767535813e-12
6.962331720139399142e-12
7.144034700503591526e-12
7.250779228335625899e-12
7.368684278666305303e-12
7.498116159044886947e-12
7.921277028088058944e-12
8.454572212436109644e-12
9.213802245763506307e-12
1.017490814558786229e-11
1.131518259460113971e-11
1.404876359851841256e-11
1.560282164658610131e-11
1.725743216696974874e-11
2.080170897661843424e-11
2.266050759346769792e-11
2.455802624933999386e-11
2.648104999886356747e-11
3.035475413926029088e-11
3.228288584042448050e-11
3.419134985852051852e-11
3.791165843967722615e-11
3.970622350905911932e-11
4.144650022671144444e-11
4.473570645314392630e-11
4.627163558435171990e-11
4.909710397032587696e-11
5.037631159391818197e-11
5.156027651541184388e-11
5.362601815914984893e-11
5.450042097704713700e-11
5.591623843279503500e-11
5.645211564523110454e-11
5.735776606006839476e-11
5.777389155548536139e-11
5.816557306683107676e-11
5.887579221437874038e-11
5.919446982067291704e-11
5.975943682085108445e-11
6.000596234300627704e-11
6.042779050684836322e-11
6.060340764686194536e-11
6.088491732870904061e-11
6.099118752326939652e-11
6.113576894238148271e-11
6.119117613183129408e-11
6.118600401150625467e-11
6.111108920569180860e-11
6.104183409459288731e-11
6.084097981975622363e-11
6.055871105400920181e-11
6.038769909444825205e-11
5.998724697667000249e-11
5.975834329252355943e-11
5.924453247349945601e-11
5.865786418692891360e-11
5.833789082724619159e-11
5.764603219698862934e-11
5.688677786555338945e-11
5.648255817027219363e-11
5.527650426390577066e-11
5.338668037818106187e-11
5.092466664510927628e-11
4.951145247913292195e-11
4.638065325808708609e-11
4.291824467193342919e-11
3.920673593122310742e-11
3.728142409189353067e-11
3.333578886530588693e-11
2.931778021457730702e-11
2.528752478912308872e-11
2.129976045838382363e-11
1.933754113965647668e-11
1.550531244324270028e-11
1.183133715846489860e-11
8.354389827107317542e-12
5.109408477463605654e-12
2.127775914008887812e-12
-5.624186291551040680e-13
-2.936136074313962536e-12
-4.971161032610882132e-12
-6.647891085562438953e-12
-7.949140706406612994e-12
-8.859958793394051070e-12
-9.367458862197428300e-12
-9.460661013915831475e-12
-9.336332316960027591e-12
-9.198232861860137135e-12
-9.047181831179605915e-12
-8.883958579901999162e-12
-8.709304601862874441e-12
-8.523925392718969831e-12
-8.328492215328158234e-12
-8.123643773053493027e-12
-7.909987796167902691e-12
-7.688102546222181915e-12
-7.458538242944548872e-12
-7.221818417966360384e-12
-6.854405087638322192e-12
-6.601923183993961073e-12
-6.343925916868915230e-12
-6.080831706555100425e-12
-5.813038591604813138e-12
-5.403361629577070471e-12
-5.125437508004974734e-12
-4.844060637099761537e-12
-4.559548626102440620e-12
-4.127558719120554399e-12
-3.836497646390071439e-12
-3.543294727339989184e-12
-3.100023979790472553e-12
-2.802545147454743481e-12
-2.495545917615283158e-12
-1.929082754354474299e-12
-1.482226419217909566e-12
-7.239259517469764849e-13
-1.682639330276949494e-13
4.211146751558086698e-13
1.357312630862311699e-12
2.009303870699566499e-12
3.018151550799677771e-12
3.705402993180976736e-12
4.748995788820944886e-12
5.448194561493511673e-12
6.494296482358178161e-12
7.528520185002605639e-12
8.206997346738145886e-12
9.202203761561190252e-12
9.847468271151841142e-12
1.078304958579216804e-11
1.167443625909865912e-11
1.224141051808376391e-11
1.304727746859428978e-11
1.379570289866978970e-11
1.426078208723664046e-11
1.490499819071892828e-11
1.548239619086907449e-11
1.599029494549554773e-11
1.628914093908308307e-11
1.671792121534453661e-11
1.715273767319770728e-11
1.758874083833809361e-11
1.802149874087755856e-11
1.830618910705255468e-11
1.872473198052016382e-11
1.913003697022740597e-11
1.951896850534543491e-11
1.988868856194748911e-11
2.023663566708358752e-11
2.056050531550063980e-11
2.085823170207605193e-11
2.112797067998471444e-11
2.136808386104107127e-11
2.157712378059953394e-11
2.175382005489114716e-11
2.189706646375964349e-11
2.200590889647082468e-11
2.209612819407704840e-11
2.212175593588643530e-11
2.211075899404729854e-11
2.206272168504424827e-11
2.197732850113284360e-11
2.185435633037734373e-11
2.163171016861027193e-11
2.142065164786059928e-11
2.111212408656848704e-11
2.027659148713928684e-11
1.936178148612589586e-11
1.823637015351128462e-11
1.646061271464922851e-11
1.495893177981801099e-11
1.334076117296934275e-11
1.104379561795952588e-11
9.245602494619385534e-12
6.786692189119061135e-12
4.921180090505615574e-12
2.438634502930828797e-12
6.011272101108008726e-13
-1.788393566554961999e-12
-3.517736646905642939e-12
-5.716457453042926258e-12
-7.768677113740274451e-12
-9.197309945354751677e-12
-1.093751734701951771e-11
-1.247188464055219409e-11
-1.347713623596517921e-11
-1.461106525297416459e-11
-1.549659657827673914e-11
-1.612174313110449166e-11
-1.647615097807405800e-11
-1.655890785156340704e-11
-1.641465653833082687e-11
-1.589386878777896880e-11
-1.500737684184765808e-11
-1.380790669918641333e-11
-1.234438450430150935e-11
-1.066217818747583352e-11
-8.803323776720247951e-12
-6.806737391928276109e-12
-4.708413861185302173e-12
-2.541612834150526115e-12
-3.370332071409889451e-13
1.877023381314823562e-12
4.618425824974975519e-12
6.761718965810057124e-12
8.837276333272655099e-12
1.082538616348294582e-11
1.316025074318557526e-11
1.488812055731590087e-11
1.647560989841732869e-11
1.824251096238153681e-11
1.946765853319049345e-11
2.051391274410100402e-11
2.155592953146530783e-11
2.216682647732698867e-11
2.264021937530098093e-11
2.277915211230221410e-11
2.264434092592539836e-11
2.219944001322199233e-11
2.113512163308674531e-11
1.958470579756407675e-11
1.804706061393493783e-11
1.581440149543751348e-11
1.329945075206259088e-11
1.112627531600408838e-11
8.256875161542557310e-12
5.267427251230767537e-12
2.207250588040055889e-12
-8.783902416350010522e-13
-3.948010796176955703e-12
-6.963650634030513386e-12
-9.313889739264904401e-12
-1.214704582830879317e-11
-1.483670280654425273e-11
-1.783756843430777330e-11
-2.012134318505441728e-11
-2.218502535516163830e-11
-2.400943495140011127e-11
-2.557738830631817208e-11
-2.687355886935108364e-11
-2.805117636587527773e-11
-2.870380639568815484e-11
-2.904662588341451158e-11
-2.907078201537698890e-11
-2.867710777864340415e-11
-2.804488794650438006e-11
-2.697722803371331562e-11
-2.586679957069170264e-11
-2.431297553769568670e-11
-2.286538019148295721e-11
-2.098242434917146255e-11
-1.931896363218527812e-11
-1.724171159492723993e-11
-1.510824265085484771e-11
-1.331016001665152934e-11
-1.115331697541026649e-11
-9.022519005371586536e-12
-6.942125432146279692e-12
-4.934325389577219954e-12
-3.019288346603225636e-12
-1.215304577555468174e-12
4.610837363096078610e-13
1.994960135472530126e-12
3.372919647957294775e-12
4.582962141328073649e-12
5.614392748861551326e-12
6.457728893930796880e-12
7.104613470000983186e-12
7.547733764546841403e-12
7.798758963909685793e-12
7.782076595639056507e-12
7.653112987506124690e-12
7.439771676769564373e-12
7.210581679095488258e-12
6.897782387656822501e-12
6.597268857860676724e-12
6.216297338469409791e-12
5.869318729033082197e-12
5.447040278711542787e-12
5.012267844965634579e-12
4.571111219723842395e-12
4.192153853539373227e-12
3.753638059587234773e-12
3.323504117366725693e-12
2.906080453270604620e-12
2.505307902672234792e-12
2.124766388994373647e-12
1.767699839126767742e-12
1.437039454413998104e-12
1.135425448005527329e-12
8.652273515560094551e-13
6.285629870423962610e-13
4.015576407101712380e-13
2.428166207116921303e-13
1.228176440769125709e-13
3.471242077737613581e-14
1.725593641348383810e-15
0.000000000000000000e+00
0.000000000000000000e+00
0.000000000000000000e+00
0.000000000000000000e+00
0.000000000000000000e+00
0.000000000000000000e+00
0.000000000000000000e+00
0.000000000000000000e+00
0.000000000000000000e+00
0.000000000000000000e+00
0.000000000000000000e+00
0.000000000000000000e+00
0.000000000000000000e+00
0.000000000000000000e+00
0.000000000000000000e+00
0.000000000000000000e+00
0.000000000000000000e+00
0.000000000000000000e+00
0.000000000000000000e+00
0.000000000000000000e+00
0.000000000000000000e+00
0.000000000000000000e+00
0.000000000000000000e+00
0.000000000000000000e+00
0.000000000000000000e+00
0.000000000000000000e+00
0.000000000000000000e+00
0.000000000000000000e+00
0.000000000000000000e+00
0.000000000000000000e+00
0.000000000000000000e+00
0.000000000000000000e+00
0.000000000000000000e+00
0.000000000000000000e+00
0.000000000000000000e+00
0.000000000000000000e+00
0.000000000000000000e+00
0.000000000000000000e+00
0.000000000000000000e+00
0.000000000000000000e+00
0.000000000000000000e+00
0.000000000000000000e+00
0.000000000000000000e+00
0.000000000000000000e+00
0.000000000000000000e+00
0.000000000000000000e+00
0.000000000000000000e+00
0.000000000000000000e+00
0.000000000000000000e+00
0.000000000000000000e+00
0.000000000000000000e+00
0.000000000000000000e+00
0.000000000000000000e+00
0.000000000000000000e+00
0.000000000000000000e+00
0.000000000000000000e+00
0.000000000000000000e+00
0.000000000000000000e+00
0.000000000000000000e+00
0.000000000000000000e+00
0.000000000000000000e+00
0.000000000000000000e+00
0.000000000000000000e+00
0.000000000000000000e+00
0.000000000000000000e+00
0.000000000000000000e+00
0.000000000000000000e+00
0.000000000000000000e+00
0.000000000000000000e+00
0.000000000000000000e+00
0.000000000000000000e+00
0.000000000000000000e+00
0.000000000000000000e+00
0.000000000000000000e+00
0.000000000000000000e+00
0.000000000000000000e+00
0.000000000000000000e+00
0.000000000000000000e+00
0.000000000000000000e+00
0.000000000000000000e+00
0.000000000000000000e+00
0.000000000000000000e+00
0.000000000000000000e+00
0.000000000000000000e+00
0.000000000000000000e+00
0.000000000000000000e+00
0.000000000000000000e+00
0.000000000000000000e+00
0.000000000000000000e+00
0.000000000000000000e+00
0.000000000000000000e+00
0.000000000000000000e+00
0.000000000000000000e+00
0.000000000000000000e+00
0.000000000000000000e+00
0.000000000000000000e+00
0.000000000000000000e+00
0.000000000000000000e+00
0.000000000000000000e+00
0.000000000000000000e+00
0.000000000000000000e+00
0.000000000000000000e+00
0.000000000000000000e+00
0.000000000000000000e+00
0.000000000000000000e+00
0.000000000000000000e+00
0.000000000000000000e+00
0.000000000000000000e+00
0.000000000000000000e+00
0.000000000000000000e+00
0.000000000000000000e+00
0.000000000000000000e+00
0.000000000000000000e+00
0.000000000000000000e+00
0.000000000000000000e+00
0.000000000000000000e+00
0.000000000000000000e+00
0.000000000000000000e+00
0.000000000000000000e+00
0.000000000000000000e+00
0.000000000000000000e+00
0.000000000000000000e+00
0.000000000000000000e+00
0.000000000000000000e+00
0.000000000000000000e+00
0.000000000000000000e+00
0.000000000000000000e+00
0.000000000000000000e+00
0.000000000000000000e+00
0.000000000000000000e+00
0.000000000000000000e+00
0.000000000000000000e+00
0.000000000000000000e+00
0.000000000000000000e+00
0.000000000000000000e+00
0.000000000000000000e+00
0.000000000000000000e+00
0.000000000000000000e+00
0.000000000000000000e+00
0.000000000000000000e+00
0.000000000000000000e+00
0.000000000000000000e+00
0.000000000000000000e+00
0.000000000000000000e+00
0.000000000000000000e+00
0.000000000000000000e+00
0.000000000000000000e+00
0.000000000000000000e+00
0.000000000000000000e+00
0.000000000000000000e+00
0.000000000000000000e+00
0.000000000000000000e+00
0.000000000000000000e+00
0.000000000000000000e+00
0.000000000000000000e+00
0.000000000000000000e+00
0.000000000000000000e+00
0.000000000000000000e+00
0.000000000000000000e+00
0.000000000000000000e+00
0.000000000000000000e+00
0.000000000000000000e+00
0.000000000000000000e+00
0.000000000000000000e+00
0.000000000000000000e+00
0.000000000000000000e+00
0.000000000000000000e+00
0.000000000000000000e+00
0.000000000000000000e+00
0.000000000000000000e+00
0.000000000000000000e+00
0.000000000000000000e+00
0.000000000000000000e+00
0.000000000000000000e+00
0.000000000000000000e+00
0.000000000000000000e+00
0.000000000000000000e+00
0.000000000000000000e+00
0.000000000000000000e+00
0.000000000000000000e+00
0.000000000000000000e+00
0.000000000000000000e+00
0.000000000000000000e+00
0.000000000000000000e+00
0.000000000000000000e+00
0.000000000000000000e+00
0.000000000000000000e+00
0.000000000000000000e+00
0.000000000000000000e+00
0.000000000000000000e+00
0.000000000000000000e+00
0.000000000000000000e+00
0.000000000000000000e+00
0.000000000000000000e+00
0.000000000000000000e+00
0.000000000000000000e+00
0.000000000000000000e+00
0.000000000000000000e+00
0.000000000000000000e+00
0.000000000000000000e+00
0.000000000000000000e+00
0.000000000000000000e+00
0.000000000000000000e+00
0.000000000000000000e+00
0.000000000000000000e+00
0.000000000000000000e+00
0.000000000000000000e+00
0.000000000000000000e+00
0.000000000000000000e+00
0.000000000000000000e+00
0.000000000000000000e+00
0.000000000000000000e+00
0.000000000000000000e+00
0.000000000000000000e+00
0.000000000000000000e+00
0.000000000000000000e+00
0.000000000000000000e+00
0.000000000000000000e+00
0.000000000000000000e+00
0.000000000000000000e+00
0.000000000000000000e+00
0.000000000000000000e+00
0.000000000000000000e+00
0.000000000000000000e+00
0.000000000000000000e+00
0.000000000000000000e+00
0.000000000000000000e+00
0.000000000000000000e+00
0.000000000000000000e+00
0.000000000000000000e+00
0.000000000000000000e+00
0.000000000000000000e+00
0.000000000000000000e+00
0.000000000000000000e+00
0.000000000000000000e+00
0.000000000000000000e+00
0.000000000000000000e+00
0.000000000000000000e+00
0.000000000000000000e+00
0.000000000000000000e+00
0.000000000000000000e+00
0.000000000000000000e+00
0.000000000000000000e+00
0.000000000000000000e+00
0.000000000000000000e+00
0.000000000000000000e+00
0.000000000000000000e+00
0.000000000000000000e+00
0.000000000000000000e+00
0.000000000000000000e+00
0.000000000000000000e+00
0.000000000000000000e+00
0.000000000000000000e+00
0.000000000000000000e+00
0.000000000000000000e+00
0.000000000000000000e+00
0.000000000000000000e+00
0.000000000000000000e+00
0.000000000000000000e+00
0.000000000000000000e+00
0.000000000000000000e+00
0.000000000000000000e+00
0.000000000000000000e+00
0.000000000000000000e+00
0.000000000000000000e+00
0.000000000000000000e+00
0.000000000000000000e+00
0.000000000000000000e+00
0.000000000000000000e+00
0.000000000000000000e+00
0.000000000000000000e+00
0.000000000000000000e+00
0.000000000000000000e+00
0.000000000000000000e+00
0.000000000000000000e+00
0.000000000000000000e+00
0.000000000000000000e+00
0.000000000000000000e+00
0.000000000000000000e+00
0.000000000000000000e+00
0.000000000000000000e+00
0.000000000000000000e+00
0.000000000000000000e+00
0.000000000000000000e+00
0.000000000000000000e+00
0.000000000000000000e+00
0.000000000000000000e+00
0.000000000000000000e+00
0.000000000000000000e+00
0.000000000000000000e+00
0.000000000000000000e+00
0.000000000000000000e+00
0.000000000000000000e+00
0.000000000000000000e+00
0.000000000000000000e+00
0.000000000000000000e+00
0.000000000000000000e+00
0.000000000000000000e+00
0.000000000000000000e+00
0.000000000000000000e+00
0.000000000000000000e+00
0.000000000000000000e+00
0.000000000000000000e+00
0.000000000000000000e+00
0.000000000000000000e+00
0.000000000000000000e+00
0.000000000000000000e+00
0.000000000000000000e+00
0.000000000000000000e+00
0.000000000000000000e+00
0.000000000000000000e+00
0.000000000000000000e+00
0.000000000000000000e+00
0.000000000000000000e+00
0.000000000000000000e+00
0.000000000000000000e+00
0.000000000000000000e+00
0.000000000000000000e+00
0.000000000000000000e+00
0.000000000000000000e+00
0.000000000000000000e+00
0.000000000000000000e+00
0.000000000000000000e+00
0.000000000000000000e+00
0.000000000000000000e+00
0.000000000000000000e+00
0.000000000000000000e+00
0.000000000000000000e+00
0.000000000000000000e+00
0.000000000000000000e+00
0.000000000000000000e+00
0.000000000000000000e+00
0.000000000000000000e+00
0.000000000000000000e+00
0.000000000000000000e+00
0.000000000000000000e+00
0.000000000000000000e+00
0.000000000000000000e+00
0.000000000000000000e+00
0.000000000000000000e+00
0.000000000000000000e+00
0.000000000000000000e+00
0.000000000000000000e+00
0.000000000000000000e+00
0.000000000000000000e+00
0.000000000000000000e+00
0.000000000000000000e+00
0.000000000000000000e+00
0.000000000000000000e+00
0.000000000000000000e+00
0.000000000000000000e+00
0.000000000000000000e+00
0.000000000000000000e+00
0.000000000000000000e+00
0.000000000000000000e+00
0.000000000000000000e+00
0.000000000000000000e+00
0.000000000000000000e+00
0.000000000000000000e+00
0.000000000000000000e+00
0.000000000000000000e+00
0.000000000000000000e+00
0.000000000000000000e+00
0.000000000000000000e+00
0.000000000000000000e+00
0.000000000000000000e+00
0.000000000000000000e+00
0.000000000000000000e+00
0.000000000000000000e+00
0.000000000000000000e+00
0.000000000000000000e+00
0.000000000000000000e+00
0.000000000000000000e+00
0.000000000000000000e+00
0.000000000000000000e+00
0.000000000000000000e+00
0.000000000000000000e+00
0.000000000000000000e+00
0.000000000000000000e+00
0.000000000000000000e+00
0.000000000000000000e+00
0.000000000000000000e+00
0.000000000000000000e+00
0.000000000000000000e+00
0.000000000000000000e+00
0.000000000000000000e+00
0.000000000000000000e+00
0.000000000000000000e+00
0.000000000000000000e+00
0.000000000000000000e+00
0.000000000000000000e+00
0.000000000000000000e+00
0.000000000000000000e+00
0.000000000000000000e+00
0.000000000000000000e+00
0.000000000000000000e+00
0.000000000000000000e+00
0.000000000000000000e+00
0.000000000000000000e+00
0.000000000000000000e+00
0.000000000000000000e+00
0.000000000000000000e+00
0.000000000000000000e+00
0.000000000000000000e+00
0.000000000000000000e+00
0.000000000000000000e+00
0.000000000000000000e+00
0.000000000000000000e+00
0.000000000000000000e+00
0.000000000000000000e+00
0.000000000000000000e+00
0.000000000000000000e+00
0.000000000000000000e+00
0.000000000000000000e+00
0.000000000000000000e+00
0.000000000000000000e+00
0.000000000000000000e+00
0.000000000000000000e+00
0.000000000000000000e+00
0.000000000000000000e+00
0.000000000000000000e+00
0.000000000000000000e+00
0.000000000000000000e+00
0.000000000000000000e+00
0.000000000000000000e+00
0.000000000000000000e+00
0.000000000000000000e+00
0.000000000000000000e+00
0.000000000000000000e+00
0.000000000000000000e+00
0.000000000000000000e+00
0.000000000000000000e+00
0.000000000000000000e+00
0.000000000000000000e+00
0.000000000000000000e+00
0.000000000000000000e+00
0.000000000000000000e+00
0.000000000000000000e+00
0.000000000000000000e+00
0.000000000000000000e+00
0.000000000000000000e+00
0.000000000000000000e+00
0.000000000000000000e+00
0.000000000000000000e+00
0.000000000000000000e+00
0.000000000000000000e+00
0.000000000000000000e+00
0.000000000000000000e+00
0.000000000000000000e+00
0.000000000000000000e+00
0.000000000000000000e+00
0.000000000000000000e+00
0.000000000000000000e+00
0.000000000000000000e+00
0.000000000000000000e+00
0.000000000000000000e+00
0.000000000000000000e+00
0.000000000000000000e+00
0.000000000000000000e+00
0.000000000000000000e+00
0.000000000000000000e+00
0.000000000000000000e+00
0.000000000000000000e+00
0.000000000000000000e+00
0.000000000000000000e+00
0.000000000000000000e+00
0.000000000000000000e+00
0.000000000000000000e+00
0.000000000000000000e+00
0.000000000000000000e+00
0.000000000000000000e+00
0.000000000000000000e+00
0.000000000000000000e+00
0.000000000000000000e+00
0.000000000000000000e+00
0.000000000000000000e+00
0.000000000000000000e+00
0.000000000000000000e+00
0.000000000000000000e+00
0.000000000000000000e+00
0.000000000000000000e+00
0.000000000000000000e+00
0.000000000000000000e+00
0.000000000000000000e+00
0.000000000000000000e+00
0.000000000000000000e+00
0.000000000000000000e+00
0.000000000000000000e+00
0.000000000000000000e+00
0.000000000000000000e+00
0.000000000000000000e+00
0.000000000000000000e+00
0.000000000000000000e+00
0.000000000000000000e+00
0.000000000000000000e+00
0.000000000000000000e+00
0.000000000000000000e+00
0.000000000000000000e+00
0.000000000000000000e+00
0.000000000000000000e+00
0.000000000000000000e+00
0.000000000000000000e+00
0.000000000000000000e+00
0.000000000000000000e+00
0.000000000000000000e+00
0.000000000000000000e+00
0.000000000000000000e+00
0.000000000000000000e+00
0.000000000000000000e+00
0.000000000000000000e+00
0.000000000000000000e+00
0.000000000000000000e+00
0.000000000000000000e+00
0.000000000000000000e+00
0.000000000000000000e+00
0.000000000000000000e+00
nan
