# bin_16_13
-1.077558194701356127e-07
-9.303278670907141167e-08
-6.740927909614080500e-08
-6.089175231516018149e-08
-3.693466615869159514e-08
-3.867836912188528741e-08
-1.828657687069848274e-08
-2.399148544098938225e-08
-9.179873119444537366e-09
-1.588943863983924347e-08
1.339333269529171540e-09
-1.380099978864155675e-08
-1.261109981491470663e-09
-1.135202456643568426e-09
-1.086152923250605565e-09
-1.154751709425801344e-09
-1.238184189957665941e-09
-1.196335306050081281e-09
-8.973474243089875998e-10
-3.496341361066281516e-10
3.387437151980425131e-10
1.096510781981017260e-09
2.807498049328760585e-09
5.123339260570611751e-09
6.768880906457820730e-09
7.055158587108990101e-09
6.302175595957178424e-09
5.336019926072370927e-09
4.423808867621503753e-09
3.729351346488655695e-09
3.346159286553869092e-09
3.355816627615743473e-09
3.655397667740461210e-09
4.073810133608208958e-09
4.492606749495101007e-09
4.831849171725698358e-09
5.039696335940598850e-09
5.198512476445707019e-09
5.375013520185960952e-09
5.523386850330540669e-09
5.612005274682145596e-09
5.619929997097243784e-09
5.534238801888097795e-09
5.347982409671630965e-09
4.724260036750145670e-09
3.568262080706657918e-09
2.176323101536891593e-09
7.741614505357815189e-10
-4.687156819333666595e-10
-1.427484890865183341e-09
-2.012768565596464209e-09
-2.163223112671839597e-09
-2.005382688265802762e-09
-1.736906664535090461e-09
-1.410925347868671310e-09
-1.069647319936546537e-09
-7.462859305568767858e-10
-4.666521796052947737e-10
-2.504732530681998001e-10
-1.124849990960656084e-10
-6.333778424128071176e-11
-6.937279774992173099e-11
-8.796914889984883679e-11
-1.144365238638727262e-10
-1.449063999855064351e-10
-1.762070325902027219e-10
-2.057572061870947337e-10
-2.314758510377812685e-10
-2.517050944018878987e-10
-2.651447045502195049e-10
-2.707962090897310669e-10
-2.679152388194660109e-10
-2.549763453945588300e-10
-2.330139840101741448e-10
-2.049244567528984384e-10
-1.731688361128100728e-10
-1.398298981651648875e-10
-1.066616899946694572e-10
-7.513271433569802271e-11
-4.646357695619379804e-11
-2.165982511412420449e-11
-1.540605317626017815e-12
1.323631700675434427e-11
2.215270669376254860e-11
2.481077056758538163e-11
2.215365788572498625e-11
1.599553824274482885e-11
7.231411969854822398e-12
-3.357614563672745488e-12
-1.509159813282363959e-11
-2.738044087585717248e-11
-3.971382333353419081e-11
-5.165224564696877692e-11
-6.281905131910185019e-11
-7.289332285767536071e-11
-8.160355166377894979e-11
-8.872199595618851488e-11
-9.405965054017291630e-11
-9.746176102311324292e-11
-9.880382280604101043e-11
-9.798801197653347264e-11
-9.453768259270954411e-11
-8.845575878566244455e-11
-8.032991421879322460e-11
-7.068389446020452592e-11
-5.998361717646363875e-11
-4.864269394732974997e-11
-3.702743048400239820e-11
-2.546135617207510902e-11
-1.422932863859291999e-11
-3.581254386403018377e-12
6.264537616205588721e-12
1.511823621398979050e-11
2.281577235232864507e-11
2.921630048276109449e-11
3.419991285258305428e-11
3.766556482540105220e-11
3.952919151433387676e-11
3.972199792510302457e-11
3.868858424170067674e-11
3.699902907858327289e-11
3.477428759227408772e-11
3.212413253260922941e-11
2.914806597926945064e-11
2.593615701932211305e-11
2.256981160668217870e-11
1.912248029054736577e-11
1.566030899803677867e-11
1.224273760129574755e-11
8.923050586567746817e-12
5.748883768053452523e-12
2.762690649041735682e-12
2.171723484738899543e-15
-2.499330270094272668e-12
-4.712466386408667607e-12
-6.611546279998645480e-12
-8.174229469916043443e-12
-9.381240945268282804e-12
-1.021610917079171712e-11
-1.066492471256276965e-11
-1.071611785087719046e-11
-8.203060052028058257e-12
-1.434550495361580542e-12
8.927557662237620816e-12
2.227347240625379136e-11
3.804184697593125288e-11
5.571641443145544978e-11
7.482285466094994377e-11
9.492587717753965552e-11
1.156265043131717855e-10
1.365595405718183615e-10
1.573912149688513208e-10
1.778169841632287428e-10
1.975594850919345019e-10
2.163666266482960348e-10
2.340098107129850026e-10
2.502822735544384860e-10
2.649975392685674216e-10
2.779879775307942540e-10
2.891034584903915783e-10
2.982100981518260435e-10
3.051890880635579719e-10
3.099356035745783098e-10
3.123577853260051163e-10
3.123757890215454995e-10
3.099208988692664142e-10
3.054483585085265083e-10
2.995740884192912483e-10
2.924693654999300625e-10
2.842942014098246148e-10
2.751980049923035454e-10
2.653202056490013623e-10
2.547908400633234935e-10
2.322538748839155087e-10
2.204641963030839905e-10
2.084597443017142875e-10
1.963312591537144743e-10
1.841629550444946334e-10
1.720329055636749286e-10
1.600134069372085460e-10
1.481713203235871652e-10
1.252615695150341695e-10
1.143032641638746568e-10
1.037416453713435766e-10
9.362088338382464626e-11
8.398139190913849365e-11
7.486005463971783938e-11
6.629043887098648752e-11
5.092525634448473667e-11
4.418199872903870190e-11
3.809542914774420343e-11
3.268533539765235269e-11
2.370731780544434521e-11
1.964555715320935467e-11
1.577866831035727676e-11
1.210149239636031739e-11
8.608996831205339274e-12
2.158530331002539793e-12
-8.089004676466352561e-13
-3.610576254215919060e-12
-8.734329768138348880e-12
-1.106496991655138464e-11
-1.324698506551542418e-11
-1.528439689699008646e-11
-1.894100299890172577e-11
-2.056775343718939272e-11
-2.206501753225632864e-11
-2.468519242774822715e-11
-2.581493854657641439e-11
-2.682887319441094900e-11
-2.852206669860506932e-11
-2.920750782126127951e-11
-3.027096350835875025e-11
-3.065471138230066573e-11
-3.094350981531861146e-11
-3.124695857198837267e-11
-3.126679347396146534e-11
-3.105516621933514837e-11
-3.082851159398372031e-11
-3.005881539039754978e-11
-2.951189225192185910e-11
-2.887092107519363028e-11
-2.734580327677185595e-11
-2.647995121498952684e-11
-2.458404063314582212e-11
-2.356967173632375954e-11
-2.144438983880129119e-11
-2.034688413210551356e-11
-1.811308510343988865e-11
-1.698819983083497541e-11
-1.474872166087994005e-11
-1.255471512915099432e-11
-1.148569052372323380e-11
-9.423324997091994794e-12
-8.437195699021279311e-12
-6.571493121180582064e-12
-4.867509592519676774e-12
-4.082844999546416296e-12
-2.660050328792208252e-12
-2.026199034520340579e-12
-9.231856793923887836e-13
-5.096423541636878100e-14
2.948717642699883341e-13
7.995669403612278807e-13
1.047649908853849085e-12
1.073096181159513952e-12
5.197349945807121878e-13
-9.994288095930595646e-13
-3.330002222821356738e-12
-4.754777088154531697e-12
-8.040187771218361089e-12
-1.180398714485593345e-11
-1.593191036287967663e-11
-1.809937379435722713e-11
-2.258019475128826156e-11
-2.718026938352023304e-11
-3.181623606757958800e-11
-3.641217470092622763e-11
-3.867331000760237642e-11
-4.308181946610166837e-11
-4.728961748928958260e-11
-5.124283236257163697e-11
-5.489289249227005836e-11
-5.819613831678842569e-11
-6.111346129513572637e-11
-6.360996804725781863e-11
-6.565466786364933854e-11
-6.722018193348028385e-11
-6.828247276204171723e-11
-6.882059236041076819e-11
-6.881644789370599167e-11
-6.825458356982864513e-11
-6.735392355193687275e-11
-6.635170652181205018e-11
-6.526109923029352923e-11
-6.409437564547739574e-11
-6.286297104707759440e-11
-6.157753283385910644e-11
-6.024796825223267721e-11
-5.888348924018185476e-11
-5.749265456776155411e-11
-5.608340944339227176e-11
-5.466312274399898863e-11
-5.323862201665961255e-11
-5.110766135061911957e-11
-4.969923528396321833e-11
-4.830668641163466283e-11
-4.693478632023388475e-11
-4.558792367691251790e-11
-4.362329611763020435e-11
-4.235592298916553183e-11
-4.112625925501888773e-11
-3.993724206777369682e-11
-3.823569420557808380e-11
-3.715941518212932111e-11
-3.613204751139387483e-11
-3.468669652949227940e-11
-3.378926480360062926e-11
-3.293850271713439672e-11
-3.166327451923483510e-11
-3.081045674075880454e-11
-2.953459458635178798e-11
-2.869019377318362720e-11
-2.785363194326551293e-11
-2.661844767126563881e-11
-2.581113685040944594e-11
-2.462912417516848550e-11
-2.386292151262343402e-11
-2.275020568073228630e-11
-2.203482589838119238e-11
-2.100454040685806955e-11
-2.002892467760090274e-11
-1.941053104224276352e-11
-1.853312023649888026e-11
-1.798273590349759895e-11
-1.721064095736667788e-11
-1.650440276657780596e-11
-1.607095803215893042e-11
-1.547784039435576060e-11
-1.495412257649505461e-11
-1.464394645276248516e-11
-1.423759076076048336e-11
-1.390228923558822454e-11
-1.363826430931589925e-11
-1.350187076708215301e-11
-1.333767454699184891e-11
-1.320390277166486785e-11
-1.309653000040316708e-11
-1.301182772495987023e-11
-1.296623914766497920e-11
-1.291178055080580403e-11
-1.287135682479538951e-11
-1.284217049745188333e-11
-1.282164017536478502e-11
-1.280738629708755109e-11
-1.279721781301380499e-11
-1.278911972963091429e-11
-1.278124146025132143e-11
-1.277188592839821031e-11
-1.275949937379492139e-11
-1.274266181440063727e-11
-1.272007812116979004e-11
-1.269056966521145354e-11
-1.263861864722120320e-11
-1.258896570950772157e-11
-1.252920393618840560e-11
-1.245857536987786881e-11
-1.237640223186148108e-11
-1.228208142100060973e-11
-1.213651113932163488e-11
-1.201188192011083974e-11
-1.179546018315932047e-11
-1.100328430131466949e-11
-1.006512541998431779e-11
-8.875232445214784530e-12
-6.959240648966459344e-12
-5.318476049586117994e-12
-3.537565428324877539e-12
-9.945842637700257948e-13
1.004483450622224351e-12
3.745729864660787162e-12
5.829279983346806085e-12
8.604730378820258579e-12
1.065967875462631672e-11
1.333092138118571508e-11
1.526215058026130721e-11
1.771314906188962247e-11
1.999381038346309509e-11
2.157543541964056654e-11
2.349194126931988452e-11
2.516763595973010865e-11
2.625396737793593860e-11
2.746044694547848783e-11
2.837552830366469465e-11
2.898495051324077487e-11
2.927638833839329778e-11
2.927988471065815366e-11
2.899276114055789891e-11
2.842647879878828902e-11
2.763315398532644675e-11
2.664605486561497793e-11
2.549604743346577142e-11
2.421174836242872067e-11
2.281966815867123014e-11
2.134434525463149099e-11
1.980847163826689422e-11
1.823301057156095622e-11
1.663730691379649348e-11
1.503919052974935862e-11
1.306302691564604591e-11
1.151747392061180447e-11
1.001812346894439301e-11
8.577377659596294555e-12
6.876027242474876811e-12
5.607061439518150414e-12
4.429975612952985150e-12
3.100414545515933381e-12
2.159241619847153221e-12
1.334115854915492721e-12
4.748155533512990744e-13
-6.863385240638006162e-14
-5.605618237038518330e-13
-7.994554108171711054e-13
-8.993119195358088884e-13
-7.184892098534171022e-13
-5.269033907255154650e-14
1.034335055761035069e-12
2.162035947207100624e-12
3.841881692892050280e-12
5.768054026079897361e-12
7.450266909580374903e-12
9.687917928552198091e-12
1.203262189393381359e-11
1.444203209996155146e-11
1.687727760986944690e-11
1.930272823074902266e-11
2.168577501872402688e-11
2.354157131548433898e-11
2.577498346702442196e-11
2.788906576791864694e-11
3.023637804860982457e-11
3.201039430379818006e-11
3.359921329240972654e-11
3.498632946846588236e-11
3.615694936573513303e-11
3.709787229072241601e-11
3.790737684662914629e-11
3.830364570054433069e-11
3.843742524864865528e-11
3.830106783963968608e-11
3.782041073253921694e-11
3.736822611816187759e-11
3.681302005652673636e-11
3.634068556162949114e-11
3.576328414007787023e-11
3.527402209672157625e-11
3.467808696495123057e-11
3.417478638271503396e-11
3.356359987292221561e-11
3.294535442381230687e-11
3.242535317535651644e-11
3.179627016224349108e-11
3.116233812491494621e-11
3.052425086270867187e-11
2.988266118591595367e-11
2.923818317445573085e-11
2.859139430756600323e-11
2.794283747235946810e-11
2.729302285857813315e-11
2.664242974640538634e-11
2.599150819375030833e-11
2.534068062900765551e-11
2.469034335491133026e-11
2.404086796874291461e-11
2.339260270382286634e-11
2.263825661514163539e-11
2.199230517209853159e-11
2.128601240311152415e-11
2.035831520082436110e-11
1.948937133429446000e-11
1.840671230222690889e-11
1.743261583283380925e-11
1.625708532778980624e-11
1.522704513527444416e-11
1.401168040679198582e-11
1.279401373603926292e-11
1.158599022921591029e-11
1.056651018536583291e-11
9.404594529257777911e-12
8.280966783206267572e-12
7.203944066913217807e-12
6.181056366290343756e-12
5.219101616079701212e-12
4.324197112111990942e-12
3.501827502484673254e-12
2.756889589262263607e-12
2.093734155935152341e-12
1.516205020732472645e-12
9.653272897360886497e-13
5.820838081595025765e-13
2.936394948770177412e-13
8.275509461154299007e-14
4.104117083375938776e-15
0.000000000000000000e+00
0.000000000000000000e+00
0.000000000000000000e+00
0.000000000000000000e+00
0.000000000000000000e+00
0.000000000000000000e+00
0.000000000000000000e+00
0.000000000000000000e+00
0.000000000000000000e+00
0.000000000000000000e+00
0.000000000000000000e+00
0.000000000000000000e+00
0.000000000000000000e+00
0.000000000000000000e+00
0.000000000000000000e+00
0.000000000000000000e+00
0.000000000000000000e+00
0.000000000000000000e+00
0.000000000000000000e+00
0.000000000000000000e+00
0.000000000000000000e+00
0.000000000000000000e+00
0.000000000000000000e+00
0.000000000000000000e+00
0.000000000000000000e+00
0.000000000000000000e+00
0.000000000000000000e+00
0.000000000000000000e+00
0.000000000000000000e+00
0.000000000000000000e+00
0.000000000000000000e+00
0.000000000000000000e+00
0.000000000000000000e+00
0.000000000000000000e+00
0.000000000000000000e+00
0.000000000000000000e+00
0.000000000000000000e+00
0.000000000000000000e+00
0.000000000000000000e+00
0.000000000000000000e+00
0.000000000000000000e+00
0.000000000000000000e+00
0.000000000000000000e+00
0.000000000000000000e+00
0.000000000000000000e+00
0.000000000000000000e+00
0.000000000000000000e+00
0.000000000000000000e+00
0.000000000000000000e+00
0.000000000000000000e+00
0.000000000000000000e+00
0.000000000000000000e+00
0.000000000000000000e+00
0.000000000000000000e+00
0.000000000000000000e+00
0.000000000000000000e+00
0.000000000000000000e+00
0.000000000000000000e+00
0.000000000000000000e+00
0.000000000000000000e+00
0.000000000000000000e+00
0.000000000000000000e+00
0.000000000000000000e+00
0.000000000000000000e+00
0.000000000000000000e+00
0.000000000000000000e+00
0.000000000000000000e+00
0.000000000000000000e+00
0.000000000000000000e+00
0.000000000000000000e+00
0.000000000000000000e+00
0.000000000000000000e+00
0.000000000000000000e+00
0.000000000000000000e+00
0.000000000000000000e+00
0.000000000000000000e+00
0.000000000000000000e+00
0.000000000000000000e+00
0.000000000000000000e+00
0.000000000000000000e+00
0.000000000000000000e+00
0.000000000000000000e+00
0.000000000000000000e+00
0.000000000000000000e+00
0.000000000000000000e+00
0.000000000000000000e+00
0.000000000000000000e+00
0.000000000000000000e+00
0.000000000000000000e+00
0.000000000000000000e+00
0.000000000000000000e+00
0.000000000000000000e+00
0.000000000000000000e+00
0.000000000000000000e+00
0.000000000000000000e+00
0.000000000000000000e+00
0.000000000000000000e+00
0.000000000000000000e+00
0.000000000000000000e+00
0.000000000000000000e+00
0.000000000000000000e+00
0.000000000000000000e+00
0.000000000000000000e+00
0.000000000000000000e+00
0.000000000000000000e+00
0.000000000000000000e+00
0.000000000000000000e+00
0.000000000000000000e+00
0.000000000000000000e+00
0.000000000000000000e+00
0.000000000000000000e+00
0.000000000000000000e+00
0.000000000000000000e+00
0.000000000000000000e+00
0.000000000000000000e+00
0.000000000000000000e+00
0.000000000000000000e+00
0.000000000000000000e+00
0.000000000000000000e+00
0.000000000000000000e+00
0.000000000000000000e+00
0.000000000000000000e+00
0.000000000000000000e+00
0.000000000000000000e+00
0.000000000000000000e+00
0.000000000000000000e+00
0.000000000000000000e+00
0.000000000000000000e+00
0.000000000000000000e+00
0.000000000000000000e+00
0.000000000000000000e+00
0.000000000000000000e+00
0.000000000000000000e+00
0.000000000000000000e+00
0.000000000000000000e+00
0.000000000000000000e+00
0.000000000000000000e+00
0.000000000000000000e+00
0.000000000000000000e+00
0.000000000000000000e+00
0.000000000000000000e+00
0.000000000000000000e+00
0.000000000000000000e+00
0.000000000000000000e+00
0.000000000000000000e+00
0.000000000000000000e+00
0.000000000000000000e+00
0.000000000000000000e+00
0.000000000000000000e+00
0.000000000000000000e+00
0.000000000000000000e+00
0.000000000000000000e+00
0.000000000000000000e+00
0.000000000000000000e+00
0.000000000000000000e+00
0.000000000000000000e+00
0.000000000000000000e+00
0.000000000000000000e+00
0.000000000000000000e+00
0.000000000000000000e+00
0.000000000000000000e+00
0.000000000000000000e+00
0.000000000000000000e+00
0.000000000000000000e+00
0.000000000000000000e+00
0.000000000000000000e+00
0.000000000000000000e+00
0.000000000000000000e+00
0.000000000000000000e+00
0.000000000000000000e+00
0.000000000000000000e+00
0.000000000000000000e+00
0.000000000000000000e+00
0.000000000000000000e+00
0.000000000000000000e+00
0.000000000000000000e+00
0.000000000000000000e+00
0.000000000000000000e+00
0.000000000000000000e+00
0.000000000000000000e+00
0.000000000000000000e+00
0.000000000000000000e+00
0.000000000000000000e+00
0.000000000000000000e+00
0.000000000000000000e+00
0.000000000000000000e+00
0.000000000000000000e+00
0.000000000000000000e+00
0.000000000000000000e+00
0.000000000000000000e+00
0.000000000000000000e+00
0.000000000000000000e+00
0.000000000000000000e+00
0.000000000000000000e+00
0.000000000000000000e+00
0.000000000000000000e+00
0.000000000000000000e+00
0.000000000000000000e+00
0.000000000000000000e+00
0.000000000000000000e+00
0.000000000000000000e+00
0.000000000000000000e+00
0.000000000000000000e+00
0.000000000000000000e+00
0.000000000000000000e+00
0.000000000000000000e+00
0.000000000000000000e+00
0.000000000000000000e+00
0.000000000000000000e+00
0.000000000000000000e+00
0.000000000000000000e+00
0.000000000000000000e+00
0.000000000000000000e+00
0.000000000000000000e+00
0.000000000000000000e+00
0.000000000000000000e+00
0.000000000000000000e+00
0.000000000000000000e+00
0.000000000000000000e+00
0.000000000000000000e+00
0.000000000000000000e+00
0.000000000000000000e+00
0.000000000000000000e+00
0.000000000000000000e+00
0.000000000000000000e+00
0.000000000000000000e+00
0.000000000000000000e+00
0.000000000000000000e+00
0.000000000000000000e+00
0.000000000000000000e+00
0.000000000000000000e+00
0.000000000000000000e+00
0.000000000000000000e+00
0.000000000000000000e+00
0.000000000000000000e+00
0.000000000000000000e+00
0.000000000000000000e+00
0.000000000000000000e+00
0.000000000000000000e+00
0.000000000000000000e+00
0.000000000000000000e+00
0.000000000000000000e+00
0.000000000000000000e+00
0.000000000000000000e+00
0.000000000000000000e+00
0.000000000000000000e+00
0.000000000000000000e+00
0.000000000000000000e+00
0.000000000000000000e+00
0.000000000000000000e+00
0.000000000000000000e+00
0.000000000000000000e+00
0.000000000000000000e+00
0.000000000000000000e+00
0.000000000000000000e+00
0.000000000000000000e+00
0.000000000000000000e+00
0.000000000000000000e+00
0.000000000000000000e+00
0.000000000000000000e+00
0.000000000000000000e+00
0.000000000000000000e+00
0.000000000000000000e+00
0.000000000000000000e+00
0.000000000000000000e+00
0.000000000000000000e+00
0.000000000000000000e+00
0.000000000000000000e+00
0.000000000000000000e+00
0.000000000000000000e+00
0.000000000000000000e+00
0.000000000000000000e+00
0.000000000000000000e+00
0.000000000000000000e+00
0.000000000000000000e+00
0.000000000000000000e+00
0.000000000000000000e+00
0.000000000000000000e+00
0.000000000000000000e+00
0.000000000000000000e+00
0.000000000000000000e+00
0.000000000000000000e+00
0.000000000000000000e+00
0.000000000000000000e+00
0.000000000000000000e+00
0.000000000000000000e+00
0.000000000000000000e+00
0.000000000000000000e+00
0.000000000000000000e+00
0.000000000000000000e+00
0.000000000000000000e+00
0.000000000000000000e+00
0.000000000000000000e+00
0.000000000000000000e+00
0.000000000000000000e+00
0.000000000000000000e+00
0.000000000000000000e+00
0.000000000000000000e+00
0.000000000000000000e+00
0.000000000000000000e+00
0.000000000000000000e+00
0.000000000000000000e+00
0.000000000000000000e+00
0.000000000000000000e+00
0.000000000000000000e+00
0.000000000000000000e+00
0.000000000000000000e+00
0.000000000000000000e+00
0.000000000000000000e+00
0.000000000000000000e+00
0.000000000000000000e+00
0.000000000000000000e+00
0.000000000000000000e+00
0.000000000000000000e+00
0.000000000000000000e+00
0.000000000000000000e+00
0.000000000000000000e+00
0.000000000000000000e+00
0.000000000000000000e+00
0.000000000000000000e+00
0.000000000000000000e+00
0.000000000000000000e+00
0.000000000000000000e+00
0.000000000000000000e+00
0.000000000000000000e+00
0.000000000000000000e+00
0.000000000000000000e+00
0.000000000000000000e+00
0.000000000000000000e+00
0.000000000000000000e+00
0.000000000000000000e+00
0.000000000000000000e+00
0.000000000000000000e+00
0.000000000000000000e+00
0.000000000000000000e+00
0.000000000000000000e+00
0.000000000000000000e+00
0.000000000000000000e+00
0.000000000000000000e+00
0.000000000000000000e+00
0.000000000000000000e+00
0.000000000000000000e+00
0.000000000000000000e+00
0.000000000000000000e+00
0.000000000000000000e+00
0.000000000000000000e+00
0.000000000000000000e+00
0.000000000000000000e+00
0.000000000000000000e+00
0.000000000000000000e+00
0.000000000000000000e+00
0.000000000000000000e+00
0.000000000000000000e+00
0.000000000000000000e+00
0.000000000000000000e+00
0.000000000000000000e+00
0.000000000000000000e+00
0.000000000000000000e+00
0.000000000000000000e+00
0.000000000000000000e+00
0.000000000000000000e+00
0.000000000000000000e+00
0.000000000000000000e+00
0.000000000000000000e+00
0.000000000000000000e+00
0.000000000000000000e+00
0.000000000000000000e+00
0.000000000000000000e+00
0.000000000000000000e+00
0.000000000000000000e+00
0.000000000000000000e+00
0.000000000000000000e+00
0.000000000000000000e+00
0.000000000000000000e+00
0.000000000000000000e+00
0.000000000000000000e+00
0.000000000000000000e+00
0.000000000000000000e+00
0.000000000000000000e+00
0.000000000000000000e+00
0.000000000000000000e+00
0.000000000000000000e+00
0.000000000000000000e+00
0.000000000000000000e+00
0.000000000000000000e+00
0.000000000000000000e+00
0.000000000000000000e+00
0.000000000000000000e+00
0.000000000000000000e+00
0.000000000000000000e+00
0.000000000000000000e+00
0.000000000000000000e+00
0.000000000000000000e+00
0.000000000000000000e+00
0.000000000000000000e+00
0.000000000000000000e+00
0.000000000000000000e+00
0.000000000000000000e+00
0.000000000000000000e+00
0.000000000000000000e+00
0.000000000000000000e+00
0.000000000000000000e+00
0.000000000000000000e+00
0.000000000000000000e+00
0.000000000000000000e+00
0.000000000000000000e+00
0.000000000000000000e+00
0.000000000000000000e+00
0.000000000000000000e+00
0.000000000000000000e+00
0.000000000000000000e+00
0.000000000000000000e+00
0.000000000000000000e+00
0.000000000000000000e+00
0.000000000000000000e+00
0.000000000000000000e+00
0.000000000000000000e+00
0.000000000000000000e+00
0.000000000000000000e+00
0.000000000000000000e+00
0.000000000000000000e+00
0.000000000000000000e+00
0.000000000000000000e+00
0.000000000000000000e+00
0.000000000000000000e+00
0.000000000000000000e+00
0.000000000000000000e+00
0.000000000000000000e+00
0.000000000000000000e+00
0.000000000000000000e+00
0.000000000000000000e+00
0.000000000000000000e+00
0.000000000000000000e+00
0.000000000000000000e+00
0.000000000000000000e+00
0.000000000000000000e+00
0.000000000000000000e+00
0.000000000000000000e+00
0.000000000000000000e+00
0.000000000000000000e+00
0.000000000000000000e+00
0.000000000000000000e+00
0.000000000000000000e+00
0.000000000000000000e+00
0.000000000000000000e+00
0.000000000000000000e+00
0.000000000000000000e+00
0.000000000000000000e+00
0.000000000000000000e+00
0.000000000000000000e+00
0.000000000000000000e+00
0.000000000000000000e+00
0.000000000000000000e+00
0.000000000000000000e+00
0.000000000000000000e+00
0.000000000000000000e+00
0.000000000000000000e+00
0.000000000000000000e+00
0.000000000000000000e+00
0.000000000000000000e+00
0.000000000000000000e+00
0.000000000000000000e+00
0.000000000000000000e+00
0.000000000000000000e+00
0.000000000000000000e+00
0.000000000000000000e+00
0.000000000000000000e+00
0.000000000000000000e+00
0.000000000000000000e+00
0.000000000000000000e+00
0.000000000000000000e+00
0.000000000000000000e+00
0.000000000000000000e+00
0.000000000000000000e+00
0.000000000000000000e+00
0.000000000000000000e+00
0.000000000000000000e+00
0.000000000000000000e+00
0.000000000000000000e+00
0.000000000000000000e+00
0.000000000000000000e+00
0.000000000000000000e+00
0.000000000000000000e+00
0.000000000000000000e+00
0.000000000000000000e+00
0.000000000000000000e+00
0.000000000000000000e+00
0.000000000000000000e+00
0.000000000000000000e+00
0.000000000000000000e+00
0.000000000000000000e+00
0.000000000000000000e+00
0.000000000000000000e+00
0.000000000000000000e+00
0.000000000000000000e+00
0.000000000000000000e+00
0.000000000000000000e+00
0.000000000000000000e+00
0.000000000000000000e+00
0.000000000000000000e+00
0.000000000000000000e+00
0.000000000000000000e+00
0.000000000000000000e+00
0.000000000000000000e+00
0.000000000000000000e+00
0.000000000000000000e+00
0.000000000000000000e+00
0.000000000000000000e+00
0.000000000000000000e+00
0.000000000000000000e+00
0.000000000000000000e+00
0.000000000000000000e+00
0.000000000000000000e+00
0.000000000000000000e+00
0.000000000000000000e+00
0.000000000000000000e+00
nan
