# bin_7_4
-4.284739789193967210e-06
-2.324630553238713286e-06
-1.313270480832431847e-06
-6.737403180408804954e-07
-3.951212270762535698e-07
-1.872712660806969565e-07
-1.163575091294633424e-07
-5.377583663369990935e-08
-4.543866946049089559e-08
-6.266531131063242800e-09
-2.197714581354937627e-08
-1.396404301650688276e-08
-2.543293148277304541e-09
-2.517470512320828907e-09
-2.941419583965827029e-09
-6.267589946799773298e-09
-1.193275329816162665e-08
-1.705543333682903921e-08
-2.283467253676530840e-08
-2.860207236699387911e-08
-3.172114989803794390e-08
-3.105673657874374476e-08
-2.446637152532051784e-08
-1.489678461993151257e-08
-7.219212598899039080e-09
-4.112817926967878839e-09
-8.303071273694334222e-09
-1.709591327423550124e-08
-2.573672978518742266e-08
-3.128277794355473519e-08
-3.202675187660163946e-08
-2.458458471653413251e-08
-1.066869535579941202e-08
4.676880435227211272e-09
1.803662017808048405e-08
2.717740173467757826e-08
3.072123255555774195e-08
3.095356510633552763e-08
3.080938486466473027e-08
3.036342409984420202e-08
2.967716824231268947e-08
2.880126799104738156e-08
2.777748537777077874e-08
2.664027001590363488e-08
2.424711885751351411e-08
2.018941401127594672e-08
1.539862260227501792e-08
1.058426191294805809e-08
6.279166344709750278e-09
2.875712884932623780e-09
6.548532264412027392e-10
-1.905923402862336675e-10
-2.902344161105066306e-10
-3.680128753831095695e-10
-4.267829864555614539e-10
-4.690390289789007341e-10
-4.969623819978999442e-10
-5.124627235568201014e-10
-5.172134060940850011e-10
-5.126818950068785196e-10
-5.001560123648942416e-10
-4.289701967664107577e-10
-2.724397852002836037e-10
-6.286068418275446430e-11
1.731381611762036109e-10
4.137322943861533152e-10
6.411687581875283990e-10
8.411425816370948309e-10
1.002265969057607946e-09
1.115616099482533715e-09
1.174349677575313185e-09
1.173374238174386249e-09
1.118729968086411531e-09
1.027843946659631953e-09
9.123758828973834780e-10
7.822329209867144672e-10
6.457989149730918236e-10
5.101340398431232124e-10
3.811486977519507468e-10
2.637551245894418009e-10
1.619996300782935910e-10
7.917800146902547691e-11
1.793625604890706206e-11
-1.964136776507048341e-11
-3.195554447704155236e-11
-2.971524468510062894e-11
-2.495656244524281143e-11
-1.832559236650273125e-11
-1.038617480229439334e-11
-1.629091291217723494e-12
7.519760697507172740e-12
1.669209653434842081e-11
2.557077366195805351e-11
3.388403056484403930e-11
4.140035552393910022e-11
4.792391462804387093e-11
5.329047676808024552e-11
5.736378057715296220e-11
6.003229463171084594e-11
6.120632781067675067e-11
6.081545161886853366e-11
5.554578609951956186e-11
4.324597030682196160e-11
2.546569110061752359e-11
3.586313932870219770e-12
-2.116306316328127684e-11
-4.769107738618372552e-11
-7.503094139422818468e-11
-1.023285219837136250e-10
-1.288315369861896102e-10
-1.538797624044559004e-10
-1.768961527374537009e-10
-1.973787872079452949e-10
-2.148935633344472832e-10
-2.290675670967116710e-10
-2.395830559345837861e-10
-2.461719970834360256e-10
-2.486111093655990145e-10
-2.467173615966772455e-10
-2.399268818004978547e-10
-2.284025619846525685e-10
-2.130146692620553128e-10
-1.945530403805227919e-10
-1.737336387734532128e-10
-1.512045790163798488e-10
-1.275516635696393492e-10
-1.033034727045339573e-10
-7.893604490163780687e-11
-5.487718173814194468e-11
-3.151040831287756338e-11
-9.178617563244089883e-12
1.181257561915780310e-11
3.119174679172882518e-11
4.871881922322584638e-11
6.418244619609604521e-11
7.739760020531163996e-11
8.820335243654171124e-11
9.646082729766690306e-11
1.020513180462281880e-10
1.048745507127547652e-10
1.048470845764772281e-10
1.017997912869289751e-10
9.592538079169026737e-11
8.766717443180433528e-11
7.743358745212788253e-11
6.560055415508755818e-11
5.251378505144932434e-11
3.849086809395395077e-11
2.382322516310963705e-11
8.777934131522109000e-12
-6.400573942336315732e-12
-2.148893365393204655e-11
-3.628337194640989340e-11
-5.059833508428339737e-11
-6.426520889137245283e-11
-7.713112575195431911e-11
-8.905785234901571643e-11
-9.992075255164845360e-11
-1.096078202682739484e-10
-1.180187774559978481e-10
-1.250642328217034548e-10
-1.306648970696461719e-10
-1.347508508453679744e-10
-1.372608617988117545e-10
-1.381417474420756999e-10
-1.373477807111243363e-10
-1.347461331940240891e-10
-1.303927685684242707e-10
-1.245182329499541330e-10
-1.173376176774229163e-10
-1.090514763008525163e-10
-9.984668722679126541e-11
-8.989726536952448122e-11
-6.840080329342950992e-11
-5.714412759627772017e-11
-4.572486184020207651e-11
-3.426330163812700266e-11
-2.287084002753937696e-11
-1.165049939219629625e-11
-6.974324722920611944e-13
9.900605689922967607e-12
2.971492209853239537e-11
3.878880426890181583e-11
4.722209886243324944e-11
5.495786207684225828e-11
6.194423672558600287e-11
6.813414085319479690e-11
7.348497422648701797e-11
8.151979220646332717e-11
8.413857326948248326e-11
8.578739881639986971e-11
8.644223083928891680e-11
8.521401240564016826e-11
8.435755669687857740e-11
8.351251073918540309e-11
8.267868299393793072e-11
8.185588575532839424e-11
8.024265061916132620e-11
7.945185570186013798e-11
7.867137708814910766e-11
7.714069289437752474e-11
7.639015765510137750e-11
7.564927925279123789e-11
7.491790080690322423e-11
7.348303145669388619e-11
7.277924178351838895e-11
7.208435439804576442e-11
7.072072009330007094e-11
7.005169673744686073e-11
6.939102267739143937e-11
6.809419805733660662e-11
6.745779149162683874e-11
6.620836783544544340e-11
6.559510892197021651e-11
6.498932783141783797e-11
6.379973989432763204e-11
6.321570874445842175e-11
6.206862677592875419e-11
6.150536383171792569e-11
5.399905521514804061e-11
4.589067568668967686e-11
3.524655629727316064e-11
7.374777002155177979e-12
-9.372207339348754106e-12
-4.737459972069089827e-11
-6.821756957255042887e-11
-1.126330082883164595e-10
-1.358528333929957338e-10
-1.835025900856525058e-10
-2.076322633155320567e-10
-2.558096797538411723e-10
-3.030415310711352641e-10
-3.260149046527765412e-10
-3.701563778905146400e-10
-3.911342078253008733e-10
-4.304698037809179876e-10
-4.657929675490454371e-10
-4.817731971786744613e-10
-5.100565156273842140e-10
-5.222462443636561102e-10
-5.424672928052834899e-10
-5.568461143481820470e-10
-5.617455134631670015e-10
-5.667929190482287656e-10
-5.653097190693774313e-10
-5.620557208286362243e-10
-5.524982101373893158e-10
-5.404744114677747101e-10
-5.263210085964751431e-10
-5.185436998090679902e-10
-5.017703357359189734e-10
-4.835983853993970316e-10
-4.642805664270995635e-10
-4.542653371789267293e-10
-4.336585257894421773e-10
-4.124518795251957508e-10
-3.908330616800357399e-10
-3.689740019759571585e-10
-3.580040817772403343e-10
-3.360753198909138287e-10
-3.142743945308313005e-10
-2.927264084299268400e-10
-2.715451499624021729e-10
-2.508338967080097630e-10
-2.306861638626815972e-10
-2.111864013770346939e-10
-1.924106434179927431e-10
-1.744271134850631763e-10
-1.572967882692155426e-10
-1.410739231177154850e-10
-1.258065417608301968e-10
-1.115368927646730803e-10
-9.738968687082704204e-11
-8.258236783917894844e-11
-6.728229581728846232e-11
-5.164428057109072713e-11
-3.581137464519835929e-11
-1.991561718411443649e-11
-4.078731585428841161e-12
1.158722005827676760e-11
2.697922297116251035e-11
4.200273358664494116e-11
5.657113891966012485e-11
7.060524917714979456e-11
9.049836904267466751e-11
1.028947822087931440e-10
1.145315763626781113e-10
1.253574778256073972e-10
1.353263526809153834e-10
1.485835640911518733e-10
1.562387837260643970e-10
1.629113049538255956e-10
1.685742416684669140e-10
1.751254769601295715e-10
1.781693720033661757e-10
1.801358075604469190e-10
1.810379072378737919e-10
1.802602009095127864e-10
1.778317020814133729e-10
1.654138035850740031e-10
1.515567559874193643e-10
1.237334043049327101e-10
1.012110904173966952e-10
7.604610457802693445e-11
3.427314481165985497e-11
4.318025894023122055e-12
-4.286084575935239466e-11
-7.531951241344961526e-11
-1.247406281275406015e-10
-1.577603829226988873e-10
-2.067426671528255439e-10
-2.543524133050417431e-10
-2.849656622179846216e-10
-3.287011689680336658e-10
-3.561389591063424405e-10
-3.943067038533447196e-10
-4.284455880193595583e-10
-4.487444683962572150e-10
-4.752051433540687164e-10
-4.965642161165623560e-10
-5.078123988255017237e-10
-5.199912721010560769e-10
-5.263221377104649991e-10
-5.265953156183078267e-10
-5.233237399151819560e-10
-5.160682133741041971e-10
-5.083417270392904015e-10
-5.001766659848778973e-10
-4.916036870491694797e-10
-4.856761428616291494e-10
-4.764870246771992370e-10
-4.669639795335242688e-10
-4.571320815033325866e-10
-4.470150663187383387e-10
-4.366354020584600842e-10
-4.260143558938172724e-10
-4.151720571295292116e-10
-4.041275567600962027e-10
-3.928988837483760621e-10
-3.815030982197653379e-10
-3.699563417531122842e-10
-3.582738849380525806e-10
-3.464701723577541828e-10
-3.305667728893685161e-10
-3.185319778471189561e-10
-3.064186396031849717e-10
-2.942380867699936393e-10
-2.820010241364390268e-10
-2.697175644498115529e-10
-2.532838752331221125e-10
-2.409283798014385871e-10
-2.272728346303473782e-10
-2.008782823049616255e-10
-1.751584919446292806e-10
-1.448009825682781133e-10
-9.775061711870306670e-11
-5.798432983234258894e-11
-1.474333441499581643e-11
4.778675567531159442e-11
9.796761789858492352e-11
1.687413385715241208e-10
2.243949718481768803e-10
3.015841680531742032e-10
3.614299249964594486e-10
4.434401031215009255e-10
5.063620317416262390e-10
5.918051191419691923e-10
6.786577467559685721e-10
7.445030815937601465e-10
8.329675745194823258e-10
9.219127725655350061e-10
9.887629228253207741e-10
1.077870420693286263e-09
1.166722303639890400e-09
1.255091695769973275e-09
1.342771182291049164e-09
1.407963531186596766e-09
1.494477735362249413e-09
1.590405287116067881e-09
1.697887114475895766e-09
1.814629949427909019e-09
1.938513882517552810e-09
2.067581127328557633e-09
2.200025504984604551e-09
2.334182600916237669e-09
2.468520549470047551e-09
2.601631405024145188e-09
2.732223061135955435e-09
2.859111681898437928e-09
3.010874798945923172e-09
3.125616557736909724e-09
3.233472865886042625e-09
3.333646159612316802e-09
3.446965631924728426e-09
3.527320059590394672e-09
3.597896651131612361e-09
3.671597290209133740e-09
3.718398198804514062e-09
3.753967287315402422e-09
3.782121088919340912e-09
3.791245409646615350e-09
3.785503485391004886e-09
3.766947750073137460e-09
3.726035776972143322e-09
3.672866724008708144e-09
3.573788379709627905e-09
3.442648032385896608e-09
3.317462834406876917e-09
3.138910375313364952e-09
2.939213731913839198e-09
2.766502549678409028e-09
2.537056634296939418e-09
2.295265390159812963e-09
2.043829834751816195e-09
1.785242869468646776e-09
1.521802989280828640e-09
1.255627099599214492e-09
1.042030455444732239e-09
7.757301437936243811e-10
5.117541680367212283e-10
2.001957013645232552e-10
-5.346546203915261824e-11
-3.003550257894122707e-10
-5.393317084399458484e-10
-7.693590234998544177e-10
-9.894982407648235635e-10
-1.239425693817618398e-09
-1.434946940683166306e-09
-1.618158975596982253e-09
-1.788466414760800442e-09
-1.979497758961980550e-09
-2.146001972585566128e-09
-2.356015811937929953e-09
-2.537267590576782375e-09
-2.759590849919377025e-09
-2.946949945893983001e-09
-3.172025739754570448e-09
-3.358161613226491442e-09
-3.577902617903614454e-09
-3.791791165202300577e-09
-3.964232678272659954e-09
-4.162754897092137787e-09
-4.350671953625730354e-09
-4.526611474587980096e-09
-4.689342016873072992e-09
-4.837762873444178462e-09
-4.970894574229857829e-09
-5.087870033918439821e-09
-5.187926302012686304e-09
-5.270396873715026777e-09
-5.334704523178966833e-09
-5.380354623403877420e-09
-5.406928919587506750e-09
-5.414079725097263926e-09
-5.401524511394379813e-09
-5.361676942619531336e-09
-5.305467303313140680e-09
-5.217545757199090110e-09
-5.072099315667909301e-09
-4.915847957310984874e-09
-4.702595569875305613e-09
-4.497719058195874008e-09
-4.237989933869784234e-09
-4.001435635709174905e-09
-3.713545317033805286e-09
-3.417137166423540338e-09
-3.116376563248304688e-09
-2.858020597339662459e-09
-2.559060393310929297e-09
-2.265814556104069169e-09
-1.981234010760660473e-09
-1.708005440322713073e-09
-1.448569474413232330e-09
-1.205137675439292173e-09
-9.797084036973989323e-10
-7.740816369140768325e-10
-5.898728144342659282e-10
-4.285257713468224462e-10
-2.737638093124477419e-10
-1.655413726727899570e-10
-8.373150622613547096e-11
-2.366535605116436999e-11
-1.176431577161259127e-12
0.000000000000000000e+00
0.000000000000000000e+00
0.000000000000000000e+00
0.000000000000000000e+00
0.000000000000000000e+00
0.000000000000000000e+00
0.000000000000000000e+00
0.000000000000000000e+00
0.000000000000000000e+00
0.000000000000000000e+00
0.000000000000000000e+00
0.000000000000000000e+00
0.000000000000000000e+00
0.000000000000000000e+00
0.000000000000000000e+00
0.000000000000000000e+00
0.000000000000000000e+00
0.000000000000000000e+00
0.000000000000000000e+00
0.000000000000000000e+00
0.000000000000000000e+00
0.000000000000000000e+00
0.000000000000000000e+00
0.000000000000000000e+00
0.000000000000000000e+00
0.000000000000000000e+00
0.000000000000000000e+00
0.000000000000000000e+00
0.000000000000000000e+00
0.000000000000000000e+00
0.000000000000000000e+00
0.000000000000000000e+00
0.000000000000000000e+00
0.000000000000000000e+00
0.000000000000000000e+00
0.000000000000000000e+00
0.000000000000000000e+00
0.000000000000000000e+00
0.000000000000000000e+00
0.000000000000000000e+00
0.000000000000000000e+00
0.000000000000000000e+00
0.000000000000000000e+00
0.000000000000000000e+00
0.000000000000000000e+00
0.000000000000000000e+00
0.000000000000000000e+00
0.000000000000000000e+00
0.000000000000000000e+00
0.000000000000000000e+00
0.000000000000000000e+00
0.000000000000000000e+00
0.000000000000000000e+00
0.000000000000000000e+00
0.000000000000000000e+00
0.000000000000000000e+00
0.000000000000000000e+00
0.000000000000000000e+00
0.000000000000000000e+00
0.000000000000000000e+00
0.000000000000000000e+00
0.000000000000000000e+00
0.000000000000000000e+00
0.000000000000000000e+00
0.000000000000000000e+00
0.000000000000000000e+00
0.000000000000000000e+00
0.000000000000000000e+00
0.000000000000000000e+00
0.000000000000000000e+00
0.000000000000000000e+00
0.000000000000000000e+00
0.000000000000000000e+00
0.000000000000000000e+00
0.000000000000000000e+00
0.000000000000000000e+00
0.000000000000000000e+00
0.000000000000000000e+00
0.000000000000000000e+00
0.000000000000000000e+00
0.000000000000000000e+00
0.000000000000000000e+00
0.000000000000000000e+00
0.000000000000000000e+00
0.000000000000000000e+00
0.000000000000000000e+00
0.000000000000000000e+00
0.000000000000000000e+00
0.000000000000000000e+00
0.000000000000000000e+00
0.000000000000000000e+00
0.000000000000000000e+00
0.000000000000000000e+00
0.000000000000000000e+00
0.000000000000000000e+00
0.000000000000000000e+00
0.000000000000000000e+00
0.000000000000000000e+00
0.000000000000000000e+00
0.000000000000000000e+00
0.000000000000000000e+00
0.000000000000000000e+00
0.000000000000000000e+00
0.000000000000000000e+00
0.000000000000000000e+00
0.000000000000000000e+00
0.000000000000000000e+00
0.000000000000000000e+00
0.000000000000000000e+00
0.000000000000000000e+00
0.000000000000000000e+00
0.000000000000000000e+00
0.000000000000000000e+00
0.000000000000000000e+00
0.000000000000000000e+00
0.000000000000000000e+00
0.000000000000000000e+00
0.000000000000000000e+00
0.000000000000000000e+00
0.000000000000000000e+00
0.000000000000000000e+00
0.000000000000000000e+00
0.000000000000000000e+00
0.000000000000000000e+00
0.000000000000000000e+00
0.000000000000000000e+00
0.000000000000000000e+00
0.000000000000000000e+00
0.000000000000000000e+00
0.000000000000000000e+00
0.000000000000000000e+00
0.000000000000000000e+00
0.000000000000000000e+00
0.000000000000000000e+00
0.000000000000000000e+00
0.000000000000000000e+00
0.000000000000000000e+00
0.000000000000000000e+00
0.000000000000000000e+00
0.000000000000000000e+00
0.000000000000000000e+00
0.000000000000000000e+00
0.000000000000000000e+00
0.000000000000000000e+00
0.000000000000000000e+00
0.000000000000000000e+00
0.000000000000000000e+00
0.000000000000000000e+00
0.000000000000000000e+00
0.000000000000000000e+00
0.000000000000000000e+00
0.000000000000000000e+00
0.000000000000000000e+00
0.000000000000000000e+00
0.000000000000000000e+00
0.000000000000000000e+00
0.000000000000000000e+00
0.000000000000000000e+00
0.000000000000000000e+00
0.000000000000000000e+00
0.000000000000000000e+00
0.000000000000000000e+00
0.000000000000000000e+00
0.000000000000000000e+00
0.000000000000000000e+00
0.000000000000000000e+00
0.000000000000000000e+00
0.000000000000000000e+00
0.000000000000000000e+00
0.000000000000000000e+00
0.000000000000000000e+00
0.000000000000000000e+00
0.000000000000000000e+00
0.000000000000000000e+00
0.000000000000000000e+00
0.000000000000000000e+00
0.000000000000000000e+00
0.000000000000000000e+00
0.000000000000000000e+00
0.000000000000000000e+00
0.000000000000000000e+00
0.000000000000000000e+00
0.000000000000000000e+00
0.000000000000000000e+00
0.000000000000000000e+00
0.000000000000000000e+00
0.000000000000000000e+00
0.000000000000000000e+00
0.000000000000000000e+00
0.000000000000000000e+00
0.000000000000000000e+00
0.000000000000000000e+00
0.000000000000000000e+00
0.000000000000000000e+00
0.000000000000000000e+00
0.000000000000000000e+00
0.000000000000000000e+00
0.000000000000000000e+00
0.000000000000000000e+00
0.000000000000000000e+00
0.000000000000000000e+00
0.000000000000000000e+00
0.000000000000000000e+00
0.000000000000000000e+00
0.000000000000000000e+00
0.000000000000000000e+00
0.000000000000000000e+00
0.000000000000000000e+00
0.000000000000000000e+00
0.000000000000000000e+00
0.000000000000000000e+00
0.000000000000000000e+00
0.000000000000000000e+00
0.000000000000000000e+00
0.000000000000000000e+00
0.000000000000000000e+00
0.000000000000000000e+00
0.000000000000000000e+00
0.000000000000000000e+00
0.000000000000000000e+00
0.000000000000000000e+00
0.000000000000000000e+00
0.000000000000000000e+00
0.000000000000000000e+00
0.000000000000000000e+00
0.000000000000000000e+00
0.000000000000000000e+00
0.000000000000000000e+00
0.000000000000000000e+00
0.000000000000000000e+00
0.000000000000000000e+00
0.000000000000000000e+00
0.000000000000000000e+00
0.000000000000000000e+00
0.000000000000000000e+00
0.000000000000000000e+00
0.000000000000000000e+00
0.000000000000000000e+00
0.000000000000000000e+00
0.000000000000000000e+00
0.000000000000000000e+00
0.000000000000000000e+00
0.000000000000000000e+00
0.000000000000000000e+00
0.000000000000000000e+00
0.000000000000000000e+00
0.000000000000000000e+00
0.000000000000000000e+00
0.000000000000000000e+00
0.000000000000000000e+00
0.000000000000000000e+00
0.000000000000000000e+00
0.000000000000000000e+00
0.000000000000000000e+00
0.000000000000000000e+00
0.000000000000000000e+00
0.000000000000000000e+00
0.000000000000000000e+00
0.000000000000000000e+00
0.000000000000000000e+00
0.000000000000000000e+00
0.000000000000000000e+00
0.000000000000000000e+00
0.000000000000000000e+00
0.000000000000000000e+00
0.000000000000000000e+00
0.000000000000000000e+00
0.000000000000000000e+00
0.000000000000000000e+00
0.000000000000000000e+00
0.000000000000000000e+00
0.000000000000000000e+00
0.000000000000000000e+00
0.000000000000000000e+00
0.000000000000000000e+00
0.000000000000000000e+00
0.000000000000000000e+00
0.000000000000000000e+00
0.000000000000000000e+00
0.000000000000000000e+00
0.000000000000000000e+00
0.000000000000000000e+00
0.000000000000000000e+00
0.000000000000000000e+00
0.000000000000000000e+00
0.000000000000000000e+00
0.000000000000000000e+00
0.000000000000000000e+00
0.000000000000000000e+00
0.000000000000000000e+00
0.000000000000000000e+00
0.000000000000000000e+00
0.000000000000000000e+00
0.000000000000000000e+00
0.000000000000000000e+00
0.000000000000000000e+00
0.000000000000000000e+00
0.000000000000000000e+00
0.000000000000000000e+00
0.000000000000000000e+00
0.000000000000000000e+00
0.000000000000000000e+00
0.000000000000000000e+00
0.000000000000000000e+00
0.000000000000000000e+00
0.000000000000000000e+00
0.000000000000000000e+00
0.000000000000000000e+00
0.000000000000000000e+00
0.000000000000000000e+00
0.000000000000000000e+00
0.000000000000000000e+00
0.000000000000000000e+00
0.000000000000000000e+00
0.000000000000000000e+00
0.000000000000000000e+00
0.000000000000000000e+00
0.000000000000000000e+00
0.000000000000000000e+00
0.000000000000000000e+00
0.000000000000000000e+00
0.000000000000000000e+00
0.000000000000000000e+00
0.000000000000000000e+00
0.000000000000000000e+00
0.000000000000000000e+00
0.000000000000000000e+00
0.000000000000000000e+00
0.000000000000000000e+00
0.000000000000000000e+00
0.000000000000000000e+00
0.000000000000000000e+00
0.000000000000000000e+00
0.000000000000000000e+00
0.000000000000000000e+00
0.000000000000000000e+00
0.000000000000000000e+00
0.000000000000000000e+00
0.000000000000000000e+00
0.000000000000000000e+00
0.000000000000000000e+00
0.000000000000000000e+00
0.000000000000000000e+00
0.000000000000000000e+00
0.000000000000000000e+00
0.000000000000000000e+00
0.000000000000000000e+00
0.000000000000000000e+00
0.000000000000000000e+00
0.000000000000000000e+00
0.000000000000000000e+00
0.000000000000000000e+00
0.000000000000000000e+00
0.000000000000000000e+00
0.000000000000000000e+00
0.000000000000000000e+00
0.000000000000000000e+00
0.000000000000000000e+00
0.000000000000000000e+00
0.000000000000000000e+00
0.000000000000000000e+00
0.000000000000000000e+00
0.000000000000000000e+00
0.000000000000000000e+00
0.000000000000000000e+00
0.000000000000000000e+00
0.000000000000000000e+00
0.000000000000000000e+00
0.000000000000000000e+00
0.000000000000000000e+00
0.000000000000000000e+00
0.000000000000000000e+00
0.000000000000000000e+00
0.000000000000000000e+00
0.000000000000000000e+00
0.000000000000000000e+00
0.000000000000000000e+00
0.000000000000000000e+00
0.000000000000000000e+00
0.000000000000000000e+00
0.000000000000000000e+00
0.000000000000000000e+00
0.000000000000000000e+00
0.000000000000000000e+00
0.000000000000000000e+00
0.000000000000000000e+00
0.000000000000000000e+00
0.000000000000000000e+00
0.000000000000000000e+00
0.000000000000000000e+00
0.000000000000000000e+00
0.000000000000000000e+00
0.000000000000000000e+00
0.000000000000000000e+00
0.000000000000000000e+00
0.000000000000000000e+00
0.000000000000000000e+00
0.000000000000000000e+00
0.000000000000000000e+00
0.000000000000000000e+00
0.000000000000000000e+00
0.000000000000000000e+00
0.000000000000000000e+00
0.000000000000000000e+00
0.000000000000000000e+00
0.000000000000000000e+00
0.000000000000000000e+00
0.000000000000000000e+00
0.000000000000000000e+00
0.000000000000000000e+00
0.000000000000000000e+00
0.000000000000000000e+00
0.000000000000000000e+00
0.000000000000000000e+00
0.000000000000000000e+00
0.000000000000000000e+00
0.000000000000000000e+00
0.000000000000000000e+00
0.000000000000000000e+00
0.000000000000000000e+00
0.000000000000000000e+00
0.000000000000000000e+00
0.000000000000000000e+00
0.000000000000000000e+00
0.000000000000000000e+00
0.000000000000000000e+00
0.000000000000000000e+00
0.000000000000000000e+00
0.000000000000000000e+00
0.000000000000000000e+00
0.000000000000000000e+00
0.000000000000000000e+00
0.000000000000000000e+00
0.000000000000000000e+00
0.000000000000000000e+00
0.000000000000000000e+00
0.000000000000000000e+00
0.000000000000000000e+00
0.000000000000000000e+00
0.000000000000000000e+00
0.000000000000000000e+00
0.000000000000000000e+00
0.000000000000000000e+00
0.000000000000000000e+00
0.000000000000000000e+00
0.000000000000000000e+00
0.000000000000000000e+00
0.000000000000000000e+00
0.000000000000000000e+00
0.000000000000000000e+00
0.000000000000000000e+00
0.000000000000000000e+00
0.000000000000000000e+00
0.000000000000000000e+00
0.000000000000000000e+00
0.000000000000000000e+00
0.000000000000000000e+00
0.000000000000000000e+00
0.000000000000000000e+00
0.000000000000000000e+00
0.000000000000000000e+00
0.000000000000000000e+00
0.000000000000000000e+00
0.000000000000000000e+00
0.000000000000000000e+00
0.000000000000000000e+00
0.000000000000000000e+00
0.000000000000000000e+00
0.000000000000000000e+00
0.000000000000000000e+00
0.000000000000000000e+00
0.000000000000000000e+00
0.000000000000000000e+00
0.000000000000000000e+00
0.000000000000000000e+00
0.000000000000000000e+00
0.000000000000000000e+00
0.000000000000000000e+00
0.000000000000000000e+00
0.000000000000000000e+00
0.000000000000000000e+00
0.000000000000000000e+00
0.000000000000000000e+00
0.000000000000000000e+00
0.000000000000000000e+00
0.000000000000000000e+00
0.000000000000000000e+00
0.000000000000000000e+00
0.000000000000000000e+00
0.000000000000000000e+00
0.000000000000000000e+00
0.000000000000000000e+00
0.000000000000000000e+00
0.000000000000000000e+00
0.000000000000000000e+00
0.000000000000000000e+00
0.000000000000000000e+00
0.000000000000000000e+00
0.000000000000000000e+00
0.000000000000000000e+00
0.000000000000000000e+00
0.000000000000000000e+00
0.000000000000000000e+00
0.000000000000000000e+00
0.000000000000000000e+00
0.000000000000000000e+00
0.000000000000000000e+00
0.000000000000000000e+00
0.000000000000000000e+00
0.000000000000000000e+00
0.000000000000000000e+00
0.000000000000000000e+00
0.000000000000000000e+00
0.000000000000000000e+00
0.000000000000000000e+00
0.000000000000000000e+00
nan
