# bin_13_9
-2.706592278746092345e-07
-1.788519306834839909e-07
-1.346530427864742224e-07
-8.270573235032228556e-08
-6.573180856531452800e-08
-3.689858649724868539e-08
-3.309650346690281034e-08
-1.579601903833792622e-08
-1.793844519434246630e-08
-7.660629879530391086e-09
-1.013022370806432331e-08
-2.305137236362861899e-09
-3.126510386638558922e-09
5.741388166852975879e-11
2.261794521828561509e-09
-7.513855016831829275e-10
-4.799088244650200785e-09
-6.119716910702259926e-09
-5.137640673847241369e-09
-3.954653641272920399e-09
-3.016540741998077513e-09
-2.534705815990486225e-09
-2.453492492165738032e-09
-2.589717129838721972e-09
-2.871713431344343009e-09
-3.248042585124159935e-09
-4.004920080886700192e-09
-5.046983018565159781e-09
-5.937338404865688121e-09
-6.412306218024147039e-09
-6.325492082827604844e-09
-4.501269832376529166e-09
-1.009102866023906913e-09
2.792019945975811428e-09
5.985223151273131370e-09
7.974236053823785424e-09
8.394313154800772961e-09
7.931207704873868985e-09
7.434463814254810486e-09
6.915455369794634499e-09
6.383236151268145620e-09
5.844991653662281990e-09
5.306400048335462606e-09
4.771921554260360117e-09
4.131715671780289777e-09
3.355414994181358494e-09
2.543664169079714056e-09
1.772352144524321235e-09
1.097720280250093525e-09
5.604440548350378007e-10
1.888989385190636499e-10
1.776111700501881097e-12
-7.960045593842385447e-11
-1.440139246432918409e-10
-1.936621333753631529e-10
-2.304658659938313893e-10
-2.561057033092456750e-10
-2.720536008986423652e-10
-2.796000070738021465e-10
-2.798772000888815453e-10
-2.738794124506295785e-10
-2.627163782732614045e-10
-2.477060101357851361e-10
-2.299151191619991605e-10
-2.102378209956770942e-10
-1.894208236386162555e-10
-1.680850051092049177e-10
-1.467438454291811019e-10
-1.258191872533006049e-10
-1.056547244558073218e-10
-8.652755548038200131e-11
-6.865808605300235267e-11
-4.987862716319427137e-11
-2.880327298927377373e-11
-6.627514365872735237e-12
1.564392739482991365e-11
3.717156336437371587e-11
5.725894431762858163e-11
7.533336278807350557e-11
9.092906334663348497e-11
1.036726284557384356e-10
1.132702532236704107e-10
1.194966616843883582e-10
1.221854508747673218e-10
1.212206778299842046e-10
1.172115368524633198e-10
1.112103536626730648e-10
1.037437845647785872e-10
9.527120022134321054e-11
8.619221611011926053e-11
7.685338667794294953e-11
6.755415922879450502e-11
5.855217200380669250e-11
5.006797080534414214e-11
4.228920968705808999e-11
3.537439350705728152e-11
2.945621337594815263e-11
2.464452009972107226e-11
2.102897551097058037e-11
1.868141700723375995e-11
1.765796659148413620e-11
1.755760931535968248e-11
1.788256571097740581e-11
1.854123204123923978e-11
1.945192669519203734e-11
2.054194467506255219e-11
2.174670167563051759e-11
2.300895896311235876e-11
2.427812116818118612e-11
2.550959991619451559e-11
2.666423693859609038e-11
2.770778095279485653e-11
2.861041317246138480e-11
2.934631682384644806e-11
2.989328650326495957e-11
3.023237362232879270e-11
3.034756455615915634e-11
3.022548844037020262e-11
2.985515185923430703e-11
2.914221302829214270e-11
2.804003423249892907e-11
2.660672540458513548e-11
2.489529290630372645e-11
2.295404586724454760e-11
2.082696997273632054e-11
1.855407141875635060e-11
1.617169351214900131e-11
1.371280817723163491e-11
1.120728443282790217e-11
8.682135724910873264e-12
6.161747837598772995e-12
3.668088957615676380e-12
1.220903333083961283e-12
-1.162110154632100630e-12
-3.465133298512865458e-12
-5.674076646685291877e-12
-7.776439342544274556e-12
-9.761179794494674897e-12
-1.161859632243810622e-11
-1.334021699824983301e-11
-1.491869796155254162e-11
-1.648928156749523172e-11
-1.817017149142367102e-11
-1.993128223749734392e-11
-2.174507666359134543e-11
-2.358638382518424327e-11
-2.543222963078878113e-11
-2.726167937852475458e-11
-2.905569131445570025e-11
-3.079698041859604257e-11
-3.246989168452928388e-11
-3.406028221382939800e-11
-3.555541149732207578e-11
-3.694383930205205438e-11
-3.821533062597202775e-11
-3.936076722212345975e-11
-4.037206523075562380e-11
-4.124209849164315994e-11
-4.196462714008225335e-11
-4.253423111885229639e-11
-4.294624826504604870e-11
-4.319671665525838051e-11
-4.328232091534139269e-11
-4.320034222195185534e-11
-4.294861174254347013e-11
-4.252546727843928995e-11
-4.180795554464222168e-11
-4.070939275876626711e-11
-3.928021232955875838e-11
-3.756746451333484226e-11
-3.561501719259228241e-11
-3.346374475486944269e-11
-3.115170580515300518e-11
-2.618447742667401247e-11
-2.359278278091167319e-11
-2.096759881505650282e-11
-1.833522567159329133e-11
-1.572001494028476594e-11
-1.314448611758100098e-11
-1.062943629737332258e-11
-8.194043497553040704e-12
-3.631424069792859491e-12
-1.535306355812583989e-12
4.187686627166001789e-13
2.218365942327482242e-12
3.852163547618190826e-12
5.309884481753921772e-12
6.582232431063782484e-12
8.538167593651066475e-12
9.207537633096380025e-12
9.662995770688848049e-12
9.899307071597597003e-12
8.792805954798400878e-12
5.782142646615224748e-12
1.088667063874426590e-12
-5.090760482941007270e-12
-1.257057313780913777e-11
-3.074215796950476574e-11
-4.111426944952471521e-11
-5.214644111168203866e-11
-7.565080790268169010e-11
-8.787318479291532016e-11
-1.002551680781021354e-10
-1.126903054660763660e-10
-1.373274737807234231e-10
-1.493488320995302271e-10
-1.610613656408693113e-10
-1.832606347839793601e-10
-1.936103640773663005e-10
-2.033767383196920627e-10
-2.209356434308762230e-10
-2.286265247842126637e-10
-2.416055357950404267e-10
-2.468140027980428865e-10
-2.511207855243350968e-10
-2.569045106342057785e-10
-2.583260799174340756e-10
-2.581097085574131950e-10
-2.564314212452868394e-10
-2.493372576012477587e-10
-2.439701531736604333e-10
-2.375459260406110625e-10
-2.219609186058600404e-10
-2.130042809990531599e-10
-1.932356722201737711e-10
-1.825988006512842744e-10
-1.602248818395935016e-10
-1.486374869934415629e-10
-1.250072312638647226e-10
-1.130917309735197431e-10
-8.935322895022306566e-11
-6.609258601483920146e-11
-5.476349405125190479e-11
-3.292811239072019564e-11
-2.250238889954152785e-11
-2.818672336340039821e-12
1.508852313504302539e-11
2.330122487030499709e-11
3.811199612077892899e-11
4.466220830800017020e-11
5.594490957899830423e-11
6.467854634069505742e-11
6.804772187578421674e-11
7.271876901706893875e-11
7.455144364158066021e-11
7.437684311341431947e-11
7.258984563655889467e-11
6.954526518673449345e-11
6.544711538483630565e-11
6.306212950829865528e-11
5.773013240826801543e-11
5.178449336725718349e-11
4.537610902501474834e-11
4.204201777304625447e-11
3.519470738211226459e-11
2.820790487821282623e-11
2.119160780728427925e-11
1.424596643622241399e-11
1.082842244474768606e-11
4.156747215628038457e-12
-2.232423215283630510e-12
-8.268111003748117892e-12
-1.388634983714885214e-11
-1.902967104702120653e-11
-2.364662558960488028e-11
-2.769133934324268994e-11
-3.112309936096718603e-11
-3.390596889120476156e-11
-3.600842914061338684e-11
-3.740304590160149790e-11
-3.806615930417372096e-11
-3.797759507832502336e-11
-3.691303435758853592e-11
-3.474879586154233362e-11
-3.161146713270277125e-11
-2.761920277395107690e-11
-2.288223221935368251e-11
-1.750333674586630035e-11
-1.157829766973835817e-11
-5.196317541574638795e-12
1.559583966659043289e-12
8.612197901515136789e-12
1.588977611794672337e-11
2.332570223922437061e-11
3.464256582600508250e-11
4.221384938522350521e-11
4.974643114722025871e-11
5.719321343259754524e-11
6.451074005106243378e-11
7.515798041925878034e-11
8.198418203303107445e-11
8.855462759319106572e-11
9.483968927155504614e-11
1.036736716647835211e-10
1.091321561268637788e-10
1.142208110146565972e-10
1.211188159088559725e-10
1.252029272630235383e-10
1.289377899886027695e-10
1.347554427780880385e-10
1.388014655263005284e-10
1.450320649790634758e-10
1.492453678024315456e-10
1.534706772440592884e-10
1.597698896032781124e-10
1.639058164686028780e-10
1.699553063433750719e-10
1.738539427107625800e-10
1.794513354121797951e-10
1.829899297989962788e-10
1.879680212849684898e-10
1.925071470286271736e-10
1.952677740093747569e-10
1.989818489775721046e-10
2.011584120819028692e-10
2.039513604936792909e-10
2.061543756848760327e-10
2.072838256601956832e-10
2.084544632160700572e-10
2.089820145200897822e-10
2.089695056071551920e-10
2.083960091390442681e-10
2.071489237740448649e-10
2.052216140145960715e-10
2.035565914133905124e-10
2.000180606426037270e-10
1.950017343131100193e-10
1.887157200162014502e-10
1.813527437004650854e-10
1.759344198605095856e-10
1.671661857038211945e-10
1.577672081969428947e-10
1.478819745476419294e-10
1.376437742390598466e-10
1.271754364667355193e-10
1.165900196765301103e-10
1.059914564201064354e-10
9.547515651732871820e-11
8.512857130471974412e-11
7.503172155448646465e-11
6.525769146844436952e-11
5.587309098427692259e-11
4.693848847685365580e-11
3.581986174810113401e-11
2.813984316800817186e-11
2.107309376927468674e-11
1.465836259476551308e-11
8.930239268267843676e-12
3.919439154917554433e-12
-1.599426050556436000e-12
-4.836819716508292095e-12
-7.421592353416167303e-12
-1.057166439364327040e-11
-1.275560175582746853e-11
-1.479335971095575408e-11
-1.729324369519699278e-11
-1.901267682611168945e-11
-2.060488233670067199e-11
-2.253887620684654284e-11
-2.385409578331582148e-11
-2.543635801519560121e-11
-2.650038951818972838e-11
-2.776374396006896996e-11
-2.860007983429769764e-11
-2.957442494081164337e-11
-3.020446939100858359e-11
-3.091705267281926165e-11
-3.149135667205066947e-11
-3.183598150065838435e-11
-3.218657000378544167e-11
-3.241910090828003025e-11
-3.252004395770051098e-11
-3.256179903094742446e-11
-3.250301236088250426e-11
-3.234945752752924645e-11
-3.210661652155350389e-11
-3.186903319569361351e-11
-3.144748408836342060e-11
-3.018994932936531990e-11
-2.792399505732466467e-11
-2.479461946064124733e-11
-2.093637438945035021e-11
-1.647402958991830856e-11
-1.152319480604935462e-11
-6.190902525625877697e-12
-5.761539538946011716e-13
5.229569380140072400e-12
1.114182614566569051e-11
1.708276577464827891e-11
2.444062904491000680e-11
3.019278224293253310e-11
3.576120503007211763e-11
4.109166348576666222e-11
4.734498327853639417e-11
5.196534167644070563e-11
5.620207779681112292e-11
6.090334445200242434e-11
6.414898465060382874e-11
6.690499314729326294e-11
6.962227288849566697e-11
7.118616519870949307e-11
7.234602400329965560e-11
7.261696954355319407e-11
7.211035889441881276e-11
7.004204897250950360e-11
6.416276401790656742e-11
5.513049067612922520e-11
4.597442727747013061e-11
3.251041317260430039e-11
1.720854384667946024e-11
3.915067384962637915e-12
-1.370317477709872038e-11
-3.211216968940903299e-11
-5.099357765589481737e-11
-7.005520721042994693e-11
-8.902924665956751167e-11
-1.076706124940390291e-10
-1.221930461666695077e-10
-1.396846907306833595e-10
-1.562655952615632892e-10
-1.747195548039905069e-10
-1.887142968875522460e-10
-2.013035029426466357e-10
-2.123632237629759230e-10
-2.217823877623717583e-10
-2.294619033076646283e-10
-2.362578885772165471e-10
-2.398151192853125702e-10
-2.413866820184126950e-10
-2.409152492788089520e-10
-2.367805854891092632e-10
-2.271004265885004353e-10
-2.082959471825917066e-10
-1.874803543207125729e-10
-1.573278538581515819e-10
-1.286172898668960835e-10
-9.072504995008164552e-11
-5.690713343027861676e-11
-1.437422318665893820e-11
2.954591504655396855e-11
6.668253872545461369e-11
1.113133184880429629e-10
1.554393344937130610e-10
1.985000819636424863e-10
2.399848573165814467e-10
2.794293062479864065e-10
3.164122023644694917e-10
3.505524406073599564e-10
3.815062308276889839e-10
4.089644779181917492e-10
4.326503358728151261e-10
4.523169240367468815e-10
4.677451946362915399e-10
4.787419414426676130e-10
4.851379401322847570e-10
4.865901792999414836e-10
4.825603930426507244e-10
4.745634620610539512e-10
4.613343367117917802e-10
4.471224468646749838e-10
4.277260110721140553e-10
4.090914056077670093e-10
3.854676640683266276e-10
3.639517958949374094e-10
3.377666443539213891e-10
3.108067508172648191e-10
2.834509786330967665e-10
2.599521331353716501e-10
2.327601168034407569e-10
2.060878524446924364e-10
1.802037423442589843e-10
1.553521545757921280e-10
1.317550773493433827e-10
1.096136639966332896e-10
8.910967598653780046e-11
7.040683084091148558e-11
5.365206133695655027e-11
3.897669193454317616e-11
2.490027058317174111e-11
1.505686592619581914e-11
7.615824628549627091e-12
2.152489661073273444e-12
1.070026920923508036e-13
0.000000000000000000e+00
0.000000000000000000e+00
0.000000000000000000e+00
0.000000000000000000e+00
0.000000000000000000e+00
0.000000000000000000e+00
0.000000000000000000e+00
0.000000000000000000e+00
0.000000000000000000e+00
0.000000000000000000e+00
0.000000000000000000e+00
0.000000000000000000e+00
0.000000000000000000e+00
0.000000000000000000e+00
0.000000000000000000e+00
0.000000000000000000e+00
0.000000000000000000e+00
0.000000000000000000e+00
0.000000000000000000e+00
0.000000000000000000e+00
0.000000000000000000e+00
0.000000000000000000e+00
0.000000000000000000e+00
0.000000000000000000e+00
0.000000000000000000e+00
0.000000000000000000e+00
0.000000000000000000e+00
0.000000000000000000e+00
0.000000000000000000e+00
0.000000000000000000e+00
0.000000000000000000e+00
0.000000000000000000e+00
0.000000000000000000e+00
0.000000000000000000e+00
0.000000000000000000e+00
0.000000000000000000e+00
0.000000000000000000e+00
0.000000000000000000e+00
0.000000000000000000e+00
0.000000000000000000e+00
0.000000000000000000e+00
0.000000000000000000e+00
0.000000000000000000e+00
0.000000000000000000e+00
0.000000000000000000e+00
0.000000000000000000e+00
0.000000000000000000e+00
0.000000000000000000e+00
0.000000000000000000e+00
0.000000000000000000e+00
0.000000000000000000e+00
0.000000000000000000e+00
0.000000000000000000e+00
0.000000000000000000e+00
0.000000000000000000e+00
0.000000000000000000e+00
0.000000000000000000e+00
0.000000000000000000e+00
0.000000000000000000e+00
0.000000000000000000e+00
0.000000000000000000e+00
0.000000000000000000e+00
0.000000000000000000e+00
0.000000000000000000e+00
0.000000000000000000e+00
0.000000000000000000e+00
0.000000000000000000e+00
0.000000000000000000e+00
0.000000000000000000e+00
0.000000000000000000e+00
0.000000000000000000e+00
0.000000000000000000e+00
0.000000000000000000e+00
0.000000000000000000e+00
0.000000000000000000e+00
0.000000000000000000e+00
0.000000000000000000e+00
0.000000000000000000e+00
0.000000000000000000e+00
0.000000000000000000e+00
0.000000000000000000e+00
0.000000000000000000e+00
0.000000000000000000e+00
0.000000000000000000e+00
0.000000000000000000e+00
0.000000000000000000e+00
0.000000000000000000e+00
0.000000000000000000e+00
0.000000000000000000e+00
0.000000000000000000e+00
0.000000000000000000e+00
0.000000000000000000e+00
0.000000000000000000e+00
0.000000000000000000e+00
0.000000000000000000e+00
0.000000000000000000e+00
0.000000000000000000e+00
0.000000000000000000e+00
0.000000000000000000e+00
0.000000000000000000e+00
0.000000000000000000e+00
0.000000000000000000e+00
0.000000000000000000e+00
0.000000000000000000e+00
0.000000000000000000e+00
0.000000000000000000e+00
0.000000000000000000e+00
0.000000000000000000e+00
0.000000000000000000e+00
0.000000000000000000e+00
0.000000000000000000e+00
0.000000000000000000e+00
0.000000000000000000e+00
0.000000000000000000e+00
0.000000000000000000e+00
0.000000000000000000e+00
0.000000000000000000e+00
0.000000000000000000e+00
0.000000000000000000e+00
0.000000000000000000e+00
0.000000000000000000e+00
0.000000000000000000e+00
0.000000000000000000e+00
0.000000000000000000e+00
0.000000000000000000e+00
0.000000000000000000e+00
0.000000000000000000e+00
0.000000000000000000e+00
0.000000000000000000e+00
0.000000000000000000e+00
0.000000000000000000e+00
0.000000000000000000e+00
0.000000000000000000e+00
0.000000000000000000e+00
0.000000000000000000e+00
0.000000000000000000e+00
0.000000000000000000e+00
0.000000000000000000e+00
0.000000000000000000e+00
0.000000000000000000e+00
0.000000000000000000e+00
0.000000000000000000e+00
0.000000000000000000e+00
0.000000000000000000e+00
0.000000000000000000e+00
0.000000000000000000e+00
0.000000000000000000e+00
0.000000000000000000e+00
0.000000000000000000e+00
0.000000000000000000e+00
0.000000000000000000e+00
0.000000000000000000e+00
0.000000000000000000e+00
0.000000000000000000e+00
0.000000000000000000e+00
0.000000000000000000e+00
0.000000000000000000e+00
0.000000000000000000e+00
0.000000000000000000e+00
0.000000000000000000e+00
0.000000000000000000e+00
0.000000000000000000e+00
0.000000000000000000e+00
0.000000000000000000e+00
0.000000000000000000e+00
0.000000000000000000e+00
0.000000000000000000e+00
0.000000000000000000e+00
0.000000000000000000e+00
0.000000000000000000e+00
0.000000000000000000e+00
0.000000000000000000e+00
0.000000000000000000e+00
0.000000000000000000e+00
0.000000000000000000e+00
0.000000000000000000e+00
0.000000000000000000e+00
0.000000000000000000e+00
0.000000000000000000e+00
0.000000000000000000e+00
0.000000000000000000e+00
0.000000000000000000e+00
0.000000000000000000e+00
0.000000000000000000e+00
0.000000000000000000e+00
0.000000000000000000e+00
0.000000000000000000e+00
0.000000000000000000e+00
0.000000000000000000e+00
0.000000000000000000e+00
0.000000000000000000e+00
0.000000000000000000e+00
0.000000000000000000e+00
0.000000000000000000e+00
0.000000000000000000e+00
0.000000000000000000e+00
0.000000000000000000e+00
0.000000000000000000e+00
0.000000000000000000e+00
0.000000000000000000e+00
0.000000000000000000e+00
0.000000000000000000e+00
0.000000000000000000e+00
0.000000000000000000e+00
0.000000000000000000e+00
0.000000000000000000e+00
0.000000000000000000e+00
0.000000000000000000e+00
0.000000000000000000e+00
0.000000000000000000e+00
0.000000000000000000e+00
0.000000000000000000e+00
0.000000000000000000e+00
0.000000000000000000e+00
0.000000000000000000e+00
0.000000000000000000e+00
0.000000000000000000e+00
0.000000000000000000e+00
0.000000000000000000e+00
0.000000000000000000e+00
0.000000000000000000e+00
0.000000000000000000e+00
0.000000000000000000e+00
0.000000000000000000e+00
0.000000000000000000e+00
0.000000000000000000e+00
0.000000000000000000e+00
0.000000000000000000e+00
0.000000000000000000e+00
0.000000000000000000e+00
0.000000000000000000e+00
0.000000000000000000e+00
0.000000000000000000e+00
0.000000000000000000e+00
0.000000000000000000e+00
0.000000000000000000e+00
0.000000000000000000e+00
0.000000000000000000e+00
0.000000000000000000e+00
0.000000000000000000e+00
0.000000000000000000e+00
0.000000000000000000e+00
0.000000000000000000e+00
0.000000000000000000e+00
0.000000000000000000e+00
0.000000000000000000e+00
0.000000000000000000e+00
0.000000000000000000e+00
0.000000000000000000e+00
0.000000000000000000e+00
0.000000000000000000e+00
0.000000000000000000e+00
0.000000000000000000e+00
0.000000000000000000e+00
0.000000000000000000e+00
0.000000000000000000e+00
0.000000000000000000e+00
0.000000000000000000e+00
0.000000000000000000e+00
0.000000000000000000e+00
0.000000000000000000e+00
0.000000000000000000e+00
0.000000000000000000e+00
0.000000000000000000e+00
0.000000000000000000e+00
0.000000000000000000e+00
0.000000000000000000e+00
0.000000000000000000e+00
0.000000000000000000e+00
0.000000000000000000e+00
0.000000000000000000e+00
0.000000000000000000e+00
0.000000000000000000e+00
0.000000000000000000e+00
0.000000000000000000e+00
0.000000000000000000e+00
0.000000000000000000e+00
0.000000000000000000e+00
0.000000000000000000e+00
0.000000000000000000e+00
0.000000000000000000e+00
0.000000000000000000e+00
0.000000000000000000e+00
0.000000000000000000e+00
0.000000000000000000e+00
0.000000000000000000e+00
0.000000000000000000e+00
0.000000000000000000e+00
0.000000000000000000e+00
0.000000000000000000e+00
0.000000000000000000e+00
0.000000000000000000e+00
0.000000000000000000e+00
0.000000000000000000e+00
0.000000000000000000e+00
0.000000000000000000e+00
0.000000000000000000e+00
0.000000000000000000e+00
0.000000000000000000e+00
0.000000000000000000e+00
0.000000000000000000e+00
0.000000000000000000e+00
0.000000000000000000e+00
0.000000000000000000e+00
0.000000000000000000e+00
0.000000000000000000e+00
0.000000000000000000e+00
0.000000000000000000e+00
0.000000000000000000e+00
0.000000000000000000e+00
0.000000000000000000e+00
0.000000000000000000e+00
0.000000000000000000e+00
0.000000000000000000e+00
0.000000000000000000e+00
0.000000000000000000e+00
0.000000000000000000e+00
0.000000000000000000e+00
0.000000000000000000e+00
0.000000000000000000e+00
0.000000000000000000e+00
0.000000000000000000e+00
0.000000000000000000e+00
0.000000000000000000e+00
0.000000000000000000e+00
0.000000000000000000e+00
0.000000000000000000e+00
0.000000000000000000e+00
0.000000000000000000e+00
0.000000000000000000e+00
0.000000000000000000e+00
0.000000000000000000e+00
0.000000000000000000e+00
0.000000000000000000e+00
0.000000000000000000e+00
0.000000000000000000e+00
0.000000000000000000e+00
0.000000000000000000e+00
0.000000000000000000e+00
0.000000000000000000e+00
0.000000000000000000e+00
0.000000000000000000e+00
0.000000000000000000e+00
0.000000000000000000e+00
0.000000000000000000e+00
0.000000000000000000e+00
0.000000000000000000e+00
0.000000000000000000e+00
0.000000000000000000e+00
0.000000000000000000e+00
0.000000000000000000e+00
0.000000000000000000e+00
0.000000000000000000e+00
0.000000000000000000e+00
0.000000000000000000e+00
0.000000000000000000e+00
0.000000000000000000e+00
0.000000000000000000e+00
0.000000000000000000e+00
0.000000000000000000e+00
0.000000000000000000e+00
0.000000000000000000e+00
0.000000000000000000e+00
0.000000000000000000e+00
0.000000000000000000e+00
0.000000000000000000e+00
0.000000000000000000e+00
0.000000000000000000e+00
0.000000000000000000e+00
0.000000000000000000e+00
0.000000000000000000e+00
0.000000000000000000e+00
0.000000000000000000e+00
0.000000000000000000e+00
0.000000000000000000e+00
0.000000000000000000e+00
0.000000000000000000e+00
0.000000000000000000e+00
0.000000000000000000e+00
0.000000000000000000e+00
0.000000000000000000e+00
0.000000000000000000e+00
0.000000000000000000e+00
0.000000000000000000e+00
0.000000000000000000e+00
0.000000000000000000e+00
0.000000000000000000e+00
0.000000000000000000e+00
0.000000000000000000e+00
0.000000000000000000e+00
0.000000000000000000e+00
0.000000000000000000e+00
0.000000000000000000e+00
0.000000000000000000e+00
0.000000000000000000e+00
0.000000000000000000e+00
0.000000000000000000e+00
0.000000000000000000e+00
0.000000000000000000e+00
0.000000000000000000e+00
0.000000000000000000e+00
0.000000000000000000e+00
0.000000000000000000e+00
0.000000000000000000e+00
0.000000000000000000e+00
0.000000000000000000e+00
0.000000000000000000e+00
0.000000000000000000e+00
0.000000000000000000e+00
0.000000000000000000e+00
0.000000000000000000e+00
0.000000000000000000e+00
0.000000000000000000e+00
0.000000000000000000e+00
0.000000000000000000e+00
0.000000000000000000e+00
0.000000000000000000e+00
0.000000000000000000e+00
0.000000000000000000e+00
0.000000000000000000e+00
0.000000000000000000e+00
0.000000000000000000e+00
0.000000000000000000e+00
0.000000000000000000e+00
0.000000000000000000e+00
0.000000000000000000e+00
0.000000000000000000e+00
0.000000000000000000e+00
0.000000000000000000e+00
0.000000000000000000e+00
0.000000000000000000e+00
0.000000000000000000e+00
0.000000000000000000e+00
0.000000000000000000e+00
0.000000000000000000e+00
0.000000000000000000e+00
0.000000000000000000e+00
0.000000000000000000e+00
0.000000000000000000e+00
0.000000000000000000e+00
0.000000000000000000e+00
0.000000000000000000e+00
0.000000000000000000e+00
0.000000000000000000e+00
0.000000000000000000e+00
0.000000000000000000e+00
0.000000000000000000e+00
0.000000000000000000e+00
0.000000000000000000e+00
0.000000000000000000e+00
0.000000000000000000e+00
0.000000000000000000e+00
0.000000000000000000e+00
0.000000000000000000e+00
0.000000000000000000e+00
0.000000000000000000e+00
0.000000000000000000e+00
0.000000000000000000e+00
0.000000000000000000e+00
0.000000000000000000e+00
0.000000000000000000e+00
0.000000000000000000e+00
0.000000000000000000e+00
0.000000000000000000e+00
0.000000000000000000e+00
0.000000000000000000e+00
0.000000000000000000e+00
0.000000000000000000e+00
0.000000000000000000e+00
0.000000000000000000e+00
0.000000000000000000e+00
0.000000000000000000e+00
0.000000000000000000e+00
0.000000000000000000e+00
0.000000000000000000e+00
0.000000000000000000e+00
0.000000000000000000e+00
0.000000000000000000e+00
0.000000000000000000e+00
0.000000000000000000e+00
0.000000000000000000e+00
0.000000000000000000e+00
0.000000000000000000e+00
0.000000000000000000e+00
0.000000000000000000e+00
0.000000000000000000e+00
0.000000000000000000e+00
0.000000000000000000e+00
0.000000000000000000e+00
0.000000000000000000e+00
0.000000000000000000e+00
0.000000000000000000e+00
0.000000000000000000e+00
0.000000000000000000e+00
0.000000000000000000e+00
0.000000000000000000e+00
0.000000000000000000e+00
0.000000000000000000e+00
0.000000000000000000e+00
0.000000000000000000e+00
0.000000000000000000e+00
0.000000000000000000e+00
0.000000000000000000e+00
0.000000000000000000e+00
0.000000000000000000e+00
0.000000000000000000e+00
0.000000000000000000e+00
0.000000000000000000e+00
0.000000000000000000e+00
0.000000000000000000e+00
0.000000000000000000e+00
0.000000000000000000e+00
0.000000000000000000e+00
0.000000000000000000e+00
0.000000000000000000e+00
0.000000000000000000e+00
nan
