# bin_4_3
1.024155356887681390e-04
1.468753608205589025e-04
1.745909988702417758e-04
1.880746893551322378e-04
1.907061629612153092e-04
1.854972444278983211e-04
1.750660165377748733e-04
1.617576504044656400e-04
1.471218406915598270e-04
1.325115639952803342e-04
1.185642078140255215e-04
1.060948871522111539e-04
9.526139183890075784e-05
8.626223333664477370e-05
7.913817362845654258e-05
7.360184160593652772e-05
6.917616454507839860e-05
6.577422248717450096e-05
6.338025005264665880e-05
6.152584833615928677e-05
5.969084608843883231e-05
5.761264061509149489e-05
5.563592061768160075e-05
5.377100327643897257e-05
5.159862668814470661e-05
4.890496957727197660e-05
4.594174147175518268e-05
4.310048075573790361e-05
4.044961614600362838e-05
3.802650364431102811e-05
3.584768145042482016e-05
3.385391346014462462e-05
3.199794661812753119e-05
3.029440149844922492e-05
2.874911722590974374e-05
2.736191681409073833e-05
2.612859096421141588e-05
2.522273966750064638e-05
2.467824202347631963e-05
2.432169294884532431e-05
2.402573695438323096e-05
2.369834663867764388e-05
2.327455689917111710e-05
2.271007915581336458e-05
2.203689005586691356e-05
2.132887836731853947e-05
2.061161428996584520e-05
1.990460216519224608e-05
1.922250660707818041e-05
1.857613545133791010e-05
1.797322896504654368e-05
1.741909428896490461e-05
1.689721436997528020e-05
1.639202705101203963e-05
1.590775574399963996e-05
1.544748403336569875e-05
1.501337259415992873e-05
1.460683723389218523e-05
1.422869509900108498e-05
1.387928476632375065e-05
1.355856487821380462e-05
1.326809769125682490e-05
1.300475864938550991e-05
1.276214021804599320e-05
1.253488948265681794e-05
1.231855081456334952e-05
1.210943194997275403e-05
1.190448988137495199e-05
1.170123354097367792e-05
1.149764073733065509e-05
1.129208720732630560e-05
1.108328597992250306e-05
1.087214363567400323e-05
1.066137044124702354e-05
1.045240702037909015e-05
1.024645707233513472e-05
1.004451901663097907e-05
9.847413514909077734e-06
9.655807421682556591e-06
9.470234638433224373e-06
9.291114279699725121e-06
9.118766503555822154e-06
8.953426310776290925e-06
8.795255575780773570e-06
8.644353537092915382e-06
8.499198881499652397e-06
8.358205946078511533e-06
8.221327531308562651e-06
8.088506556014031312e-06
7.959677746291388392e-06
7.834769106448499171e-06
7.713703198975769567e-06
7.596398257158302568e-06
7.482769150974223271e-06
7.372728224347037492e-06
7.266186019575913148e-06
7.163051902812075354e-06
7.063234602743667329e-06
6.966642673161787138e-06
6.873184888778590916e-06
6.782770582529786816e-06
6.695242132742978995e-06
6.610386300147815845e-06
6.528039498173017419e-06
6.448050483330939363e-06
6.370279344393552101e-06
6.294596580067635295e-06
6.220882256886977354e-06
6.149025239867721395e-06
6.078922489212713786e-06
6.010478417012473665e-06
5.943604298482230539e-06
5.878217732804949229e-06
5.814242149125658677e-06
5.751606353668862726e-06
5.690244114334024794e-06
5.630093779468267006e-06
5.571097927825144459e-06
5.513203046997042734e-06
5.456327458673622472e-06
5.400427584815288802e-06
5.345507857611163834e-06
5.291570312373345192e-06
5.238614834400895124e-06
5.186639383871634020e-06
5.135640200703891723e-06
5.085611991153008923e-06
5.036548097746933410e-06
4.988440654019988121e-06
4.941280725372575789e-06
4.895058437265432010e-06
4.849763091849209584e-06
4.805383274032335349e-06
4.761906947901284552e-06
4.719321544326844688e-06
4.677614040516776508e-06
4.636771032208745519e-06
4.596778799136912331e-06
4.557623364350677402e-06
4.519290547913848378e-06
4.481766015467113345e-06
4.444941395241567783e-06
4.408714539009740181e-06
4.373080024070021740e-06
4.338032022011429992e-06
4.303564345774737325e-06
4.269670492836825427e-06
4.236343684822560536e-06
4.203576903824205879e-06
4.171362925686116666e-06
4.139694350491889380e-06
4.108563630472530383e-06
4.077963095536857343e-06
4.047884976609560013e-06
4.018321426947895655e-06
3.989264541594486776e-06
3.960706375111599959e-06
3.932638957730831902e-06
3.905054310041879594e-06
3.877944456334435792e-06
3.851301436698458707e-06
3.825117317980072228e-06
3.799384203682704292e-06
3.774094242896411657e-06
3.749239638331852723e-06
3.724812653529567489e-06
3.700770187957933867e-06
3.677070484903887909e-06
3.653707915943361636e-06
3.630676911987827632e-06
3.607971965920057631e-06
3.585587634901019712e-06
3.563518542374263183e-06
3.520304908087498933e-06
3.499149958908457073e-06
3.478289435641162557e-06
3.457718314232862162e-06
3.437431643835184671e-06
3.417424547281847131e-06
3.397692221415089491e-06
3.378229937274008143e-06
3.340096949568368691e-06
3.321417159063211279e-06
3.302989235993801724e-06
3.284808821172782441e-06
3.266871628457442267e-06
3.249173444263986258e-06
3.231710127018595241e-06
3.197471883441665060e-06
3.180689028312708368e-06
3.164125181093274938e-06
3.147776550238408453e-06
3.115695686339059138e-06
3.099928302558391356e-06
3.084335104782251150e-06
3.068913944415266091e-06
3.053662681563541316e-06
3.023661340506764885e-06
3.008907037889544803e-06
2.994314186191054496e-06
2.965604539699978373e-06
2.951483636380952185e-06
2.937515968464773484e-06
2.923699524418237793e-06
2.896512353479027572e-06
2.883137696739168729e-06
2.869906405071853894e-06
2.843866274851208235e-06
2.831053666416363009e-06
2.818376883812647735e-06
2.793423486684268448e-06
2.781143270703979231e-06
2.756966961224116802e-06
2.745067395348201880e-06
2.733291276502659271e-06
2.710102673049907985e-06
2.698686889013277954e-06
2.676204269199595714e-06
2.665134262846495179e-06
2.643307321732682169e-06
2.632541961146662332e-06
2.621873410698529165e-06
2.600821121056844389e-06
2.590434640896640794e-06
2.569934356490246427e-06
2.559817967852928395e-06
2.539846421948388866e-06
2.529988826040978860e-06
2.510524064235939316e-06
2.500914595483891882e-06
2.481935885969970413e-06
2.463270259769753890e-06
2.454052219839382053e-06
2.435840588157119418e-06
2.426845012670989445e-06
2.409069516960054145e-06
2.391575328582323265e-06
2.382931449570798701e-06
2.365845712066474810e-06
2.357402136071296661e-06
2.340709387910069298e-06
2.324270437632056982e-06
2.316144161257242787e-06
2.300074172972023374e-06
2.284242644367065308e-06
2.276414489545850337e-06
2.260926176466482970e-06
2.245654743219636273e-06
2.230594768732494560e-06
2.223142440616477088e-06
2.208389934227740071e-06
2.193836206697046611e-06
2.179476510132875512e-06
2.172367986999580474e-06
2.158290808574961152e-06
2.144396526193821106e-06
2.130680959387273896e-06
2.117140073186654315e-06
2.110433912527296150e-06
2.097147783678081228e-06
2.084026841828708378e-06
2.071067511222806035e-06
2.058266334392752988e-06
2.045619966973977092e-06
2.033125172792096830e-06
2.020778819206523703e-06
2.008577872695372029e-06
1.996519394667340531e-06
1.984600537487326178e-06
1.972818540703290931e-06
1.961170727462739785e-06
1.949654501107923605e-06
1.938279149635430352e-06
1.927051258844765597e-06
1.915964518064894360e-06
1.905012973876540526e-06
1.894191009291840018e-06
1.883493324188111169e-06
1.872914916916405580e-06
1.862451067010786763e-06
1.852097318929285809e-06
1.841849466761993553e-06
1.831703539846095279e-06
1.821655789231526390e-06
1.806760554359896317e-06
1.796943184924200671e-06
1.787212439206921818e-06
1.777565418760012439e-06
1.767999385429413989e-06
1.753796566403023655e-06
1.744421992279164191e-06
1.735119956717878304e-06
1.725888337093153514e-06
1.712168578414798428e-06
1.703104458012432666e-06
1.694104196404324385e-06
1.680719955227759457e-06
1.671872317376336410e-06
1.663086103220642868e-06
1.650052590533866715e-06
1.641460774738189516e-06
1.628713967904266032e-06
1.620307353740051483e-06
1.611971699925052011e-06
1.599597640271254909e-06
1.591432244142012900e-06
1.579306374186324909e-06
1.571301875624088602e-06
1.559410888255310504e-06
1.551558876969675487e-06
1.539890804117419477e-06
1.528351233407343303e-06
1.520727765547700111e-06
1.509394363836678700e-06
1.501905204253661380e-06
1.490768802085578170e-06
1.479746560673900592e-06
1.472460422916164693e-06
1.461622259385034996e-06
1.450891078216111334e-06
1.443795188578324622e-06
1.433236984376788425e-06
1.422779576439482392e-06
1.412420864708492346e-06
1.405568899814216226e-06
1.395384248832365774e-06
1.385319647505367712e-06
1.375371289271631532e-06
1.365535576184138798e-06
1.359039326914442545e-06
1.349383886031624125e-06
1.339832419377231034e-06
1.330381988901877792e-06
1.321029811321440500e-06
1.311773248621117854e-06
1.302609799173478172e-06
1.293537089428812074e-06
1.284552866139132644e-06
1.275654989079899145e-06
1.266841424236101975e-06
1.258110237421695611e-06
1.249459588303529393e-06
1.240887724802988497e-06
1.229578255400321587e-06
1.221183868486906920e-06
1.212862999396971092e-06
1.204614221944431675e-06
1.196436173762590247e-06
1.188327552584657624e-06
1.177621909998603057e-06
1.169670532685004480e-06
1.161788452056448895e-06
1.151403677097510854e-06
1.143707112372071631e-06
1.136087410555472645e-06
1.126044399631666045e-06
1.118597454454062440e-06
1.111221888878564212e-06
1.101496247625048060e-06
1.094281493167915327e-06
1.084765188227796494e-06
1.077703791878609233e-06
1.068387333299626166e-06
1.061472494735530466e-06
1.052347212973950056e-06
1.045572712030077613e-06
1.036630667279044757e-06
1.027790017717453029e-06
1.021224702617966749e-06
1.012556099071174001e-06
1.003982898493686640e-06
9.976144008212388060e-07
9.892033995313392533e-07
9.808825120042888315e-07
9.726499666416424925e-07
9.645040650934083214e-07
9.584505162261815952e-07
9.504529253707094355e-07
9.425503399161451630e-07
9.347452891517356685e-07
9.270352124782935821e-07
9.194176657056689290e-07
9.118903145126742310e-07
9.044509283097035753e-07
8.970973744775523676e-07
8.898276129578012864e-07
8.826396911718193745e-07
8.755317392470707896e-07
8.685019655308475744e-07
8.598220764813277883e-07
8.529620299141210644e-07
8.461748296033353282e-07
8.394589722156155230e-07
8.311622809973848405e-07
8.246017477293901259e-07
8.181080613739733765e-07
8.100830203839315618e-07
8.037351523132624953e-07
7.974501580583784914e-07
7.896806134294397895e-07
7.835330128386367294e-07
7.759318432539973899e-07
7.699163485564854415e-07
7.624771952426441004e-07
7.565956576350421013e-07
7.493390117064407487e-07
7.421849608370417028e-07
7.365333478535512991e-07
7.295557044395359940e-07
7.226717743206682260e-07
7.172301728500324624e-07
7.105078024231742144e-07
7.038714815903445240e-07
6.973187306024717172e-07
6.908471923594701953e-07
6.844546251674834141e-07
6.781388959567708017e-07
6.731402679559630984e-07
6.669577944173417387e-07
6.608467115906211703e-07
6.536051546411255224e-07
6.476449981615477312e-07
6.417508332102538965e-07
6.359211298817005353e-07
6.301544259186615198e-07
6.244493229120091479e-07
6.176826325247736787e-07
6.121084213409250267e-07
6.065917250739726493e-07
6.011313769566429798e-07
5.946666487181515183e-07
5.894124240781299884e-07
5.832646192139004589e-07
5.782592788765924046e-07
5.723786020193495199e-07
5.675714069134759166e-07
5.619013192679528270e-07
5.572485537450554568e-07
5.517404096968355734e-07
5.463026062285583860e-07
5.418165925559681697e-07
5.364788573379502971e-07
5.311816040193988190e-07
5.259159511345560178e-07
5.206737857487127858e-07
5.154477097419424438e-07
5.102309897136125239e-07
5.050175102582097607e-07
4.998017303809805876e-07
4.945786428384825959e-07
4.893437362044961596e-07
4.840929594759287839e-07
4.788226890464807302e-07
4.735296978879877762e-07
4.682111267906058259e-07
4.619704551751576350e-07
4.565414000286039652e-07
4.489756525721034081e-07
4.364598234755114573e-07
4.230142191917767086e-07
4.046636125527481830e-07
3.870337593979291660e-07
3.646837775265890510e-07
3.443280153871094750e-07
3.195547312202921818e-07
2.940484780811966318e-07
2.681676915270465450e-07
2.459358714745477682e-07
2.202100112821983418e-07
1.949758787511438868e-07
1.704874042842765586e-07
1.469757799646511195e-07
1.246510247032018063e-07
1.037034459205294387e-07
8.430500475697670951e-08
6.661059131068346489e-08
5.075921594549454237e-08
3.687512228693652379e-08
2.355768222388593821e-08
1.424502041422369594e-08
7.205189834100355266e-09
2.036430377589252213e-09
1.012332540319777945e-10
0.000000000000000000e+00
0.000000000000000000e+00
0.000000000000000000e+00
0.000000000000000000e+00
0.000000000000000000e+00
0.000000000000000000e+00
0.000000000000000000e+00
0.000000000000000000e+00
0.000000000000000000e+00
0.000000000000000000e+00
0.000000000000000000e+00
0.000000000000000000e+00
0.000000000000000000e+00
0.000000000000000000e+00
0.000000000000000000e+00
0.000000000000000000e+00
0.000000000000000000e+00
0.000000000000000000e+00
0.000000000000000000e+00
0.000000000000000000e+00
0.000000000000000000e+00
0.000000000000000000e+00
0.000000000000000000e+00
0.000000000000000000e+00
0.000000000000000000e+00
0.000000000000000000e+00
0.000000000000000000e+00
0.000000000000000000e+00
0.000000000000000000e+00
0.000000000000000000e+00
0.000000000000000000e+00
0.000000000000000000e+00
0.000000000000000000e+00
0.000000000000000000e+00
0.000000000000000000e+00
0.000000000000000000e+00
0.000000000000000000e+00
0.000000000000000000e+00
0.000000000000000000e+00
0.000000000000000000e+00
0.000000000000000000e+00
0.000000000000000000e+00
0.000000000000000000e+00
0.000000000000000000e+00
0.000000000000000000e+00
0.000000000000000000e+00
0.000000000000000000e+00
0.000000000000000000e+00
0.000000000000000000e+00
0.000000000000000000e+00
0.000000000000000000e+00
0.000000000000000000e+00
0.000000000000000000e+00
0.000000000000000000e+00
0.000000000000000000e+00
0.000000000000000000e+00
0.000000000000000000e+00
0.000000000000000000e+00
0.000000000000000000e+00
0.000000000000000000e+00
0.000000000000000000e+00
0.000000000000000000e+00
0.000000000000000000e+00
0.000000000000000000e+00
0.000000000000000000e+00
0.000000000000000000e+00
0.000000000000000000e+00
0.000000000000000000e+00
0.000000000000000000e+00
0.000000000000000000e+00
0.000000000000000000e+00
0.000000000000000000e+00
0.000000000000000000e+00
0.000000000000000000e+00
0.000000000000000000e+00
0.000000000000000000e+00
0.000000000000000000e+00
0.000000000000000000e+00
0.000000000000000000e+00
0.000000000000000000e+00
0.000000000000000000e+00
0.000000000000000000e+00
0.000000000000000000e+00
0.000000000000000000e+00
0.000000000000000000e+00
0.000000000000000000e+00
0.000000000000000000e+00
0.000000000000000000e+00
0.000000000000000000e+00
0.000000000000000000e+00
0.000000000000000000e+00
0.000000000000000000e+00
0.000000000000000000e+00
0.000000000000000000e+00
0.000000000000000000e+00
0.000000000000000000e+00
0.000000000000000000e+00
0.000000000000000000e+00
0.000000000000000000e+00
0.000000000000000000e+00
0.000000000000000000e+00
0.000000000000000000e+00
0.000000000000000000e+00
0.000000000000000000e+00
0.000000000000000000e+00
0.000000000000000000e+00
0.000000000000000000e+00
0.000000000000000000e+00
0.000000000000000000e+00
0.000000000000000000e+00
0.000000000000000000e+00
0.000000000000000000e+00
0.000000000000000000e+00
0.000000000000000000e+00
0.000000000000000000e+00
0.000000000000000000e+00
0.000000000000000000e+00
0.000000000000000000e+00
0.000000000000000000e+00
0.000000000000000000e+00
0.000000000000000000e+00
0.000000000000000000e+00
0.000000000000000000e+00
0.000000000000000000e+00
0.000000000000000000e+00
0.000000000000000000e+00
0.000000000000000000e+00
0.000000000000000000e+00
0.000000000000000000e+00
0.000000000000000000e+00
0.000000000000000000e+00
0.000000000000000000e+00
0.000000000000000000e+00
0.000000000000000000e+00
0.000000000000000000e+00
0.000000000000000000e+00
0.000000000000000000e+00
0.000000000000000000e+00
0.000000000000000000e+00
0.000000000000000000e+00
0.000000000000000000e+00
0.000000000000000000e+00
0.000000000000000000e+00
0.000000000000000000e+00
0.000000000000000000e+00
0.000000000000000000e+00
0.000000000000000000e+00
0.000000000000000000e+00
0.000000000000000000e+00
0.000000000000000000e+00
0.000000000000000000e+00
0.000000000000000000e+00
0.000000000000000000e+00
0.000000000000000000e+00
0.000000000000000000e+00
0.000000000000000000e+00
0.000000000000000000e+00
0.000000000000000000e+00
0.000000000000000000e+00
0.000000000000000000e+00
0.000000000000000000e+00
0.000000000000000000e+00
0.000000000000000000e+00
0.000000000000000000e+00
0.000000000000000000e+00
0.000000000000000000e+00
0.000000000000000000e+00
0.000000000000000000e+00
0.000000000000000000e+00
0.000000000000000000e+00
0.000000000000000000e+00
0.000000000000000000e+00
0.000000000000000000e+00
0.000000000000000000e+00
0.000000000000000000e+00
0.000000000000000000e+00
0.000000000000000000e+00
0.000000000000000000e+00
0.000000000000000000e+00
0.000000000000000000e+00
0.000000000000000000e+00
0.000000000000000000e+00
0.000000000000000000e+00
0.000000000000000000e+00
0.000000000000000000e+00
0.000000000000000000e+00
0.000000000000000000e+00
0.000000000000000000e+00
0.000000000000000000e+00
0.000000000000000000e+00
0.000000000000000000e+00
0.000000000000000000e+00
0.000000000000000000e+00
0.000000000000000000e+00
0.000000000000000000e+00
0.000000000000000000e+00
0.000000000000000000e+00
0.000000000000000000e+00
0.000000000000000000e+00
0.000000000000000000e+00
0.000000000000000000e+00
0.000000000000000000e+00
0.000000000000000000e+00
0.000000000000000000e+00
0.000000000000000000e+00
0.000000000000000000e+00
0.000000000000000000e+00
0.000000000000000000e+00
0.000000000000000000e+00
0.000000000000000000e+00
0.000000000000000000e+00
0.000000000000000000e+00
0.000000000000000000e+00
0.000000000000000000e+00
0.000000000000000000e+00
0.000000000000000000e+00
0.000000000000000000e+00
0.000000000000000000e+00
0.000000000000000000e+00
0.000000000000000000e+00
0.000000000000000000e+00
0.000000000000000000e+00
0.000000000000000000e+00
0.000000000000000000e+00
0.000000000000000000e+00
0.000000000000000000e+00
0.000000000000000000e+00
0.000000000000000000e+00
0.000000000000000000e+00
0.000000000000000000e+00
0.000000000000000000e+00
0.000000000000000000e+00
0.000000000000000000e+00
0.000000000000000000e+00
0.000000000000000000e+00
0.000000000000000000e+00
0.000000000000000000e+00
0.000000000000000000e+00
0.000000000000000000e+00
0.000000000000000000e+00
0.000000000000000000e+00
0.000000000000000000e+00
0.000000000000000000e+00
0.000000000000000000e+00
0.000000000000000000e+00
0.000000000000000000e+00
0.000000000000000000e+00
0.000000000000000000e+00
0.000000000000000000e+00
0.000000000000000000e+00
0.000000000000000000e+00
0.000000000000000000e+00
0.000000000000000000e+00
0.000000000000000000e+00
0.000000000000000000e+00
0.000000000000000000e+00
0.000000000000000000e+00
0.000000000000000000e+00
0.000000000000000000e+00
0.000000000000000000e+00
0.000000000000000000e+00
0.000000000000000000e+00
0.000000000000000000e+00
0.000000000000000000e+00
0.000000000000000000e+00
0.000000000000000000e+00
0.000000000000000000e+00
0.000000000000000000e+00
0.000000000000000000e+00
0.000000000000000000e+00
0.000000000000000000e+00
0.000000000000000000e+00
0.000000000000000000e+00
0.000000000000000000e+00
0.000000000000000000e+00
0.000000000000000000e+00
0.000000000000000000e+00
0.000000000000000000e+00
0.000000000000000000e+00
0.000000000000000000e+00
0.000000000000000000e+00
0.000000000000000000e+00
0.000000000000000000e+00
0.000000000000000000e+00
0.000000000000000000e+00
0.000000000000000000e+00
0.000000000000000000e+00
0.000000000000000000e+00
0.000000000000000000e+00
0.000000000000000000e+00
0.000000000000000000e+00
0.000000000000000000e+00
0.000000000000000000e+00
0.000000000000000000e+00
0.000000000000000000e+00
0.000000000000000000e+00
0.000000000000000000e+00
0.000000000000000000e+00
0.000000000000000000e+00
0.000000000000000000e+00
0.000000000000000000e+00
0.000000000000000000e+00
0.000000000000000000e+00
0.000000000000000000e+00
0.000000000000000000e+00
0.000000000000000000e+00
0.000000000000000000e+00
0.000000000000000000e+00
0.000000000000000000e+00
0.000000000000000000e+00
0.000000000000000000e+00
0.000000000000000000e+00
0.000000000000000000e+00
0.000000000000000000e+00
0.000000000000000000e+00
0.000000000000000000e+00
0.000000000000000000e+00
0.000000000000000000e+00
0.000000000000000000e+00
0.000000000000000000e+00
0.000000000000000000e+00
0.000000000000000000e+00
0.000000000000000000e+00
0.000000000000000000e+00
0.000000000000000000e+00
0.000000000000000000e+00
0.000000000000000000e+00
0.000000000000000000e+00
0.000000000000000000e+00
0.000000000000000000e+00
0.000000000000000000e+00
0.000000000000000000e+00
0.000000000000000000e+00
0.000000000000000000e+00
0.000000000000000000e+00
0.000000000000000000e+00
0.000000000000000000e+00
0.000000000000000000e+00
0.000000000000000000e+00
0.000000000000000000e+00
0.000000000000000000e+00
0.000000000000000000e+00
0.000000000000000000e+00
0.000000000000000000e+00
0.000000000000000000e+00
0.000000000000000000e+00
0.000000000000000000e+00
0.000000000000000000e+00
0.000000000000000000e+00
0.000000000000000000e+00
0.000000000000000000e+00
0.000000000000000000e+00
0.000000000000000000e+00
0.000000000000000000e+00
0.000000000000000000e+00
0.000000000000000000e+00
0.000000000000000000e+00
0.000000000000000000e+00
0.000000000000000000e+00
0.000000000000000000e+00
0.000000000000000000e+00
0.000000000000000000e+00
0.000000000000000000e+00
0.000000000000000000e+00
0.000000000000000000e+00
0.000000000000000000e+00
0.000000000000000000e+00
0.000000000000000000e+00
0.000000000000000000e+00
0.000000000000000000e+00
0.000000000000000000e+00
0.000000000000000000e+00
0.000000000000000000e+00
0.000000000000000000e+00
0.000000000000000000e+00
0.000000000000000000e+00
0.000000000000000000e+00
0.000000000000000000e+00
0.000000000000000000e+00
0.000000000000000000e+00
0.000000000000000000e+00
0.000000000000000000e+00
0.000000000000000000e+00
0.000000000000000000e+00
0.000000000000000000e+00
0.000000000000000000e+00
0.000000000000000000e+00
0.000000000000000000e+00
0.000000000000000000e+00
0.000000000000000000e+00
0.000000000000000000e+00
0.000000000000000000e+00
0.000000000000000000e+00
0.000000000000000000e+00
0.000000000000000000e+00
0.000000000000000000e+00
0.000000000000000000e+00
0.000000000000000000e+00
0.000000000000000000e+00
0.000000000000000000e+00
0.000000000000000000e+00
0.000000000000000000e+00
0.000000000000000000e+00
0.000000000000000000e+00
0.000000000000000000e+00
0.000000000000000000e+00
0.000000000000000000e+00
0.000000000000000000e+00
0.000000000000000000e+00
0.000000000000000000e+00
0.000000000000000000e+00
0.000000000000000000e+00
0.000000000000000000e+00
0.000000000000000000e+00
0.000000000000000000e+00
0.000000000000000000e+00
0.000000000000000000e+00
0.000000000000000000e+00
0.000000000000000000e+00
0.000000000000000000e+00
0.000000000000000000e+00
0.000000000000000000e+00
0.000000000000000000e+00
0.000000000000000000e+00
0.000000000000000000e+00
0.000000000000000000e+00
0.000000000000000000e+00
0.000000000000000000e+00
0.000000000000000000e+00
0.000000000000000000e+00
0.000000000000000000e+00
0.000000000000000000e+00
0.000000000000000000e+00
0.000000000000000000e+00
0.000000000000000000e+00
0.000000000000000000e+00
0.000000000000000000e+00
0.000000000000000000e+00
0.000000000000000000e+00
0.000000000000000000e+00
0.000000000000000000e+00
0.000000000000000000e+00
0.000000000000000000e+00
0.000000000000000000e+00
0.000000000000000000e+00
0.000000000000000000e+00
0.000000000000000000e+00
0.000000000000000000e+00
0.000000000000000000e+00
0.000000000000000000e+00
0.000000000000000000e+00
0.000000000000000000e+00
0.000000000000000000e+00
0.000000000000000000e+00
0.000000000000000000e+00
0.000000000000000000e+00
0.000000000000000000e+00
0.000000000000000000e+00
0.000000000000000000e+00
0.000000000000000000e+00
0.000000000000000000e+00
0.000000000000000000e+00
0.000000000000000000e+00
0.000000000000000000e+00
0.000000000000000000e+00
0.000000000000000000e+00
0.000000000000000000e+00
0.000000000000000000e+00
0.000000000000000000e+00
0.000000000000000000e+00
0.000000000000000000e+00
0.000000000000000000e+00
0.000000000000000000e+00
0.000000000000000000e+00
0.000000000000000000e+00
0.000000000000000000e+00
0.000000000000000000e+00
0.000000000000000000e+00
0.000000000000000000e+00
0.000000000000000000e+00
0.000000000000000000e+00
0.000000000000000000e+00
0.000000000000000000e+00
0.000000000000000000e+00
0.000000000000000000e+00
0.000000000000000000e+00
0.000000000000000000e+00
0.000000000000000000e+00
0.000000000000000000e+00
0.000000000000000000e+00
0.000000000000000000e+00
0.000000000000000000e+00
0.000000000000000000e+00
0.000000000000000000e+00
0.000000000000000000e+00
0.000000000000000000e+00
0.000000000000000000e+00
0.000000000000000000e+00
0.000000000000000000e+00
0.000000000000000000e+00
0.000000000000000000e+00
0.000000000000000000e+00
0.000000000000000000e+00
0.000000000000000000e+00
0.000000000000000000e+00
0.000000000000000000e+00
0.000000000000000000e+00
0.000000000000000000e+00
0.000000000000000000e+00
0.000000000000000000e+00
0.000000000000000000e+00
0.000000000000000000e+00
0.000000000000000000e+00
0.000000000000000000e+00
0.000000000000000000e+00
0.000000000000000000e+00
nan
