# bin_3_2
3.941849968410547481e-04
4.608076224692592778e-04
4.655967633038144479e-04
4.340032823762783641e-04
3.846179079057755919e-04
3.311239478922889737e-04
2.814433998436202721e-04
2.402567957817223902e-04
2.086541141442774022e-04
1.861710618537124225e-04
1.706708296250897001e-04
1.600502849636536811e-04
1.518471727435667228e-04
1.445426357801645985e-04
1.364119494671165475e-04
1.273228942857392910e-04
1.179430823716836306e-04
1.078464772210358381e-04
9.783913234618359610e-05
8.893840654040249230e-05
8.122355356365053021e-05
7.466463611473932204e-05
6.992670443369313415e-05
6.679560553444121988e-05
6.428313310450263377e-05
6.179070707978146101e-05
5.951023379424204756e-05
5.757983488977440616e-05
5.566003924765169068e-05
5.354399356643141833e-05
5.111463191990487048e-05
4.847783905848166049e-05
4.587729982579884697e-05
4.341537256297988036e-05
4.115741489871787277e-05
3.914224332126856211e-05
3.738976863009707400e-05
3.600623193268921409e-05
3.496729797592943882e-05
3.412268818577034944e-05
3.336152125796134276e-05
3.260317616297920943e-05
3.179024446730273698e-05
3.088308258308079086e-05
2.989192281315471364e-05
2.887506873120244518e-05
2.786774600756016209e-05
2.689636237874202564e-05
2.598032929401364216e-05
2.513351788767957727e-05
2.436542420296551424e-05
2.368210263882686875e-05
2.307396323059947348e-05
2.251960939358488558e-05
2.200713805428837315e-05
2.152679916434596660e-05
2.107063248914841703e-05
2.063216595806904925e-05
2.020616477447112236e-05
1.978842246887068879e-05
1.937558668019120372e-05
1.896854554336284635e-05
1.857103260707990058e-05
1.818425879096172748e-05
1.780913894715406706e-05
1.744634059289599739e-05
1.709632509363751975e-05
1.675938248192108764e-05
1.643566090396811311e-05
1.612519152566666984e-05
1.582790959651022319e-05
1.554367225917662013e-05
1.527029374788133992e-05
1.500564026237540468e-05
1.474957628825565546e-05
1.450194245532456055e-05
1.426256050198029517e-05
1.403123748690321860e-05
1.380776935679974604e-05
1.359194396301692686e-05
1.338354360631734328e-05
1.318234717762047060e-05
1.298813195275043992e-05
1.280067509091507104e-05
1.261975487955067240e-05
1.244457926570132877e-05
1.227440898369208165e-05
1.210910301445611534e-05
1.194852090935210267e-05
1.179252336133297342e-05
1.164097267947461173e-05
1.149373318014584747e-05
1.135067150632997375e-05
1.121165688507702487e-05
1.107656133174195976e-05
1.094525980851773189e-05
1.081763034377896034e-05
1.069355411789097859e-05
1.057291552039193781e-05
1.045560218280680902e-05
1.034150499078900918e-05
1.023023079221742468e-05
1.012143549660910330e-05
1.001508373306383263e-05
9.911137481781031057e-06
9.809556528324328835e-06
9.710298865783470354e-06
9.613321050459618555e-06
9.518578516085369283e-06
9.426025851045016318e-06
9.335617042577312898e-06
9.247305691512786082e-06
9.161045200716315962e-06
9.076788940066077223e-06
8.994490390497824239e-06
8.914103269374706856e-06
8.835581639203105524e-06
8.758880001501442541e-06
8.683953377438331884e-06
8.610631568155018399e-06
8.538746016088707364e-06
8.468255718022475568e-06
8.399121070442564725e-06
8.331303818112437956e-06
8.264767004429496739e-06
8.199474923530272058e-06
8.135393074106322261e-06
8.072488114890334203e-06
8.010727821769381450e-06
7.950081046480983826e-06
7.890517676846221752e-06
7.832008598493586210e-06
7.774525658026847094e-06
7.718041627590215909e-06
7.662530170784158406e-06
7.607965809885843787e-06
7.554323894328616909e-06
7.501580570395698985e-06
7.449712752084293860e-06
7.398698093097003651e-06
7.348514959918676455e-06
7.299089460973912144e-06
7.250356147295386144e-06
7.202306410442825243e-06
7.154931458547089549e-06
7.108222347552486389e-06
7.062170009707636590e-06
7.016765279526668396e-06
6.971998917424626620e-06
6.927861631214574229e-06
6.884344095638514467e-06
6.841436970090726026e-06
6.799130914679167067e-06
6.757416604759005443e-06
6.716284744061791162e-06
6.675726076533727771e-06
6.635731396987689350e-06
6.596291560665238225e-06
6.557397491797377757e-06
6.519040191245656885e-06
6.481210743298923427e-06
6.443900321695128643e-06
6.407100194931918878e-06
6.370801730925099931e-06
6.334996401069157153e-06
6.299675783749788419e-06
6.264813218244288557e-06
6.230380452275851864e-06
6.196367054161039391e-06
6.162762971576757578e-06
6.129558514575420616e-06
6.096744339463887349e-06
6.064311433497710606e-06
6.000554946279645840e-06
5.969214867056001788e-06
5.938223035440375794e-06
5.907571889350780036e-06
5.877254120579401081e-06
5.847262664063817996e-06
5.817590687677773523e-06
5.788231582513725818e-06
5.730426611244270204e-06
5.701968562331241434e-06
5.673799002633868824e-06
5.645912309036341196e-06
5.618303032297906620e-06
5.590965890123023975e-06
5.563895760551360080e-06
5.510536815501011773e-06
5.484238502444036751e-06
5.458188195602954637e-06
5.432381485640741815e-06
5.381498039511902073e-06
5.356442697211293489e-06
5.331640137186113603e-06
5.307082778977173179e-06
5.282763371180477161e-06
5.234810955074182595e-06
5.211164954711484702e-06
5.187730893541145259e-06
5.141475547958638166e-06
5.118643350315931772e-06
5.096001243171710897e-06
5.073544327997538176e-06
5.029167495315413464e-06
5.007238768991159117e-06
4.985477599602489146e-06
4.942442243977911742e-06
4.921160612807663966e-06
4.900031634366589794e-06
4.858218349815268248e-06
4.837527732547954155e-06
4.796563703793697927e-06
4.776284704927363760e-06
4.756137507364858469e-06
4.716228505747412776e-06
4.696461937616161565e-06
4.657293435623672347e-06
4.637887264334597134e-06
4.599492043106380357e-06
4.580514602755203403e-06
4.561679525530229112e-06
4.524423933938356371e-06
4.505997441202089426e-06
4.469532922711156937e-06
4.451489545934457914e-06
4.415767892919094412e-06
4.398084820294058361e-06
4.363062822702689024e-06
4.345719592062754641e-06
4.311358461371530578e-06
4.277418311586425418e-06
4.260601552475251592e-06
4.227266098659586893e-06
4.210744149723749141e-06
4.177984077055879829e-06
4.145592721285131536e-06
4.129531846699402436e-06
4.097673163404881660e-06
4.081872864020089579e-06
4.050524417930066281e-06
4.019504697060371220e-06
4.004115434239489458e-06
3.973573040198846902e-06
3.943339091133867241e-06
3.928335491557979816e-06
3.898593231758664481e-06
3.869222929639115798e-06
3.840212368976773051e-06
3.825838369788089220e-06
3.797346057391952787e-06
3.769185951551833303e-06
3.741348121649780190e-06
3.727547110371080365e-06
3.700175284157462871e-06
3.673103266907205557e-06
3.646322923642540948e-06
3.619826558560536801e-06
3.606682575883156067e-06
3.580598639013159405e-06
3.554781178750101836e-06
3.529223823121706079e-06
3.503920524939742338e-06
3.478865540986054973e-06
3.454053412618373099e-06
3.429478947694472063e-06
3.405137203721082300e-06
3.381023472140673457e-06
3.357133263675917122e-06
3.333462294657444689e-06
3.310006474266031501e-06
3.286761892625403665e-06
3.263756032289075990e-06
3.241013053560628866e-06
3.218524539737667386e-06
3.196282515889441765e-06
3.174279423144194909e-06
3.152508094544579318e-06
3.130961732370610646e-06
3.109633886836421472e-06
3.088518436073461171e-06
3.067609567318575598e-06
3.046901759230967384e-06
3.026389765266959775e-06
2.995978083136901275e-06
2.975934335643852503e-06
2.956069985921322632e-06
2.936380843456773555e-06
2.916862917252893996e-06
2.887898788997333613e-06
2.868792652998382051e-06
2.849845180288072733e-06
2.831053148389614159e-06
2.803149859107454622e-06
2.784733266428308103e-06
2.766461930497629604e-06
2.739321565660014803e-06
2.721402120015115267e-06
2.703622662160078302e-06
2.677251195939373371e-06
2.659869083859084866e-06
2.634089103866674238e-06
2.617095003259873183e-06
2.600252671753482243e-06
2.575269583220929513e-06
2.558798417657164627e-06
2.534363469544369627e-06
2.518252117701806969e-06
2.494348677830412742e-06
2.478586306475824525e-06
2.455198492367241137e-06
2.432112721926081300e-06
2.416887375528801973e-06
2.394293247557701164e-06
2.379390886366322067e-06
2.357274231883486790e-06
2.335437503969150007e-06
2.321032839058636809e-06
2.299652108932671471e-06
2.278538834214132390e-06
2.264609689937517014e-06
2.243932281532387649e-06
2.223510624676343497e-06
2.203340513631194596e-06
2.190031486628196765e-06
2.170299214399112296e-06
2.150857585478077471e-06
2.131694923536916996e-06
2.112800227234652686e-06
2.100347487830522184e-06
2.081876655012855466e-06
2.063647440358294683e-06
2.045650978683628438e-06
2.027878905957594592e-06
2.010323328575073928e-06
1.992976794595388895e-06
1.975832266812844731e-06
1.958883097537067580e-06
1.942123004969303021e-06
1.925546051068861134e-06
1.909146620811287509e-06
1.892919402746697011e-06
1.876859370773070431e-06
1.855697875247556491e-06
1.840009875186247610e-06
1.824474156762661179e-06
1.809086746011839572e-06
1.793843874584547600e-06
1.778741967581560427e-06
1.758819530221419824e-06
1.744033640335216044e-06
1.729370016838462865e-06
1.709972400902973520e-06
1.695547339261239779e-06
1.681235623153360016e-06
1.662340596514009278e-06
1.648317223565303930e-06
1.634426397230037325e-06
1.616119516219375538e-06
1.602555432236975914e-06
1.584698451756566270e-06
1.571481281606668371e-06
1.554097876342809690e-06
1.541243124603179049e-06
1.524351190079318644e-06
1.511870338504279007e-06
1.495482793166262048e-06
1.479387598081322240e-06
1.467509347323692003e-06
1.451930437944431998e-06
1.436648144817668943e-06
1.425381374849980334e-06
1.410618960308224332e-06
1.396153240967913302e-06
1.381983398384587033e-06
1.368108226457236071e-06
1.357894300398862123e-06
1.344531250160125297e-06
1.331462615122983356e-06
1.318675634560221336e-06
1.306153580435597965e-06
1.293880753003406099e-06
1.281842418519874603e-06
1.270024750828419939e-06
1.258414776565873401e-06
1.247000323754283782e-06
1.235769973559090782e-06
1.224713015009510265e-06
1.213819402490876769e-06
1.200417797650381385e-06
1.189858163534941747e-06
1.179433356185808712e-06
1.169135740801363052e-06
1.156431730548084913e-06
1.146394827978778676e-06
1.136463480820444078e-06
1.124188964435211203e-06
1.114474546160504987e-06
1.104848218841928506e-06
1.092932124450721275e-06
1.083487440256482265e-06
1.071785262202859900e-06
1.062501947441976247e-06
1.050990213955795308e-06
1.041891780904822583e-06
1.030711666614445857e-06
1.019732965101824579e-06
1.011086272116078784e-06
1.000438017911110073e-06
9.899570486648612442e-07
9.816855492009973699e-07
9.714793971315334675e-07
9.614125797131782522e-07
9.514764012278972468e-07
9.416627724714904871e-07
9.319641708289868849e-07
9.223736029815688945e-07
9.147745500283838816e-07
9.053623773101367150e-07
8.960411850398795610e-07
8.849684401840940035e-07
8.758293517360753401e-07
8.667656528785752123e-07
8.577731975396955531e-07
8.488481462555376431e-07
8.399869458376355156e-07
8.294331796397072609e-07
8.207012347029967547e-07
8.120234803913092755e-07
8.033973719536306672e-07
7.931234604478569732e-07
7.846796453619163652e-07
7.746981179880548478e-07
7.665038978576880290e-07
7.568165981442513694e-07
7.488632411483330460e-07
7.394598842827857956e-07
7.317389788162377524e-07
7.226096590415844114e-07
7.136257710430242216e-07
7.062482847630429966e-07
6.975238453464873899e-07
6.889371120636181362e-07
6.804854658108611342e-07
6.721663419829822428e-07
6.639772294539321568e-07
6.559156695589495499e-07
6.479792550799025306e-07
6.401656292356351102e-07
6.324724846788863285e-07
6.248975625011645010e-07
6.174386512468026687e-07
6.100935859372661101e-07
6.028602471066507480e-07
5.957365598491855999e-07
5.875614712209268300e-07
5.806068697859694225e-07
5.709851247524746893e-07
5.550681096601015929e-07
5.379686522722921606e-07
5.146312544400418673e-07
4.922104753948898445e-07
4.637868690948281678e-07
4.378994132426962328e-07
4.063939704208341086e-07
3.739563737557102158e-07
3.410424639375372823e-07
3.127691300196986857e-07
2.800522479189830704e-07
2.479607208423544892e-07
2.168174849711922648e-07
1.869165590114741139e-07
1.585250346715656941e-07
1.318849355571361810e-07
1.072149533781005646e-07
8.471206973357808193e-08
6.455307115862271046e-08
4.689596457769583296e-08
2.995950013419600989e-08
1.811611545463685966e-08
9.163205605293648296e-09
2.589831868468202329e-09
1.287434671599720558e-10
0.000000000000000000e+00
0.000000000000000000e+00
0.000000000000000000e+00
0.000000000000000000e+00
0.000000000000000000e+00
0.000000000000000000e+00
0.000000000000000000e+00
0.000000000000000000e+00
0.000000000000000000e+00
0.000000000000000000e+00
0.000000000000000000e+00
0.000000000000000000e+00
0.000000000000000000e+00
0.000000000000000000e+00
0.000000000000000000e+00
0.000000000000000000e+00
0.000000000000000000e+00
0.000000000000000000e+00
0.000000000000000000e+00
0.000000000000000000e+00
0.000000000000000000e+00
0.000000000000000000e+00
0.000000000000000000e+00
0.000000000000000000e+00
0.000000000000000000e+00
0.000000000000000000e+00
0.000000000000000000e+00
0.000000000000000000e+00
0.000000000000000000e+00
0.000000000000000000e+00
0.000000000000000000e+00
0.000000000000000000e+00
0.000000000000000000e+00
0.000000000000000000e+00
0.000000000000000000e+00
0.000000000000000000e+00
0.000000000000000000e+00
0.000000000000000000e+00
0.000000000000000000e+00
0.000000000000000000e+00
0.000000000000000000e+00
0.000000000000000000e+00
0.000000000000000000e+00
0.000000000000000000e+00
0.000000000000000000e+00
0.000000000000000000e+00
0.000000000000000000e+00
0.000000000000000000e+00
0.000000000000000000e+00
0.000000000000000000e+00
0.000000000000000000e+00
0.000000000000000000e+00
0.000000000000000000e+00
0.000000000000000000e+00
0.000000000000000000e+00
0.000000000000000000e+00
0.000000000000000000e+00
0.000000000000000000e+00
0.000000000000000000e+00
0.000000000000000000e+00
0.000000000000000000e+00
0.000000000000000000e+00
0.000000000000000000e+00
0.000000000000000000e+00
0.000000000000000000e+00
0.000000000000000000e+00
0.000000000000000000e+00
0.000000000000000000e+00
0.000000000000000000e+00
0.000000000000000000e+00
0.000000000000000000e+00
0.000000000000000000e+00
0.000000000000000000e+00
0.000000000000000000e+00
0.000000000000000000e+00
0.000000000000000000e+00
0.000000000000000000e+00
0.000000000000000000e+00
0.000000000000000000e+00
0.000000000000000000e+00
0.000000000000000000e+00
0.000000000000000000e+00
0.000000000000000000e+00
0.000000000000000000e+00
0.000000000000000000e+00
0.000000000000000000e+00
0.000000000000000000e+00
0.000000000000000000e+00
0.000000000000000000e+00
0.000000000000000000e+00
0.000000000000000000e+00
0.000000000000000000e+00
0.000000000000000000e+00
0.000000000000000000e+00
0.000000000000000000e+00
0.000000000000000000e+00
0.000000000000000000e+00
0.000000000000000000e+00
0.000000000000000000e+00
0.000000000000000000e+00
0.000000000000000000e+00
0.000000000000000000e+00
0.000000000000000000e+00
0.000000000000000000e+00
0.000000000000000000e+00
0.000000000000000000e+00
0.000000000000000000e+00
0.000000000000000000e+00
0.000000000000000000e+00
0.000000000000000000e+00
0.000000000000000000e+00
0.000000000000000000e+00
0.000000000000000000e+00
0.000000000000000000e+00
0.000000000000000000e+00
0.000000000000000000e+00
0.000000000000000000e+00
0.000000000000000000e+00
0.000000000000000000e+00
0.000000000000000000e+00
0.000000000000000000e+00
0.000000000000000000e+00
0.000000000000000000e+00
0.000000000000000000e+00
0.000000000000000000e+00
0.000000000000000000e+00
0.000000000000000000e+00
0.000000000000000000e+00
0.000000000000000000e+00
0.000000000000000000e+00
0.000000000000000000e+00
0.000000000000000000e+00
0.000000000000000000e+00
0.000000000000000000e+00
0.000000000000000000e+00
0.000000000000000000e+00
0.000000000000000000e+00
0.000000000000000000e+00
0.000000000000000000e+00
0.000000000000000000e+00
0.000000000000000000e+00
0.000000000000000000e+00
0.000000000000000000e+00
0.000000000000000000e+00
0.000000000000000000e+00
0.000000000000000000e+00
0.000000000000000000e+00
0.000000000000000000e+00
0.000000000000000000e+00
0.000000000000000000e+00
0.000000000000000000e+00
0.000000000000000000e+00
0.000000000000000000e+00
0.000000000000000000e+00
0.000000000000000000e+00
0.000000000000000000e+00
0.000000000000000000e+00
0.000000000000000000e+00
0.000000000000000000e+00
0.000000000000000000e+00
0.000000000000000000e+00
0.000000000000000000e+00
0.000000000000000000e+00
0.000000000000000000e+00
0.000000000000000000e+00
0.000000000000000000e+00
0.000000000000000000e+00
0.000000000000000000e+00
0.000000000000000000e+00
0.000000000000000000e+00
0.000000000000000000e+00
0.000000000000000000e+00
0.000000000000000000e+00
0.000000000000000000e+00
0.000000000000000000e+00
0.000000000000000000e+00
0.000000000000000000e+00
0.000000000000000000e+00
0.000000000000000000e+00
0.000000000000000000e+00
0.000000000000000000e+00
0.000000000000000000e+00
0.000000000000000000e+00
0.000000000000000000e+00
0.000000000000000000e+00
0.000000000000000000e+00
0.000000000000000000e+00
0.000000000000000000e+00
0.000000000000000000e+00
0.000000000000000000e+00
0.000000000000000000e+00
0.000000000000000000e+00
0.000000000000000000e+00
0.000000000000000000e+00
0.000000000000000000e+00
0.000000000000000000e+00
0.000000000000000000e+00
0.000000000000000000e+00
0.000000000000000000e+00
0.000000000000000000e+00
0.000000000000000000e+00
0.000000000000000000e+00
0.000000000000000000e+00
0.000000000000000000e+00
0.000000000000000000e+00
0.000000000000000000e+00
0.000000000000000000e+00
0.000000000000000000e+00
0.000000000000000000e+00
0.000000000000000000e+00
0.000000000000000000e+00
0.000000000000000000e+00
0.000000000000000000e+00
0.000000000000000000e+00
0.000000000000000000e+00
0.000000000000000000e+00
0.000000000000000000e+00
0.000000000000000000e+00
0.000000000000000000e+00
0.000000000000000000e+00
0.000000000000000000e+00
0.000000000000000000e+00
0.000000000000000000e+00
0.000000000000000000e+00
0.000000000000000000e+00
0.000000000000000000e+00
0.000000000000000000e+00
0.000000000000000000e+00
0.000000000000000000e+00
0.000000000000000000e+00
0.000000000000000000e+00
0.000000000000000000e+00
0.000000000000000000e+00
0.000000000000000000e+00
0.000000000000000000e+00
0.000000000000000000e+00
0.000000000000000000e+00
0.000000000000000000e+00
0.000000000000000000e+00
0.000000000000000000e+00
0.000000000000000000e+00
0.000000000000000000e+00
0.000000000000000000e+00
0.000000000000000000e+00
0.000000000000000000e+00
0.000000000000000000e+00
0.000000000000000000e+00
0.000000000000000000e+00
0.000000000000000000e+00
0.000000000000000000e+00
0.000000000000000000e+00
0.000000000000000000e+00
0.000000000000000000e+00
0.000000000000000000e+00
0.000000000000000000e+00
0.000000000000000000e+00
0.000000000000000000e+00
0.000000000000000000e+00
0.000000000000000000e+00
0.000000000000000000e+00
0.000000000000000000e+00
0.000000000000000000e+00
0.000000000000000000e+00
0.000000000000000000e+00
0.000000000000000000e+00
0.000000000000000000e+00
0.000000000000000000e+00
0.000000000000000000e+00
0.000000000000000000e+00
0.000000000000000000e+00
0.000000000000000000e+00
0.000000000000000000e+00
0.000000000000000000e+00
0.000000000000000000e+00
0.000000000000000000e+00
0.000000000000000000e+00
0.000000000000000000e+00
0.000000000000000000e+00
0.000000000000000000e+00
0.000000000000000000e+00
0.000000000000000000e+00
0.000000000000000000e+00
0.000000000000000000e+00
0.000000000000000000e+00
0.000000000000000000e+00
0.000000000000000000e+00
0.000000000000000000e+00
0.000000000000000000e+00
0.000000000000000000e+00
0.000000000000000000e+00
0.000000000000000000e+00
0.000000000000000000e+00
0.000000000000000000e+00
0.000000000000000000e+00
0.000000000000000000e+00
0.000000000000000000e+00
0.000000000000000000e+00
0.000000000000000000e+00
0.000000000000000000e+00
0.000000000000000000e+00
0.000000000000000000e+00
0.000000000000000000e+00
0.000000000000000000e+00
0.000000000000000000e+00
0.000000000000000000e+00
0.000000000000000000e+00
0.000000000000000000e+00
0.000000000000000000e+00
0.000000000000000000e+00
0.000000000000000000e+00
0.000000000000000000e+00
0.000000000000000000e+00
0.000000000000000000e+00
0.000000000000000000e+00
0.000000000000000000e+00
0.000000000000000000e+00
0.000000000000000000e+00
0.000000000000000000e+00
0.000000000000000000e+00
0.000000000000000000e+00
0.000000000000000000e+00
0.000000000000000000e+00
0.000000000000000000e+00
0.000000000000000000e+00
0.000000000000000000e+00
0.000000000000000000e+00
0.000000000000000000e+00
0.000000000000000000e+00
0.000000000000000000e+00
0.000000000000000000e+00
0.000000000000000000e+00
0.000000000000000000e+00
0.000000000000000000e+00
0.000000000000000000e+00
0.000000000000000000e+00
0.000000000000000000e+00
0.000000000000000000e+00
0.000000000000000000e+00
0.000000000000000000e+00
0.000000000000000000e+00
0.000000000000000000e+00
0.000000000000000000e+00
0.000000000000000000e+00
0.000000000000000000e+00
0.000000000000000000e+00
0.000000000000000000e+00
0.000000000000000000e+00
0.000000000000000000e+00
0.000000000000000000e+00
0.000000000000000000e+00
0.000000000000000000e+00
0.000000000000000000e+00
0.000000000000000000e+00
0.000000000000000000e+00
0.000000000000000000e+00
0.000000000000000000e+00
0.000000000000000000e+00
0.000000000000000000e+00
0.000000000000000000e+00
0.000000000000000000e+00
0.000000000000000000e+00
0.000000000000000000e+00
0.000000000000000000e+00
0.000000000000000000e+00
0.000000000000000000e+00
0.000000000000000000e+00
0.000000000000000000e+00
0.000000000000000000e+00
0.000000000000000000e+00
0.000000000000000000e+00
0.000000000000000000e+00
0.000000000000000000e+00
0.000000000000000000e+00
0.000000000000000000e+00
0.000000000000000000e+00
0.000000000000000000e+00
0.000000000000000000e+00
0.000000000000000000e+00
0.000000000000000000e+00
0.000000000000000000e+00
0.000000000000000000e+00
0.000000000000000000e+00
0.000000000000000000e+00
0.000000000000000000e+00
0.000000000000000000e+00
0.000000000000000000e+00
0.000000000000000000e+00
0.000000000000000000e+00
0.000000000000000000e+00
0.000000000000000000e+00
0.000000000000000000e+00
0.000000000000000000e+00
0.000000000000000000e+00
0.000000000000000000e+00
0.000000000000000000e+00
0.000000000000000000e+00
0.000000000000000000e+00
0.000000000000000000e+00
0.000000000000000000e+00
0.000000000000000000e+00
0.000000000000000000e+00
0.000000000000000000e+00
0.000000000000000000e+00
0.000000000000000000e+00
0.000000000000000000e+00
0.000000000000000000e+00
0.000000000000000000e+00
0.000000000000000000e+00
0.000000000000000000e+00
0.000000000000000000e+00
0.000000000000000000e+00
0.000000000000000000e+00
0.000000000000000000e+00
0.000000000000000000e+00
0.000000000000000000e+00
0.000000000000000000e+00
0.000000000000000000e+00
0.000000000000000000e+00
0.000000000000000000e+00
0.000000000000000000e+00
0.000000000000000000e+00
0.000000000000000000e+00
0.000000000000000000e+00
0.000000000000000000e+00
0.000000000000000000e+00
0.000000000000000000e+00
0.000000000000000000e+00
0.000000000000000000e+00
0.000000000000000000e+00
0.000000000000000000e+00
0.000000000000000000e+00
0.000000000000000000e+00
0.000000000000000000e+00
0.000000000000000000e+00
0.000000000000000000e+00
0.000000000000000000e+00
0.000000000000000000e+00
0.000000000000000000e+00
0.000000000000000000e+00
0.000000000000000000e+00
0.000000000000000000e+00
0.000000000000000000e+00
0.000000000000000000e+00
0.000000000000000000e+00
0.000000000000000000e+00
0.000000000000000000e+00
0.000000000000000000e+00
0.000000000000000000e+00
0.000000000000000000e+00
0.000000000000000000e+00
0.000000000000000000e+00
0.000000000000000000e+00
0.000000000000000000e+00
0.000000000000000000e+00
0.000000000000000000e+00
0.000000000000000000e+00
0.000000000000000000e+00
0.000000000000000000e+00
0.000000000000000000e+00
0.000000000000000000e+00
0.000000000000000000e+00
0.000000000000000000e+00
0.000000000000000000e+00
0.000000000000000000e+00
0.000000000000000000e+00
0.000000000000000000e+00
0.000000000000000000e+00
0.000000000000000000e+00
0.000000000000000000e+00
0.000000000000000000e+00
0.000000000000000000e+00
0.000000000000000000e+00
0.000000000000000000e+00
0.000000000000000000e+00
0.000000000000000000e+00
0.000000000000000000e+00
0.000000000000000000e+00
0.000000000000000000e+00
0.000000000000000000e+00
0.000000000000000000e+00
0.000000000000000000e+00
0.000000000000000000e+00
0.000000000000000000e+00
0.000000000000000000e+00
0.000000000000000000e+00
0.000000000000000000e+00
0.000000000000000000e+00
0.000000000000000000e+00
0.000000000000000000e+00
0.000000000000000000e+00
0.000000000000000000e+00
0.000000000000000000e+00
0.000000000000000000e+00
0.000000000000000000e+00
0.000000000000000000e+00
0.000000000000000000e+00
0.000000000000000000e+00
0.000000000000000000e+00
0.000000000000000000e+00
0.000000000000000000e+00
0.000000000000000000e+00
0.000000000000000000e+00
0.000000000000000000e+00
0.000000000000000000e+00
0.000000000000000000e+00
0.000000000000000000e+00
0.000000000000000000e+00
0.000000000000000000e+00
0.000000000000000000e+00
0.000000000000000000e+00
0.000000000000000000e+00
0.000000000000000000e+00
0.000000000000000000e+00
0.000000000000000000e+00
0.000000000000000000e+00
0.000000000000000000e+00
nan
