# bin_7_3
-1.887714334112890492e-06
-7.188775718394572623e-07
-3.541238508562542114e-07
-8.638073548705957767e-08
-9.813317672106409912e-08
1.943368024173021418e-08
-6.907745195360521514e-08
3.364772322825015919e-08
-4.320164970233932087e-08
3.021537584332738987e-08
-2.697528929148904231e-08
3.272493352467874881e-08
-1.918629894358633837e-08
-6.790935813148248863e-09
1.921461484387337925e-09
-8.880495993209864663e-09
-2.633581532772573828e-08
-3.780297163461139607e-08
-4.387759362507574904e-08
-4.801674524815127924e-08
-4.906644357129224674e-08
-4.669956045455605552e-08
-3.664771770921343149e-08
-2.200132896969663060e-08
-1.025731595937343146e-08
-5.539380553642416749e-09
-9.170706239467920895e-09
-1.694626462598666971e-08
-2.459682317399388661e-08
-2.947966890403190854e-08
-3.006117909539277224e-08
-2.582614960365271426e-08
-1.852767232661586827e-08
-1.007487665561598770e-08
-1.787423263191773858e-09
5.446200684900074227e-09
1.105207545001573830e-08
1.615376565217723119e-08
2.150619332708286061e-08
2.637568422199835156e-08
3.025487232463821570e-08
3.280705807802157046e-08
3.382367357690963785e-08
3.319172897512565327e-08
3.019562330431553548e-08
2.511112927220505937e-08
1.911622568689798988e-08
1.310781482900120490e-08
7.759082342224997697e-09
3.565396395517800878e-09
8.810892798103931455e-10
-5.103377067845609322e-11
8.608665277742606350e-11
4.212053556038433715e-10
8.622244435143863048e-10
1.335916868360512919e-09
1.784601097447113585e-09
2.163391374993931323e-09
2.437921347930851756e-09
2.582457763794451325e-09
2.578336204720225143e-09
2.439342254681902516e-09
2.214182116292791389e-09
1.936083421324741055e-09
1.632436004301116226e-09
1.325680520371900979e-09
1.034063657649204618e-09
7.722805556906742385e-10
5.520217120169711387e-10
3.824388943469367850e-10
2.705422764998983564e-10
2.215390985378047887e-10
2.069418709300555065e-10
1.950964797345104248e-10
1.853624728498075427e-10
1.771910731042871349e-10
1.701133893952972129e-10
1.637301404123419773e-10
1.577026900518120320e-10
1.517452216346292964e-10
1.456179019254216037e-10
1.391209063612740532e-10
1.320891943638051159e-10
1.243879385779199794e-10
1.159085247300794747e-10
1.039269117197101187e-10
8.670806214686535831e-11
6.551435639063077995e-11
4.145024317739868030e-11
1.547974478821156392e-11
-1.155797081610878983e-11
-3.893472979896944759e-11
-6.602100962086790225e-11
-9.227494223619298868e-11
-1.172325122605396831e-10
-1.404988168117506385e-10
-1.617402692840530683e-10
-1.806776429583586484e-10
-1.970798623310711212e-10
-2.107584605727848282e-10
-2.215626307923446392e-10
-2.307642577050893050e-10
-2.396338525003006041e-10
-2.480571935705995740e-10
-2.559360716463352629e-10
-2.631866214739429860e-10
-2.697378189380180691e-10
-2.755301269331941081e-10
-2.805142750474601743e-10
-2.846501596798822234e-10
-2.879058526056477899e-10
-2.902567072395293591e-10
-2.916845529529537982e-10
-2.921769687849947895e-10
-2.917266287673364497e-10
-2.903307118694744840e-10
-2.879903702735198316e-10
-2.847102503172417760e-10
-2.804980610075365453e-10
-2.729109390970067244e-10
-2.601775434812184834e-10
-2.432446975223145080e-10
-2.229717106542368680e-10
-2.001375131305410160e-10
-1.754472112470299142e-10
-1.495381118745586066e-10
-1.229852608034844315e-10
-9.630653547447278780e-11
-6.996732911027065373e-11
-4.438486003321427464e-11
-1.993213702136777988e-11
3.058391106928019803e-12
2.429147591068271436e-11
4.350597617768928189e-11
6.047200964410053568e-11
7.498832983985771367e-11
8.687990997850184843e-11
9.599571732367258848e-11
1.022066628449717042e-10
1.054037122352247592e-10
1.054961455108369437e-10
1.035226661716093287e-10
1.006731836028607806e-10
9.708776705483582662e-11
9.289543141822294694e-11
8.821490580723022396e-11
8.315534888126308004e-11
7.781701473743330386e-11
7.229187291546827288e-11
6.666418578928820343e-11
6.101104637360386630e-11
5.540287934749470290e-11
4.990390788847681261e-11
4.457258871851049837e-11
3.946201758636364986e-11
3.462030724754312531e-11
3.009093985240780738e-11
2.591309551413882145e-11
2.212195869993067519e-11
1.874900397029621892e-11
1.582226248188350775e-11
1.336657056800268047e-11
1.140380161750188610e-11
9.953082386048452717e-12
9.030994793788582052e-12
8.651764189201730115e-12
8.550032698692855929e-12
8.451969309146092394e-12
8.357433293407879983e-12
8.266289679549561753e-12
8.178408994147682942e-12
8.093667018122963451e-12
8.011944554465584307e-12
7.857105171087889150e-12
7.783773031222070936e-12
7.713029572456912431e-12
7.644777597700480603e-12
7.578923754882525983e-12
7.515378372058825746e-12
7.454055300246011067e-12
7.394871763591008194e-12
7.282608207381932226e-12
7.229378248648695697e-12
7.177987692696914135e-12
7.128368613533106837e-12
7.080455693784378524e-12
7.034186116820082133e-12
6.989499463733329270e-12
6.904644656194739663e-12
6.864366788733679628e-12
6.825452243468404016e-12
6.787851198912015446e-12
6.851727258158218592e-12
7.215767976935297390e-12
7.831942724317359310e-12
8.689008778625564987e-12
9.776157772017581061e-12
1.259953989848290369e-11
1.431617615011360636e-11
1.622367056107328025e-11
2.057604840171407821e-11
2.300417838986590630e-11
2.558963353595516054e-11
2.832481859065150044e-11
3.421544088398514435e-11
3.735709777575631768e-11
4.062090274094056635e-11
4.749020174077938291e-11
5.108390681006097148e-11
5.477616412303329275e-11
6.243515813917411020e-11
6.639181021263793129e-11
7.453564583332070488e-11
7.871386107411574939e-11
8.295724835640700499e-11
9.162343624029887168e-11
9.603857093995964551e-11
1.050148538801145215e-10
1.095691909882516646e-10
1.205435422773672245e-10
1.272999240023007227e-10
1.348180722713426975e-10
1.519036310096892278e-10
1.613597255231049500e-10
1.818392048695676170e-10
1.927659960841675524e-10
2.157688808080802058e-10
2.277613423572406527e-10
2.525339128534310752e-10
2.652418020933117114e-10
2.911331721936632500e-10
3.174539760177920807e-10
3.307043025958099956e-10
3.572548859586318933e-10
3.705071159818319709e-10
3.968545884066467620e-10
4.228582972739566548e-10
4.356848363667021563e-10
4.609032207234659708e-10
4.732642392011607093e-10
4.974193918249648449e-10
5.207341302837214127e-10
5.320474738995838050e-10
5.539345568931215253e-10
5.747743892554530606e-10
5.847809541057433482e-10
6.031814982276690077e-10
6.192338550712148217e-10
6.333746919635318301e-10
6.398545458015045120e-10
6.518665820441679273e-10
6.629026134792752025e-10
6.732811310495432467e-10
6.783155372824972159e-10
6.882434890158721330e-10
6.981906000537607740e-10
7.083849083110382668e-10
7.190327674380381966e-10
7.245857333456386737e-10
7.362573305748537120e-10
7.488137773764792354e-10
7.623974755548817456e-10
7.771355349950505958e-10
7.931409282422628289e-10
8.105135631901087453e-10
8.293412797615963802e-10
8.497007760280400325e-10
8.716584688045734423e-10
8.952712933875481187e-10
9.205874467542819700e-10
9.476470782276577455e-10
9.764829313147931882e-10
1.013268884828256267e-09
1.062782422585902201e-09
1.123065890404220442e-09
1.192300252083661123e-09
1.268796515307608709e-09
1.350987684947202541e-09
1.437421210108633628e-09
1.526751893524406557e-09
1.617735233993815859e-09
1.709221174531683197e-09
1.800148230701054809e-09
1.889537975293103434e-09
2.018790267315663645e-09
2.100555268046017676e-09
2.177940507984924361e-09
2.250281550487293222e-09
2.316972126553208170e-09
2.405220384057102250e-09
2.455481468430778011e-09
2.498377021401507592e-09
2.533520039844879158e-09
2.570950930316234359e-09
2.585278614428391854e-09
2.590801094749028237e-09
2.582092064234676491e-09
2.564683844520735217e-09
2.534959922665457751e-09
2.437553079144653674e-09
2.339409281068579613e-09
2.150359169095316111e-09
2.000743843171994048e-09
1.835476917668045798e-09
1.563802331390777389e-09
1.370296395129405047e-09
1.066928882667802574e-09
8.588898508508996777e-10
5.427907890476341297e-10
3.318595400508789467e-10
1.909442307901274392e-11
-2.850250259109819840e-10
-4.807875735248288468e-10
-7.609944437224582413e-10
-9.372665202638048730e-10
-1.183420777659613839e-09
-1.405024316086012110e-09
-1.537791704403450543e-09
-1.712713355462037993e-09
-1.856667690805035962e-09
-1.934494947840697467e-09
-2.022788145876910824e-09
-2.075654939913751166e-09
-2.091844347089037922e-09
-2.081734548307043985e-09
-2.035639015851247091e-09
-1.956565899550227917e-09
-1.849404427476773356e-09
-1.718677827241506466e-09
-1.620513301267508331e-09
-1.459645056212102509e-09
-1.285663363635582001e-09
-1.101944747441611518e-09
-9.115998372827941433e-10
-7.174909993532663349e-10
-5.222488175539727970e-10
-3.282875024287225710e-10
-1.378192997905866185e-10
4.713203410892994887e-11
2.247186287058085662e-10
3.932567087242377596e-10
5.512155634531271502e-10
6.972072256264429640e-10
8.710962427857053735e-10
9.844975319145920602e-10
1.082216550040188516e-09
1.163379937203850677e-09
1.227212227225246780e-09
1.273029060481745282e-09
1.305069229102968539e-09
1.306653587006767439e-09
1.258464327252011779e-09
9.792202753622006151e-10
6.235399359819902761e-10
1.607615329408738233e-10
-5.965875047528342509e-10
-1.251496483838338801e-09
-1.966282426833032966e-09
-2.991492980562291340e-09
-3.799923965339435661e-09
-4.910796992657116786e-09
-5.756293536912717764e-09
-6.883383526692652813e-09
-7.718074830651608440e-09
-8.802784790819978053e-09
-9.586399235375218130e-09
-1.057959619255021430e-08
-1.150166112063570339e-08
-1.213929170958113118e-08
-1.290889059035011579e-08
-1.357750204602365856e-08
-1.400742958662660601e-08
-1.447905646935450840e-08
-1.482825313776388377e-08
-1.504897124127815424e-08
-1.513598136517781846e-08
-1.511077444422636917e-08
-1.495297823859576228e-08
-1.464595678874629252e-08
-1.420264234553843014e-08
-1.364106778929367027e-08
-1.297799221685795707e-08
-1.222898120175337357e-08
-1.140848199038595778e-08
-1.052989396686359956e-08
-9.605634695919247858e-09
-8.647201832076993199e-09
-7.665231163394374735e-09
-6.669551039763026476e-09
-5.419424410291118654e-09
-4.424992301424684548e-09
-3.443812265629222209e-09
-2.482813618023093785e-09
-1.319578219803234244e-09
-4.264170724136991086e-10
4.278099918688995654e-10
1.433667040443320543e-09
2.183626331700475122e-09
2.880791594041374295e-09
3.672809678822744225e-09
4.239162524722343643e-09
4.858622152173562832e-09
5.280540112342840937e-09
5.712525780291329020e-09
6.004482497558049819e-09
6.341120460350787135e-09
6.647762024455670521e-09
6.872481026146963000e-09
7.128833372131033979e-09
7.359180488705685398e-09
7.525608266682951538e-09
7.712373218161952759e-09
7.876611035809705922e-09
8.019453108225043339e-09
8.141977169270166189e-09
8.245209979002911340e-09
8.330129859714855804e-09
8.385508438612657233e-09
8.439784918705025987e-09
8.478250021873615213e-09
8.504682060881869778e-09
8.511177799268320378e-09
8.504339146380819458e-09
8.484865856554536785e-09
8.453425234902989713e-09
8.410653694455817443e-09
8.345223698686706637e-09
8.279621419957731186e-09
8.204533873470600529e-09
8.120482997496722532e-09
8.005912950935988183e-09
7.888997385089923411e-09
7.723888289975938478e-09
7.568286271739614865e-09
7.363110758705632633e-09
7.179057921471176351e-09
6.945236500651604515e-09
6.741574768701078973e-09
6.488959415382218113e-09
6.229744974331819600e-09
6.010368223846212138e-09
5.744932705122239393e-09
5.478977792662263756e-09
5.214316999766487447e-09
4.952609271945952914e-09
4.695369525688555836e-09
4.443978489741339678e-09
4.199691896324580719e-09
3.963649066313471336e-09
3.736880929297853766e-09
3.520317516539112108e-09
3.314794962168542542e-09
3.121062045493785348e-09
2.939786304986973373e-09
2.771559752402942117e-09
2.592480666908365324e-09
2.454023133568283305e-09
2.320360195975854932e-09
2.164727322940349024e-09
2.032264644803098426e-09
1.879575407258685670e-09
1.750848858297478765e-09
1.603807770036094914e-09
1.480932050435421469e-09
1.341785275694011688e-09
1.207677770808717014e-09
1.079088592288858560e-09
9.735867237979495460e-10
8.563433917608205767e-10
7.457152275227038063e-10
6.420020912691032612e-10
5.454654646657817485e-10
4.563313379001303999e-10
3.747928979654429383e-10
3.010130319417829462e-10
2.351266580399131348e-10
1.772428962612091534e-10
1.274470896821727522e-10
8.052167054961180032e-11
4.824508608090315760e-11
2.419012751159561999e-11
6.772376116879776793e-12
3.340148992169322962e-13
0.000000000000000000e+00
0.000000000000000000e+00
0.000000000000000000e+00
0.000000000000000000e+00
0.000000000000000000e+00
0.000000000000000000e+00
0.000000000000000000e+00
0.000000000000000000e+00
0.000000000000000000e+00
0.000000000000000000e+00
0.000000000000000000e+00
0.000000000000000000e+00
0.000000000000000000e+00
0.000000000000000000e+00
0.000000000000000000e+00
0.000000000000000000e+00
0.000000000000000000e+00
0.000000000000000000e+00
0.000000000000000000e+00
0.000000000000000000e+00
0.000000000000000000e+00
0.000000000000000000e+00
0.000000000000000000e+00
0.000000000000000000e+00
0.000000000000000000e+00
0.000000000000000000e+00
0.000000000000000000e+00
0.000000000000000000e+00
0.000000000000000000e+00
0.000000000000000000e+00
0.000000000000000000e+00
0.000000000000000000e+00
0.000000000000000000e+00
0.000000000000000000e+00
0.000000000000000000e+00
0.000000000000000000e+00
0.000000000000000000e+00
0.000000000000000000e+00
0.000000000000000000e+00
0.000000000000000000e+00
0.000000000000000000e+00
0.000000000000000000e+00
0.000000000000000000e+00
0.000000000000000000e+00
0.000000000000000000e+00
0.000000000000000000e+00
0.000000000000000000e+00
0.000000000000000000e+00
0.000000000000000000e+00
0.000000000000000000e+00
0.000000000000000000e+00
0.000000000000000000e+00
0.000000000000000000e+00
0.000000000000000000e+00
0.000000000000000000e+00
0.000000000000000000e+00
0.000000000000000000e+00
0.000000000000000000e+00
0.000000000000000000e+00
0.000000000000000000e+00
0.000000000000000000e+00
0.000000000000000000e+00
0.000000000000000000e+00
0.000000000000000000e+00
0.000000000000000000e+00
0.000000000000000000e+00
0.000000000000000000e+00
0.000000000000000000e+00
0.000000000000000000e+00
0.000000000000000000e+00
0.000000000000000000e+00
0.000000000000000000e+00
0.000000000000000000e+00
0.000000000000000000e+00
0.000000000000000000e+00
0.000000000000000000e+00
0.000000000000000000e+00
0.000000000000000000e+00
0.000000000000000000e+00
0.000000000000000000e+00
0.000000000000000000e+00
0.000000000000000000e+00
0.000000000000000000e+00
0.000000000000000000e+00
0.000000000000000000e+00
0.000000000000000000e+00
0.000000000000000000e+00
0.000000000000000000e+00
0.000000000000000000e+00
0.000000000000000000e+00
0.000000000000000000e+00
0.000000000000000000e+00
0.000000000000000000e+00
0.000000000000000000e+00
0.000000000000000000e+00
0.000000000000000000e+00
0.000000000000000000e+00
0.000000000000000000e+00
0.000000000000000000e+00
0.000000000000000000e+00
0.000000000000000000e+00
0.000000000000000000e+00
0.000000000000000000e+00
0.000000000000000000e+00
0.000000000000000000e+00
0.000000000000000000e+00
0.000000000000000000e+00
0.000000000000000000e+00
0.000000000000000000e+00
0.000000000000000000e+00
0.000000000000000000e+00
0.000000000000000000e+00
0.000000000000000000e+00
0.000000000000000000e+00
0.000000000000000000e+00
0.000000000000000000e+00
0.000000000000000000e+00
0.000000000000000000e+00
0.000000000000000000e+00
0.000000000000000000e+00
0.000000000000000000e+00
0.000000000000000000e+00
0.000000000000000000e+00
0.000000000000000000e+00
0.000000000000000000e+00
0.000000000000000000e+00
0.000000000000000000e+00
0.000000000000000000e+00
0.000000000000000000e+00
0.000000000000000000e+00
0.000000000000000000e+00
0.000000000000000000e+00
0.000000000000000000e+00
0.000000000000000000e+00
0.000000000000000000e+00
0.000000000000000000e+00
0.000000000000000000e+00
0.000000000000000000e+00
0.000000000000000000e+00
0.000000000000000000e+00
0.000000000000000000e+00
0.000000000000000000e+00
0.000000000000000000e+00
0.000000000000000000e+00
0.000000000000000000e+00
0.000000000000000000e+00
0.000000000000000000e+00
0.000000000000000000e+00
0.000000000000000000e+00
0.000000000000000000e+00
0.000000000000000000e+00
0.000000000000000000e+00
0.000000000000000000e+00
0.000000000000000000e+00
0.000000000000000000e+00
0.000000000000000000e+00
0.000000000000000000e+00
0.000000000000000000e+00
0.000000000000000000e+00
0.000000000000000000e+00
0.000000000000000000e+00
0.000000000000000000e+00
0.000000000000000000e+00
0.000000000000000000e+00
0.000000000000000000e+00
0.000000000000000000e+00
0.000000000000000000e+00
0.000000000000000000e+00
0.000000000000000000e+00
0.000000000000000000e+00
0.000000000000000000e+00
0.000000000000000000e+00
0.000000000000000000e+00
0.000000000000000000e+00
0.000000000000000000e+00
0.000000000000000000e+00
0.000000000000000000e+00
0.000000000000000000e+00
0.000000000000000000e+00
0.000000000000000000e+00
0.000000000000000000e+00
0.000000000000000000e+00
0.000000000000000000e+00
0.000000000000000000e+00
0.000000000000000000e+00
0.000000000000000000e+00
0.000000000000000000e+00
0.000000000000000000e+00
0.000000000000000000e+00
0.000000000000000000e+00
0.000000000000000000e+00
0.000000000000000000e+00
0.000000000000000000e+00
0.000000000000000000e+00
0.000000000000000000e+00
0.000000000000000000e+00
0.000000000000000000e+00
0.000000000000000000e+00
0.000000000000000000e+00
0.000000000000000000e+00
0.000000000000000000e+00
0.000000000000000000e+00
0.000000000000000000e+00
0.000000000000000000e+00
0.000000000000000000e+00
0.000000000000000000e+00
0.000000000000000000e+00
0.000000000000000000e+00
0.000000000000000000e+00
0.000000000000000000e+00
0.000000000000000000e+00
0.000000000000000000e+00
0.000000000000000000e+00
0.000000000000000000e+00
0.000000000000000000e+00
0.000000000000000000e+00
0.000000000000000000e+00
0.000000000000000000e+00
0.000000000000000000e+00
0.000000000000000000e+00
0.000000000000000000e+00
0.000000000000000000e+00
0.000000000000000000e+00
0.000000000000000000e+00
0.000000000000000000e+00
0.000000000000000000e+00
0.000000000000000000e+00
0.000000000000000000e+00
0.000000000000000000e+00
0.000000000000000000e+00
0.000000000000000000e+00
0.000000000000000000e+00
0.000000000000000000e+00
0.000000000000000000e+00
0.000000000000000000e+00
0.000000000000000000e+00
0.000000000000000000e+00
0.000000000000000000e+00
0.000000000000000000e+00
0.000000000000000000e+00
0.000000000000000000e+00
0.000000000000000000e+00
0.000000000000000000e+00
0.000000000000000000e+00
0.000000000000000000e+00
0.000000000000000000e+00
0.000000000000000000e+00
0.000000000000000000e+00
0.000000000000000000e+00
0.000000000000000000e+00
0.000000000000000000e+00
0.000000000000000000e+00
0.000000000000000000e+00
0.000000000000000000e+00
0.000000000000000000e+00
0.000000000000000000e+00
0.000000000000000000e+00
0.000000000000000000e+00
0.000000000000000000e+00
0.000000000000000000e+00
0.000000000000000000e+00
0.000000000000000000e+00
0.000000000000000000e+00
0.000000000000000000e+00
0.000000000000000000e+00
0.000000000000000000e+00
0.000000000000000000e+00
0.000000000000000000e+00
0.000000000000000000e+00
0.000000000000000000e+00
0.000000000000000000e+00
0.000000000000000000e+00
0.000000000000000000e+00
0.000000000000000000e+00
0.000000000000000000e+00
0.000000000000000000e+00
0.000000000000000000e+00
0.000000000000000000e+00
0.000000000000000000e+00
0.000000000000000000e+00
0.000000000000000000e+00
0.000000000000000000e+00
0.000000000000000000e+00
0.000000000000000000e+00
0.000000000000000000e+00
0.000000000000000000e+00
0.000000000000000000e+00
0.000000000000000000e+00
0.000000000000000000e+00
0.000000000000000000e+00
0.000000000000000000e+00
0.000000000000000000e+00
0.000000000000000000e+00
0.000000000000000000e+00
0.000000000000000000e+00
0.000000000000000000e+00
0.000000000000000000e+00
0.000000000000000000e+00
0.000000000000000000e+00
0.000000000000000000e+00
0.000000000000000000e+00
0.000000000000000000e+00
0.000000000000000000e+00
0.000000000000000000e+00
0.000000000000000000e+00
0.000000000000000000e+00
0.000000000000000000e+00
0.000000000000000000e+00
0.000000000000000000e+00
0.000000000000000000e+00
0.000000000000000000e+00
0.000000000000000000e+00
0.000000000000000000e+00
0.000000000000000000e+00
0.000000000000000000e+00
0.000000000000000000e+00
0.000000000000000000e+00
0.000000000000000000e+00
0.000000000000000000e+00
0.000000000000000000e+00
0.000000000000000000e+00
0.000000000000000000e+00
0.000000000000000000e+00
0.000000000000000000e+00
0.000000000000000000e+00
0.000000000000000000e+00
0.000000000000000000e+00
0.000000000000000000e+00
0.000000000000000000e+00
0.000000000000000000e+00
0.000000000000000000e+00
0.000000000000000000e+00
0.000000000000000000e+00
0.000000000000000000e+00
0.000000000000000000e+00
0.000000000000000000e+00
0.000000000000000000e+00
0.000000000000000000e+00
0.000000000000000000e+00
0.000000000000000000e+00
0.000000000000000000e+00
0.000000000000000000e+00
0.000000000000000000e+00
0.000000000000000000e+00
0.000000000000000000e+00
0.000000000000000000e+00
0.000000000000000000e+00
0.000000000000000000e+00
0.000000000000000000e+00
0.000000000000000000e+00
0.000000000000000000e+00
0.000000000000000000e+00
0.000000000000000000e+00
0.000000000000000000e+00
0.000000000000000000e+00
0.000000000000000000e+00
0.000000000000000000e+00
0.000000000000000000e+00
0.000000000000000000e+00
0.000000000000000000e+00
0.000000000000000000e+00
0.000000000000000000e+00
0.000000000000000000e+00
0.000000000000000000e+00
0.000000000000000000e+00
0.000000000000000000e+00
0.000000000000000000e+00
0.000000000000000000e+00
0.000000000000000000e+00
0.000000000000000000e+00
0.000000000000000000e+00
0.000000000000000000e+00
0.000000000000000000e+00
0.000000000000000000e+00
0.000000000000000000e+00
0.000000000000000000e+00
0.000000000000000000e+00
0.000000000000000000e+00
0.000000000000000000e+00
0.000000000000000000e+00
0.000000000000000000e+00
0.000000000000000000e+00
0.000000000000000000e+00
0.000000000000000000e+00
0.000000000000000000e+00
0.000000000000000000e+00
0.000000000000000000e+00
0.000000000000000000e+00
0.000000000000000000e+00
0.000000000000000000e+00
0.000000000000000000e+00
0.000000000000000000e+00
0.000000000000000000e+00
0.000000000000000000e+00
0.000000000000000000e+00
0.000000000000000000e+00
0.000000000000000000e+00
0.000000000000000000e+00
0.000000000000000000e+00
0.000000000000000000e+00
0.000000000000000000e+00
0.000000000000000000e+00
0.000000000000000000e+00
0.000000000000000000e+00
0.000000000000000000e+00
0.000000000000000000e+00
0.000000000000000000e+00
0.000000000000000000e+00
0.000000000000000000e+00
0.000000000000000000e+00
0.000000000000000000e+00
0.000000000000000000e+00
0.000000000000000000e+00
0.000000000000000000e+00
0.000000000000000000e+00
0.000000000000000000e+00
0.000000000000000000e+00
0.000000000000000000e+00
0.000000000000000000e+00
0.000000000000000000e+00
0.000000000000000000e+00
0.000000000000000000e+00
0.000000000000000000e+00
0.000000000000000000e+00
0.000000000000000000e+00
0.000000000000000000e+00
0.000000000000000000e+00
0.000000000000000000e+00
0.000000000000000000e+00
0.000000000000000000e+00
0.000000000000000000e+00
0.000000000000000000e+00
0.000000000000000000e+00
0.000000000000000000e+00
0.000000000000000000e+00
0.000000000000000000e+00
0.000000000000000000e+00
0.000000000000000000e+00
0.000000000000000000e+00
0.000000000000000000e+00
0.000000000000000000e+00
0.000000000000000000e+00
0.000000000000000000e+00
0.000000000000000000e+00
0.000000000000000000e+00
0.000000000000000000e+00
0.000000000000000000e+00
0.000000000000000000e+00
0.000000000000000000e+00
0.000000000000000000e+00
0.000000000000000000e+00
0.000000000000000000e+00
0.000000000000000000e+00
0.000000000000000000e+00
0.000000000000000000e+00
0.000000000000000000e+00
0.000000000000000000e+00
0.000000000000000000e+00
0.000000000000000000e+00
0.000000000000000000e+00
0.000000000000000000e+00
0.000000000000000000e+00
0.000000000000000000e+00
0.000000000000000000e+00
0.000000000000000000e+00
0.000000000000000000e+00
0.000000000000000000e+00
0.000000000000000000e+00
0.000000000000000000e+00
0.000000000000000000e+00
0.000000000000000000e+00
0.000000000000000000e+00
0.000000000000000000e+00
0.000000000000000000e+00
0.000000000000000000e+00
0.000000000000000000e+00
0.000000000000000000e+00
0.000000000000000000e+00
0.000000000000000000e+00
0.000000000000000000e+00
0.000000000000000000e+00
0.000000000000000000e+00
0.000000000000000000e+00
0.000000000000000000e+00
0.000000000000000000e+00
0.000000000000000000e+00
0.000000000000000000e+00
0.000000000000000000e+00
0.000000000000000000e+00
0.000000000000000000e+00
0.000000000000000000e+00
0.000000000000000000e+00
0.000000000000000000e+00
0.000000000000000000e+00
0.000000000000000000e+00
0.000000000000000000e+00
0.000000000000000000e+00
0.000000000000000000e+00
0.000000000000000000e+00
0.000000000000000000e+00
0.000000000000000000e+00
0.000000000000000000e+00
0.000000000000000000e+00
0.000000000000000000e+00
0.000000000000000000e+00
0.000000000000000000e+00
0.000000000000000000e+00
0.000000000000000000e+00
0.000000000000000000e+00
0.000000000000000000e+00
0.000000000000000000e+00
0.000000000000000000e+00
0.000000000000000000e+00
0.000000000000000000e+00
0.000000000000000000e+00
0.000000000000000000e+00
nan
