# bin_22_20
-3.626357776214499984e-08
-3.479274569359114286e-08
-3.172793133328440870e-08
-3.010452076385091354e-08
-2.708460853115524155e-08
-2.541691728481698769e-08
-2.291177138961529025e-08
-2.144237328396210868e-08
-1.908581706985053316e-08
-1.787316200611859146e-08
-1.578038368567730606e-08
-1.492170182783093552e-08
-1.317287314485559668e-08
-1.194568254980614406e-08
-1.088121421998493051e-08
-9.803464137689762524e-09
-8.820749476567129243e-09
-7.968245542327213560e-09
-7.235186666129694258e-09
-6.591160466341184564e-09
-6.021261014585197896e-09
-5.513824835306843911e-09
-5.060027458062526911e-09
-4.653159893324239752e-09
-4.287344907766076702e-09
-3.957550206427608097e-09
-3.587694522863245074e-09
-3.174887270431652231e-09
-2.794365198492017337e-09
-2.491630600806721740e-09
-2.292018060084093407e-09
-2.160941870690562678e-09
-2.049206505071736248e-09
-1.950833838342971653e-09
-1.861466735707835632e-09
-1.777952774239708213e-09
-1.698035359772862067e-09
-1.623204130981443316e-09
-1.554653726409757870e-09
-1.490617724022717814e-09
-1.429769400666827030e-09
-1.371120451704685297e-09
-1.313942901265179579e-09
-1.257708754761597168e-09
-1.175798939640743100e-09
-1.056898304814052836e-09
-9.196627358292597204e-10
-7.784008957367648874e-10
-6.439518200276632725e-10
-5.243882662208559363e-10
-4.255812948075976571e-10
-3.516540350571096916e-10
-2.963250713581429978e-10
-2.500223199250577221e-10
-2.110812560531971849e-10
-1.781077387975860732e-10
-1.499350117510310086e-10
-1.255877317129658059e-10
-1.042518219492724707e-10
-8.524916402841064109e-11
-6.801631806855703490e-11
-5.230920475728349293e-11
-3.823668062104588377e-11
-2.582064504722203691e-11
-1.506163662902108137e-11
-5.943134445322863217e-12
1.564870570576753965e-12
7.502913281820395620e-12
1.191960055693454238e-11
1.486958242324614438e-11
1.641187847277336961e-11
1.660850135410544655e-11
1.564396703218703179e-11
1.385693428117639087e-11
1.150923387409726851e-11
8.823387282618980960e-12
5.987747317276082565e-12
3.160973780976968573e-12
4.759328732064661581e-13
-1.956903324967560397e-12
-4.046491534636304896e-12
-5.718629417064677367e-12
-6.913696181196103540e-12
-7.584679298292096146e-12
-7.695450643535442010e-12
-7.505610480273717698e-12
-7.295715028550951360e-12
-7.068135744998293474e-12
-6.825028822356468267e-12
-6.568354722125351763e-12
-6.299895834782071375e-12
-6.021272459979199049e-12
-5.733957277889478374e-12
-5.439288464134483304e-12
-5.138481584202605885e-12
-4.832640388651254988e-12
-4.522766617461310353e-12
-4.209768910460459702e-12
-3.894470910576721253e-12
-3.577618637668037498e-12
-3.259887202659786492e-12
-2.848786505301093605e-12
-2.279681448685180528e-12
-1.591484898088313712e-12
-8.188084378253179861e-13
7.624531388133188881e-15
8.606049992468781509e-13
1.716099989640706187e-12
2.552946174010314904e-12
3.352572342996657032e-12
4.098747942614434806e-12
4.777355164483260623e-12
5.376182332660849988e-12
5.884736555749518224e-12
6.294073815213190212e-12
6.596644841907768428e-12
6.786155295032459271e-12
6.857438903131864209e-12
6.806342357245338396e-12
6.618279015988277373e-12
6.298327206913429230e-12
5.870729219289028652e-12
5.357486907288786637e-12
4.778544339325669636e-12
4.151955611800883650e-12
3.494039077419998666e-12
2.819519127284447059e-12
2.141656565444615982e-12
1.472368523465123432e-12
8.223387798712977349e-13
2.011192742923738863e-13
-3.827764620568937633e-13
-9.217872998740348013e-13
-1.409225325908952113e-12
-1.839202925677034155e-12
-2.206565629353035001e-12
-2.506830257969278827e-12
-2.736127945793313625e-12
-2.891151650096769224e-12
-2.969107791765788991e-12
-2.967671699634030929e-12
-2.700213834240571997e-12
-2.026268607468439679e-12
-1.009129231510299282e-12
2.928903919208901074e-13
1.826109820130643078e-12
3.541160173978901603e-12
5.392684475173802196e-12
7.339058623764895799e-12
9.342131543457682713e-12
1.136698313293762464e-11
1.338169876318054943e-11
1.535715915445000458e-11
1.726684455303620336e-11
1.908665220739021427e-11
2.079472621668890969e-11
2.237129889258021856e-11
2.379854283733092932e-11
2.506043299929351646e-11
2.614261801987908114e-11
2.703230023545823024e-11
2.771812374311708503e-11
2.819006998126596185e-11
2.843936031503160351e-11
2.845836515237525162e-11
2.824051915022554407e-11
2.776977879838796691e-11
2.705384245981990005e-11
2.612105758450350712e-11
2.499792874367112721e-11
2.370922544743879855e-11
2.227808362497886892e-11
2.072610115564550664e-11
1.733884997063864272e-11
1.553987036057036970e-11
1.369278322719653610e-11
1.181274511018352930e-11
9.913841544480366528e-12
8.009149912923889681e-12
6.110798681863737338e-12
4.230023234579915552e-12
5.619885926069507038e-13
-1.206806440471442128e-12
-2.921006463706425827e-12
-4.573109668025619701e-12
-6.156233328670511190e-12
-7.664076795607760173e-12
-9.090886583483208824e-12
-1.168093127728904697e-11
-1.283510786343747574e-11
-1.389007716627855831e-11
-1.484236326192068685e-11
-1.648530215444301009e-11
-1.728638590608937760e-11
-1.808799153104920941e-11
-1.888626660466712641e-11
-1.967761712871898169e-11
-2.122637841486272688e-11
-2.197777240967435683e-11
-2.271018410377241334e-11
-2.410826412784665490e-11
-2.476948791122993699e-11
-2.540282071324552743e-11
-2.600645075247138681e-11
-2.711808870139228479e-11
-2.762318233607644435e-11
-2.809272961318509636e-11
-2.892070597380372878e-11
-2.927716814117582775e-11
-2.959413792837736043e-11
-3.010673796491839525e-11
-3.030115293333314074e-11
-3.056377089108956323e-11
-3.063121647552535056e-11
-3.065569345145970982e-11
-3.057493241714373323e-11
-3.046943110294280851e-11
-3.012791685837949604e-11
-2.989193794333827709e-11
-2.927982536601724648e-11
-2.890664268811294047e-11
-2.849331083273188090e-11
-2.755906456473044296e-11
-2.704421365406219555e-11
-2.593317217134247016e-11
-2.534223501943453176e-11
-2.410174396257755880e-11
-2.345673077847286893e-11
-2.212771368708227635e-11
-2.144762346052145044e-11
-2.006535368134513004e-11
-1.866469828143241053e-11
-1.796131631198926155e-11
-1.655544961516577398e-11
-1.585555118712492540e-11
-1.446778573907510340e-11
-1.310327866052937539e-11
-1.243223352937232995e-11
-1.111705475913706177e-11
-1.047456599276880282e-11
-9.223545074634499459e-12
-8.022289079621899956e-12
-7.441851320376246773e-12
-6.324075593940685659e-12
-5.266976421425403804e-12
-4.762259938594249596e-12
-3.724136878488593577e-12
-2.610290084592122719e-12
-1.440665651600862342e-12
-8.406922738716870986e-13
3.789576040794778347e-13
1.611829071675471736e-12
2.843505909340079113e-12
3.454756510383772826e-12
4.660483930570516764e-12
5.834563185722067718e-12
6.966803510141606058e-12
8.048025769694701823e-12
8.566894522997053887e-12
9.556406814491096686e-12
1.047589557729287569e-11
1.131916086417204958e-11
1.208071385602316120e-11
1.275572261307099897e-11
1.333996168400610724e-11
1.382976529563773628e-11
1.422198386641000658e-11
1.451394360623782747e-11
1.470340898274839069e-11
1.478854785025892853e-11
1.476789905281062236e-11
1.464034232641076010e-11
1.432667811337352072e-11
1.377161227026764380e-11
1.300830575623596429e-11
1.206761780735097131e-11
1.097824713976132475e-11
9.766864506380223414e-12
8.458237157422021112e-12
7.075345718142170773e-12
5.639493962810770403e-12
4.170411932065137524e-12
2.686352811140893954e-12
1.204183958933176085e-12
-9.818077448443570665e-13
-2.393792666646953238e-12
-3.754575464943137865e-12
-5.052537845893639733e-12
-6.277036098480857612e-12
-7.954989463108123058e-12
-8.955117083489905786e-12
-9.851355304816146685e-12
-1.063674282264931849e-11
-1.159341749730912074e-11
-1.207558839245545500e-11
-1.242763165173150932e-11
-1.270261394730808165e-11
-1.271196939460220874e-11
-1.256786709692537429e-11
-1.196173484816437771e-11
-1.132133934680552898e-11
-1.006281885561237913e-11
-9.055726957210862255e-12
-7.936958841040896734e-12
-6.088924009654844189e-12
-4.768178007493959931e-12
-2.692801774321271864e-12
-1.267263141489807728e-12
9.009973686105283757e-13
2.348777471450397720e-12
4.495987348553078744e-12
6.583433636826084514e-12
7.926394510213942079e-12
9.846822894699494388e-12
1.105326222428674430e-11
1.273473162950701103e-11
1.424359576621141400e-11
1.514418088382158669e-11
1.632445820400962540e-11
1.728658216234313949e-11
1.780013914306143175e-11
1.836991919157672499e-11
1.868987272229070134e-11
1.875110779164725256e-11
1.864445523160934311e-11
1.817884948236098448e-11
1.732224005742204318e-11
1.613240684212454114e-11
1.466280612912312497e-11
1.355220816949238775e-11
1.172427496585937567e-11
9.740101987606174371e-12
7.639599140326864488e-12
5.459535158084211020e-12
3.233745855103190276e-12
9.933287991731480415e-13
-1.233174679121654551e-12
-3.419609291927081341e-12
-5.542046624828398664e-12
-7.578636258566619236e-12
-9.509466498863927477e-12
-1.131643407895294106e-11
-1.298312224342286824e-11
-1.496171689636821991e-11
-1.624587719513771951e-11
-1.734580497791909403e-11
-1.825116382985554428e-11
-1.895277406004229590e-11
-1.944253252562580757e-11
-1.975385757420356827e-11
-1.972327767425758623e-11
-1.944368428046079543e-11
-1.862596865616721518e-11
-1.772017182569205559e-11
-1.660054990737448674e-11
-1.482822375565030208e-11
-1.332640768708580247e-11
-1.170618474154770414e-11
-9.404081837665585465e-12
-7.600639972180589011e-12
-5.133418248316514536e-12
-3.261031926732519888e-12
-7.689310639080745021e-13
1.075743830717503499e-12
3.474431103756345097e-12
5.210111564605360445e-12
7.416237191761632804e-12
9.474327040772813993e-12
1.090615201854620791e-11
1.264875697794863412e-11
1.418314622430792695e-11
1.518670633076748685e-11
1.631592548359571453e-11
1.719376175625677420e-11
1.780805455738318558e-11
1.814829900967320554e-11
1.821818235911654370e-11
1.806325818256705599e-11
1.773805793919268181e-11
1.730410094868806720e-11
1.677742590199907217e-11
1.617291262426555197e-11
1.550435582764313730e-11
1.478453418413592936e-11
1.402527502692573881e-11
1.323751496723730764e-11
1.243135669391710822e-11
1.161612220449058103e-11
1.080040269940197977e-11
9.792055802272260477e-12
9.003184319877747151e-12
8.237247923586177766e-12
7.500219706785788224e-12
6.627854298602463345e-12
5.975091694776130986e-12
5.367258386172002896e-12
4.676707795344788782e-12
4.184009321154712462e-12
3.747868450025811203e-12
3.286513667001953902e-12
2.987517742287559103e-12
2.704935803075314520e-12
2.554077521574394004e-12
2.462128620342522145e-12
2.432477310292824656e-12
2.396269178557632098e-12
2.360982767854659468e-12
2.333396867578238626e-12
2.299693967852237554e-12
2.266830877131949426e-12
2.241126811628221853e-12
2.209707757441477739e-12
2.179055201847365991e-12
2.149144846101548504e-12
2.119953313137879807e-12
2.091458107172425910e-12
2.063637575311106438e-12
2.041852880126945279e-12
2.015194748154860083e-12
1.989154842465117928e-12
1.958696637505802989e-12
1.933951726412102763e-12
1.909767348672723210e-12
1.886126823283422056e-12
1.863014065136448046e-12
1.840413560398326588e-12
1.813948094276280003e-12
1.792422604898067235e-12
1.771363297148059491e-12
1.750756812605842850e-12
1.731322343706899243e-12
1.739116331017025335e-12
1.777600294328614441e-12
1.830588479242455988e-12
1.915300220284331636e-12
2.000604472039175191e-12
2.117201350719503222e-12
2.223738836511051566e-12
2.359897087616314606e-12
2.502173892442780847e-12
2.623329700683034414e-12
2.769529932448037806e-12
2.914316931362488982e-12
3.055457813863326469e-12
3.190917238437935491e-12
3.318843728052786541e-12
3.437556905704065821e-12
3.545535580662210960e-12
3.641406627450200256e-12
3.723934603725808984e-12
3.792012057058270459e-12
3.844650474123369549e-12
3.880971829112526340e-12
3.900200691179270157e-12
3.901656853551488607e-12
3.880107989716549361e-12
3.841005831786619917e-12
3.777353159541730370e-12
3.672054116461207849e-12
3.558932624166129204e-12
3.404544025206834586e-12
3.256219319546058188e-12
3.068182898965659532e-12
2.896924386411696732e-12
2.688500070563691180e-12
2.473909089224094192e-12
2.256167057330629262e-12
2.069124763975572573e-12
1.852686169315043789e-12
1.640384611984681383e-12
1.434356476895723626e-12
1.236546845346867136e-12
1.048722663033798795e-12
8.724850375719826000e-13
7.092807243769311487e-13
5.604128555856282270e-13
4.270509628510049680e-13
3.102403412770324824e-13
1.981971291095460309e-13
1.198471956355440799e-13
6.061920380095968037e-14
1.713303756429940324e-14
8.517026475218084853e-16
0.000000000000000000e+00
0.000000000000000000e+00
0.000000000000000000e+00
0.000000000000000000e+00
0.000000000000000000e+00
0.000000000000000000e+00
0.000000000000000000e+00
0.000000000000000000e+00
0.000000000000000000e+00
0.000000000000000000e+00
0.000000000000000000e+00
0.000000000000000000e+00
0.000000000000000000e+00
0.000000000000000000e+00
0.000000000000000000e+00
0.000000000000000000e+00
0.000000000000000000e+00
0.000000000000000000e+00
0.000000000000000000e+00
0.000000000000000000e+00
0.000000000000000000e+00
0.000000000000000000e+00
0.000000000000000000e+00
0.000000000000000000e+00
0.000000000000000000e+00
0.000000000000000000e+00
0.000000000000000000e+00
0.000000000000000000e+00
0.000000000000000000e+00
0.000000000000000000e+00
0.000000000000000000e+00
0.000000000000000000e+00
0.000000000000000000e+00
0.000000000000000000e+00
0.000000000000000000e+00
0.000000000000000000e+00
0.000000000000000000e+00
0.000000000000000000e+00
0.000000000000000000e+00
0.000000000000000000e+00
0.000000000000000000e+00
0.000000000000000000e+00
0.000000000000000000e+00
0.000000000000000000e+00
0.000000000000000000e+00
0.000000000000000000e+00
0.000000000000000000e+00
0.000000000000000000e+00
0.000000000000000000e+00
0.000000000000000000e+00
0.000000000000000000e+00
0.000000000000000000e+00
0.000000000000000000e+00
0.000000000000000000e+00
0.000000000000000000e+00
0.000000000000000000e+00
0.000000000000000000e+00
0.000000000000000000e+00
0.000000000000000000e+00
0.000000000000000000e+00
0.000000000000000000e+00
0.000000000000000000e+00
0.000000000000000000e+00
0.000000000000000000e+00
0.000000000000000000e+00
0.000000000000000000e+00
0.000000000000000000e+00
0.000000000000000000e+00
0.000000000000000000e+00
0.000000000000000000e+00
0.000000000000000000e+00
0.000000000000000000e+00
0.000000000000000000e+00
0.000000000000000000e+00
0.000000000000000000e+00
0.000000000000000000e+00
0.000000000000000000e+00
0.000000000000000000e+00
0.000000000000000000e+00
0.000000000000000000e+00
0.000000000000000000e+00
0.000000000000000000e+00
0.000000000000000000e+00
0.000000000000000000e+00
0.000000000000000000e+00
0.000000000000000000e+00
0.000000000000000000e+00
0.000000000000000000e+00
0.000000000000000000e+00
0.000000000000000000e+00
0.000000000000000000e+00
0.000000000000000000e+00
0.000000000000000000e+00
0.000000000000000000e+00
0.000000000000000000e+00
0.000000000000000000e+00
0.000000000000000000e+00
0.000000000000000000e+00
0.000000000000000000e+00
0.000000000000000000e+00
0.000000000000000000e+00
0.000000000000000000e+00
0.000000000000000000e+00
0.000000000000000000e+00
0.000000000000000000e+00
0.000000000000000000e+00
0.000000000000000000e+00
0.000000000000000000e+00
0.000000000000000000e+00
0.000000000000000000e+00
0.000000000000000000e+00
0.000000000000000000e+00
0.000000000000000000e+00
0.000000000000000000e+00
0.000000000000000000e+00
0.000000000000000000e+00
0.000000000000000000e+00
0.000000000000000000e+00
0.000000000000000000e+00
0.000000000000000000e+00
0.000000000000000000e+00
0.000000000000000000e+00
0.000000000000000000e+00
0.000000000000000000e+00
0.000000000000000000e+00
0.000000000000000000e+00
0.000000000000000000e+00
0.000000000000000000e+00
0.000000000000000000e+00
0.000000000000000000e+00
0.000000000000000000e+00
0.000000000000000000e+00
0.000000000000000000e+00
0.000000000000000000e+00
0.000000000000000000e+00
0.000000000000000000e+00
0.000000000000000000e+00
0.000000000000000000e+00
0.000000000000000000e+00
0.000000000000000000e+00
0.000000000000000000e+00
0.000000000000000000e+00
0.000000000000000000e+00
0.000000000000000000e+00
0.000000000000000000e+00
0.000000000000000000e+00
0.000000000000000000e+00
0.000000000000000000e+00
0.000000000000000000e+00
0.000000000000000000e+00
0.000000000000000000e+00
0.000000000000000000e+00
0.000000000000000000e+00
0.000000000000000000e+00
0.000000000000000000e+00
0.000000000000000000e+00
0.000000000000000000e+00
0.000000000000000000e+00
0.000000000000000000e+00
0.000000000000000000e+00
0.000000000000000000e+00
0.000000000000000000e+00
0.000000000000000000e+00
0.000000000000000000e+00
0.000000000000000000e+00
0.000000000000000000e+00
0.000000000000000000e+00
0.000000000000000000e+00
0.000000000000000000e+00
0.000000000000000000e+00
0.000000000000000000e+00
0.000000000000000000e+00
0.000000000000000000e+00
0.000000000000000000e+00
0.000000000000000000e+00
0.000000000000000000e+00
0.000000000000000000e+00
0.000000000000000000e+00
0.000000000000000000e+00
0.000000000000000000e+00
0.000000000000000000e+00
0.000000000000000000e+00
0.000000000000000000e+00
0.000000000000000000e+00
0.000000000000000000e+00
0.000000000000000000e+00
0.000000000000000000e+00
0.000000000000000000e+00
0.000000000000000000e+00
0.000000000000000000e+00
0.000000000000000000e+00
0.000000000000000000e+00
0.000000000000000000e+00
0.000000000000000000e+00
0.000000000000000000e+00
0.000000000000000000e+00
0.000000000000000000e+00
0.000000000000000000e+00
0.000000000000000000e+00
0.000000000000000000e+00
0.000000000000000000e+00
0.000000000000000000e+00
0.000000000000000000e+00
0.000000000000000000e+00
0.000000000000000000e+00
0.000000000000000000e+00
0.000000000000000000e+00
0.000000000000000000e+00
0.000000000000000000e+00
0.000000000000000000e+00
0.000000000000000000e+00
0.000000000000000000e+00
0.000000000000000000e+00
0.000000000000000000e+00
0.000000000000000000e+00
0.000000000000000000e+00
0.000000000000000000e+00
0.000000000000000000e+00
0.000000000000000000e+00
0.000000000000000000e+00
0.000000000000000000e+00
0.000000000000000000e+00
0.000000000000000000e+00
0.000000000000000000e+00
0.000000000000000000e+00
0.000000000000000000e+00
0.000000000000000000e+00
0.000000000000000000e+00
0.000000000000000000e+00
0.000000000000000000e+00
0.000000000000000000e+00
0.000000000000000000e+00
0.000000000000000000e+00
0.000000000000000000e+00
0.000000000000000000e+00
0.000000000000000000e+00
0.000000000000000000e+00
0.000000000000000000e+00
0.000000000000000000e+00
0.000000000000000000e+00
0.000000000000000000e+00
0.000000000000000000e+00
0.000000000000000000e+00
0.000000000000000000e+00
0.000000000000000000e+00
0.000000000000000000e+00
0.000000000000000000e+00
0.000000000000000000e+00
0.000000000000000000e+00
0.000000000000000000e+00
0.000000000000000000e+00
0.000000000000000000e+00
0.000000000000000000e+00
0.000000000000000000e+00
0.000000000000000000e+00
0.000000000000000000e+00
0.000000000000000000e+00
0.000000000000000000e+00
0.000000000000000000e+00
0.000000000000000000e+00
0.000000000000000000e+00
0.000000000000000000e+00
0.000000000000000000e+00
0.000000000000000000e+00
0.000000000000000000e+00
0.000000000000000000e+00
0.000000000000000000e+00
0.000000000000000000e+00
0.000000000000000000e+00
0.000000000000000000e+00
0.000000000000000000e+00
0.000000000000000000e+00
0.000000000000000000e+00
0.000000000000000000e+00
0.000000000000000000e+00
0.000000000000000000e+00
0.000000000000000000e+00
0.000000000000000000e+00
0.000000000000000000e+00
0.000000000000000000e+00
0.000000000000000000e+00
0.000000000000000000e+00
0.000000000000000000e+00
0.000000000000000000e+00
0.000000000000000000e+00
0.000000000000000000e+00
0.000000000000000000e+00
0.000000000000000000e+00
0.000000000000000000e+00
0.000000000000000000e+00
0.000000000000000000e+00
0.000000000000000000e+00
0.000000000000000000e+00
0.000000000000000000e+00
0.000000000000000000e+00
0.000000000000000000e+00
0.000000000000000000e+00
0.000000000000000000e+00
0.000000000000000000e+00
0.000000000000000000e+00
0.000000000000000000e+00
0.000000000000000000e+00
0.000000000000000000e+00
0.000000000000000000e+00
0.000000000000000000e+00
0.000000000000000000e+00
0.000000000000000000e+00
0.000000000000000000e+00
0.000000000000000000e+00
0.000000000000000000e+00
0.000000000000000000e+00
0.000000000000000000e+00
0.000000000000000000e+00
0.000000000000000000e+00
0.000000000000000000e+00
0.000000000000000000e+00
0.000000000000000000e+00
0.000000000000000000e+00
0.000000000000000000e+00
0.000000000000000000e+00
0.000000000000000000e+00
0.000000000000000000e+00
0.000000000000000000e+00
0.000000000000000000e+00
0.000000000000000000e+00
0.000000000000000000e+00
0.000000000000000000e+00
0.000000000000000000e+00
0.000000000000000000e+00
0.000000000000000000e+00
0.000000000000000000e+00
0.000000000000000000e+00
0.000000000000000000e+00
0.000000000000000000e+00
0.000000000000000000e+00
0.000000000000000000e+00
0.000000000000000000e+00
0.000000000000000000e+00
0.000000000000000000e+00
0.000000000000000000e+00
0.000000000000000000e+00
0.000000000000000000e+00
0.000000000000000000e+00
0.000000000000000000e+00
0.000000000000000000e+00
0.000000000000000000e+00
0.000000000000000000e+00
0.000000000000000000e+00
0.000000000000000000e+00
0.000000000000000000e+00
0.000000000000000000e+00
0.000000000000000000e+00
0.000000000000000000e+00
0.000000000000000000e+00
0.000000000000000000e+00
0.000000000000000000e+00
0.000000000000000000e+00
0.000000000000000000e+00
0.000000000000000000e+00
0.000000000000000000e+00
0.000000000000000000e+00
0.000000000000000000e+00
0.000000000000000000e+00
0.000000000000000000e+00
0.000000000000000000e+00
0.000000000000000000e+00
0.000000000000000000e+00
0.000000000000000000e+00
0.000000000000000000e+00
0.000000000000000000e+00
0.000000000000000000e+00
0.000000000000000000e+00
0.000000000000000000e+00
0.000000000000000000e+00
0.000000000000000000e+00
0.000000000000000000e+00
0.000000000000000000e+00
0.000000000000000000e+00
0.000000000000000000e+00
0.000000000000000000e+00
0.000000000000000000e+00
0.000000000000000000e+00
0.000000000000000000e+00
0.000000000000000000e+00
0.000000000000000000e+00
0.000000000000000000e+00
0.000000000000000000e+00
0.000000000000000000e+00
0.000000000000000000e+00
0.000000000000000000e+00
0.000000000000000000e+00
0.000000000000000000e+00
0.000000000000000000e+00
0.000000000000000000e+00
0.000000000000000000e+00
0.000000000000000000e+00
0.000000000000000000e+00
0.000000000000000000e+00
0.000000000000000000e+00
0.000000000000000000e+00
0.000000000000000000e+00
0.000000000000000000e+00
0.000000000000000000e+00
0.000000000000000000e+00
0.000000000000000000e+00
0.000000000000000000e+00
0.000000000000000000e+00
0.000000000000000000e+00
0.000000000000000000e+00
0.000000000000000000e+00
0.000000000000000000e+00
0.000000000000000000e+00
0.000000000000000000e+00
0.000000000000000000e+00
0.000000000000000000e+00
0.000000000000000000e+00
0.000000000000000000e+00
0.000000000000000000e+00
0.000000000000000000e+00
0.000000000000000000e+00
0.000000000000000000e+00
0.000000000000000000e+00
0.000000000000000000e+00
0.000000000000000000e+00
0.000000000000000000e+00
0.000000000000000000e+00
0.000000000000000000e+00
0.000000000000000000e+00
0.000000000000000000e+00
0.000000000000000000e+00
0.000000000000000000e+00
0.000000000000000000e+00
0.000000000000000000e+00
0.000000000000000000e+00
0.000000000000000000e+00
0.000000000000000000e+00
0.000000000000000000e+00
0.000000000000000000e+00
0.000000000000000000e+00
0.000000000000000000e+00
0.000000000000000000e+00
0.000000000000000000e+00
0.000000000000000000e+00
0.000000000000000000e+00
0.000000000000000000e+00
0.000000000000000000e+00
0.000000000000000000e+00
0.000000000000000000e+00
0.000000000000000000e+00
0.000000000000000000e+00
0.000000000000000000e+00
0.000000000000000000e+00
0.000000000000000000e+00
0.000000000000000000e+00
0.000000000000000000e+00
0.000000000000000000e+00
0.000000000000000000e+00
0.000000000000000000e+00
0.000000000000000000e+00
0.000000000000000000e+00
0.000000000000000000e+00
0.000000000000000000e+00
0.000000000000000000e+00
0.000000000000000000e+00
0.000000000000000000e+00
0.000000000000000000e+00
0.000000000000000000e+00
0.000000000000000000e+00
0.000000000000000000e+00
0.000000000000000000e+00
0.000000000000000000e+00
0.000000000000000000e+00
0.000000000000000000e+00
0.000000000000000000e+00
0.000000000000000000e+00
0.000000000000000000e+00
0.000000000000000000e+00
0.000000000000000000e+00
0.000000000000000000e+00
0.000000000000000000e+00
0.000000000000000000e+00
0.000000000000000000e+00
0.000000000000000000e+00
0.000000000000000000e+00
0.000000000000000000e+00
0.000000000000000000e+00
0.000000000000000000e+00
0.000000000000000000e+00
0.000000000000000000e+00
0.000000000000000000e+00
0.000000000000000000e+00
0.000000000000000000e+00
0.000000000000000000e+00
0.000000000000000000e+00
0.000000000000000000e+00
0.000000000000000000e+00
0.000000000000000000e+00
0.000000000000000000e+00
0.000000000000000000e+00
0.000000000000000000e+00
0.000000000000000000e+00
0.000000000000000000e+00
0.000000000000000000e+00
0.000000000000000000e+00
0.000000000000000000e+00
0.000000000000000000e+00
0.000000000000000000e+00
0.000000000000000000e+00
0.000000000000000000e+00
0.000000000000000000e+00
0.000000000000000000e+00
0.000000000000000000e+00
0.000000000000000000e+00
0.000000000000000000e+00
0.000000000000000000e+00
0.000000000000000000e+00
nan
