# bin_15_9
-5.006878230185767391e-08
-1.406717231997471425e-08
-2.475688480878809349e-08
2.815862718495527161e-09
-1.257277987465819247e-08
7.785414161199713214e-09
-9.626299095341786005e-09
1.101407539391826152e-08
-7.891874042932055180e-09
7.462154503341613334e-09
-7.519948115431756277e-09
5.801587322315517667e-09
-7.990401084691023855e-09
-5.269475018417810728e-09
-3.188179307470241467e-09
-2.691348773405026040e-09
-2.335412448386428559e-09
-2.077941814207042209e-09
-3.312704920731991090e-09
-5.674050292031217799e-09
-7.471059483788309161e-09
-7.877452090109361891e-09
-7.390936483819189413e-09
-6.873274320466165076e-09
-6.414175880882886803e-09
-6.062226923485592683e-09
-6.006044718452833119e-09
-6.187403764656538559e-09
-6.359085696905504180e-09
-6.368661911872378983e-09
-6.128237316664165443e-09
-4.977840408114417199e-09
-2.862825238400638862e-09
-4.399605596409462919e-10
1.840809629835917332e-09
3.680320819025220068e-09
4.888981026200307024e-09
5.698581316593964372e-09
6.389919433941862972e-09
6.924576277110656529e-09
7.279468092541398964e-09
7.442783537176989597e-09
7.410912619165743778e-09
7.186125942221530420e-09
6.537125713789321276e-09
5.435519851306270199e-09
4.136596413224094737e-09
2.834729607227473716e-09
1.675810596994177040e-09
7.671945867925825557e-10
1.856719844933578128e-10
-1.613656176537275047e-11
-1.541431184602155957e-11
-1.449171969992575468e-11
-1.340404724210751965e-11
-1.218160218881636885e-11
-1.085043532164295220e-11
-9.432934402581584638e-12
-7.948331086312469686e-12
-6.413134411865191266e-12
-4.841502190396068750e-12
-2.473951023037036350e-12
1.069657514218383597e-12
5.284850800617171754e-12
9.757337989621544345e-12
1.414918422500473782e-11
1.818706865213526012e-11
2.165230346369423122e-11
2.437234345164859631e-11
2.621355888624514823e-11
2.707508059809653677e-11
2.688355619182575558e-11
1.770893104396258112e-11
-5.129777334328412278e-12
-3.735197902211728201e-11
-7.531857564375505927e-11
-1.159481175251916303e-10
-1.566438038850495926e-10
-1.952298793412361674e-10
-2.298961822774262787e-10
-2.591497730849436129e-10
-2.817727176027758550e-10
-2.967852270916332922e-10
-3.034134640411122967e-10
-3.010614157447396969e-10
-2.919648520342681042e-10
-2.793701670332615398e-10
-2.642165294165256078e-10
-2.473229081504974769e-10
-2.294015324394883068e-10
-2.110698564894713534e-10
-1.928612008124863061e-10
-1.752342210881897567e-10
-1.585813375278654626e-10
-1.432362418959088873e-10
-1.294805855304030948e-10
-1.175499396066672579e-10
-1.076391082806657081e-10
-9.990686603919027382e-11
-9.448018240356206749e-11
-9.145798993867919130e-11
-9.016270928607389622e-11
-8.973242815041599845e-11
-8.998644055782517335e-11
-9.076354045427308444e-11
-9.192016570857466372e-11
-9.332871788613190565e-11
-9.487604054789736183e-11
-9.646204060850731102e-11
-9.799843887289132473e-11
-9.940763728435637192e-11
-1.006216916787603167e-10
-1.015813799663013936e-10
-1.022353566698060453e-10
-1.025393856496185288e-10
-1.024556436521065042e-10
-1.019520880417907907e-10
-1.010018827254211906e-10
-9.958287685807293872e-11
-9.733559773248531980e-11
-9.405163557807548899e-11
-8.992429762278829340e-11
-8.512899513692225280e-11
-7.982470318206843317e-11
-7.415530176350267284e-11
-6.825080838116771950e-11
-6.222851108729817438e-11
-5.619401035499194309e-11
-5.024217733333813078e-11
-4.445803540361740706e-11
-3.891757135099214671e-11
-3.368848192101592714e-11
-2.883086103489347835e-11
-2.439783248691786748e-11
-2.043613253760386603e-11
-1.698664644283760998e-11
-1.408490261943523794e-11
-1.176152783767578419e-11
-1.004266654884950131e-11
-8.950367198111988483e-12
-8.502938137633095149e-12
-8.787469106509551753e-12
-9.812422868967177872e-12
-1.148133857187677120e-11
-1.370503669969241770e-11
-1.640112271526638867e-11
-1.949352471177921127e-11
-2.291206264658741300e-11
-2.659204691107772009e-11
-3.047390415923128960e-11
-3.450282847277570067e-11
-3.862845608371385149e-11
-4.280456200664388263e-11
-4.698877705460461796e-11
-5.114232382405471705e-11
-5.522977033775282630e-11
-5.921880012954776281e-11
-6.307999764297182808e-11
-6.678664789673899873e-11
-7.031454944524040437e-11
-7.364183973147873565e-11
-7.674883199400280261e-11
-7.961786294868586958e-11
-8.223315052110737724e-11
-8.458066095608033543e-11
-8.664798467792005095e-11
-8.863724715857667323e-11
-9.073772688542488814e-11
-9.292055862232417659e-11
-9.515899049134498277e-11
-9.742825416746442761e-11
-9.970544290967858201e-11
-1.019693969400040525e-10
-1.063810566553328071e-10
-1.084942399577582610e-10
-1.105249590775513327e-10
-1.124592965711947984e-10
-1.142845249493961014e-10
-1.159890322424877269e-10
-1.175622519908802951e-10
-1.189945973925279923e-10
-1.214028482261409737e-10
-1.223639389551707758e-10
-1.231544195236611180e-10
-1.237687424065029326e-10
-1.242020189087794823e-10
-1.244499761988459019e-10
-1.245089168789702480e-10
-1.240476099830372438e-10
-1.235225135041218900e-10
-1.227986372371701172e-10
-1.218746333189753140e-10
-1.193090000640917801e-10
-1.174707969882533088e-10
-1.152803319108113307e-10
-1.127804161283421691e-10
-1.100113947665294619e-10
-1.038158273809248645e-10
-1.004587326909926009e-10
-9.697165448793228554e-11
-8.972480203642076992e-11
-8.601923278338737027e-11
-8.229226867151776948e-11
-7.856698418047770120e-11
-7.120649885976292086e-11
-6.761041428181117372e-11
-6.409438032324612139e-11
-5.736716754711325558e-11
-5.418558032270867377e-11
-5.114334002712833781e-11
-4.552513010903946201e-11
-4.297104329753124000e-11
-3.842139821746485963e-11
-3.644293112330915593e-11
-3.467224110536867311e-11
-3.178085083619537412e-11
-3.067195094901807131e-11
-2.915299498018822403e-11
-2.875146808847687827e-11
-2.820017827222458662e-11
-2.793139933284440894e-11
-2.766706742812398258e-11
-2.715136870296986245e-11
-2.689981979303136025e-11
-2.640888469671041089e-11
-2.616932977941880227e-11
-2.570163898619079660e-11
-2.547334661591076411e-11
-2.502749099963852752e-11
-2.480978247968839261e-11
-2.438445396085309575e-11
-2.397212958194902610e-11
-2.377068223368117765e-11
-2.337690717619750225e-11
-2.318445983637599792e-11
-2.280815694942716842e-11
-2.244294062385515542e-11
-2.226435629050585372e-11
-2.191497875450513750e-11
-2.174408646462045536e-11
-2.140965556207969343e-11
-2.108472310270585563e-11
-2.092570774147892293e-11
-2.061436532750997543e-11
-2.031166710929699791e-11
-2.016346039057433066e-11
-2.040743804932746643e-11
-2.161892284878859618e-11
-2.364411556221854765e-11
-2.491723182012099823e-11
-2.790169930732681745e-11
-3.136809858158006262e-11
-3.520257748543438036e-11
-3.722491923326961583e-11
-4.141890969317791018e-11
-4.573695934505219277e-11
-5.009598182571210215e-11
-5.442029956546506365e-11
-5.654768813461822056e-11
-6.069295099376550415e-11
-6.464330500969452838e-11
-6.834502518403860587e-11
-7.174966392842115125e-11
-7.481366477961027624e-11
-7.749800306221996474e-11
-7.976785158278029699e-11
-8.159226958132245990e-11
-8.294391329773805565e-11
-8.379876663114571815e-11
-8.413589048204483872e-11
-8.393718946999769978e-11
-8.318719481464076910e-11
-8.150935695920548968e-11
-7.865049126800786284e-11
-7.477312326455321115e-11
-7.002849503498779462e-11
-6.455725747741572491e-11
-5.849012016058644132e-11
-5.194846148996216914e-11
-4.504490169801052341e-11
-3.788384100728048512e-11
-3.056196515849484854e-11
-2.316872035054487499e-11
-1.578675950421153656e-11
-4.900190636409441838e-12
2.132818394472856775e-12
8.912923979482789234e-12
1.538320352225542093e-11
2.149151162716101026e-11
2.987216148164545661e-11
3.487610910127050378e-11
3.936904397501707707e-11
4.331687071141118130e-11
4.815011695786500883e-11
5.060740539651192972e-11
5.242518899210646918e-11
5.390827763609210552e-11
5.404227723040936078e-11
5.351758088122977502e-11
5.199960920259435056e-11
5.057557244845264532e-11
4.787638045240737010e-11
4.573156600573176640e-11
4.333318163073746475e-11
3.930010565736718452e-11
3.634618993938940069e-11
3.155792037324731849e-11
2.814956612018202691e-11
2.274826147971284648e-11
1.897426845723150413e-11
1.308473001652657116e-11
6.955682828577853537e-12
2.754656989616447595e-12
-3.694195280004610575e-12
-8.077908698437734427e-12
-1.475819945647911706e-11
-2.153966884645263128e-11
-2.610416177617823955e-11
-3.299853062681108924e-11
-3.993046235714271915e-11
-4.456248150580176749e-11
-5.151256087324866242e-11
-5.844954560665787191e-11
-6.535730326280732150e-11
-6.993890534481126025e-11
-7.736595752157275024e-11
-8.579505990392312226e-11
-9.502749129669474437e-11
-1.048800872764385480e-10
-1.117091668613100374e-10
-1.222273018760375574e-10
-1.329454715681893998e-10
-1.437291070518480806e-10
-1.544548696571539026e-10
-1.650098905546926446e-10
-1.752910604998722115e-10
-1.852043663004558745e-10
-1.946642708519752990e-10
-2.035931338090685211e-10
-2.119206701674626269e-10
-2.195834442225789777e-10
-2.265243965478281113e-10
-2.326924017997637205e-10
-2.396359703591400043e-10
-2.438319022772756966e-10
-2.471222164604746013e-10
-2.494770569494139263e-10
-2.508705858771906635e-10
-2.512806944994898952e-10
-2.502659731899454589e-10
-2.483144144820459338e-10
-2.455158032311681168e-10
-2.414261530519016116e-10
-2.381569288027574510e-10
-2.347310961924628397e-10
-2.299437512847150597e-10
-2.262055140042696949e-10
-2.223542992973679858e-10
-2.170634460765736701e-10
-2.129923539725040071e-10
-2.074461041067077125e-10
-2.032100058510112578e-10
-1.974766709537619450e-10
-1.931233717505629455e-10
-1.872624086439584804e-10
-1.828334728638467547e-10
-1.768965170376980620e-10
-1.709366267590856155e-10
-1.664597739557386494e-10
-1.604913869980128915e-10
-1.545344020126719965e-10
-1.500805599324645550e-10
-1.441685069146611744e-10
-1.382949037371263265e-10
-1.324680390957326057e-10
-1.266954655106363235e-10
-1.224058192186543549e-10
-1.167528711136125274e-10
-1.113515477552403172e-10
-1.062329524625957452e-10
-1.013500776259775785e-10
-9.665948598287107290e-11
-9.212107741296103729e-11
-8.769787077009060011e-11
-8.335579974908293192e-11
-7.906352185556694996e-11
-7.479223961198120202e-11
-7.051553319311969176e-11
-6.620920374040145190e-11
-6.075111538311409119e-11
-5.630017939373584097e-11
-5.175460193966496423e-11
-4.709809526889100371e-11
-4.109915116784425206e-11
-3.614135081035371809e-11
-3.102984715470202971e-11
-2.440859709605623948e-11
-1.891499790647998962e-11
-1.323799352997008910e-11
-5.873337074034123272e-12
2.403284295467721613e-13
8.168014376719903323e-12
1.474366675344789646e-11
2.326056561418374593e-11
3.733068800575000224e-11
7.320359087113725636e-11
1.265322219078110614e-10
1.798450824365008788e-10
2.575764944560590606e-10
3.453439643625639194e-10
4.212543136685338539e-10
5.214951560953871377e-10
6.258697725340328994e-10
7.325850365261414676e-10
8.399957886047609152e-10
9.465948120536647351e-10
1.051003471707249023e-09
1.132103610767540892e-09
1.229472750742373861e-09
1.321403161644114961e-09
1.423188317196192200e-09
1.499885140199808723e-09
1.568368590051261167e-09
1.627944968347786009e-09
1.677993340929838796e-09
1.717960453148640946e-09
1.751927506296146027e-09
1.768071935937982399e-09
1.772766079136395504e-09
1.765692503171504664e-09
1.741807643170308290e-09
1.711668723033995947e-09
1.665260664307483214e-09
1.619237339136124233e-09
1.556592390755575511e-09
1.499228881458485245e-09
1.425409469019533368e-09
1.360618770299852871e-09
1.279977370962640773e-09
1.197223212236226700e-09
1.127383625140275570e-09
1.043335173801417929e-09
9.598378648081236367e-10
8.776821518372812322e-10
7.975889261505454716e-10
7.202143189420648957e-10
6.461541836669850190e-10
5.759482802020704538e-10
5.100841811273811753e-10
4.490009189734362524e-10
3.930923919422287957e-10
3.427105443745526569e-10
2.981683370917349301e-10
2.597425216807685334e-10
2.276762318105528715e-10
1.985844107214649403e-10
1.809019727558211285e-10
1.661810154560147837e-10
1.500832847983190621e-10
1.371680204398230185e-10
1.230830708599624569e-10
1.118160889099859269e-10
9.956843606748374696e-11
8.980599187523978401e-11
7.923533764056304957e-11
6.950617118042084247e-11
6.057803159649482239e-11
5.353361131011539347e-11
4.599215057856480513e-11
3.914625004891287824e-11
3.296226325033696099e-11
2.740810344540011433e-11
2.245316719556591139e-11
1.806826198288666098e-11
1.422553765374101140e-11
1.089842146518910314e-11
8.061556528164689875e-12
5.690743454491956269e-12
3.522337954368052172e-12
2.073775343961250148e-12
1.022144276336074978e-12
2.807525070673863408e-13
1.362276912214214828e-14
0.000000000000000000e+00
0.000000000000000000e+00
0.000000000000000000e+00
0.000000000000000000e+00
0.000000000000000000e+00
0.000000000000000000e+00
0.000000000000000000e+00
0.000000000000000000e+00
0.000000000000000000e+00
0.000000000000000000e+00
0.000000000000000000e+00
0.000000000000000000e+00
0.000000000000000000e+00
0.000000000000000000e+00
0.000000000000000000e+00
0.000000000000000000e+00
0.000000000000000000e+00
0.000000000000000000e+00
0.000000000000000000e+00
0.000000000000000000e+00
0.000000000000000000e+00
0.000000000000000000e+00
0.000000000000000000e+00
0.000000000000000000e+00
0.000000000000000000e+00
0.000000000000000000e+00
0.000000000000000000e+00
0.000000000000000000e+00
0.000000000000000000e+00
0.000000000000000000e+00
0.000000000000000000e+00
0.000000000000000000e+00
0.000000000000000000e+00
0.000000000000000000e+00
0.000000000000000000e+00
0.000000000000000000e+00
0.000000000000000000e+00
0.000000000000000000e+00
0.000000000000000000e+00
0.000000000000000000e+00
0.000000000000000000e+00
0.000000000000000000e+00
0.000000000000000000e+00
0.000000000000000000e+00
0.000000000000000000e+00
0.000000000000000000e+00
0.000000000000000000e+00
0.000000000000000000e+00
0.000000000000000000e+00
0.000000000000000000e+00
0.000000000000000000e+00
0.000000000000000000e+00
0.000000000000000000e+00
0.000000000000000000e+00
0.000000000000000000e+00
0.000000000000000000e+00
0.000000000000000000e+00
0.000000000000000000e+00
0.000000000000000000e+00
0.000000000000000000e+00
0.000000000000000000e+00
0.000000000000000000e+00
0.000000000000000000e+00
0.000000000000000000e+00
0.000000000000000000e+00
0.000000000000000000e+00
0.000000000000000000e+00
0.000000000000000000e+00
0.000000000000000000e+00
0.000000000000000000e+00
0.000000000000000000e+00
0.000000000000000000e+00
0.000000000000000000e+00
0.000000000000000000e+00
0.000000000000000000e+00
0.000000000000000000e+00
0.000000000000000000e+00
0.000000000000000000e+00
0.000000000000000000e+00
0.000000000000000000e+00
0.000000000000000000e+00
0.000000000000000000e+00
0.000000000000000000e+00
0.000000000000000000e+00
0.000000000000000000e+00
0.000000000000000000e+00
0.000000000000000000e+00
0.000000000000000000e+00
0.000000000000000000e+00
0.000000000000000000e+00
0.000000000000000000e+00
0.000000000000000000e+00
0.000000000000000000e+00
0.000000000000000000e+00
0.000000000000000000e+00
0.000000000000000000e+00
0.000000000000000000e+00
0.000000000000000000e+00
0.000000000000000000e+00
0.000000000000000000e+00
0.000000000000000000e+00
0.000000000000000000e+00
0.000000000000000000e+00
0.000000000000000000e+00
0.000000000000000000e+00
0.000000000000000000e+00
0.000000000000000000e+00
0.000000000000000000e+00
0.000000000000000000e+00
0.000000000000000000e+00
0.000000000000000000e+00
0.000000000000000000e+00
0.000000000000000000e+00
0.000000000000000000e+00
0.000000000000000000e+00
0.000000000000000000e+00
0.000000000000000000e+00
0.000000000000000000e+00
0.000000000000000000e+00
0.000000000000000000e+00
0.000000000000000000e+00
0.000000000000000000e+00
0.000000000000000000e+00
0.000000000000000000e+00
0.000000000000000000e+00
0.000000000000000000e+00
0.000000000000000000e+00
0.000000000000000000e+00
0.000000000000000000e+00
0.000000000000000000e+00
0.000000000000000000e+00
0.000000000000000000e+00
0.000000000000000000e+00
0.000000000000000000e+00
0.000000000000000000e+00
0.000000000000000000e+00
0.000000000000000000e+00
0.000000000000000000e+00
0.000000000000000000e+00
0.000000000000000000e+00
0.000000000000000000e+00
0.000000000000000000e+00
0.000000000000000000e+00
0.000000000000000000e+00
0.000000000000000000e+00
0.000000000000000000e+00
0.000000000000000000e+00
0.000000000000000000e+00
0.000000000000000000e+00
0.000000000000000000e+00
0.000000000000000000e+00
0.000000000000000000e+00
0.000000000000000000e+00
0.000000000000000000e+00
0.000000000000000000e+00
0.000000000000000000e+00
0.000000000000000000e+00
0.000000000000000000e+00
0.000000000000000000e+00
0.000000000000000000e+00
0.000000000000000000e+00
0.000000000000000000e+00
0.000000000000000000e+00
0.000000000000000000e+00
0.000000000000000000e+00
0.000000000000000000e+00
0.000000000000000000e+00
0.000000000000000000e+00
0.000000000000000000e+00
0.000000000000000000e+00
0.000000000000000000e+00
0.000000000000000000e+00
0.000000000000000000e+00
0.000000000000000000e+00
0.000000000000000000e+00
0.000000000000000000e+00
0.000000000000000000e+00
0.000000000000000000e+00
0.000000000000000000e+00
0.000000000000000000e+00
0.000000000000000000e+00
0.000000000000000000e+00
0.000000000000000000e+00
0.000000000000000000e+00
0.000000000000000000e+00
0.000000000000000000e+00
0.000000000000000000e+00
0.000000000000000000e+00
0.000000000000000000e+00
0.000000000000000000e+00
0.000000000000000000e+00
0.000000000000000000e+00
0.000000000000000000e+00
0.000000000000000000e+00
0.000000000000000000e+00
0.000000000000000000e+00
0.000000000000000000e+00
0.000000000000000000e+00
0.000000000000000000e+00
0.000000000000000000e+00
0.000000000000000000e+00
0.000000000000000000e+00
0.000000000000000000e+00
0.000000000000000000e+00
0.000000000000000000e+00
0.000000000000000000e+00
0.000000000000000000e+00
0.000000000000000000e+00
0.000000000000000000e+00
0.000000000000000000e+00
0.000000000000000000e+00
0.000000000000000000e+00
0.000000000000000000e+00
0.000000000000000000e+00
0.000000000000000000e+00
0.000000000000000000e+00
0.000000000000000000e+00
0.000000000000000000e+00
0.000000000000000000e+00
0.000000000000000000e+00
0.000000000000000000e+00
0.000000000000000000e+00
0.000000000000000000e+00
0.000000000000000000e+00
0.000000000000000000e+00
0.000000000000000000e+00
0.000000000000000000e+00
0.000000000000000000e+00
0.000000000000000000e+00
0.000000000000000000e+00
0.000000000000000000e+00
0.000000000000000000e+00
0.000000000000000000e+00
0.000000000000000000e+00
0.000000000000000000e+00
0.000000000000000000e+00
0.000000000000000000e+00
0.000000000000000000e+00
0.000000000000000000e+00
0.000000000000000000e+00
0.000000000000000000e+00
0.000000000000000000e+00
0.000000000000000000e+00
0.000000000000000000e+00
0.000000000000000000e+00
0.000000000000000000e+00
0.000000000000000000e+00
0.000000000000000000e+00
0.000000000000000000e+00
0.000000000000000000e+00
0.000000000000000000e+00
0.000000000000000000e+00
0.000000000000000000e+00
0.000000000000000000e+00
0.000000000000000000e+00
0.000000000000000000e+00
0.000000000000000000e+00
0.000000000000000000e+00
0.000000000000000000e+00
0.000000000000000000e+00
0.000000000000000000e+00
0.000000000000000000e+00
0.000000000000000000e+00
0.000000000000000000e+00
0.000000000000000000e+00
0.000000000000000000e+00
0.000000000000000000e+00
0.000000000000000000e+00
0.000000000000000000e+00
0.000000000000000000e+00
0.000000000000000000e+00
0.000000000000000000e+00
0.000000000000000000e+00
0.000000000000000000e+00
0.000000000000000000e+00
0.000000000000000000e+00
0.000000000000000000e+00
0.000000000000000000e+00
0.000000000000000000e+00
0.000000000000000000e+00
0.000000000000000000e+00
0.000000000000000000e+00
0.000000000000000000e+00
0.000000000000000000e+00
0.000000000000000000e+00
0.000000000000000000e+00
0.000000000000000000e+00
0.000000000000000000e+00
0.000000000000000000e+00
0.000000000000000000e+00
0.000000000000000000e+00
0.000000000000000000e+00
0.000000000000000000e+00
0.000000000000000000e+00
0.000000000000000000e+00
0.000000000000000000e+00
0.000000000000000000e+00
0.000000000000000000e+00
0.000000000000000000e+00
0.000000000000000000e+00
0.000000000000000000e+00
0.000000000000000000e+00
0.000000000000000000e+00
0.000000000000000000e+00
0.000000000000000000e+00
0.000000000000000000e+00
0.000000000000000000e+00
0.000000000000000000e+00
0.000000000000000000e+00
0.000000000000000000e+00
0.000000000000000000e+00
0.000000000000000000e+00
0.000000000000000000e+00
0.000000000000000000e+00
0.000000000000000000e+00
0.000000000000000000e+00
0.000000000000000000e+00
0.000000000000000000e+00
0.000000000000000000e+00
0.000000000000000000e+00
0.000000000000000000e+00
0.000000000000000000e+00
0.000000000000000000e+00
0.000000000000000000e+00
0.000000000000000000e+00
0.000000000000000000e+00
0.000000000000000000e+00
0.000000000000000000e+00
0.000000000000000000e+00
0.000000000000000000e+00
0.000000000000000000e+00
0.000000000000000000e+00
0.000000000000000000e+00
0.000000000000000000e+00
0.000000000000000000e+00
0.000000000000000000e+00
0.000000000000000000e+00
0.000000000000000000e+00
0.000000000000000000e+00
0.000000000000000000e+00
0.000000000000000000e+00
0.000000000000000000e+00
0.000000000000000000e+00
0.000000000000000000e+00
0.000000000000000000e+00
0.000000000000000000e+00
0.000000000000000000e+00
0.000000000000000000e+00
0.000000000000000000e+00
0.000000000000000000e+00
0.000000000000000000e+00
0.000000000000000000e+00
0.000000000000000000e+00
0.000000000000000000e+00
0.000000000000000000e+00
0.000000000000000000e+00
0.000000000000000000e+00
0.000000000000000000e+00
0.000000000000000000e+00
0.000000000000000000e+00
0.000000000000000000e+00
0.000000000000000000e+00
0.000000000000000000e+00
0.000000000000000000e+00
0.000000000000000000e+00
0.000000000000000000e+00
0.000000000000000000e+00
0.000000000000000000e+00
0.000000000000000000e+00
0.000000000000000000e+00
0.000000000000000000e+00
0.000000000000000000e+00
0.000000000000000000e+00
0.000000000000000000e+00
0.000000000000000000e+00
0.000000000000000000e+00
0.000000000000000000e+00
0.000000000000000000e+00
0.000000000000000000e+00
0.000000000000000000e+00
0.000000000000000000e+00
0.000000000000000000e+00
0.000000000000000000e+00
0.000000000000000000e+00
0.000000000000000000e+00
0.000000000000000000e+00
0.000000000000000000e+00
0.000000000000000000e+00
0.000000000000000000e+00
0.000000000000000000e+00
0.000000000000000000e+00
0.000000000000000000e+00
0.000000000000000000e+00
0.000000000000000000e+00
0.000000000000000000e+00
0.000000000000000000e+00
0.000000000000000000e+00
0.000000000000000000e+00
0.000000000000000000e+00
0.000000000000000000e+00
0.000000000000000000e+00
0.000000000000000000e+00
0.000000000000000000e+00
0.000000000000000000e+00
0.000000000000000000e+00
0.000000000000000000e+00
0.000000000000000000e+00
0.000000000000000000e+00
0.000000000000000000e+00
0.000000000000000000e+00
0.000000000000000000e+00
0.000000000000000000e+00
0.000000000000000000e+00
0.000000000000000000e+00
0.000000000000000000e+00
0.000000000000000000e+00
0.000000000000000000e+00
0.000000000000000000e+00
0.000000000000000000e+00
0.000000000000000000e+00
0.000000000000000000e+00
0.000000000000000000e+00
0.000000000000000000e+00
0.000000000000000000e+00
0.000000000000000000e+00
0.000000000000000000e+00
0.000000000000000000e+00
0.000000000000000000e+00
0.000000000000000000e+00
0.000000000000000000e+00
0.000000000000000000e+00
0.000000000000000000e+00
0.000000000000000000e+00
0.000000000000000000e+00
0.000000000000000000e+00
0.000000000000000000e+00
0.000000000000000000e+00
0.000000000000000000e+00
0.000000000000000000e+00
0.000000000000000000e+00
0.000000000000000000e+00
0.000000000000000000e+00
0.000000000000000000e+00
0.000000000000000000e+00
0.000000000000000000e+00
0.000000000000000000e+00
0.000000000000000000e+00
0.000000000000000000e+00
0.000000000000000000e+00
0.000000000000000000e+00
0.000000000000000000e+00
0.000000000000000000e+00
0.000000000000000000e+00
0.000000000000000000e+00
0.000000000000000000e+00
0.000000000000000000e+00
0.000000000000000000e+00
0.000000000000000000e+00
0.000000000000000000e+00
0.000000000000000000e+00
0.000000000000000000e+00
0.000000000000000000e+00
0.000000000000000000e+00
0.000000000000000000e+00
0.000000000000000000e+00
0.000000000000000000e+00
0.000000000000000000e+00
0.000000000000000000e+00
0.000000000000000000e+00
0.000000000000000000e+00
0.000000000000000000e+00
0.000000000000000000e+00
0.000000000000000000e+00
0.000000000000000000e+00
0.000000000000000000e+00
0.000000000000000000e+00
0.000000000000000000e+00
0.000000000000000000e+00
0.000000000000000000e+00
0.000000000000000000e+00
0.000000000000000000e+00
0.000000000000000000e+00
0.000000000000000000e+00
0.000000000000000000e+00
0.000000000000000000e+00
0.000000000000000000e+00
0.000000000000000000e+00
0.000000000000000000e+00
0.000000000000000000e+00
0.000000000000000000e+00
0.000000000000000000e+00
0.000000000000000000e+00
0.000000000000000000e+00
0.000000000000000000e+00
0.000000000000000000e+00
0.000000000000000000e+00
0.000000000000000000e+00
0.000000000000000000e+00
0.000000000000000000e+00
0.000000000000000000e+00
0.000000000000000000e+00
0.000000000000000000e+00
0.000000000000000000e+00
0.000000000000000000e+00
0.000000000000000000e+00
0.000000000000000000e+00
0.000000000000000000e+00
0.000000000000000000e+00
0.000000000000000000e+00
0.000000000000000000e+00
0.000000000000000000e+00
0.000000000000000000e+00
0.000000000000000000e+00
0.000000000000000000e+00
0.000000000000000000e+00
0.000000000000000000e+00
nan
