# bin_7_1
-7.719355859473799756e-08
7.579099122771656315e-08
5.167463618279264909e-08
1.527007872872901833e-07
-8.726685951730264283e-10
5.096487098719537845e-08
6.380110958692767291e-08
2.037665929298124215e-07
-6.848043250921539652e-09
-6.803784958478520563e-08
8.425373715389470979e-08
1.519426689759856794e-07
-1.490088557521817556e-08
4.500129053322344002e-08
8.565723430813793280e-08
-4.716848508567476375e-08
-2.505481182788288789e-07
-3.736918836114931035e-07
-3.964862163404249869e-07
-3.868341439336488663e-07
-3.808526186243026623e-07
-3.967341560563511111e-07
-4.357946987414707866e-07
-4.807137671358921172e-07
-5.190803113322547913e-07
-5.441060503591463483e-07
-5.661535997820336536e-07
-5.880358965963142708e-07
-5.991970934925010158e-07
-5.936378688338606941e-07
-5.683990426467634947e-07
-4.266204940090254370e-07
-1.609955871834837528e-07
1.272168287973064801e-07
3.697106274915916029e-07
5.220749218528056085e-07
5.571540125951653491e-07
4.628861792439591413e-07
2.851856471225080826e-07
7.946796225257425488e-08
-1.142519817147398940e-07
-2.677147269222285593e-07
-3.616129406751692650e-07
-3.834316481056682425e-07
-3.497322184718164574e-07
-2.930255863496086667e-07
-2.260561359284601132e-07
-1.585371877155571571e-07
-9.776868331893358865e-08
-4.913155298169398278e-08
-1.648396516765720436e-08
-2.479299766507095776e-09
1.159827513186050519e-09
4.053979733125118062e-09
6.299400262864290613e-09
7.980213417819456806e-09
9.170035563221505330e-09
9.933355714723157695e-09
1.032672121966628943e-08
1.039975819192186614e-08
1.019605151407566329e-08
9.776448041936141169e-09
9.212639995558053908e-09
8.553342262796528382e-09
7.838975413763428781e-09
7.102909816229153926e-09
6.372524586665016435e-09
5.670109821107638268e-09
5.013635973884329837e-09
4.417410450964007131e-09
3.892638320084328451e-09
3.447901399587336639e-09
3.039518489901737105e-09
2.627799435262176167e-09
2.223973500440007562e-09
1.837343154212878585e-09
1.475548470399591252e-09
1.144796468263466868e-09
8.500601422744317998e-10
5.952512602251930101e-10
3.833704372799127012e-10
2.166375061353445673e-10
9.660478709875352477e-11
2.425550564710356632e-11
8.929980205671127961e-14
7.624573141738960748e-14
6.464716850985370213e-14
5.438294052348495874e-14
4.534188710975657823e-14
3.742198292088726281e-14
3.052954313428751790e-14
2.457850347106248272e-14
1.948976715470410388e-14
1.519061208266813560e-14
1.161415221286729087e-14
8.698847811480053865e-15
6.388059778471108632e-15
4.629643772010280414e-15
3.375580300554503606e-15
2.581637348657505036e-15
2.207062455622745303e-15
2.040757741848277895e-15
1.895191303150895147e-15
1.767614771392670495e-15
1.655547525147151060e-15
1.556752275389782374e-15
1.469212909988034492e-15
1.391114378597576334e-15
1.320824421879507281e-15
1.256876968847192177e-15
1.197957043905877914e-15
1.142887041008795976e-15
1.090614236532809999e-15
1.040199425164402879e-15
9.908065744486416908e-16
9.416934038363523656e-16
8.922028031977725867e-16
8.417550139686505548e-16
7.898405034585618858e-16
7.365248590037367136e-16
6.825889009521405336e-16
6.285969861101881592e-16
5.750542555869361490e-16
5.224116921502260104e-16
4.710707567857161730e-16
4.213876404461081496e-16
3.736771637519297092e-16
3.282163544846359402e-16
2.852477300669747987e-16
2.449823098269572144e-16
2.076023796662550898e-16
1.732640297792722994e-16
1.420994842760180978e-16
1.142192399326133557e-16
8.971402981202106187e-17
6.865662615008500414e-17
5.110349567569077819e-17
3.709631941708922211e-17
2.666338802895675335e-17
1.982088274737749139e-17
1.657405123401412953e-17
1.518197725820414159e-17
1.389990116207255668e-17
1.272013952403883105e-17
1.163548724671830463e-17
1.063918782170149109e-17
9.724905524699744323e-18
8.886699408006373974e-18
8.118998967007946647e-18
7.416581366499497509e-18
6.774550120873947809e-18
6.188315129922080063e-18
5.653573979058126579e-18
5.166294419318413132e-18
4.722697948513140012e-18
4.319244420488915880e-18
3.952617614611372995e-18
3.619711702345335004e-18
3.317618552218516844e-18
3.043615818537946578e-18
2.795155763007160380e-18
2.569854761893480065e-18
2.365483454640644526e-18
2.179957492828855223e-18
2.011328851175592734e-18
1.857777664859083675e-18
1.715801822726686206e-18
1.582735753105426391e-18
1.458123288494645115e-18
1.341530541707951861e-18
1.232544781502925000e-18
1.130773368546163768e-18
1.035842748239095323e-18
8.650994199546670890e-19
7.886266941313661799e-19
7.176730595185658816e-19
6.519470503984640828e-19
5.911712676096987082e-19
5.350816884921723074e-19
4.834270125561300057e-19
4.359680408985166977e-19
3.527374207025879917e-19
3.165427330714946192e-19
2.836966383402217446e-19
2.540121937292514797e-19
2.273114464128538773e-19
2.034250027881662652e-19
1.821916193323902376e-19
1.470774963519130596e-19
1.329116175597221015e-19
1.208278357071324080e-19
1.107001990887298041e-19
9.518256471188166793e-20
8.831829323324253472e-20
8.180312714356882549e-20
7.562462434408250931e-20
6.977078586614044546e-20
5.899122077284083567e-20
5.404356299131411356e-20
4.937667673907280194e-20
4.084547578686895300e-20
3.696215520078640060e-20
3.332156861068954832e-20
2.991502165549034849e-20
2.377076824145854278e-20
2.101713910617124033e-20
1.846568328215545301e-20
1.394037708999186761e-20
1.195268684600595278e-20
1.013947232309181634e-20
7.011318317522643632e-21
5.684335714343122657e-21
3.475970987010703306e-21
2.583731214440401820e-21
1.825853127857185176e-21
6.934261964618764644e-22
3.094132477595326436e-22
-1.166908323441898607e-22
-1.673241747127634455e-22
-1.630974301683358792e-22
-1.600708535456406521e-22
-1.565142958279594332e-22
-1.480306064751504894e-22
-1.432064625987268126e-22
-1.326321527741901178e-22
-1.269703120433808078e-22
-1.151015180437390777e-22
-1.089700432607153078e-22
-9.648713265779694357e-23
-9.019992194978742588e-23
-7.768185253541562035e-23
-6.541766288806439666e-23
-5.944229188887796508e-23
-4.791606140592713533e-23
-4.240580586891635255e-23
-3.198363050701343855e-23
-2.246984677525544135e-23
-1.809122994513348803e-23
-1.015744426603394102e-23
-6.626370433728711333e-24
-4.899074220032507658e-25
4.349197120016961405e-24
6.261244424584207459e-24
9.034125561023502426e-24
1.036421051101262884e-23
1.047487655001477004e-23
1.026810768371647177e-23
9.964804430746312369e-24
9.580698518080580549e-24
9.362907866982421050e-24
8.884317918069333359e-24
8.358849397048372410e-24
7.798138647899972800e-24
7.507932017285615453e-24
6.914037232055068276e-24
6.309828270524364162e-24
5.703787880749891998e-24
5.103639481193823744e-24
4.807994320127812907e-24
4.229638552302993628e-24
3.673512415557700749e-24
3.145089713941046276e-24
2.649303531663691107e-24
2.190585851053053414e-24
1.772904405951745353e-24
1.399796967157234007e-24
1.074403241898250038e-24
7.994945558911628987e-25
5.775014741073948416e-25
4.105395049382188703e-25
3.004330218792731408e-25
2.487375271039477887e-25
2.273761157176720406e-25
2.073218823086003519e-25
1.885181677853334405e-25
1.709107696520163501e-25
1.544478277860494176e-25
1.390797160051915698e-25
1.247589391037277937e-25
1.114400350566729532e-25
9.907948210897183230e-26
8.763561048355995897e-26
7.706851845785971787e-26
6.733999257313012638e-26
5.423987346085922469e-26
4.645098355978341748e-26
3.937914513509678935e-26
3.299285460931305673e-26
2.726192240459960333e-26
1.983135908918781620e-26
1.561485231200344886e-26
1.195757810414868381e-26
8.834583125000522583e-27
5.099798124432906814e-27
3.209969256029001154e-27
1.774894087376771441e-27
4.299777247201717420e-28
4.322658950848051258e-29
-4.220773413945806053e-30
-4.114451293247017880e-30
-4.020733365502777462e-30
-3.851396135005091213e-30
-3.722299387135007514e-30
-3.582453246609650662e-30
-3.356369518034405604e-30
-3.197155483877629206e-30
-2.949371732462468317e-30
-2.780237805472938645e-30
-2.523826328468712189e-30
-2.352798915357566301e-30
-2.098838331653358765e-30
-1.850931952696036519e-30
-1.690528900353660490e-30
-1.459269554901152707e-30
-1.312413509153676365e-30
-1.104799494209699784e-30
-9.142166066532015475e-31
-7.975409649746647306e-31
-6.393245581868590340e-31
-5.025721575387215406e-31
-4.239769709489862276e-31
-3.257974611667933954e-31
-2.521659916308211494e-31
-2.039487887381306236e-31
-1.862878111890228390e-31
-1.691867819218319111e-31
-1.532084333951333770e-31
-1.383003233615732142e-31
-1.244124609823710964e-31
-1.156970611022603411e-31
-1.034047923874626741e-31
-9.201053378734534381e-32
-8.147228154560530833e-32
-7.174996439042612403e-32
-6.280534875451602304e-32
-5.460194904786941112e-32
-4.710494268973604509e-32
-4.028108962477020195e-32
-3.409865606562084145e-32
-2.852734222030318206e-32
-2.353821377770979833e-32
-1.910363693862431629e-32
-1.519721679263993094e-32
-1.076681613743517355e-32
-7.996641980924745165e-33
-5.674860366384177471e-33
-3.779806386879853379e-33
-2.290774628385610895e-33
-1.187974824308307917e-33
-2.858045694160935596e-34
-1.207971232431523568e-35
5.767890015021265998e-36
5.613289695281269004e-36
5.460055773033039407e-36
5.279641749276890952e-36
5.003686255144743553e-36
4.774962868806670190e-36
4.531410152786744541e-36
4.189089503428482863e-36
3.922976398512611834e-36
3.560817055748680097e-36
3.286924684031257092e-36
2.923062363329350288e-36
2.653887248244079207e-36
2.303611949785481977e-36
2.049657420868892700e-36
1.725777048362936089e-36
1.421885412825673690e-36
1.208967330028880921e-36
9.473349354999439217e-37
7.134524221011893273e-37
5.576155455757098724e-37
3.775486751253170712e-37
2.307880966268846162e-37
1.188961038379198131e-37
4.322050157058866301e-38
1.092973487121891157e-38
7.710963391874022126e-41
7.025388267977191722e-41
6.383280058951690639e-41
5.782686896565326771e-41
5.221744569565592459e-41
4.698672302960374850e-41
4.211768758793362020e-41
3.759408245727169746e-41
3.340037125538071511e-41
2.952170405365328955e-41
2.594388505242274183e-41
2.265334191080980153e-41
1.892442784507988857e-41
1.623366545438196468e-41
1.379003267417306367e-41
1.158229941567739074e-41
9.138043307861272768e-42
7.422506207898496587e-42
5.909615040144906866e-42
4.289324290453594314e-42
3.198946523595208373e-42
2.282383185725667122e-42
1.368830417759838268e-42
8.143324881240270820e-43
3.296188213012487510e-43
1.000693784970066637e-43
2.746381303852807702e-48
2.539795891173743625e-48
2.297089443648041499e-48
2.070867049550982794e-48
1.901229620470672485e-48
1.702728205330572908e-48
1.518608437070652728e-48
1.381206378531655240e-48
1.221270482499965688e-48
1.073879792952975135e-48
9.384359270407261838e-49
8.143683648070813034e-49
7.011330696048555955e-49
5.982111826714554967e-49
5.229659689363004274e-49
4.373763681254270102e-49
3.607710494419327573e-49
2.800943852872853157e-49
2.217549692801047658e-49
1.710797466704014431e-49
1.276949354965846595e-49
9.124369054676182996e-50
6.138529948180601136e-50
3.380075449621767953e-50
1.732201072040160056e-50
6.445615837887439310e-51
8.907258947801357397e-52
5.663785257360492356e-57
5.205135480138816423e-57
4.689466204494618326e-57
4.287419082028838333e-57
3.836654606118377191e-57
3.486287770311779079e-57
3.094782675828475476e-57
2.791599439286442249e-57
2.454194972821495484e-57
2.144285339531301614e-57
1.906064477840458284e-57
1.643137662659348818e-57
1.404082007382140104e-57
1.187732396991793747e-57
9.929783639575196147e-58
8.187613764693601828e-58
6.640722724393786577e-58
5.279488307462265327e-58
4.094734717409669314e-58
3.077710795358569385e-58
2.220069390671103255e-58
1.513847813606227903e-58
9.514493083723704399e-59
5.256254887527318692e-59
2.294596820317336641e-59
3.901698725422657076e-60
1.043008847053946989e-67
9.581336604161199998e-68
8.653205460111641902e-68
7.908562669171244184e-68
7.096480479115047699e-68
6.446871098166794023e-68
5.740720132769756514e-68
5.177856416787797558e-68
4.568394523257322509e-68
4.007449468993820361e-68
3.492688439475542847e-68
3.086535174857615254e-68
2.651724534437769895e-68
2.257017129664679894e-68
1.900473038811365692e-68
1.580242268176270453e-68
1.294560345174737526e-68
1.041744145293344442e-68
8.201879394083868094e-69
6.283596488169915886e-69
4.647972961163122069e-69
3.281056408025529440e-69
2.030840013933219388e-69
1.195656408608364430e-69
5.893277485829854143e-70
1.618707326642199521e-70
7.854347025255577453e-72
0.000000000000000000e+00
0.000000000000000000e+00
0.000000000000000000e+00
0.000000000000000000e+00
0.000000000000000000e+00
0.000000000000000000e+00
0.000000000000000000e+00
0.000000000000000000e+00
0.000000000000000000e+00
0.000000000000000000e+00
0.000000000000000000e+00
0.000000000000000000e+00
0.000000000000000000e+00
0.000000000000000000e+00
0.000000000000000000e+00
0.000000000000000000e+00
0.000000000000000000e+00
0.000000000000000000e+00
0.000000000000000000e+00
0.000000000000000000e+00
0.000000000000000000e+00
0.000000000000000000e+00
0.000000000000000000e+00
0.000000000000000000e+00
0.000000000000000000e+00
0.000000000000000000e+00
0.000000000000000000e+00
0.000000000000000000e+00
0.000000000000000000e+00
0.000000000000000000e+00
0.000000000000000000e+00
0.000000000000000000e+00
0.000000000000000000e+00
0.000000000000000000e+00
0.000000000000000000e+00
0.000000000000000000e+00
0.000000000000000000e+00
0.000000000000000000e+00
0.000000000000000000e+00
0.000000000000000000e+00
0.000000000000000000e+00
0.000000000000000000e+00
0.000000000000000000e+00
0.000000000000000000e+00
0.000000000000000000e+00
0.000000000000000000e+00
0.000000000000000000e+00
0.000000000000000000e+00
0.000000000000000000e+00
0.000000000000000000e+00
0.000000000000000000e+00
0.000000000000000000e+00
0.000000000000000000e+00
0.000000000000000000e+00
0.000000000000000000e+00
0.000000000000000000e+00
0.000000000000000000e+00
0.000000000000000000e+00
0.000000000000000000e+00
0.000000000000000000e+00
0.000000000000000000e+00
0.000000000000000000e+00
0.000000000000000000e+00
0.000000000000000000e+00
0.000000000000000000e+00
0.000000000000000000e+00
0.000000000000000000e+00
0.000000000000000000e+00
0.000000000000000000e+00
0.000000000000000000e+00
0.000000000000000000e+00
0.000000000000000000e+00
0.000000000000000000e+00
0.000000000000000000e+00
0.000000000000000000e+00
0.000000000000000000e+00
0.000000000000000000e+00
0.000000000000000000e+00
0.000000000000000000e+00
0.000000000000000000e+00
0.000000000000000000e+00
0.000000000000000000e+00
0.000000000000000000e+00
0.000000000000000000e+00
0.000000000000000000e+00
0.000000000000000000e+00
0.000000000000000000e+00
0.000000000000000000e+00
0.000000000000000000e+00
0.000000000000000000e+00
0.000000000000000000e+00
0.000000000000000000e+00
0.000000000000000000e+00
0.000000000000000000e+00
0.000000000000000000e+00
0.000000000000000000e+00
0.000000000000000000e+00
0.000000000000000000e+00
0.000000000000000000e+00
0.000000000000000000e+00
0.000000000000000000e+00
0.000000000000000000e+00
0.000000000000000000e+00
0.000000000000000000e+00
0.000000000000000000e+00
0.000000000000000000e+00
0.000000000000000000e+00
0.000000000000000000e+00
0.000000000000000000e+00
0.000000000000000000e+00
0.000000000000000000e+00
0.000000000000000000e+00
0.000000000000000000e+00
0.000000000000000000e+00
0.000000000000000000e+00
0.000000000000000000e+00
0.000000000000000000e+00
0.000000000000000000e+00
0.000000000000000000e+00
0.000000000000000000e+00
0.000000000000000000e+00
0.000000000000000000e+00
0.000000000000000000e+00
0.000000000000000000e+00
0.000000000000000000e+00
0.000000000000000000e+00
0.000000000000000000e+00
0.000000000000000000e+00
0.000000000000000000e+00
0.000000000000000000e+00
0.000000000000000000e+00
0.000000000000000000e+00
0.000000000000000000e+00
0.000000000000000000e+00
0.000000000000000000e+00
0.000000000000000000e+00
0.000000000000000000e+00
0.000000000000000000e+00
0.000000000000000000e+00
0.000000000000000000e+00
0.000000000000000000e+00
0.000000000000000000e+00
0.000000000000000000e+00
0.000000000000000000e+00
0.000000000000000000e+00
0.000000000000000000e+00
0.000000000000000000e+00
0.000000000000000000e+00
0.000000000000000000e+00
0.000000000000000000e+00
0.000000000000000000e+00
0.000000000000000000e+00
0.000000000000000000e+00
0.000000000000000000e+00
0.000000000000000000e+00
0.000000000000000000e+00
0.000000000000000000e+00
0.000000000000000000e+00
0.000000000000000000e+00
0.000000000000000000e+00
0.000000000000000000e+00
0.000000000000000000e+00
0.000000000000000000e+00
0.000000000000000000e+00
0.000000000000000000e+00
0.000000000000000000e+00
0.000000000000000000e+00
0.000000000000000000e+00
0.000000000000000000e+00
0.000000000000000000e+00
0.000000000000000000e+00
0.000000000000000000e+00
0.000000000000000000e+00
0.000000000000000000e+00
0.000000000000000000e+00
0.000000000000000000e+00
0.000000000000000000e+00
0.000000000000000000e+00
0.000000000000000000e+00
0.000000000000000000e+00
0.000000000000000000e+00
0.000000000000000000e+00
0.000000000000000000e+00
0.000000000000000000e+00
0.000000000000000000e+00
0.000000000000000000e+00
0.000000000000000000e+00
0.000000000000000000e+00
0.000000000000000000e+00
0.000000000000000000e+00
0.000000000000000000e+00
0.000000000000000000e+00
0.000000000000000000e+00
0.000000000000000000e+00
0.000000000000000000e+00
0.000000000000000000e+00
0.000000000000000000e+00
0.000000000000000000e+00
0.000000000000000000e+00
0.000000000000000000e+00
0.000000000000000000e+00
0.000000000000000000e+00
0.000000000000000000e+00
0.000000000000000000e+00
0.000000000000000000e+00
0.000000000000000000e+00
0.000000000000000000e+00
0.000000000000000000e+00
0.000000000000000000e+00
0.000000000000000000e+00
0.000000000000000000e+00
0.000000000000000000e+00
0.000000000000000000e+00
0.000000000000000000e+00
0.000000000000000000e+00
0.000000000000000000e+00
0.000000000000000000e+00
0.000000000000000000e+00
0.000000000000000000e+00
0.000000000000000000e+00
0.000000000000000000e+00
0.000000000000000000e+00
0.000000000000000000e+00
0.000000000000000000e+00
0.000000000000000000e+00
0.000000000000000000e+00
0.000000000000000000e+00
0.000000000000000000e+00
0.000000000000000000e+00
0.000000000000000000e+00
0.000000000000000000e+00
0.000000000000000000e+00
0.000000000000000000e+00
0.000000000000000000e+00
0.000000000000000000e+00
0.000000000000000000e+00
0.000000000000000000e+00
0.000000000000000000e+00
0.000000000000000000e+00
0.000000000000000000e+00
0.000000000000000000e+00
0.000000000000000000e+00
0.000000000000000000e+00
0.000000000000000000e+00
0.000000000000000000e+00
0.000000000000000000e+00
0.000000000000000000e+00
0.000000000000000000e+00
0.000000000000000000e+00
0.000000000000000000e+00
0.000000000000000000e+00
0.000000000000000000e+00
0.000000000000000000e+00
0.000000000000000000e+00
0.000000000000000000e+00
0.000000000000000000e+00
0.000000000000000000e+00
0.000000000000000000e+00
0.000000000000000000e+00
0.000000000000000000e+00
0.000000000000000000e+00
0.000000000000000000e+00
0.000000000000000000e+00
0.000000000000000000e+00
0.000000000000000000e+00
0.000000000000000000e+00
0.000000000000000000e+00
0.000000000000000000e+00
0.000000000000000000e+00
0.000000000000000000e+00
0.000000000000000000e+00
0.000000000000000000e+00
0.000000000000000000e+00
0.000000000000000000e+00
0.000000000000000000e+00
0.000000000000000000e+00
0.000000000000000000e+00
0.000000000000000000e+00
0.000000000000000000e+00
0.000000000000000000e+00
0.000000000000000000e+00
0.000000000000000000e+00
0.000000000000000000e+00
0.000000000000000000e+00
0.000000000000000000e+00
0.000000000000000000e+00
0.000000000000000000e+00
0.000000000000000000e+00
0.000000000000000000e+00
0.000000000000000000e+00
0.000000000000000000e+00
0.000000000000000000e+00
0.000000000000000000e+00
0.000000000000000000e+00
0.000000000000000000e+00
0.000000000000000000e+00
0.000000000000000000e+00
0.000000000000000000e+00
0.000000000000000000e+00
0.000000000000000000e+00
0.000000000000000000e+00
0.000000000000000000e+00
0.000000000000000000e+00
0.000000000000000000e+00
0.000000000000000000e+00
0.000000000000000000e+00
0.000000000000000000e+00
0.000000000000000000e+00
0.000000000000000000e+00
0.000000000000000000e+00
0.000000000000000000e+00
0.000000000000000000e+00
0.000000000000000000e+00
0.000000000000000000e+00
0.000000000000000000e+00
0.000000000000000000e+00
0.000000000000000000e+00
0.000000000000000000e+00
0.000000000000000000e+00
0.000000000000000000e+00
0.000000000000000000e+00
0.000000000000000000e+00
0.000000000000000000e+00
0.000000000000000000e+00
0.000000000000000000e+00
0.000000000000000000e+00
0.000000000000000000e+00
0.000000000000000000e+00
0.000000000000000000e+00
0.000000000000000000e+00
0.000000000000000000e+00
0.000000000000000000e+00
0.000000000000000000e+00
0.000000000000000000e+00
0.000000000000000000e+00
0.000000000000000000e+00
0.000000000000000000e+00
0.000000000000000000e+00
0.000000000000000000e+00
0.000000000000000000e+00
0.000000000000000000e+00
0.000000000000000000e+00
0.000000000000000000e+00
0.000000000000000000e+00
0.000000000000000000e+00
0.000000000000000000e+00
0.000000000000000000e+00
0.000000000000000000e+00
0.000000000000000000e+00
0.000000000000000000e+00
0.000000000000000000e+00
0.000000000000000000e+00
0.000000000000000000e+00
0.000000000000000000e+00
0.000000000000000000e+00
0.000000000000000000e+00
0.000000000000000000e+00
0.000000000000000000e+00
0.000000000000000000e+00
0.000000000000000000e+00
0.000000000000000000e+00
0.000000000000000000e+00
0.000000000000000000e+00
0.000000000000000000e+00
0.000000000000000000e+00
0.000000000000000000e+00
0.000000000000000000e+00
0.000000000000000000e+00
0.000000000000000000e+00
0.000000000000000000e+00
0.000000000000000000e+00
0.000000000000000000e+00
0.000000000000000000e+00
0.000000000000000000e+00
0.000000000000000000e+00
0.000000000000000000e+00
0.000000000000000000e+00
0.000000000000000000e+00
0.000000000000000000e+00
0.000000000000000000e+00
0.000000000000000000e+00
0.000000000000000000e+00
0.000000000000000000e+00
0.000000000000000000e+00
0.000000000000000000e+00
0.000000000000000000e+00
0.000000000000000000e+00
0.000000000000000000e+00
0.000000000000000000e+00
0.000000000000000000e+00
0.000000000000000000e+00
0.000000000000000000e+00
0.000000000000000000e+00
0.000000000000000000e+00
0.000000000000000000e+00
0.000000000000000000e+00
0.000000000000000000e+00
0.000000000000000000e+00
0.000000000000000000e+00
0.000000000000000000e+00
0.000000000000000000e+00
0.000000000000000000e+00
0.000000000000000000e+00
0.000000000000000000e+00
0.000000000000000000e+00
0.000000000000000000e+00
0.000000000000000000e+00
0.000000000000000000e+00
0.000000000000000000e+00
0.000000000000000000e+00
0.000000000000000000e+00
0.000000000000000000e+00
0.000000000000000000e+00
0.000000000000000000e+00
0.000000000000000000e+00
0.000000000000000000e+00
0.000000000000000000e+00
0.000000000000000000e+00
0.000000000000000000e+00
0.000000000000000000e+00
0.000000000000000000e+00
0.000000000000000000e+00
0.000000000000000000e+00
0.000000000000000000e+00
0.000000000000000000e+00
0.000000000000000000e+00
0.000000000000000000e+00
0.000000000000000000e+00
0.000000000000000000e+00
0.000000000000000000e+00
0.000000000000000000e+00
0.000000000000000000e+00
0.000000000000000000e+00
0.000000000000000000e+00
0.000000000000000000e+00
0.000000000000000000e+00
0.000000000000000000e+00
0.000000000000000000e+00
0.000000000000000000e+00
0.000000000000000000e+00
0.000000000000000000e+00
0.000000000000000000e+00
0.000000000000000000e+00
0.000000000000000000e+00
0.000000000000000000e+00
0.000000000000000000e+00
0.000000000000000000e+00
0.000000000000000000e+00
0.000000000000000000e+00
0.000000000000000000e+00
0.000000000000000000e+00
0.000000000000000000e+00
0.000000000000000000e+00
0.000000000000000000e+00
0.000000000000000000e+00
0.000000000000000000e+00
0.000000000000000000e+00
0.000000000000000000e+00
0.000000000000000000e+00
0.000000000000000000e+00
0.000000000000000000e+00
0.000000000000000000e+00
0.000000000000000000e+00
0.000000000000000000e+00
0.000000000000000000e+00
0.000000000000000000e+00
0.000000000000000000e+00
0.000000000000000000e+00
0.000000000000000000e+00
0.000000000000000000e+00
0.000000000000000000e+00
0.000000000000000000e+00
0.000000000000000000e+00
0.000000000000000000e+00
0.000000000000000000e+00
0.000000000000000000e+00
0.000000000000000000e+00
0.000000000000000000e+00
0.000000000000000000e+00
0.000000000000000000e+00
0.000000000000000000e+00
0.000000000000000000e+00
0.000000000000000000e+00
0.000000000000000000e+00
0.000000000000000000e+00
0.000000000000000000e+00
0.000000000000000000e+00
0.000000000000000000e+00
0.000000000000000000e+00
0.000000000000000000e+00
0.000000000000000000e+00
0.000000000000000000e+00
0.000000000000000000e+00
0.000000000000000000e+00
0.000000000000000000e+00
0.000000000000000000e+00
0.000000000000000000e+00
0.000000000000000000e+00
0.000000000000000000e+00
0.000000000000000000e+00
0.000000000000000000e+00
0.000000000000000000e+00
0.000000000000000000e+00
0.000000000000000000e+00
0.000000000000000000e+00
0.000000000000000000e+00
0.000000000000000000e+00
0.000000000000000000e+00
0.000000000000000000e+00
0.000000000000000000e+00
0.000000000000000000e+00
0.000000000000000000e+00
0.000000000000000000e+00
0.000000000000000000e+00
0.000000000000000000e+00
0.000000000000000000e+00
nan
