# bin_17_7
-7.976836096574663208e-09
5.435581719807980951e-09
-4.057739630303324542e-09
4.402289633056453364e-09
-3.642745027532455348e-09
2.719289110110333477e-09
-3.380099642995637473e-09
1.306682025389904304e-09
-9.859957697240977147e-10
4.735207332033574035e-10
3.909886824189516700e-09
4.641668485158242993e-10
5.851596448937871600e-09
5.742072070688702846e-09
5.219447258946360909e-09
1.553875760860683648e-09
-3.214452173080742114e-09
-4.904519221330267907e-09
-4.099250301959019679e-09
-2.885335706365671553e-09
-1.449946766226231674e-09
8.431273411089267851e-11
2.284671046720503551e-09
4.725951122365733478e-09
6.362636716587837095e-09
6.645648547505551718e-09
6.077777633377220930e-09
5.394729419165428470e-09
4.639713308712276612e-09
3.844522163926411696e-09
3.032454660378974332e-09
1.294630653934565343e-09
-1.469259426637104349e-09
-4.325182394461849701e-09
-6.647224631694119530e-09
-8.032458246278153827e-09
-8.238592214498291616e-09
-7.458159242095111330e-09
-6.227105156199838343e-09
-4.835838212484315177e-09
-3.494684127341330427e-09
-2.352769942900799649e-09
-1.512556210430883001e-09
-1.041041257749825112e-09
-7.970515378061970617e-10
-6.033657924546234345e-10
-4.526260667862769536e-10
-3.385379688980058503e-10
-2.557079731989897487e-10
-1.995074978941092828e-10
-1.659590090165468736e-10
-1.516403076600757392e-10
-1.519092012071025989e-10
-1.610228091060951317e-10
-1.749873780151616584e-10
-1.906249265437970102e-10
-2.054296321349035445e-10
-2.174490657207600326e-10
-2.251858621023332559e-10
-2.275162311255389611e-10
-2.236223730927824378e-10
-2.150097128525564759e-10
-2.040075796758141667e-10
-1.911594191666306452e-10
-1.769266118947698685e-10
-1.617000539842552763e-10
-1.458100777855822659e-10
-1.295349611282133102e-10
-1.131082344209993752e-10
-9.672496218571454389e-11
-8.054714831875299307e-11
-6.470839153868042024e-11
-4.724361275522164511e-11
-2.707659088439367866e-11
-5.485632853764378961e-12
1.645304756478159663e-11
3.783836919771958987e-11
5.792094752984957462e-11
7.608270994911584027e-11
9.181915523774168212e-11
1.047239070380179978e-10
1.144752593915723724e-10
1.208244538042322518e-10
1.235854626966709384e-10
1.226260844630838912e-10
1.115884655335859325e-10
8.677594842262540309e-11
5.171402424529428888e-11
9.479482998647884056e-12
-3.724942941155099645e-11
-8.614842135303203311e-11
-1.352074937361830788e-10
-1.826956442936763554e-10
-2.271294430356491742e-10
-2.672450428015913170e-10
-3.019732402314458089e-10
-3.304172474968594784e-10
-3.518328746056891028e-10
-3.656108567394164599e-10
-3.712610915260900319e-10
-3.683985779285406250e-10
-3.591740354539575943e-10
-3.464786536221706636e-10
-3.310454950550639146e-10
-3.135290249471622887e-10
-2.945125593967713818e-10
-2.745150104287146325e-10
-2.539969965670663790e-10
-2.333663807224091361e-10
-2.129832908372083391e-10
-1.931646730955094639e-10
-1.741884224714613630e-10
-1.562971308959727296e-10
-1.397014893019026155e-10
-1.245833762121308121e-10
-1.110986623145921409e-10
-9.937975758253320172e-11
-8.953792491007813212e-11
-8.166538191036059289e-11
-7.525275921583576706e-11
-6.966229199526459776e-11
-6.478783910179264237e-11
-6.053244021136012677e-11
-5.680758643011051634e-11
-5.353254935599413983e-11
-5.063376370891815916e-11
-4.804425907498139507e-11
-4.570313670118461229e-11
-4.355508763151964997e-11
-4.154994879708437978e-11
-3.964229396507043525e-11
-3.779105671699100593e-11
-3.595918286794113661e-11
-3.411330995832941649e-11
-3.222347164946700363e-11
-3.026282503651329971e-11
-2.820739905824981617e-11
-2.603586233448927687e-11
-2.372930889999141817e-11
-2.127106042979206275e-11
-1.864648366594530785e-11
-1.578579405754051207e-11
-1.267034519617522235e-11
-9.359698786119744033e-12
-5.908457630708927847e-12
-2.366617733282780573e-12
1.220104277700000586e-12
4.809966611380364608e-12
8.364919013328637569e-12
1.185033917404504512e-11
1.523478743590715396e-11
1.848977849338592556e-11
2.158956887895227929e-11
2.451095911699781426e-11
2.723310951093630127e-11
2.973736860499092846e-11
3.200711343260103826e-11
3.402760072832668267e-11
3.578582834009383105e-11
3.727040613396271389e-11
3.847143573473606915e-11
3.938039849296620339e-11
3.999005111257652134e-11
4.029432841370600946e-11
4.028825274272610820e-11
3.996784957594770557e-11
3.947615595759642100e-11
3.895947648246569549e-11
3.841938355065036697e-11
3.785737391230534408e-11
3.727487231883467232e-11
3.667323498706408519e-11
3.605375288671454150e-11
3.476611058862977919e-11
3.410023339834806492e-11
3.342108293985642560e-11
3.272966772297182515e-11
3.202694752964657031e-11
3.131383570645382523e-11
3.059120134378403973e-11
2.985987134775348655e-11
2.837423288409780049e-11
2.762138456344194364e-11
2.686276438233313893e-11
2.609901602776959994e-11
2.533075147637121961e-11
2.455855245704009219e-11
2.378297184362228465e-11
2.222374094899326113e-11
2.144106376425191570e-11
2.065695352817532136e-11
1.987183751869586435e-11
1.825885586365883000e-11
1.735645688323616259e-11
1.638985276850557001e-11
1.536932293587542199e-11
1.430453107771605648e-11
1.207792565511707329e-11
1.093263763860252917e-11
9.776194256751056580e-12
7.457507807460377628e-12
6.308000091553611346e-12
5.172852876165241978e-12
4.057435619948499709e-12
1.905475138168668589e-12
8.779327570421819990e-13
-1.118430560299218714e-13
-1.963427233045400430e-12
-2.818580168137005638e-12
-3.622627217694581853e-12
-5.066778428148335688e-12
-5.702115706441025495e-12
-6.788912737426466919e-12
-7.236773493990999019e-12
-7.618831488249616083e-12
-8.180166447765234492e-12
-8.357126586182630868e-12
-8.498864040791426283e-12
-8.462112004367025849e-12
-8.191888969300517530e-12
-7.972081640292748581e-12
-7.703041444366691104e-12
-7.037389157891803956e-12
-6.650226841191483133e-12
-5.789123245655717431e-12
-5.323288288203091656e-12
-4.339801032126188778e-12
-3.829077901197995500e-12
-2.785666685292554121e-12
-2.258876544162285707e-12
-1.208708204398657486e-12
-1.795102403195786262e-13
3.215719214244899035e-13
1.286494205305611882e-12
1.746601248953925672e-12
2.613589652212434068e-12
3.399434295820063952e-12
3.758464655308187607e-12
4.402581627877702116e-12
4.685448570127261551e-12
5.167817828164870211e-12
5.533212864996428306e-12
5.670107017485074898e-12
5.848943292078749830e-12
5.897367023944645010e-12
5.871439400867575469e-12
5.098252907080509401e-12
3.090354831126211105e-12
4.530944002166684544e-14
-1.808829287770473995e-12
-6.073984718307250398e-12
-1.095015510554065674e-11
-1.629113062192302568e-11
-1.909363789798888666e-11
-2.488449942125960651e-11
-3.082684498437309087e-11
-3.681401305449037087e-11
-4.274886528258824422e-11
-4.566875068440812534e-11
-5.136214347556976738e-11
-5.679763625446840156e-11
-6.190630654869141139e-11
-6.662601451564472878e-11
-7.090090627062519292e-11
-7.468095186904280864e-11
-7.792151547840275363e-11
-8.058295545870618538e-11
-8.263025223856304393e-11
-8.403266202990047712e-11
-8.476339456761684978e-11
-8.479931319295575405e-11
-8.412065572163302503e-11
-8.268534296211893514e-11
-8.049200078846732147e-11
-7.758272945759233121e-11
-7.399762044572801699e-11
-6.977485479554005504e-11
-6.495079631314920245e-11
-5.956007990655524797e-11
-5.363569533911369557e-11
-4.720906665503984364e-11
-4.031012751836121905e-11
-3.296739269215866473e-11
-2.520802587137443952e-11
-1.284405989834201546e-11
-4.153660085194663732e-12
4.868037780613616650e-12
1.419919847753960629e-11
2.381902156391977001e-11
3.874691292685252532e-11
4.900374942524225482e-11
5.948391643270309926e-11
7.017070308193585898e-11
8.655368928629979013e-11
9.768904759878834224e-11
1.089785676760754730e-10
1.261727482532071963e-10
1.377904134235798524e-10
1.507600018898031985e-10
1.860238492922727793e-10
2.197498317601010242e-10
2.831008089832777477e-10
3.324591186780221407e-10
3.864851687795518409e-10
4.744886759521809143e-10
5.366915147621487247e-10
6.335426450360987426e-10
6.995321682790521953e-10
7.991627362801853949e-10
8.652170307088310647e-10
9.624956223945965372e-10
1.056244645280071957e-09
1.116089220866494914e-09
1.200933072942315079e-09
1.253714176084747174e-09
1.326436213261183443e-09
1.390582613509027973e-09
1.428163627604115607e-09
1.476201568286513863e-09
1.513646228399674346e-09
1.532431099436231735e-09
1.550957164373074100e-09
1.557502820602001161e-09
1.551683386988441323e-09
1.540773665365016953e-09
1.511331489330345607e-09
1.465952636523053480e-09
1.407011691401938340e-09
1.336705406733613123e-09
1.284529777061752060e-09
1.199716875743508921e-09
1.108614258574021392e-09
1.012861526989133860e-09
9.139690937975822404e-10
8.133267502154178086e-10
7.122116742719661664e-10
6.117959181965531375e-10
5.131534097331187806e-10
4.172664998676502421e-10
3.250320871742834756e-10
2.372673468761471244e-10
1.547150907630211037e-10
7.804878229685061592e-11
-1.397354318820141207e-11
-7.464194876935251962e-11
-1.276223381744585305e-10
-1.724912487021056696e-10
-2.088727733586460132e-10
-2.364352629519803290e-10
-2.589702545317408459e-10
-2.648911259566571767e-10
-2.633331785661215544e-10
-2.605304052320734553e-10
-2.584234618950971287e-10
-2.563135423050467946e-10
-2.534974275563889233e-10
-2.513844060113378408e-10
-2.492715768845695642e-10
-2.464562208647179752e-10
-2.443470400327395878e-10
-2.415393208266003926e-10
-2.394378208889692571e-10
-2.366427726234317012e-10
-2.345524857188415498e-10
-2.317745120549428986e-10
-2.296985236027345362e-10
-2.269414653723297678e-10
-2.241978875873690755e-10
-2.221496574524979927e-10
-2.194320363032487272e-10
-2.167304646259263745e-10
-2.147152987731440012e-10
-2.120436845438969787e-10
-2.093901450867182161e-10
-2.067552998587363888e-10
-2.041397120517613381e-10
-2.021909678430549042e-10
-1.995574161482621871e-10
-1.957881928877443148e-10
-1.906084773039484414e-10
-1.842254986474792876e-10
-1.768315182248751328e-10
-1.686047819104489091e-10
-1.597104122181248026e-10
-1.503012439171888370e-10
-1.405186068989075434e-10
-1.304930597444626498e-10
-1.203450772068632645e-10
-1.101856945991659425e-10
-9.762533517962586798e-11
-8.780142477219550475e-11
-7.826883659049668875e-11
-6.910478808490973817e-11
-5.827487648381285431e-11
-5.018856513677385104e-11
-4.267794182252155206e-11
-3.417758554013133688e-11
-2.814389215366114539e-11
-2.283629018917733965e-11
-1.727832394567174926e-11
-1.373240306590790464e-11
-1.047156050587688374e-11
-8.829616164181164926e-12
-8.019470264879946557e-12
-9.464081564041025255e-12
-1.521023217421662194e-11
-2.473110893021826022e-11
-3.466092327932798705e-11
-4.949562016064847412e-11
-6.653918330582094823e-11
-8.144139018324673614e-11
-1.012799186909031391e-10
-1.220803764081091141e-10
-1.434636183032881718e-10
-1.650816143940256508e-10
-1.866153458933504010e-10
-2.077728403748488708e-10
-2.242478789626682255e-10
-2.440717526301987104e-10
-2.628305888696503032e-10
-2.836481638366724101e-10
-2.993695797740695864e-10
-3.134361355523150128e-10
-3.257000190665688736e-10
-3.360287453144478707e-10
-3.443040883903289250e-10
-3.513771209583770128e-10
-3.547828373560150116e-10
-3.558414473520776897e-10
-3.544844386304637146e-10
-3.499994270662292936e-10
-3.456911234441852156e-10
-3.402713687110356330e-10
-3.355657986792155029e-10
-3.297149967463163211e-10
-3.246860276189887192e-10
-3.184874073039153200e-10
-3.132001384680849945e-10
-3.067270118016423904e-10
-3.001318622211309983e-10
-2.945556215910259122e-10
-2.877822901261194307e-10
-2.809344455413769218e-10
-2.740266869563128596e-10
-2.670725938199044015e-10
-2.600847891109200996e-10
-2.530749985922319937e-10
-2.460541063768503278e-10
-2.390322070455818281e-10
-2.320186545396891073e-10
-2.250221080366053181e-10
-2.180505750025738904e-10
-2.111114516028936389e-10
-2.042115606382453300e-10
-1.973571871642304960e-10
-1.894256327372765983e-10
-1.826800871892969111e-10
-1.755955683220533821e-10
-1.667326724760404200e-10
-1.587266413065653331e-10
-1.490257591299603000e-10
-1.404896923177000926e-10
-1.303728120744450459e-10
-1.216405130559442524e-10
-1.114666737082528518e-10
-1.013912850301783633e-10
-9.149461461377604067e-11
-8.320956682102802795e-11
-7.383355015368995037e-11
-6.482758269914240865e-11
-5.624680500154871825e-11
-4.814091710460841459e-11
-4.055456374098939654e-11
-3.352769371344670883e-11
-2.709589522611713989e-11
-2.129070879950191163e-11
-1.613991928696459053e-11
-1.166782840356673198e-11
-7.414820444103151351e-12
-4.464216551238187760e-12
-2.248751005047369116e-12
-6.327559649667159112e-13
-3.133950637998990196e-14
0.000000000000000000e+00
0.000000000000000000e+00
0.000000000000000000e+00
0.000000000000000000e+00
0.000000000000000000e+00
0.000000000000000000e+00
0.000000000000000000e+00
0.000000000000000000e+00
0.000000000000000000e+00
0.000000000000000000e+00
0.000000000000000000e+00
0.000000000000000000e+00
0.000000000000000000e+00
0.000000000000000000e+00
0.000000000000000000e+00
0.000000000000000000e+00
0.000000000000000000e+00
0.000000000000000000e+00
0.000000000000000000e+00
0.000000000000000000e+00
0.000000000000000000e+00
0.000000000000000000e+00
0.000000000000000000e+00
0.000000000000000000e+00
0.000000000000000000e+00
0.000000000000000000e+00
0.000000000000000000e+00
0.000000000000000000e+00
0.000000000000000000e+00
0.000000000000000000e+00
0.000000000000000000e+00
0.000000000000000000e+00
0.000000000000000000e+00
0.000000000000000000e+00
0.000000000000000000e+00
0.000000000000000000e+00
0.000000000000000000e+00
0.000000000000000000e+00
0.000000000000000000e+00
0.000000000000000000e+00
0.000000000000000000e+00
0.000000000000000000e+00
0.000000000000000000e+00
0.000000000000000000e+00
0.000000000000000000e+00
0.000000000000000000e+00
0.000000000000000000e+00
0.000000000000000000e+00
0.000000000000000000e+00
0.000000000000000000e+00
0.000000000000000000e+00
0.000000000000000000e+00
0.000000000000000000e+00
0.000000000000000000e+00
0.000000000000000000e+00
0.000000000000000000e+00
0.000000000000000000e+00
0.000000000000000000e+00
0.000000000000000000e+00
0.000000000000000000e+00
0.000000000000000000e+00
0.000000000000000000e+00
0.000000000000000000e+00
0.000000000000000000e+00
0.000000000000000000e+00
0.000000000000000000e+00
0.000000000000000000e+00
0.000000000000000000e+00
0.000000000000000000e+00
0.000000000000000000e+00
0.000000000000000000e+00
0.000000000000000000e+00
0.000000000000000000e+00
0.000000000000000000e+00
0.000000000000000000e+00
0.000000000000000000e+00
0.000000000000000000e+00
0.000000000000000000e+00
0.000000000000000000e+00
0.000000000000000000e+00
0.000000000000000000e+00
0.000000000000000000e+00
0.000000000000000000e+00
0.000000000000000000e+00
0.000000000000000000e+00
0.000000000000000000e+00
0.000000000000000000e+00
0.000000000000000000e+00
0.000000000000000000e+00
0.000000000000000000e+00
0.000000000000000000e+00
0.000000000000000000e+00
0.000000000000000000e+00
0.000000000000000000e+00
0.000000000000000000e+00
0.000000000000000000e+00
0.000000000000000000e+00
0.000000000000000000e+00
0.000000000000000000e+00
0.000000000000000000e+00
0.000000000000000000e+00
0.000000000000000000e+00
0.000000000000000000e+00
0.000000000000000000e+00
0.000000000000000000e+00
0.000000000000000000e+00
0.000000000000000000e+00
0.000000000000000000e+00
0.000000000000000000e+00
0.000000000000000000e+00
0.000000000000000000e+00
0.000000000000000000e+00
0.000000000000000000e+00
0.000000000000000000e+00
0.000000000000000000e+00
0.000000000000000000e+00
0.000000000000000000e+00
0.000000000000000000e+00
0.000000000000000000e+00
0.000000000000000000e+00
0.000000000000000000e+00
0.000000000000000000e+00
0.000000000000000000e+00
0.000000000000000000e+00
0.000000000000000000e+00
0.000000000000000000e+00
0.000000000000000000e+00
0.000000000000000000e+00
0.000000000000000000e+00
0.000000000000000000e+00
0.000000000000000000e+00
0.000000000000000000e+00
0.000000000000000000e+00
0.000000000000000000e+00
0.000000000000000000e+00
0.000000000000000000e+00
0.000000000000000000e+00
0.000000000000000000e+00
0.000000000000000000e+00
0.000000000000000000e+00
0.000000000000000000e+00
0.000000000000000000e+00
0.000000000000000000e+00
0.000000000000000000e+00
0.000000000000000000e+00
0.000000000000000000e+00
0.000000000000000000e+00
0.000000000000000000e+00
0.000000000000000000e+00
0.000000000000000000e+00
0.000000000000000000e+00
0.000000000000000000e+00
0.000000000000000000e+00
0.000000000000000000e+00
0.000000000000000000e+00
0.000000000000000000e+00
0.000000000000000000e+00
0.000000000000000000e+00
0.000000000000000000e+00
0.000000000000000000e+00
0.000000000000000000e+00
0.000000000000000000e+00
0.000000000000000000e+00
0.000000000000000000e+00
0.000000000000000000e+00
0.000000000000000000e+00
0.000000000000000000e+00
0.000000000000000000e+00
0.000000000000000000e+00
0.000000000000000000e+00
0.000000000000000000e+00
0.000000000000000000e+00
0.000000000000000000e+00
0.000000000000000000e+00
0.000000000000000000e+00
0.000000000000000000e+00
0.000000000000000000e+00
0.000000000000000000e+00
0.000000000000000000e+00
0.000000000000000000e+00
0.000000000000000000e+00
0.000000000000000000e+00
0.000000000000000000e+00
0.000000000000000000e+00
0.000000000000000000e+00
0.000000000000000000e+00
0.000000000000000000e+00
0.000000000000000000e+00
0.000000000000000000e+00
0.000000000000000000e+00
0.000000000000000000e+00
0.000000000000000000e+00
0.000000000000000000e+00
0.000000000000000000e+00
0.000000000000000000e+00
0.000000000000000000e+00
0.000000000000000000e+00
0.000000000000000000e+00
0.000000000000000000e+00
0.000000000000000000e+00
0.000000000000000000e+00
0.000000000000000000e+00
0.000000000000000000e+00
0.000000000000000000e+00
0.000000000000000000e+00
0.000000000000000000e+00
0.000000000000000000e+00
0.000000000000000000e+00
0.000000000000000000e+00
0.000000000000000000e+00
0.000000000000000000e+00
0.000000000000000000e+00
0.000000000000000000e+00
0.000000000000000000e+00
0.000000000000000000e+00
0.000000000000000000e+00
0.000000000000000000e+00
0.000000000000000000e+00
0.000000000000000000e+00
0.000000000000000000e+00
0.000000000000000000e+00
0.000000000000000000e+00
0.000000000000000000e+00
0.000000000000000000e+00
0.000000000000000000e+00
0.000000000000000000e+00
0.000000000000000000e+00
0.000000000000000000e+00
0.000000000000000000e+00
0.000000000000000000e+00
0.000000000000000000e+00
0.000000000000000000e+00
0.000000000000000000e+00
0.000000000000000000e+00
0.000000000000000000e+00
0.000000000000000000e+00
0.000000000000000000e+00
0.000000000000000000e+00
0.000000000000000000e+00
0.000000000000000000e+00
0.000000000000000000e+00
0.000000000000000000e+00
0.000000000000000000e+00
0.000000000000000000e+00
0.000000000000000000e+00
0.000000000000000000e+00
0.000000000000000000e+00
0.000000000000000000e+00
0.000000000000000000e+00
0.000000000000000000e+00
0.000000000000000000e+00
0.000000000000000000e+00
0.000000000000000000e+00
0.000000000000000000e+00
0.000000000000000000e+00
0.000000000000000000e+00
0.000000000000000000e+00
0.000000000000000000e+00
0.000000000000000000e+00
0.000000000000000000e+00
0.000000000000000000e+00
0.000000000000000000e+00
0.000000000000000000e+00
0.000000000000000000e+00
0.000000000000000000e+00
0.000000000000000000e+00
0.000000000000000000e+00
0.000000000000000000e+00
0.000000000000000000e+00
0.000000000000000000e+00
0.000000000000000000e+00
0.000000000000000000e+00
0.000000000000000000e+00
0.000000000000000000e+00
0.000000000000000000e+00
0.000000000000000000e+00
0.000000000000000000e+00
0.000000000000000000e+00
0.000000000000000000e+00
0.000000000000000000e+00
0.000000000000000000e+00
0.000000000000000000e+00
0.000000000000000000e+00
0.000000000000000000e+00
0.000000000000000000e+00
0.000000000000000000e+00
0.000000000000000000e+00
0.000000000000000000e+00
0.000000000000000000e+00
0.000000000000000000e+00
0.000000000000000000e+00
0.000000000000000000e+00
0.000000000000000000e+00
0.000000000000000000e+00
0.000000000000000000e+00
0.000000000000000000e+00
0.000000000000000000e+00
0.000000000000000000e+00
0.000000000000000000e+00
0.000000000000000000e+00
0.000000000000000000e+00
0.000000000000000000e+00
0.000000000000000000e+00
0.000000000000000000e+00
0.000000000000000000e+00
0.000000000000000000e+00
0.000000000000000000e+00
0.000000000000000000e+00
0.000000000000000000e+00
0.000000000000000000e+00
0.000000000000000000e+00
0.000000000000000000e+00
0.000000000000000000e+00
0.000000000000000000e+00
0.000000000000000000e+00
0.000000000000000000e+00
0.000000000000000000e+00
0.000000000000000000e+00
0.000000000000000000e+00
0.000000000000000000e+00
0.000000000000000000e+00
0.000000000000000000e+00
0.000000000000000000e+00
0.000000000000000000e+00
0.000000000000000000e+00
0.000000000000000000e+00
0.000000000000000000e+00
0.000000000000000000e+00
0.000000000000000000e+00
0.000000000000000000e+00
0.000000000000000000e+00
0.000000000000000000e+00
0.000000000000000000e+00
0.000000000000000000e+00
0.000000000000000000e+00
0.000000000000000000e+00
0.000000000000000000e+00
0.000000000000000000e+00
0.000000000000000000e+00
0.000000000000000000e+00
0.000000000000000000e+00
0.000000000000000000e+00
0.000000000000000000e+00
0.000000000000000000e+00
0.000000000000000000e+00
0.000000000000000000e+00
0.000000000000000000e+00
0.000000000000000000e+00
0.000000000000000000e+00
0.000000000000000000e+00
0.000000000000000000e+00
0.000000000000000000e+00
0.000000000000000000e+00
0.000000000000000000e+00
0.000000000000000000e+00
0.000000000000000000e+00
0.000000000000000000e+00
0.000000000000000000e+00
0.000000000000000000e+00
0.000000000000000000e+00
0.000000000000000000e+00
0.000000000000000000e+00
0.000000000000000000e+00
0.000000000000000000e+00
0.000000000000000000e+00
0.000000000000000000e+00
0.000000000000000000e+00
0.000000000000000000e+00
0.000000000000000000e+00
0.000000000000000000e+00
0.000000000000000000e+00
0.000000000000000000e+00
0.000000000000000000e+00
0.000000000000000000e+00
0.000000000000000000e+00
0.000000000000000000e+00
0.000000000000000000e+00
0.000000000000000000e+00
0.000000000000000000e+00
0.000000000000000000e+00
0.000000000000000000e+00
0.000000000000000000e+00
0.000000000000000000e+00
0.000000000000000000e+00
0.000000000000000000e+00
0.000000000000000000e+00
0.000000000000000000e+00
0.000000000000000000e+00
0.000000000000000000e+00
0.000000000000000000e+00
0.000000000000000000e+00
0.000000000000000000e+00
0.000000000000000000e+00
0.000000000000000000e+00
0.000000000000000000e+00
0.000000000000000000e+00
0.000000000000000000e+00
0.000000000000000000e+00
0.000000000000000000e+00
0.000000000000000000e+00
0.000000000000000000e+00
0.000000000000000000e+00
0.000000000000000000e+00
0.000000000000000000e+00
0.000000000000000000e+00
0.000000000000000000e+00
0.000000000000000000e+00
0.000000000000000000e+00
0.000000000000000000e+00
0.000000000000000000e+00
0.000000000000000000e+00
0.000000000000000000e+00
0.000000000000000000e+00
0.000000000000000000e+00
0.000000000000000000e+00
0.000000000000000000e+00
0.000000000000000000e+00
0.000000000000000000e+00
0.000000000000000000e+00
0.000000000000000000e+00
0.000000000000000000e+00
0.000000000000000000e+00
0.000000000000000000e+00
0.000000000000000000e+00
0.000000000000000000e+00
0.000000000000000000e+00
0.000000000000000000e+00
0.000000000000000000e+00
0.000000000000000000e+00
0.000000000000000000e+00
0.000000000000000000e+00
0.000000000000000000e+00
0.000000000000000000e+00
0.000000000000000000e+00
0.000000000000000000e+00
0.000000000000000000e+00
0.000000000000000000e+00
0.000000000000000000e+00
0.000000000000000000e+00
0.000000000000000000e+00
0.000000000000000000e+00
0.000000000000000000e+00
0.000000000000000000e+00
0.000000000000000000e+00
0.000000000000000000e+00
0.000000000000000000e+00
0.000000000000000000e+00
0.000000000000000000e+00
0.000000000000000000e+00
0.000000000000000000e+00
0.000000000000000000e+00
0.000000000000000000e+00
0.000000000000000000e+00
0.000000000000000000e+00
0.000000000000000000e+00
0.000000000000000000e+00
0.000000000000000000e+00
0.000000000000000000e+00
0.000000000000000000e+00
0.000000000000000000e+00
0.000000000000000000e+00
0.000000000000000000e+00
0.000000000000000000e+00
0.000000000000000000e+00
0.000000000000000000e+00
0.000000000000000000e+00
0.000000000000000000e+00
0.000000000000000000e+00
0.000000000000000000e+00
0.000000000000000000e+00
0.000000000000000000e+00
0.000000000000000000e+00
0.000000000000000000e+00
0.000000000000000000e+00
0.000000000000000000e+00
0.000000000000000000e+00
0.000000000000000000e+00
0.000000000000000000e+00
0.000000000000000000e+00
0.000000000000000000e+00
0.000000000000000000e+00
0.000000000000000000e+00
0.000000000000000000e+00
0.000000000000000000e+00
0.000000000000000000e+00
0.000000000000000000e+00
0.000000000000000000e+00
0.000000000000000000e+00
0.000000000000000000e+00
0.000000000000000000e+00
0.000000000000000000e+00
0.000000000000000000e+00
0.000000000000000000e+00
0.000000000000000000e+00
0.000000000000000000e+00
0.000000000000000000e+00
0.000000000000000000e+00
0.000000000000000000e+00
0.000000000000000000e+00
0.000000000000000000e+00
0.000000000000000000e+00
0.000000000000000000e+00
0.000000000000000000e+00
0.000000000000000000e+00
0.000000000000000000e+00
0.000000000000000000e+00
0.000000000000000000e+00
0.000000000000000000e+00
0.000000000000000000e+00
0.000000000000000000e+00
0.000000000000000000e+00
0.000000000000000000e+00
0.000000000000000000e+00
0.000000000000000000e+00
0.000000000000000000e+00
0.000000000000000000e+00
nan
