# bin_11_6
-2.128875663483469657e-07
-1.078530329955021031e-07
-4.440075786292848034e-08
-2.978681793897161582e-08
-2.062972019171773690e-09
-1.556748702150354876e-08
4.556481336286183360e-09
-8.329049095392020433e-09
4.579299884706820619e-09
-9.180177718544172267e-09
1.261786772002799320e-08
-1.237271283343280778e-08
8.789704526604811607e-09
8.352587152628320408e-09
7.527533560970880596e-09
5.699031594814176861e-09
3.631190973747395901e-09
2.621526724750379570e-09
4.003453057698413629e-09
6.733458879294969153e-09
8.934635042969511297e-09
9.680129411149960764e-09
9.314750398610552506e-09
8.752321146043601934e-09
8.253503782956482445e-09
7.964162687319127610e-09
8.412153991393027511e-09
9.448898400633249586e-09
1.040649934717374077e-08
1.087492635446363892e-08
1.061953769300912773e-08
8.961711685084719448e-09
5.985845683490696138e-09
2.470115602872821004e-09
-1.044809175295278435e-09
-4.192316080447977617e-09
-6.733060144132861638e-09
-9.212614934707356172e-09
-1.192425782448064769e-08
-1.444387574156589882e-08
-1.647594410281193281e-08
-1.782209508152171280e-08
-1.835706829003544862e-08
-1.801028641184273402e-08
-1.639615956852499150e-08
-1.366368466861883836e-08
-1.044178328164743858e-08
-7.209392688406396689e-09
-4.326066179318885499e-09
-2.056460126478719957e-09
-5.899575768108082209e-10
-5.641231861613719161e-11
-2.390102327877617941e-11
2.149079756649192626e-12
2.256864195565790142e-11
3.808391067730063063e-11
4.933059559261805981e-11
5.686575233065612152e-11
6.117798932827537424e-11
6.269625304580456022e-11
6.179740493764031780e-11
4.671739350516290507e-11
1.133391940722174749e-11
-3.669618509741199558e-11
-9.105912317240634495e-11
-1.465797567341061345e-10
-1.990479113111356796e-10
-2.450706218615332972e-10
-2.819463448477525967e-10
-3.075577976448594690e-10
-3.202806152978280380e-10
-3.189054556376051437e-10
-3.100641379118371363e-10
-3.010463201077198073e-10
-2.918955987198314908e-10
-2.826504679609736056e-10
-2.733448811570586212e-10
-2.640087482109988615e-10
-2.546683768629523006e-10
-2.453468644766682406e-10
-2.360644462216149771e-10
-2.268388047778389754e-10
-2.176853460480891677e-10
-2.086174448051681704e-10
-1.996466637195744407e-10
-1.902259119434902169e-10
-1.800344348207199553e-10
-1.693870206393302038e-10
-1.585560190867511635e-10
-1.477761877985348908e-10
-1.372489949696279046e-10
-1.271464408971738265e-10
-1.176144537102607785e-10
-1.087759079004728415e-10
-1.007333084665331555e-10
-9.357117841438153159e-11
-8.735818291418756005e-11
-8.214901952496891348e-11
-7.798610048414274224e-11
-7.490105006175361434e-11
-7.291603734395038274e-11
-7.358092366007680585e-11
-7.786409265079189497e-11
-8.497845166666002803e-11
-9.422226470587190063e-11
-1.049710154059531011e-10
-1.166700411917737476e-10
-1.288278628894969646e-10
-1.410101419280822849e-10
-1.528342042095847429e-10
-1.639640759353910379e-10
-1.741059822137373965e-10
-1.830042642206305444e-10
-1.904376751081622136e-10
-1.962160188101114408e-10
-2.001770994365686982e-10
-2.021839521227515610e-10
-2.021223290427510619e-10
-1.998984168523108694e-10
-1.943369700831414938e-10
-1.848345057382800541e-10
-1.721152099929221871e-10
-1.568363431788400547e-10
-1.395936957895708297e-10
-1.209266013270057042e-10
-1.013225433329744662e-10
-8.122139063539914247e-11
-6.101929183587823329e-11
-4.107225734323118691e-11
-2.169945478773546287e-11
-3.186241408848546057e-12
1.421304502722613151e-11
3.027251707457753271e-11
4.479237219677351797e-11
5.759671460717220873e-11
6.853154926363423942e-11
7.746293419091460095e-11
8.427527846156501758e-11
8.886977422173208132e-11
9.116295211124025343e-11
9.108535030647864657e-11
8.832681526579343249e-11
8.291186727582377560e-11
7.525678437591685504e-11
6.574507044498843108e-11
5.472973217834144064e-11
4.253539832828010205e-11
2.946029255572759579e-11
1.577807037951260411e-11
1.739529918598845985e-12
-1.242579460555074374e-11
-2.650814830956411884e-11
-4.031617235196267180e-11
-5.367561478907568826e-11
-6.642812899612188914e-11
-7.843015354973022342e-11
-8.955186791406468057e-11
-9.967621868409432818e-11
-1.086980115194626834e-10
-1.165230642531900722e-10
-1.230674169836469460e-10
-1.282565952578841903e-10
-1.320249227314294786e-10
-1.343148799460306257e-10
-1.350765061039539327e-10
-1.342668409370247730e-10
-1.322077721091961463e-10
-1.293157411077368782e-10
-1.256894744875596670e-10
-1.214212461175995063e-10
-1.165972555806490618e-10
-1.112979843015110481e-10
-1.055985307696445726e-10
-9.327443136449294628e-11
-8.677581710058167806e-11
-8.012962723013504611e-11
-7.338842718219860928e-11
-6.660103784934037303e-11
-5.981275600009500884e-11
-5.306556198706378163e-11
-4.639831550579854536e-11
-3.344459716403139592e-11
-2.722184980414870079e-11
-2.120681757835501803e-11
-1.542532222758506101e-11
-9.901025174355331368e-12
-4.655557185038614629e-12
2.913593378948498527e-13
9.219504645751120446e-12
1.316982464665601128e-11
1.675957614776384784e-11
1.997697368473320198e-11
2.530803604224312008e-11
2.753600465232796257e-11
2.952189754173878915e-11
3.129067791053324331e-11
3.286589453963525448e-11
3.552318374689319509e-11
3.664590561598012049e-11
3.765648768524972896e-11
3.941010318493173959e-11
4.018503195573374013e-11
4.091171371934613377e-11
4.160378142953705807e-11
4.293443603888205351e-11
4.359624439121874770e-11
4.426996078341896042e-11
4.569177359589047842e-11
4.645760821326079348e-11
4.727089196957703365e-11
4.906896958312419522e-11
5.006705702911286279e-11
5.229097551650204524e-11
5.352733315118502840e-11
5.485295440443312844e-11
5.778868989339684795e-11
5.940626998982239263e-11
6.295705816990414140e-11
6.489583572361949637e-11
7.039100831552936523e-11
7.415607989407063482e-11
7.850466438288380242e-11
8.868880187731328184e-11
9.440073856343809821e-11
1.067783432158246810e-10
1.133382692253416626e-10
1.269561796523360519e-10
1.339240685967210214e-10
1.479701241744452578e-10
1.549718878462595263e-10
1.687573198510073214e-10
1.820402340784100707e-10
1.884205415709822033e-10
2.005279778733603418e-10
2.062073897367097652e-10
2.167090873254415880e-10
2.259388618720339956e-10
2.300330303370849245e-10
2.371025422122887386e-10
2.400501498068287799e-10
2.447092030922949123e-10
2.476483493271206345e-10
2.484492926564694403e-10
2.486735583212289522e-10
2.470157106027475993e-10
2.454665515498408724e-10
2.416036519168146200e-10
2.372396598306039414e-10
2.324560449524765892e-10
2.299305274527567929e-10
2.246559817915568673e-10
2.191377427409460586e-10
2.134362521208268890e-10
2.105342787106227183e-10
2.046602452712753295e-10
1.987326639319790332e-10
1.927957584666547080e-10
1.868898431704721857e-10
1.839601056229331043e-10
1.781683996021370056e-10
1.724931616239489529e-10
1.669631101114571687e-10
1.616041726055856675e-10
1.564396886771678985e-10
1.514905987450951453e-10
1.467756197996961089e-10
1.423114089564483753e-10
1.381127156969118399e-10
1.341925235908059653e-10
1.305621822351002063e-10
1.272315300923872347e-10
1.242090088613129791e-10
1.214491648581628823e-10
1.188876634416711405e-10
1.165046729501063665e-10
1.142816699521074701e-10
1.122013604088574963e-10
1.102476056226598969e-10
1.084053526687722253e-10
1.066605690276449403e-10
1.050001811535621585e-10
1.034120167332014133e-10
1.018847504039117794e-10
1.004078527166563512e-10
9.826574364104758313e-11
9.687349902835429836e-11
9.550037019814831120e-11
9.413885507152893345e-11
9.278201642514744339e-11
9.074164935306092896e-11
8.936955433029608635e-11
8.798182639272420706e-11
8.657367374849920432e-11
8.441364344958893379e-11
8.293602642555694087e-11
8.142420150154309291e-11
7.908545361375373328e-11
7.747485283884365356e-11
7.548474462624671180e-11
6.818852418313677972e-11
6.052701207983375086e-11
4.551440722307418151e-11
3.352408217338112304e-11
2.022049114491533679e-11
-1.725244777925739197e-12
-1.738959680734445013e-11
-4.197321698014586294e-11
-5.883766726293113647e-11
-8.445370105312513248e-11
-1.015327699745607519e-10
-1.268213999012215696e-10
-1.513513046038643388e-10
-1.670986074215261225e-10
-1.895601857285232068e-10
-2.036285385269857773e-10
-2.231645189819376447e-10
-2.405970802911143737e-10
-2.509379782739395464e-10
-2.643781035082457400e-10
-2.751731292870504213e-10
-2.808211953642962008e-10
-2.868663624752146098e-10
-2.898906673992836721e-10
-2.897888894242502993e-10
-2.879401041570880073e-10
-2.834216167035591335e-10
-2.776326998287270162e-10
-2.706510013462358259e-10
-2.625501498856550855e-10
-2.565624611878221981e-10
-2.467497266262242797e-10
-2.359961127687570952e-10
-2.243622421264842939e-10
-2.119056133224488733e-10
-1.986807636291232915e-10
-1.847394225172928952e-10
-1.701306567519216804e-10
-1.549010075360715560e-10
-1.390946201719132433e-10
-1.227533666779997852e-10
-1.059169617741825219e-10
-8.862307261967459086e-11
-7.090742266553851097e-11
-4.668878424633769998e-11
-2.811775780255091866e-11
-9.231234464615037603e-12
9.942414014465813037e-12
2.937629202216104564e-11
4.904490644894208734e-11
7.559329613783873774e-11
9.571785167610030034e-11
1.242531226540464531e-10
2.135218282946387341e-10
3.154256721999945386e-10
4.428092107623735867e-10
6.458419025903084376e-10
8.185116877287272470e-10
1.005083246914771628e-09
1.270330680502822442e-09
1.478055275592701694e-09
1.761910377889084714e-09
1.976939405167797450e-09
2.262413381610819274e-09
2.473042652851735343e-09
2.745817617819901060e-09
2.942213561009453225e-09
3.190300902351610698e-09
3.419690838735816794e-09
3.577701936391381688e-09
3.767564191323209824e-09
3.931472450383294637e-09
4.036096854723321217e-09
4.149678299204924708e-09
4.232116936701647581e-09
4.281955570764193582e-09
4.297938076283115488e-09
4.287056082183795479e-09
4.239789057550929807e-09
4.124154302116572171e-09
3.936363848682770945e-09
3.686765312533174526e-09
3.384961589868617780e-09
3.039858185522718555e-09
2.659707539671574464e-09
2.252150551265389151e-09
1.824255482167574674e-09
1.382554413259765918e-09
9.330774119722226318e-10
4.813845597665762405e-10
-7.858695524269692767e-11
-5.171698531009724593e-10
-9.427938149068730541e-10
-1.351583053440552024e-09
-1.833526642578293535e-09
-2.191951153497151732e-09
-2.523127503545343856e-09
-2.894832899233775686e-09
-3.155548196946096505e-09
-3.381430421722619947e-09
-3.611993355283936164e-09
-3.753024210392408558e-09
-3.872702423424190352e-09
-3.921655151926199643e-09
-3.922627776084635452e-09
-3.896066931714703164e-09
-3.862493127466782175e-09
-3.828545744164519402e-09
-3.801146560296749214e-09
-3.766628702936631639e-09
-3.731846442920263498e-09
-3.703853699824601444e-09
-3.668681771140438891e-09
-3.633337765559697346e-09
-3.597851056243748960e-09
-3.562249286559639737e-09
-3.526558464771807294e-09
-3.490803053353793580e-09
-3.462167723371622117e-09
-3.426353081713148880e-09
-3.390534820930891113e-09
-3.347575245904502507e-09
-3.311815360709344035e-09
-3.276109600599180734e-09
-3.240473719760362163e-09
-3.204922482433208038e-09
-3.169469716217811164e-09
-3.127074540491279520e-09
-3.091882786702736584e-09
-3.056828027685931830e-09
-3.021920676382557587e-09
-2.973789369249120400e-09
-2.901685370920909263e-09
-2.776315016467858474e-09
-2.644077162048764248e-09
-2.457532455869096923e-09
-2.282832231864522871e-09
-2.054788793889226101e-09
-1.852825396292273832e-09
-1.600178881431787110e-09
-1.340348500272663717e-09
-1.121186786457449207e-09
-8.581730891667131997e-10
-5.982852853641427885e-10
-3.445766568654662497e-10
-9.982866367480405932e-11
1.334302055980400350e-10
3.529068426055021525e-10
5.565271012917933280e-10
7.424204731253897906e-10
9.089057812751634720e-10
1.054477824741889655e-09
1.177794908332608485e-09
1.277667198879291380e-09
1.353045852280949833e-09
1.403012859818576771e-09
1.428133714447589363e-09
1.420693717438393706e-09
1.397150157361471036e-09
1.358202627597583835e-09
1.316361765998027216e-09
1.259257215213327764e-09
1.204395549623211503e-09
1.134845496051978893e-09
1.071501178574052247e-09
9.944101432946488872e-10
9.150382099106533932e-10
8.345007803203875482e-10
7.653184299928444079e-10
6.852631098210497813e-10
6.067379781470530925e-10
5.305332312773295546e-10
4.573683070107227211e-10
3.878967551617474595e-10
3.227107861122291167e-10
2.623455191563056857e-10
2.072829508649498512e-10
1.579556622714713775e-10
1.147502823611196413e-10
7.330825009689790269e-11
4.432853407380211794e-11
2.242155460515940109e-11
6.337089786950952294e-12
3.150238904730001390e-13
0.000000000000000000e+00
0.000000000000000000e+00
0.000000000000000000e+00
0.000000000000000000e+00
0.000000000000000000e+00
0.000000000000000000e+00
0.000000000000000000e+00
0.000000000000000000e+00
0.000000000000000000e+00
0.000000000000000000e+00
0.000000000000000000e+00
0.000000000000000000e+00
0.000000000000000000e+00
0.000000000000000000e+00
0.000000000000000000e+00
0.000000000000000000e+00
0.000000000000000000e+00
0.000000000000000000e+00
0.000000000000000000e+00
0.000000000000000000e+00
0.000000000000000000e+00
0.000000000000000000e+00
0.000000000000000000e+00
0.000000000000000000e+00
0.000000000000000000e+00
0.000000000000000000e+00
0.000000000000000000e+00
0.000000000000000000e+00
0.000000000000000000e+00
0.000000000000000000e+00
0.000000000000000000e+00
0.000000000000000000e+00
0.000000000000000000e+00
0.000000000000000000e+00
0.000000000000000000e+00
0.000000000000000000e+00
0.000000000000000000e+00
0.000000000000000000e+00
0.000000000000000000e+00
0.000000000000000000e+00
0.000000000000000000e+00
0.000000000000000000e+00
0.000000000000000000e+00
0.000000000000000000e+00
0.000000000000000000e+00
0.000000000000000000e+00
0.000000000000000000e+00
0.000000000000000000e+00
0.000000000000000000e+00
0.000000000000000000e+00
0.000000000000000000e+00
0.000000000000000000e+00
0.000000000000000000e+00
0.000000000000000000e+00
0.000000000000000000e+00
0.000000000000000000e+00
0.000000000000000000e+00
0.000000000000000000e+00
0.000000000000000000e+00
0.000000000000000000e+00
0.000000000000000000e+00
0.000000000000000000e+00
0.000000000000000000e+00
0.000000000000000000e+00
0.000000000000000000e+00
0.000000000000000000e+00
0.000000000000000000e+00
0.000000000000000000e+00
0.000000000000000000e+00
0.000000000000000000e+00
0.000000000000000000e+00
0.000000000000000000e+00
0.000000000000000000e+00
0.000000000000000000e+00
0.000000000000000000e+00
0.000000000000000000e+00
0.000000000000000000e+00
0.000000000000000000e+00
0.000000000000000000e+00
0.000000000000000000e+00
0.000000000000000000e+00
0.000000000000000000e+00
0.000000000000000000e+00
0.000000000000000000e+00
0.000000000000000000e+00
0.000000000000000000e+00
0.000000000000000000e+00
0.000000000000000000e+00
0.000000000000000000e+00
0.000000000000000000e+00
0.000000000000000000e+00
0.000000000000000000e+00
0.000000000000000000e+00
0.000000000000000000e+00
0.000000000000000000e+00
0.000000000000000000e+00
0.000000000000000000e+00
0.000000000000000000e+00
0.000000000000000000e+00
0.000000000000000000e+00
0.000000000000000000e+00
0.000000000000000000e+00
0.000000000000000000e+00
0.000000000000000000e+00
0.000000000000000000e+00
0.000000000000000000e+00
0.000000000000000000e+00
0.000000000000000000e+00
0.000000000000000000e+00
0.000000000000000000e+00
0.000000000000000000e+00
0.000000000000000000e+00
0.000000000000000000e+00
0.000000000000000000e+00
0.000000000000000000e+00
0.000000000000000000e+00
0.000000000000000000e+00
0.000000000000000000e+00
0.000000000000000000e+00
0.000000000000000000e+00
0.000000000000000000e+00
0.000000000000000000e+00
0.000000000000000000e+00
0.000000000000000000e+00
0.000000000000000000e+00
0.000000000000000000e+00
0.000000000000000000e+00
0.000000000000000000e+00
0.000000000000000000e+00
0.000000000000000000e+00
0.000000000000000000e+00
0.000000000000000000e+00
0.000000000000000000e+00
0.000000000000000000e+00
0.000000000000000000e+00
0.000000000000000000e+00
0.000000000000000000e+00
0.000000000000000000e+00
0.000000000000000000e+00
0.000000000000000000e+00
0.000000000000000000e+00
0.000000000000000000e+00
0.000000000000000000e+00
0.000000000000000000e+00
0.000000000000000000e+00
0.000000000000000000e+00
0.000000000000000000e+00
0.000000000000000000e+00
0.000000000000000000e+00
0.000000000000000000e+00
0.000000000000000000e+00
0.000000000000000000e+00
0.000000000000000000e+00
0.000000000000000000e+00
0.000000000000000000e+00
0.000000000000000000e+00
0.000000000000000000e+00
0.000000000000000000e+00
0.000000000000000000e+00
0.000000000000000000e+00
0.000000000000000000e+00
0.000000000000000000e+00
0.000000000000000000e+00
0.000000000000000000e+00
0.000000000000000000e+00
0.000000000000000000e+00
0.000000000000000000e+00
0.000000000000000000e+00
0.000000000000000000e+00
0.000000000000000000e+00
0.000000000000000000e+00
0.000000000000000000e+00
0.000000000000000000e+00
0.000000000000000000e+00
0.000000000000000000e+00
0.000000000000000000e+00
0.000000000000000000e+00
0.000000000000000000e+00
0.000000000000000000e+00
0.000000000000000000e+00
0.000000000000000000e+00
0.000000000000000000e+00
0.000000000000000000e+00
0.000000000000000000e+00
0.000000000000000000e+00
0.000000000000000000e+00
0.000000000000000000e+00
0.000000000000000000e+00
0.000000000000000000e+00
0.000000000000000000e+00
0.000000000000000000e+00
0.000000000000000000e+00
0.000000000000000000e+00
0.000000000000000000e+00
0.000000000000000000e+00
0.000000000000000000e+00
0.000000000000000000e+00
0.000000000000000000e+00
0.000000000000000000e+00
0.000000000000000000e+00
0.000000000000000000e+00
0.000000000000000000e+00
0.000000000000000000e+00
0.000000000000000000e+00
0.000000000000000000e+00
0.000000000000000000e+00
0.000000000000000000e+00
0.000000000000000000e+00
0.000000000000000000e+00
0.000000000000000000e+00
0.000000000000000000e+00
0.000000000000000000e+00
0.000000000000000000e+00
0.000000000000000000e+00
0.000000000000000000e+00
0.000000000000000000e+00
0.000000000000000000e+00
0.000000000000000000e+00
0.000000000000000000e+00
0.000000000000000000e+00
0.000000000000000000e+00
0.000000000000000000e+00
0.000000000000000000e+00
0.000000000000000000e+00
0.000000000000000000e+00
0.000000000000000000e+00
0.000000000000000000e+00
0.000000000000000000e+00
0.000000000000000000e+00
0.000000000000000000e+00
0.000000000000000000e+00
0.000000000000000000e+00
0.000000000000000000e+00
0.000000000000000000e+00
0.000000000000000000e+00
0.000000000000000000e+00
0.000000000000000000e+00
0.000000000000000000e+00
0.000000000000000000e+00
0.000000000000000000e+00
0.000000000000000000e+00
0.000000000000000000e+00
0.000000000000000000e+00
0.000000000000000000e+00
0.000000000000000000e+00
0.000000000000000000e+00
0.000000000000000000e+00
0.000000000000000000e+00
0.000000000000000000e+00
0.000000000000000000e+00
0.000000000000000000e+00
0.000000000000000000e+00
0.000000000000000000e+00
0.000000000000000000e+00
0.000000000000000000e+00
0.000000000000000000e+00
0.000000000000000000e+00
0.000000000000000000e+00
0.000000000000000000e+00
0.000000000000000000e+00
0.000000000000000000e+00
0.000000000000000000e+00
0.000000000000000000e+00
0.000000000000000000e+00
0.000000000000000000e+00
0.000000000000000000e+00
0.000000000000000000e+00
0.000000000000000000e+00
0.000000000000000000e+00
0.000000000000000000e+00
0.000000000000000000e+00
0.000000000000000000e+00
0.000000000000000000e+00
0.000000000000000000e+00
0.000000000000000000e+00
0.000000000000000000e+00
0.000000000000000000e+00
0.000000000000000000e+00
0.000000000000000000e+00
0.000000000000000000e+00
0.000000000000000000e+00
0.000000000000000000e+00
0.000000000000000000e+00
0.000000000000000000e+00
0.000000000000000000e+00
0.000000000000000000e+00
0.000000000000000000e+00
0.000000000000000000e+00
0.000000000000000000e+00
0.000000000000000000e+00
0.000000000000000000e+00
0.000000000000000000e+00
0.000000000000000000e+00
0.000000000000000000e+00
0.000000000000000000e+00
0.000000000000000000e+00
0.000000000000000000e+00
0.000000000000000000e+00
0.000000000000000000e+00
0.000000000000000000e+00
0.000000000000000000e+00
0.000000000000000000e+00
0.000000000000000000e+00
0.000000000000000000e+00
0.000000000000000000e+00
0.000000000000000000e+00
0.000000000000000000e+00
0.000000000000000000e+00
0.000000000000000000e+00
0.000000000000000000e+00
0.000000000000000000e+00
0.000000000000000000e+00
0.000000000000000000e+00
0.000000000000000000e+00
0.000000000000000000e+00
0.000000000000000000e+00
0.000000000000000000e+00
0.000000000000000000e+00
0.000000000000000000e+00
0.000000000000000000e+00
0.000000000000000000e+00
0.000000000000000000e+00
0.000000000000000000e+00
0.000000000000000000e+00
0.000000000000000000e+00
0.000000000000000000e+00
0.000000000000000000e+00
0.000000000000000000e+00
0.000000000000000000e+00
0.000000000000000000e+00
0.000000000000000000e+00
0.000000000000000000e+00
0.000000000000000000e+00
0.000000000000000000e+00
0.000000000000000000e+00
0.000000000000000000e+00
0.000000000000000000e+00
0.000000000000000000e+00
0.000000000000000000e+00
0.000000000000000000e+00
0.000000000000000000e+00
0.000000000000000000e+00
0.000000000000000000e+00
0.000000000000000000e+00
0.000000000000000000e+00
0.000000000000000000e+00
0.000000000000000000e+00
0.000000000000000000e+00
0.000000000000000000e+00
0.000000000000000000e+00
0.000000000000000000e+00
0.000000000000000000e+00
0.000000000000000000e+00
0.000000000000000000e+00
0.000000000000000000e+00
0.000000000000000000e+00
0.000000000000000000e+00
0.000000000000000000e+00
0.000000000000000000e+00
0.000000000000000000e+00
0.000000000000000000e+00
0.000000000000000000e+00
0.000000000000000000e+00
0.000000000000000000e+00
0.000000000000000000e+00
0.000000000000000000e+00
0.000000000000000000e+00
0.000000000000000000e+00
0.000000000000000000e+00
0.000000000000000000e+00
0.000000000000000000e+00
0.000000000000000000e+00
0.000000000000000000e+00
0.000000000000000000e+00
0.000000000000000000e+00
0.000000000000000000e+00
0.000000000000000000e+00
0.000000000000000000e+00
0.000000000000000000e+00
0.000000000000000000e+00
0.000000000000000000e+00
0.000000000000000000e+00
0.000000000000000000e+00
0.000000000000000000e+00
0.000000000000000000e+00
0.000000000000000000e+00
0.000000000000000000e+00
0.000000000000000000e+00
0.000000000000000000e+00
0.000000000000000000e+00
0.000000000000000000e+00
0.000000000000000000e+00
0.000000000000000000e+00
0.000000000000000000e+00
0.000000000000000000e+00
0.000000000000000000e+00
0.000000000000000000e+00
0.000000000000000000e+00
0.000000000000000000e+00
0.000000000000000000e+00
0.000000000000000000e+00
0.000000000000000000e+00
0.000000000000000000e+00
0.000000000000000000e+00
0.000000000000000000e+00
0.000000000000000000e+00
0.000000000000000000e+00
0.000000000000000000e+00
0.000000000000000000e+00
0.000000000000000000e+00
0.000000000000000000e+00
0.000000000000000000e+00
0.000000000000000000e+00
0.000000000000000000e+00
0.000000000000000000e+00
0.000000000000000000e+00
0.000000000000000000e+00
0.000000000000000000e+00
0.000000000000000000e+00
0.000000000000000000e+00
0.000000000000000000e+00
0.000000000000000000e+00
0.000000000000000000e+00
0.000000000000000000e+00
0.000000000000000000e+00
0.000000000000000000e+00
0.000000000000000000e+00
0.000000000000000000e+00
0.000000000000000000e+00
0.000000000000000000e+00
0.000000000000000000e+00
0.000000000000000000e+00
0.000000000000000000e+00
0.000000000000000000e+00
0.000000000000000000e+00
0.000000000000000000e+00
0.000000000000000000e+00
0.000000000000000000e+00
0.000000000000000000e+00
0.000000000000000000e+00
0.000000000000000000e+00
0.000000000000000000e+00
0.000000000000000000e+00
0.000000000000000000e+00
0.000000000000000000e+00
0.000000000000000000e+00
0.000000000000000000e+00
0.000000000000000000e+00
0.000000000000000000e+00
0.000000000000000000e+00
0.000000000000000000e+00
0.000000000000000000e+00
0.000000000000000000e+00
0.000000000000000000e+00
0.000000000000000000e+00
0.000000000000000000e+00
0.000000000000000000e+00
0.000000000000000000e+00
0.000000000000000000e+00
0.000000000000000000e+00
0.000000000000000000e+00
0.000000000000000000e+00
0.000000000000000000e+00
0.000000000000000000e+00
0.000000000000000000e+00
0.000000000000000000e+00
0.000000000000000000e+00
0.000000000000000000e+00
0.000000000000000000e+00
0.000000000000000000e+00
0.000000000000000000e+00
0.000000000000000000e+00
0.000000000000000000e+00
0.000000000000000000e+00
0.000000000000000000e+00
0.000000000000000000e+00
0.000000000000000000e+00
0.000000000000000000e+00
0.000000000000000000e+00
0.000000000000000000e+00
0.000000000000000000e+00
0.000000000000000000e+00
0.000000000000000000e+00
0.000000000000000000e+00
0.000000000000000000e+00
0.000000000000000000e+00
0.000000000000000000e+00
0.000000000000000000e+00
0.000000000000000000e+00
0.000000000000000000e+00
0.000000000000000000e+00
0.000000000000000000e+00
0.000000000000000000e+00
0.000000000000000000e+00
0.000000000000000000e+00
0.000000000000000000e+00
0.000000000000000000e+00
0.000000000000000000e+00
0.000000000000000000e+00
0.000000000000000000e+00
0.000000000000000000e+00
0.000000000000000000e+00
0.000000000000000000e+00
0.000000000000000000e+00
0.000000000000000000e+00
0.000000000000000000e+00
0.000000000000000000e+00
0.000000000000000000e+00
0.000000000000000000e+00
0.000000000000000000e+00
0.000000000000000000e+00
0.000000000000000000e+00
0.000000000000000000e+00
0.000000000000000000e+00
0.000000000000000000e+00
0.000000000000000000e+00
nan
