# bin_16_12
-7.133117767439474062e-08
-3.511783636900810141e-08
-4.169445556816945704e-08
-1.270835829420577230e-08
-2.655893362150827267e-08
-2.183780165593342745e-09
-1.862130836618733561e-08
3.314763790961824074e-09
-1.365739987268354270e-08
6.191152345710621425e-09
-8.823690191918740532e-09
6.687730572144421773e-09
-4.658246977548294470e-09
-3.282703350021710678e-09
-2.268813556637368828e-09
-2.808499107613612818e-09
-4.142488687008119559e-09
-5.485130253182178847e-09
-7.066140891573068186e-09
-8.685525602127098393e-09
-9.683310695190488556e-09
-9.770492477212595848e-09
-9.241087029996633983e-09
-8.622491339277209418e-09
-8.073872881727197336e-09
-7.682928989277286414e-09
-7.599162900575401457e-09
-7.722058457710200979e-09
-7.818619814724888555e-09
-7.746164831653391218e-09
-7.423371330841817686e-09
-6.722587011172414123e-09
-5.727265596809831615e-09
-4.643792659385614090e-09
-3.613620269335425250e-09
-2.730836467324660750e-09
-2.055088586240326296e-09
-1.489170944897450189e-09
-9.451677836406338305e-10
-4.641315199522725343e-10
-7.359245836823475099e-11
2.090486025738014378e-10
3.739347132529188425e-10
4.167805275573056301e-10
3.658599184831486817e-10
2.699352976368158188e-10
1.534814002554556326e-10
3.516368971489840677e-11
-7.097858087262533810e-11
-1.545854251832094372e-10
-2.082170572382639794e-10
-2.267447164896748884e-10
-2.250411660485796648e-10
-2.211674318262903794e-10
-2.160444676945379213e-10
-2.104074422621751636e-10
-2.048382742532473796e-10
-1.997925547349682272e-10
-1.956218511013048689e-10
-1.925922036838774289e-10
-1.908994775521688402e-10
-2.010788075943952198e-10
-2.284967468075850478e-10
-2.665454795886405495e-10
-3.097801607071246304e-10
-3.537416739267782645e-10
-3.948060213295764167e-10
-4.300562263681279347e-10
-4.571732990594423437e-10
-4.743433640590812625e-10
-4.801785118406929338e-10
-4.736493162692276503e-10
-4.537260257237405584e-10
-4.225759903038070778e-10
-3.837530278113068766e-10
-3.402788395417045520e-10
-2.947124975506782218e-10
-2.492109511830960645e-10
-2.055817505381237609e-10
-1.653290171605887736e-10
-1.296935495126702265e-10
-9.968782886329803894e-11
-7.612658693432368229e-11
-5.965350727916462656e-11
-5.076455568908025047e-11
-4.628504027278372768e-11
-4.265288368700552574e-11
-3.970141141992842538e-11
-3.728427806690351218e-11
-3.527322953115743602e-11
-3.355611173630811662e-11
-3.203509767565837897e-11
-3.062510800997323446e-11
-2.925240338210586715e-11
-2.785332920114112995e-11
-2.637319591022945345e-11
-2.476527973358152096e-11
-2.298993063584104276e-11
-2.101377575285196095e-11
-1.880900789396585642e-11
-1.635274989605645976e-11
-1.257814715826443425e-11
-6.715285107369738358e-12
8.432245195616852124e-13
9.745795440620223948e-12
1.967802387431637482e-11
3.035920603073662232e-11
4.153918091408452226e-11
5.299546691031690194e-11
6.453066384956437572e-11
7.597009510210890059e-11
8.715966682823215343e-11
9.796392379139717970e-11
1.082642831914243862e-10
1.179574298066892368e-10
1.269538573757815174e-10
1.351765426204512714e-10
1.425597396317388312e-10
1.490478835262784049e-10
1.553566492458042588e-10
1.621174309702388186e-10
1.691683745108186930e-10
1.763639168991882723e-10
1.835734132169854415e-10
1.906798769675099299e-10
1.975788243142231906e-10
2.041772133760885738e-10
2.103924705532605549e-10
2.161515965665449601e-10
2.213903455377418020e-10
2.260524710219148794e-10
2.300890334327254572e-10
2.334577637834342049e-10
2.361224791037395617e-10
2.380525452905015759e-10
2.392223835124204642e-10
2.396110166182652197e-10
2.392016522984013305e-10
2.379813000228864745e-10
2.359404190287673556e-10
2.330725948567052098e-10
2.290789921598166309e-10
2.237938880145971066e-10
2.174014669058950678e-10
2.100717602880794902e-10
2.019616186041410118e-10
1.932156164260509376e-10
1.839668955056706658e-10
1.743379501634813993e-10
1.644413591094013752e-10
1.543804674835341195e-10
1.442500226225178980e-10
1.341367667972900492e-10
1.241199899285937767e-10
1.142720450657492858e-10
1.046588292106229893e-10
9.534023188079915914e-11
8.637055363255825968e-11
7.779889660407049933e-11
6.966952899128827246e-11
6.202222523225390589e-11
5.489258354910081345e-11
4.831232238013052275e-11
4.230955712609691507e-11
3.690905853472205105e-11
3.213249395472877507e-11
2.781732453351025047e-11
2.377338419922949199e-11
1.997969515852355843e-11
1.641653518232241027e-11
1.306536642642089561e-11
9.908768370344603547e-12
6.930374624443069479e-12
1.447651221983861083e-12
-1.084659716302099315e-12
-3.494831755732816194e-12
-5.794788703751556748e-12
-7.995710269380880737e-12
-1.010807395734272480e-11
-1.214169459810259668e-11
-1.410576165266587994e-11
-1.785907528565477490e-11
-1.966388107709266540e-11
-2.143031271528581318e-11
-2.316492318175029466e-11
-2.487382394508794241e-11
-2.656270991984436376e-11
-2.823688304382870886e-11
-3.156046602561242914e-11
-3.321870927234835775e-11
-3.487994512611494883e-11
-3.654782120494672258e-11
-3.996463461921873713e-11
-4.180057847196168071e-11
-4.371503211639935666e-11
-4.569062414765426383e-11
-4.771106073676082172e-11
-5.182634628962913692e-11
-5.389350459347304853e-11
-5.595002766667495252e-11
-5.998517910566880138e-11
-6.194272459903373416e-11
-6.384738921427973178e-11
-6.569036690077310040e-11
-6.915914967056574123e-11
-7.077035682258547267e-11
-7.229061954127749084e-11
-7.503488238504418600e-11
-7.624833866554996542e-11
-7.734971268380578304e-11
-7.919975021058890681e-11
-7.994111901695043364e-11
-8.104091897062264763e-11
-8.139405525999798617e-11
-8.161297815104532850e-11
-8.164070598708910237e-11
-8.144639995110754148e-11
-8.063540592413916559e-11
-8.001693988976685138e-11
-7.859762463128538997e-11
-7.786185321463835691e-11
-7.711177287059184703e-11
-7.557729187726031670e-11
-7.479692266050608098e-11
-7.321923906565145150e-11
-7.242536160492368920e-11
-7.083545722770761577e-11
-7.004234713191875339e-11
-6.846651682106652228e-11
-6.768625858800835580e-11
-6.614669831676843360e-11
-6.464186056858818189e-11
-6.390478354456529159e-11
-6.246547321585215654e-11
-6.176475032862472152e-11
-6.040458814981553241e-11
-5.910351320509727463e-11
-5.847649518213434062e-11
-5.727188732304555589e-11
-5.669514684252405492e-11
-5.559466939635550633e-11
-5.456700929546309624e-11
-5.408118436653014722e-11
-5.316671249330102730e-11
-5.232975427809688959e-11
-5.194073795708873580e-11
-5.119150550508980353e-11
-5.045994252587006900e-11
-4.974549068226375558e-11
-4.939451293180078516e-11
-4.870472821978058929e-11
-4.803075179846894899e-11
-4.737209720775104672e-11
-4.704836865563566090e-11
-4.641182489122764746e-11
-4.578946584830036154e-11
-4.518086620817320538e-11
-4.458561641181851178e-11
-4.429287385668686291e-11
-4.371691368829083583e-11
-4.315334397316214346e-11
-4.260180510223798097e-11
-4.206195038277656438e-11
-4.153344548995307672e-11
-4.101596794520520052e-11
-4.050920661985834314e-11
-4.001286126265078551e-11
-3.952664204986229711e-11
-3.905026915682787723e-11
-3.858347234969125516e-11
-3.812599059632084355e-11
-3.767757169537453844e-11
-3.757703161017998255e-11
-3.810947930835231214e-11
-3.919819743382869907e-11
-4.077165539930819684e-11
-4.276319483192447878e-11
-4.511073415532461204e-11
-4.775649109535424231e-11
-5.064672197774157990e-11
-5.373147676160812858e-11
-5.696436882271561843e-11
-6.030235856553716035e-11
-6.370555000380652574e-11
-6.885253894920065309e-11
-7.226312458139605390e-11
-7.562137173017863117e-11
-7.889932242893625454e-11
-8.207124191170131336e-11
-8.657912114670994546e-11
-8.938675232450617267e-11
-9.201388836155478710e-11
-9.444322125479319080e-11
-9.768230623654421811e-11
-9.955144146916871978e-11
-1.011738941886601329e-10
-1.031213077329876046e-10
-1.040814744810759289e-10
-1.047900911704285340e-10
-1.057060442822586014e-10
-1.062474819552273391e-10
-1.069567232731445121e-10
-1.073615414709164389e-10
-1.077124889319435384e-10
-1.081390137862295950e-10
-1.083575632614687251e-10
-1.085881488067993867e-10
-1.086779489045380760e-10
-1.087183840488749340e-10
-1.086834804029038683e-10
-1.085400748068489637e-10
-1.082895598259612763e-10
-1.080642657831964203e-10
-1.076407660412721691e-10
-1.073024982494507261e-10
-1.067131081772998408e-10
-1.060276478959743548e-10
-1.055185952664342399e-10
-1.046788436129797550e-10
-1.037500214977300547e-10
-1.030826197990906841e-10
-1.020111755675155432e-10
-1.008576361855170758e-10
-9.962458859431571186e-11
-9.875965287584085251e-11
-9.709517470275689205e-11
-9.481308855701571401e-11
-9.200684118800133127e-11
-8.876286698121327395e-11
-8.639674208922820533e-11
-8.259771139964903778e-11
-7.856059651535366437e-11
-7.434986443869059093e-11
-7.002488918801738335e-11
-6.564028981424421643e-11
-6.124624636791814872e-11
-5.688879530163562305e-11
-5.261010568745864886e-11
-4.844873753179100298e-11
-4.443988338018285380e-11
-4.061559432123039566e-11
-3.700499142158548551e-11
-3.363446355258522787e-11
-2.955473938806458489e-11
-2.683302525833442558e-11
-2.442190585155015395e-11
-2.233792275979942310e-11
-2.059574492470137857e-11
-1.920829869732571954e-11
-1.792949638563118758e-11
-1.741113417806412653e-11
-1.723255856670752346e-11
-1.727038897394097425e-11
-1.746848980851661554e-11
-1.779130613696498443e-11
-1.838582601651670135e-11
-1.893392565443209087e-11
-1.955301044129003126e-11
-2.046499653586891187e-11
-2.119726853679568375e-11
-2.221553446862773672e-11
-2.299655537005496007e-11
-2.404198707700178289e-11
-2.481720427557303639e-11
-2.582300327364690418e-11
-2.654649159569300184e-11
-2.745660478001125754e-11
-2.829053105741717145e-11
-2.885770836681994680e-11
-2.952632563824680775e-11
-3.008462178040641786e-11
-3.042492466913244304e-11
-3.076695618886224067e-11
-3.097408950756216539e-11
-3.103937503131798665e-11
-3.095679397783463535e-11
-3.079468566506352747e-11
-3.042106459924606108e-11
-2.944474813310150774e-11
-2.776408996075942284e-11
-2.546359927609365823e-11
-2.262194978505223204e-11
-1.931234363728495744e-11
-1.560285253162837046e-11
-1.155673748862920903e-11
-7.232748680039302932e-12
-2.685406609571361415e-12
2.034734149504013263e-12
6.880837536546244379e-12
1.304987535308199930e-11
1.802585707144523496e-11
2.299855515603543865e-11
2.793451405482330691e-11
3.400610441305826168e-11
3.875052870935530300e-11
4.336692925395796638e-11
4.892209738466696641e-11
5.316830964922678067e-11
5.721792860960094676e-11
6.197740434018477636e-11
6.552416049757424565e-11
6.960904849309080196e-11
7.258328557612825867e-11
7.591640578329827431e-11
7.848037886287369683e-11
8.185862776110297399e-11
8.537738120761460522e-11
8.825888932448775405e-11
9.190404707381603786e-11
9.555658791998808488e-11
9.845692539657878500e-11
1.020242927218710948e-10
1.054957131649963447e-10
1.088404275064631502e-10
1.120305507986083021e-10
1.150408695286552542e-10
1.178486524748921536e-10
1.199352540298368847e-10
1.223284449915622729e-10
1.244672020474107984e-10
1.266771300911198961e-10
1.282064409714327195e-10
1.294398659609254948e-10
1.303677219645839532e-10
1.309816877815436826e-10
1.312747028996881013e-10
1.311944438547166028e-10
1.307621318369941203e-10
1.299936872168114289e-10
1.288863841476435066e-10
1.267395827155381886e-10
1.227563105728907395e-10
1.153744414349457665e-10
1.073614993816609770e-10
9.587563378911661914e-11
8.500984626542672371e-11
7.073034602322704130e-11
5.802401327116952160e-11
4.207623827705491603e-11
2.563390258494291244e-11
1.174412348022700703e-11
-4.939531236198962798e-12
-2.143083411523816354e-11
-3.752631064832117862e-11
-5.304057814039188794e-11
-6.780509146709943062e-11
-8.166697260965709253e-11
-9.448791823812791624e-11
-1.061431800239949409e-10
-1.165206127419960988e-10
-1.255197855718446094e-10
-1.330511523347918029e-10
-1.390352767002679251e-10
-1.434021086757400685e-10
-1.460903089503844148e-10
-1.470343063017622853e-10
-1.459228712832426764e-10
-1.435046555591324775e-10
-1.395042610316030627e-10
-1.352066854270732049e-10
-1.293413395671170120e-10
-1.237063658440506191e-10
-1.165627124369553646e-10
-1.100564651210153998e-10
-1.021382593317678543e-10
-9.398577700814757565e-11
-8.571358376386851957e-11
-7.860769804198275351e-11
-7.038502341649708825e-11
-6.231951813473589958e-11
-5.449234516131494763e-11
-4.697739968421758492e-11
-3.984180937796657007e-11
-3.314640159631091050e-11
-2.694613972996689805e-11
-2.129053080688968851e-11
-1.622400626621954234e-11
-1.178627770163522018e-11
-7.529666818107298987e-12
-4.553090432109093291e-12
-2.302971841473438087e-12
-6.508977451937457066e-13
-3.235686204306985280e-14
0.000000000000000000e+00
0.000000000000000000e+00
0.000000000000000000e+00
0.000000000000000000e+00
0.000000000000000000e+00
0.000000000000000000e+00
0.000000000000000000e+00
0.000000000000000000e+00
0.000000000000000000e+00
0.000000000000000000e+00
0.000000000000000000e+00
0.000000000000000000e+00
0.000000000000000000e+00
0.000000000000000000e+00
0.000000000000000000e+00
0.000000000000000000e+00
0.000000000000000000e+00
0.000000000000000000e+00
0.000000000000000000e+00
0.000000000000000000e+00
0.000000000000000000e+00
0.000000000000000000e+00
0.000000000000000000e+00
0.000000000000000000e+00
0.000000000000000000e+00
0.000000000000000000e+00
0.000000000000000000e+00
0.000000000000000000e+00
0.000000000000000000e+00
0.000000000000000000e+00
0.000000000000000000e+00
0.000000000000000000e+00
0.000000000000000000e+00
0.000000000000000000e+00
0.000000000000000000e+00
0.000000000000000000e+00
0.000000000000000000e+00
0.000000000000000000e+00
0.000000000000000000e+00
0.000000000000000000e+00
0.000000000000000000e+00
0.000000000000000000e+00
0.000000000000000000e+00
0.000000000000000000e+00
0.000000000000000000e+00
0.000000000000000000e+00
0.000000000000000000e+00
0.000000000000000000e+00
0.000000000000000000e+00
0.000000000000000000e+00
0.000000000000000000e+00
0.000000000000000000e+00
0.000000000000000000e+00
0.000000000000000000e+00
0.000000000000000000e+00
0.000000000000000000e+00
0.000000000000000000e+00
0.000000000000000000e+00
0.000000000000000000e+00
0.000000000000000000e+00
0.000000000000000000e+00
0.000000000000000000e+00
0.000000000000000000e+00
0.000000000000000000e+00
0.000000000000000000e+00
0.000000000000000000e+00
0.000000000000000000e+00
0.000000000000000000e+00
0.000000000000000000e+00
0.000000000000000000e+00
0.000000000000000000e+00
0.000000000000000000e+00
0.000000000000000000e+00
0.000000000000000000e+00
0.000000000000000000e+00
0.000000000000000000e+00
0.000000000000000000e+00
0.000000000000000000e+00
0.000000000000000000e+00
0.000000000000000000e+00
0.000000000000000000e+00
0.000000000000000000e+00
0.000000000000000000e+00
0.000000000000000000e+00
0.000000000000000000e+00
0.000000000000000000e+00
0.000000000000000000e+00
0.000000000000000000e+00
0.000000000000000000e+00
0.000000000000000000e+00
0.000000000000000000e+00
0.000000000000000000e+00
0.000000000000000000e+00
0.000000000000000000e+00
0.000000000000000000e+00
0.000000000000000000e+00
0.000000000000000000e+00
0.000000000000000000e+00
0.000000000000000000e+00
0.000000000000000000e+00
0.000000000000000000e+00
0.000000000000000000e+00
0.000000000000000000e+00
0.000000000000000000e+00
0.000000000000000000e+00
0.000000000000000000e+00
0.000000000000000000e+00
0.000000000000000000e+00
0.000000000000000000e+00
0.000000000000000000e+00
0.000000000000000000e+00
0.000000000000000000e+00
0.000000000000000000e+00
0.000000000000000000e+00
0.000000000000000000e+00
0.000000000000000000e+00
0.000000000000000000e+00
0.000000000000000000e+00
0.000000000000000000e+00
0.000000000000000000e+00
0.000000000000000000e+00
0.000000000000000000e+00
0.000000000000000000e+00
0.000000000000000000e+00
0.000000000000000000e+00
0.000000000000000000e+00
0.000000000000000000e+00
0.000000000000000000e+00
0.000000000000000000e+00
0.000000000000000000e+00
0.000000000000000000e+00
0.000000000000000000e+00
0.000000000000000000e+00
0.000000000000000000e+00
0.000000000000000000e+00
0.000000000000000000e+00
0.000000000000000000e+00
0.000000000000000000e+00
0.000000000000000000e+00
0.000000000000000000e+00
0.000000000000000000e+00
0.000000000000000000e+00
0.000000000000000000e+00
0.000000000000000000e+00
0.000000000000000000e+00
0.000000000000000000e+00
0.000000000000000000e+00
0.000000000000000000e+00
0.000000000000000000e+00
0.000000000000000000e+00
0.000000000000000000e+00
0.000000000000000000e+00
0.000000000000000000e+00
0.000000000000000000e+00
0.000000000000000000e+00
0.000000000000000000e+00
0.000000000000000000e+00
0.000000000000000000e+00
0.000000000000000000e+00
0.000000000000000000e+00
0.000000000000000000e+00
0.000000000000000000e+00
0.000000000000000000e+00
0.000000000000000000e+00
0.000000000000000000e+00
0.000000000000000000e+00
0.000000000000000000e+00
0.000000000000000000e+00
0.000000000000000000e+00
0.000000000000000000e+00
0.000000000000000000e+00
0.000000000000000000e+00
0.000000000000000000e+00
0.000000000000000000e+00
0.000000000000000000e+00
0.000000000000000000e+00
0.000000000000000000e+00
0.000000000000000000e+00
0.000000000000000000e+00
0.000000000000000000e+00
0.000000000000000000e+00
0.000000000000000000e+00
0.000000000000000000e+00
0.000000000000000000e+00
0.000000000000000000e+00
0.000000000000000000e+00
0.000000000000000000e+00
0.000000000000000000e+00
0.000000000000000000e+00
0.000000000000000000e+00
0.000000000000000000e+00
0.000000000000000000e+00
0.000000000000000000e+00
0.000000000000000000e+00
0.000000000000000000e+00
0.000000000000000000e+00
0.000000000000000000e+00
0.000000000000000000e+00
0.000000000000000000e+00
0.000000000000000000e+00
0.000000000000000000e+00
0.000000000000000000e+00
0.000000000000000000e+00
0.000000000000000000e+00
0.000000000000000000e+00
0.000000000000000000e+00
0.000000000000000000e+00
0.000000000000000000e+00
0.000000000000000000e+00
0.000000000000000000e+00
0.000000000000000000e+00
0.000000000000000000e+00
0.000000000000000000e+00
0.000000000000000000e+00
0.000000000000000000e+00
0.000000000000000000e+00
0.000000000000000000e+00
0.000000000000000000e+00
0.000000000000000000e+00
0.000000000000000000e+00
0.000000000000000000e+00
0.000000000000000000e+00
0.000000000000000000e+00
0.000000000000000000e+00
0.000000000000000000e+00
0.000000000000000000e+00
0.000000000000000000e+00
0.000000000000000000e+00
0.000000000000000000e+00
0.000000000000000000e+00
0.000000000000000000e+00
0.000000000000000000e+00
0.000000000000000000e+00
0.000000000000000000e+00
0.000000000000000000e+00
0.000000000000000000e+00
0.000000000000000000e+00
0.000000000000000000e+00
0.000000000000000000e+00
0.000000000000000000e+00
0.000000000000000000e+00
0.000000000000000000e+00
0.000000000000000000e+00
0.000000000000000000e+00
0.000000000000000000e+00
0.000000000000000000e+00
0.000000000000000000e+00
0.000000000000000000e+00
0.000000000000000000e+00
0.000000000000000000e+00
0.000000000000000000e+00
0.000000000000000000e+00
0.000000000000000000e+00
0.000000000000000000e+00
0.000000000000000000e+00
0.000000000000000000e+00
0.000000000000000000e+00
0.000000000000000000e+00
0.000000000000000000e+00
0.000000000000000000e+00
0.000000000000000000e+00
0.000000000000000000e+00
0.000000000000000000e+00
0.000000000000000000e+00
0.000000000000000000e+00
0.000000000000000000e+00
0.000000000000000000e+00
0.000000000000000000e+00
0.000000000000000000e+00
0.000000000000000000e+00
0.000000000000000000e+00
0.000000000000000000e+00
0.000000000000000000e+00
0.000000000000000000e+00
0.000000000000000000e+00
0.000000000000000000e+00
0.000000000000000000e+00
0.000000000000000000e+00
0.000000000000000000e+00
0.000000000000000000e+00
0.000000000000000000e+00
0.000000000000000000e+00
0.000000000000000000e+00
0.000000000000000000e+00
0.000000000000000000e+00
0.000000000000000000e+00
0.000000000000000000e+00
0.000000000000000000e+00
0.000000000000000000e+00
0.000000000000000000e+00
0.000000000000000000e+00
0.000000000000000000e+00
0.000000000000000000e+00
0.000000000000000000e+00
0.000000000000000000e+00
0.000000000000000000e+00
0.000000000000000000e+00
0.000000000000000000e+00
0.000000000000000000e+00
0.000000000000000000e+00
0.000000000000000000e+00
0.000000000000000000e+00
0.000000000000000000e+00
0.000000000000000000e+00
0.000000000000000000e+00
0.000000000000000000e+00
0.000000000000000000e+00
0.000000000000000000e+00
0.000000000000000000e+00
0.000000000000000000e+00
0.000000000000000000e+00
0.000000000000000000e+00
0.000000000000000000e+00
0.000000000000000000e+00
0.000000000000000000e+00
0.000000000000000000e+00
0.000000000000000000e+00
0.000000000000000000e+00
0.000000000000000000e+00
0.000000000000000000e+00
0.000000000000000000e+00
0.000000000000000000e+00
0.000000000000000000e+00
0.000000000000000000e+00
0.000000000000000000e+00
0.000000000000000000e+00
0.000000000000000000e+00
0.000000000000000000e+00
0.000000000000000000e+00
0.000000000000000000e+00
0.000000000000000000e+00
0.000000000000000000e+00
0.000000000000000000e+00
0.000000000000000000e+00
0.000000000000000000e+00
0.000000000000000000e+00
0.000000000000000000e+00
0.000000000000000000e+00
0.000000000000000000e+00
0.000000000000000000e+00
0.000000000000000000e+00
0.000000000000000000e+00
0.000000000000000000e+00
0.000000000000000000e+00
0.000000000000000000e+00
0.000000000000000000e+00
0.000000000000000000e+00
0.000000000000000000e+00
0.000000000000000000e+00
0.000000000000000000e+00
0.000000000000000000e+00
0.000000000000000000e+00
0.000000000000000000e+00
0.000000000000000000e+00
0.000000000000000000e+00
0.000000000000000000e+00
0.000000000000000000e+00
0.000000000000000000e+00
0.000000000000000000e+00
0.000000000000000000e+00
0.000000000000000000e+00
0.000000000000000000e+00
0.000000000000000000e+00
0.000000000000000000e+00
0.000000000000000000e+00
0.000000000000000000e+00
0.000000000000000000e+00
0.000000000000000000e+00
0.000000000000000000e+00
0.000000000000000000e+00
0.000000000000000000e+00
0.000000000000000000e+00
0.000000000000000000e+00
0.000000000000000000e+00
0.000000000000000000e+00
0.000000000000000000e+00
0.000000000000000000e+00
0.000000000000000000e+00
0.000000000000000000e+00
0.000000000000000000e+00
0.000000000000000000e+00
0.000000000000000000e+00
0.000000000000000000e+00
0.000000000000000000e+00
0.000000000000000000e+00
0.000000000000000000e+00
0.000000000000000000e+00
0.000000000000000000e+00
0.000000000000000000e+00
0.000000000000000000e+00
0.000000000000000000e+00
0.000000000000000000e+00
0.000000000000000000e+00
0.000000000000000000e+00
0.000000000000000000e+00
0.000000000000000000e+00
0.000000000000000000e+00
0.000000000000000000e+00
0.000000000000000000e+00
0.000000000000000000e+00
0.000000000000000000e+00
0.000000000000000000e+00
0.000000000000000000e+00
0.000000000000000000e+00
0.000000000000000000e+00
0.000000000000000000e+00
0.000000000000000000e+00
0.000000000000000000e+00
0.000000000000000000e+00
0.000000000000000000e+00
0.000000000000000000e+00
0.000000000000000000e+00
0.000000000000000000e+00
0.000000000000000000e+00
0.000000000000000000e+00
0.000000000000000000e+00
0.000000000000000000e+00
0.000000000000000000e+00
0.000000000000000000e+00
0.000000000000000000e+00
0.000000000000000000e+00
0.000000000000000000e+00
0.000000000000000000e+00
0.000000000000000000e+00
0.000000000000000000e+00
0.000000000000000000e+00
0.000000000000000000e+00
0.000000000000000000e+00
0.000000000000000000e+00
0.000000000000000000e+00
0.000000000000000000e+00
0.000000000000000000e+00
0.000000000000000000e+00
0.000000000000000000e+00
0.000000000000000000e+00
0.000000000000000000e+00
0.000000000000000000e+00
0.000000000000000000e+00
0.000000000000000000e+00
0.000000000000000000e+00
0.000000000000000000e+00
0.000000000000000000e+00
0.000000000000000000e+00
0.000000000000000000e+00
0.000000000000000000e+00
0.000000000000000000e+00
0.000000000000000000e+00
0.000000000000000000e+00
0.000000000000000000e+00
0.000000000000000000e+00
0.000000000000000000e+00
0.000000000000000000e+00
0.000000000000000000e+00
0.000000000000000000e+00
0.000000000000000000e+00
0.000000000000000000e+00
0.000000000000000000e+00
0.000000000000000000e+00
0.000000000000000000e+00
0.000000000000000000e+00
0.000000000000000000e+00
0.000000000000000000e+00
0.000000000000000000e+00
0.000000000000000000e+00
0.000000000000000000e+00
0.000000000000000000e+00
0.000000000000000000e+00
0.000000000000000000e+00
0.000000000000000000e+00
0.000000000000000000e+00
0.000000000000000000e+00
0.000000000000000000e+00
0.000000000000000000e+00
0.000000000000000000e+00
0.000000000000000000e+00
0.000000000000000000e+00
0.000000000000000000e+00
0.000000000000000000e+00
0.000000000000000000e+00
0.000000000000000000e+00
0.000000000000000000e+00
0.000000000000000000e+00
0.000000000000000000e+00
0.000000000000000000e+00
0.000000000000000000e+00
0.000000000000000000e+00
0.000000000000000000e+00
0.000000000000000000e+00
0.000000000000000000e+00
0.000000000000000000e+00
0.000000000000000000e+00
0.000000000000000000e+00
0.000000000000000000e+00
0.000000000000000000e+00
0.000000000000000000e+00
0.000000000000000000e+00
0.000000000000000000e+00
0.000000000000000000e+00
0.000000000000000000e+00
0.000000000000000000e+00
0.000000000000000000e+00
0.000000000000000000e+00
0.000000000000000000e+00
0.000000000000000000e+00
0.000000000000000000e+00
0.000000000000000000e+00
0.000000000000000000e+00
0.000000000000000000e+00
0.000000000000000000e+00
0.000000000000000000e+00
0.000000000000000000e+00
0.000000000000000000e+00
0.000000000000000000e+00
0.000000000000000000e+00
0.000000000000000000e+00
0.000000000000000000e+00
nan
