# bin_20_4
1.743012031427362917e-09
1.439003753157224580e-09
-2.176298437784041559e-09
1.016902758418027216e-08
-1.605658824094467034e-09
2.244309206576652727e-08
-2.759475224609739698e-09
2.656071676395504675e-08
-8.393936547995859874e-09
2.041226020525070228e-08
8.511740048453120380e-09
9.561724406033392211e-09
2.962126815622782923e-08
4.156516316019607657e-08
4.303505317661886480e-08
2.838300692105993303e-08
1.072229356288500077e-08
3.216538127374924834e-09
5.717661419940344148e-09
1.033741085445463358e-08
1.370438391835583075e-08
1.418353160263187470e-08
6.167602060722601571e-09
-7.253593214103185589e-09
-1.778789275048021632e-08
-2.085975322109986890e-08
-8.801774028393557614e-09
1.392554136292918565e-08
3.610369540498811986e-08
5.079565567519580296e-08
5.398313018484280155e-08
8.693220001302028082e-09
-8.577331076798777576e-08
-1.898223521534295334e-07
-2.767264497444857389e-07
-3.290897802369871529e-07
-3.362564380005686412e-07
-2.833389695637745023e-07
-1.852143523343590956e-07
-7.198030917954137430e-08
3.463190100020129628e-08
1.192770645011591768e-07
1.714730096997369311e-07
1.844272453916707907e-07
1.678680694175070828e-07
1.398162744447569902e-07
1.067368166027077684e-07
7.355280759248654824e-08
4.396009537894555204e-08
2.067899802007240985e-08
5.656038760546152720e-09
2.257979681417664542e-10
-5.764125032523137588e-11
-2.832422827651617200e-10
-4.584733637181203422e-10
-5.898625042104147052e-10
-6.831224723879410326e-10
-7.432578940286537044e-10
-7.746572330724340243e-10
-7.811719538147522613e-10
-7.661847895114661706e-10
-7.408082398793035604e-10
-7.142917470170757252e-10
-6.868812725869171840e-10
-6.587906095052225213e-10
-6.302054304847410215e-10
-6.012868062716596356e-10
-5.721742673986705153e-10
-5.429884723017655175e-10
-5.138335354157050998e-10
-4.847990610769820966e-10
-4.559619224825669906e-10
-4.218698586666763169e-10
-3.794478841143019484e-10
-3.319137954410134058e-10
-2.819890889537630960e-10
-2.319645395072005616e-10
-1.837572497391268767e-10
-1.389603117488340031e-10
-9.888606322987835447e-11
-6.460378363246320888e-11
-3.697255943631896765e-11
-1.666994799179927782e-11
-4.216984060955467593e-12
-2.047513787141555372e-21
-1.741307863470575504e-21
-1.469064970389113409e-21
-1.228024870475738278e-21
-1.015650775847522745e-21
-8.296100886533283352e-22
-6.677569383157118617e-22
-5.281163337570627655e-22
-4.088697687253972115e-22
-3.083421358757160492e-22
-2.249898207574745151e-22
-1.573898605636792112e-22
-1.042300646339046568e-22
-6.430000446387204410e-23
-3.648279052568700239e-23
-1.974756169070373126e-23
-1.314262059791275720e-23
-1.139250767207032112e-23
-9.811092199368767246e-24
-8.386846028034501223e-24
-7.109025406895717791e-24
-5.967614009640608951e-24
-4.953270451355365624e-24
-4.057279912221976915e-24
-3.271509519038303767e-24
-2.588367167424821076e-24
-2.000763496573912060e-24
-1.502076754540079493e-24
-1.086120315645914635e-24
-7.471126328724365447e-25
-4.796494273447121181e-25
-2.786779344262912525e-25
-1.394730416908771050e-25
-5.761516831098877230e-26
-2.896974834339608516e-26
-2.575389057217059360e-26
-2.279592177317967042e-26
-2.008097844049184998e-26
-1.759505460730215123e-26
-1.532494884863975134e-26
-1.325821484878412915e-26
-1.138311527211348068e-26
-9.688578696900236559e-27
-8.164159390577122189e-27
-6.799999722385209003e-27
-5.586795025222292003e-27
-4.515760733082838609e-27
-3.578601633830990474e-27
-2.767483089291051117e-27
-2.075004085872154397e-27
-1.494171989256921412e-27
-1.018378886154258664e-27
-6.413794048252946298e-28
-3.572699140973840706e-28
-1.604690079488770603e-28
-4.569918953254796757e-29
-7.969674753298358362e-30
-7.193066194655622428e-30
-6.470487184750189553e-30
-5.799281379023800872e-30
-5.176922930104338963e-30
-4.601009618901867383e-30
-4.069256379509451153e-30
-3.579489193282998306e-30
-3.129639329147146515e-30
-2.717737908725314701e-30
-2.341910776330875263e-30
-2.000373655187868717e-30
-1.691427572487965874e-30
-1.413454537038123515e-30
-1.164913454318816188e-30
-9.443362647646061023e-31
-7.503242919980447249e-31
-5.815447886050471611e-31
-4.367276678353204775e-31
-3.146624103534262098e-31
-2.141951358555243524e-31
-1.342258300095405183e-31
-7.370571777598259570e-32
-3.163477472412862493e-32
-7.059368479570305380e-33
9.299770753817261184e-34
9.154288813293134969e-34
8.946423382370559668e-34
8.684482357551568685e-34
8.376215916220421387e-34
8.028849623056600949e-34
7.649115574092394318e-34
7.243281699349285059e-34
6.376229185645904210e-34
5.925465731107335289e-34
5.469560244512739505e-34
5.012842434124993943e-34
4.559320834564119911e-34
4.112702008567766424e-34
3.676408632591570118e-34
3.253596532949976290e-34
2.459800584099120262e-34
2.093933992945190510e-34
1.751810867455073998e-34
1.435475758955395850e-34
1.146789788442982112e-34
8.874418854069734077e-35
6.589593812391744897e-35
2.999512454770762096e-35
1.717593267652410950e-35
7.911747174796975991e-36
2.288383955185853916e-36
3.538823952475114367e-37
3.284126608396132546e-37
3.042379780681438933e-37
2.813121933085277169e-37
2.595907966884802636e-37
2.195909729439124261e-37
2.012311925852266561e-37
1.839129809102690367e-37
1.522538373350372208e-37
1.378424032881553122e-37
1.243314380740636994e-37
1.116886899917172586e-37
8.888439898030032064e-38
7.866379083746525224e-38
6.919319161026465520e-38
5.239476134985528761e-38
4.501559110713933511e-38
3.828368519092550412e-38
2.666836399454212098e-38
2.174027445432314313e-38
1.353718826466933764e-38
1.022191479476830834e-38
7.405101455293755148e-39
3.193570114496200243e-39
1.763744572351365033e-39
1.725859145217137333e-40
-2.043502374768370859e-41
-1.993234068865113069e-41
-1.957869421609654373e-41
-1.916569374965445624e-41
-1.818625887947873630e-41
-1.763138644741674400e-41
-1.641811487824597554e-41
-1.576963115365699820e-41
-1.441189741536753928e-41
-1.371112018283658383e-41
-1.228529848522094845e-41
-1.156746311386771948e-41
-1.013853994510116214e-41
-8.738675447769732587e-42
-8.056544692287249849e-42
-6.740350594633859966e-42
-6.110843899716726546e-42
-4.919404196357713649e-42
-3.830474048754871960e-42
-3.328671905871372755e-42
-2.417898655488920015e-42
-2.011630479061227640e-42
-1.303393227065304671e-42
-7.412994828523058420e-43
-5.174107323445073529e-43
-1.880082797041023368e-43
-2.105458060408933872e-44
1.056961968722393170e-47
1.035772568273895089e-47
1.004265769525818315e-47
9.641335505453829491e-48
9.413236453814761192e-48
8.911266480498873127e-48
8.359520037010561530e-48
7.770506123923591469e-48
7.465640255919883935e-48
6.841876264159980691e-48
6.207634595516967785e-48
5.572028452092823219e-48
4.943353504848026371e-48
4.633998741648006633e-48
4.029631305586330307e-48
3.449735935998600199e-48
2.900186617779407666e-48
2.386275355217813862e-48
1.912754855570983134e-48
1.483878232618117475e-48
1.103435942183498741e-48
7.747901458683523255e-49
5.009066847226523641e-49
2.843848312017081588e-49
1.274849754093262627e-49
3.215439023646307650e-50
5.120948603078506281e-53
4.681173884492045087e-53
4.268310424581467797e-53
3.881191766434301458e-53
3.518702027764130756e-53
3.179773549384301145e-53
2.863384662869443533e-53
2.568557570810163095e-53
2.294356333463534820e-53
2.039884955972380620e-53
1.804285570674321673e-53
1.586736709345037094e-53
1.386451660525728617e-53
1.116754127118542851e-53
9.564009476023113244e-54
8.108099232183525738e-54
6.793324807345048640e-54
5.613470986021804910e-54
4.083704245645801267e-54
3.215629793939679442e-54
2.462686259467774915e-54
1.819736425765523241e-54
1.050830868255308983e-54
6.617567345260276086e-55
3.663041503229301965e-55
8.940823429519126704e-56
9.777374872426807063e-57
-5.302060386194028862e-61
-5.162776637112551365e-61
-5.037963473559853953e-61
-4.810595177148126716e-61
-4.636456722218370984e-61
-4.447408332526380926e-61
-4.141319218415301231e-61
-3.925625660834564385e-61
-3.589977438455274545e-61
-3.361013338698944638e-61
-3.014305564258651829e-61
-2.783425942371114016e-61
-2.441326128120414958e-61
-2.108468953585015724e-61
-1.893823791407343752e-61
-1.585630027734960671e-61
-1.390883337906556276e-61
-1.117226682527928780e-61
-8.683003711248228663e-62
-7.173808810246313860e-62
-5.152755257732529778e-62
-3.441360718253466066e-62
-2.481567684494958446e-62
-1.325547339131762262e-62
-5.224120772788230237e-63
-8.425670676619950402e-64
-4.412771498176551045e-70
-4.007698659521190889e-70
-3.629218692817380321e-70
-3.276089402700542076e-70
-2.947126660108359751e-70
-2.740684321465096907e-70
-2.449516316432054692e-70
-2.179619427860261959e-70
-1.929998716021117153e-70
-1.699705015780361384e-70
-1.487832691553653040e-70
-1.293517511945534840e-70
-1.115934637119314836e-70
-9.542967123832990474e-71
-8.078520618883470311e-71
-6.758829767125735997e-71
-5.577040919647628788e-71
-4.526608478697638634e-71
-3.601280301080394800e-71
-2.551831748450641539e-71
-1.895645731737737870e-71
-1.345670301149770902e-71
-8.967737054889650570e-72
-5.440514678531075629e-72
-2.828158815620325340e-72
-6.909813306549304650e-73
-4.245318436974754761e-74
3.832601157280653603e-81
3.729872167252889302e-81
3.628050684569338009e-81
3.508168230362500073e-81
3.324799644547203670e-81
3.172816026539828568e-81
3.010978465001510449e-81
2.783510884581164493e-81
2.606682225679455520e-81
2.366032156816861546e-81
2.184034381581892288e-81
1.942252914580203062e-81
1.763389898195978499e-81
1.530637158018636245e-81
1.361888307098892024e-81
1.146675076583622784e-81
9.447443809904733922e-82
8.032642889885791453e-82
6.294148507901044062e-82
4.740051824978935199e-82
3.704554989244723089e-82
2.508062470797122597e-82
1.532889649405027974e-82
7.894178604938869376e-83
2.866031705840450598e-83
7.206770302931638173e-84
8.092832793499108494e-93
7.373305957392407565e-93
6.699398644794163976e-93
6.069062325540347350e-93
5.480340467451905220e-93
4.931364106594776060e-93
4.420347650003564683e-93
3.945584897553586407e-93
3.505445270496085888e-93
3.098370234947050306e-93
2.722869909338170471e-93
2.377519845515059579e-93
1.986161746484550240e-93
1.703760051804217344e-93
1.447295178376543654e-93
1.215588502721697394e-93
9.590582127244365150e-94
7.790086573965298944e-94
6.202272595886151736e-94
4.501740324766410815e-94
3.357363901807768140e-94
2.395409731591883313e-94
1.436615274996973895e-94
8.546571075903638041e-95
3.459391897780453242e-95
1.050219656814569865e-95
-1.794440358508190672e-107
-1.769310180456454950e-107
-1.723666840503572451e-107
-1.664447341313128604e-107
-1.608795763595881191e-107
-1.530622770951727191e-107
-1.444671660305264568e-107
-1.371505951895034919e-107
-1.275924286858948711e-107
-1.177177616109484603e-107
-1.076667603126628357e-107
-9.756803440191561437e-108
-8.753941917487220484e-108
-7.768870630583241128e-108
-7.000266906414536575e-108
-6.071434280036674696e-108
-5.185794254880391392e-108
-4.190617001678689611e-108
-3.425565789372047443e-108
-2.725411963236925220e-108
-2.095583547341510859e-108
-1.540939947614339502e-108
-1.065811653109944141e-108
-6.059902234424946224e-109
-3.186664969396824824e-109
-1.215784235806663657e-109
-1.721322420065644860e-110
5.865008949464094751e-124
5.752677844422982154e-124
5.572327894277767535e-124
5.389539312895123820e-124
5.137663769850153486e-124
4.905364914770998279e-124
4.605284218955180129e-124
4.341487885793982346e-124
4.013222977959060071e-124
3.676972729549118244e-124
3.394041559547210863e-124
3.054980425655650013e-124
2.720143682080224576e-124
2.393145908493438566e-124
2.077279146569898869e-124
1.775535280493148115e-124
1.490626921995141418e-124
1.225006902217355959e-124
9.808864653598938821e-125
7.602522523153346264e-125
5.648821562232652699e-125
3.963601260901471995e-125
2.560899892576060393e-125
1.453083585401573613e-125
6.509668525641980328e-126
1.139670576220781341e-126
1.162064096347795889e-143
1.067500749794000797e-143
9.640933930636499278e-144
8.811293171212239499e-144
7.906515077514074921e-144
7.182755408185365973e-144
6.396000160799827054e-144
5.768887823903505585e-144
5.089858315607038372e-144
4.464883647918752647e-144
3.891364724956752216e-144
3.438850704811984974e-144
2.954408185106531552e-144
2.514646523501276438e-144
2.117404364035515940e-144
1.760620543695033639e-144
1.442329182472758233e-144
1.160655033986786701e-144
9.138090816162291756e-145
7.000843660592340536e-145
5.178520310943858218e-145
3.655575751469268645e-145
2.262652203079686463e-145
1.332135760819719115e-145
6.565971319841919187e-146
1.803476233302285239e-146
8.750889030395749728e-148
0.000000000000000000e+00
0.000000000000000000e+00
0.000000000000000000e+00
0.000000000000000000e+00
0.000000000000000000e+00
0.000000000000000000e+00
0.000000000000000000e+00
0.000000000000000000e+00
0.000000000000000000e+00
0.000000000000000000e+00
0.000000000000000000e+00
0.000000000000000000e+00
0.000000000000000000e+00
0.000000000000000000e+00
0.000000000000000000e+00
0.000000000000000000e+00
0.000000000000000000e+00
0.000000000000000000e+00
0.000000000000000000e+00
0.000000000000000000e+00
0.000000000000000000e+00
0.000000000000000000e+00
0.000000000000000000e+00
0.000000000000000000e+00
0.000000000000000000e+00
0.000000000000000000e+00
0.000000000000000000e+00
0.000000000000000000e+00
0.000000000000000000e+00
0.000000000000000000e+00
0.000000000000000000e+00
0.000000000000000000e+00
0.000000000000000000e+00
0.000000000000000000e+00
0.000000000000000000e+00
0.000000000000000000e+00
0.000000000000000000e+00
0.000000000000000000e+00
0.000000000000000000e+00
0.000000000000000000e+00
0.000000000000000000e+00
0.000000000000000000e+00
0.000000000000000000e+00
0.000000000000000000e+00
0.000000000000000000e+00
0.000000000000000000e+00
0.000000000000000000e+00
0.000000000000000000e+00
0.000000000000000000e+00
0.000000000000000000e+00
0.000000000000000000e+00
0.000000000000000000e+00
0.000000000000000000e+00
0.000000000000000000e+00
0.000000000000000000e+00
0.000000000000000000e+00
0.000000000000000000e+00
0.000000000000000000e+00
0.000000000000000000e+00
0.000000000000000000e+00
0.000000000000000000e+00
0.000000000000000000e+00
0.000000000000000000e+00
0.000000000000000000e+00
0.000000000000000000e+00
0.000000000000000000e+00
0.000000000000000000e+00
0.000000000000000000e+00
0.000000000000000000e+00
0.000000000000000000e+00
0.000000000000000000e+00
0.000000000000000000e+00
0.000000000000000000e+00
0.000000000000000000e+00
0.000000000000000000e+00
0.000000000000000000e+00
0.000000000000000000e+00
0.000000000000000000e+00
0.000000000000000000e+00
0.000000000000000000e+00
0.000000000000000000e+00
0.000000000000000000e+00
0.000000000000000000e+00
0.000000000000000000e+00
0.000000000000000000e+00
0.000000000000000000e+00
0.000000000000000000e+00
0.000000000000000000e+00
0.000000000000000000e+00
0.000000000000000000e+00
0.000000000000000000e+00
0.000000000000000000e+00
0.000000000000000000e+00
0.000000000000000000e+00
0.000000000000000000e+00
0.000000000000000000e+00
0.000000000000000000e+00
0.000000000000000000e+00
0.000000000000000000e+00
0.000000000000000000e+00
0.000000000000000000e+00
0.000000000000000000e+00
0.000000000000000000e+00
0.000000000000000000e+00
0.000000000000000000e+00
0.000000000000000000e+00
0.000000000000000000e+00
0.000000000000000000e+00
0.000000000000000000e+00
0.000000000000000000e+00
0.000000000000000000e+00
0.000000000000000000e+00
0.000000000000000000e+00
0.000000000000000000e+00
0.000000000000000000e+00
0.000000000000000000e+00
0.000000000000000000e+00
0.000000000000000000e+00
0.000000000000000000e+00
0.000000000000000000e+00
0.000000000000000000e+00
0.000000000000000000e+00
0.000000000000000000e+00
0.000000000000000000e+00
0.000000000000000000e+00
0.000000000000000000e+00
0.000000000000000000e+00
0.000000000000000000e+00
0.000000000000000000e+00
0.000000000000000000e+00
0.000000000000000000e+00
0.000000000000000000e+00
0.000000000000000000e+00
0.000000000000000000e+00
0.000000000000000000e+00
0.000000000000000000e+00
0.000000000000000000e+00
0.000000000000000000e+00
0.000000000000000000e+00
0.000000000000000000e+00
0.000000000000000000e+00
0.000000000000000000e+00
0.000000000000000000e+00
0.000000000000000000e+00
0.000000000000000000e+00
0.000000000000000000e+00
0.000000000000000000e+00
0.000000000000000000e+00
0.000000000000000000e+00
0.000000000000000000e+00
0.000000000000000000e+00
0.000000000000000000e+00
0.000000000000000000e+00
0.000000000000000000e+00
0.000000000000000000e+00
0.000000000000000000e+00
0.000000000000000000e+00
0.000000000000000000e+00
0.000000000000000000e+00
0.000000000000000000e+00
0.000000000000000000e+00
0.000000000000000000e+00
0.000000000000000000e+00
0.000000000000000000e+00
0.000000000000000000e+00
0.000000000000000000e+00
0.000000000000000000e+00
0.000000000000000000e+00
0.000000000000000000e+00
0.000000000000000000e+00
0.000000000000000000e+00
0.000000000000000000e+00
0.000000000000000000e+00
0.000000000000000000e+00
0.000000000000000000e+00
0.000000000000000000e+00
0.000000000000000000e+00
0.000000000000000000e+00
0.000000000000000000e+00
0.000000000000000000e+00
0.000000000000000000e+00
0.000000000000000000e+00
0.000000000000000000e+00
0.000000000000000000e+00
0.000000000000000000e+00
0.000000000000000000e+00
0.000000000000000000e+00
0.000000000000000000e+00
0.000000000000000000e+00
0.000000000000000000e+00
0.000000000000000000e+00
0.000000000000000000e+00
0.000000000000000000e+00
0.000000000000000000e+00
0.000000000000000000e+00
0.000000000000000000e+00
0.000000000000000000e+00
0.000000000000000000e+00
0.000000000000000000e+00
0.000000000000000000e+00
0.000000000000000000e+00
0.000000000000000000e+00
0.000000000000000000e+00
0.000000000000000000e+00
0.000000000000000000e+00
0.000000000000000000e+00
0.000000000000000000e+00
0.000000000000000000e+00
0.000000000000000000e+00
0.000000000000000000e+00
0.000000000000000000e+00
0.000000000000000000e+00
0.000000000000000000e+00
0.000000000000000000e+00
0.000000000000000000e+00
0.000000000000000000e+00
0.000000000000000000e+00
0.000000000000000000e+00
0.000000000000000000e+00
0.000000000000000000e+00
0.000000000000000000e+00
0.000000000000000000e+00
0.000000000000000000e+00
0.000000000000000000e+00
0.000000000000000000e+00
0.000000000000000000e+00
0.000000000000000000e+00
0.000000000000000000e+00
0.000000000000000000e+00
0.000000000000000000e+00
0.000000000000000000e+00
0.000000000000000000e+00
0.000000000000000000e+00
0.000000000000000000e+00
0.000000000000000000e+00
0.000000000000000000e+00
0.000000000000000000e+00
0.000000000000000000e+00
0.000000000000000000e+00
0.000000000000000000e+00
0.000000000000000000e+00
0.000000000000000000e+00
0.000000000000000000e+00
0.000000000000000000e+00
0.000000000000000000e+00
0.000000000000000000e+00
0.000000000000000000e+00
0.000000000000000000e+00
0.000000000000000000e+00
0.000000000000000000e+00
0.000000000000000000e+00
0.000000000000000000e+00
0.000000000000000000e+00
0.000000000000000000e+00
0.000000000000000000e+00
0.000000000000000000e+00
0.000000000000000000e+00
0.000000000000000000e+00
0.000000000000000000e+00
0.000000000000000000e+00
0.000000000000000000e+00
0.000000000000000000e+00
0.000000000000000000e+00
0.000000000000000000e+00
0.000000000000000000e+00
0.000000000000000000e+00
0.000000000000000000e+00
0.000000000000000000e+00
0.000000000000000000e+00
0.000000000000000000e+00
0.000000000000000000e+00
0.000000000000000000e+00
0.000000000000000000e+00
0.000000000000000000e+00
0.000000000000000000e+00
0.000000000000000000e+00
0.000000000000000000e+00
0.000000000000000000e+00
0.000000000000000000e+00
0.000000000000000000e+00
0.000000000000000000e+00
0.000000000000000000e+00
0.000000000000000000e+00
0.000000000000000000e+00
0.000000000000000000e+00
0.000000000000000000e+00
0.000000000000000000e+00
0.000000000000000000e+00
0.000000000000000000e+00
0.000000000000000000e+00
0.000000000000000000e+00
0.000000000000000000e+00
0.000000000000000000e+00
0.000000000000000000e+00
0.000000000000000000e+00
0.000000000000000000e+00
0.000000000000000000e+00
0.000000000000000000e+00
0.000000000000000000e+00
0.000000000000000000e+00
0.000000000000000000e+00
0.000000000000000000e+00
0.000000000000000000e+00
0.000000000000000000e+00
0.000000000000000000e+00
0.000000000000000000e+00
0.000000000000000000e+00
0.000000000000000000e+00
0.000000000000000000e+00
0.000000000000000000e+00
0.000000000000000000e+00
0.000000000000000000e+00
0.000000000000000000e+00
0.000000000000000000e+00
0.000000000000000000e+00
0.000000000000000000e+00
0.000000000000000000e+00
0.000000000000000000e+00
0.000000000000000000e+00
0.000000000000000000e+00
0.000000000000000000e+00
0.000000000000000000e+00
0.000000000000000000e+00
0.000000000000000000e+00
0.000000000000000000e+00
0.000000000000000000e+00
0.000000000000000000e+00
0.000000000000000000e+00
0.000000000000000000e+00
0.000000000000000000e+00
0.000000000000000000e+00
0.000000000000000000e+00
0.000000000000000000e+00
0.000000000000000000e+00
0.000000000000000000e+00
0.000000000000000000e+00
0.000000000000000000e+00
0.000000000000000000e+00
0.000000000000000000e+00
0.000000000000000000e+00
0.000000000000000000e+00
0.000000000000000000e+00
0.000000000000000000e+00
0.000000000000000000e+00
0.000000000000000000e+00
0.000000000000000000e+00
0.000000000000000000e+00
0.000000000000000000e+00
0.000000000000000000e+00
0.000000000000000000e+00
0.000000000000000000e+00
0.000000000000000000e+00
0.000000000000000000e+00
0.000000000000000000e+00
0.000000000000000000e+00
0.000000000000000000e+00
0.000000000000000000e+00
0.000000000000000000e+00
0.000000000000000000e+00
0.000000000000000000e+00
0.000000000000000000e+00
0.000000000000000000e+00
0.000000000000000000e+00
0.000000000000000000e+00
0.000000000000000000e+00
0.000000000000000000e+00
0.000000000000000000e+00
0.000000000000000000e+00
0.000000000000000000e+00
0.000000000000000000e+00
0.000000000000000000e+00
0.000000000000000000e+00
0.000000000000000000e+00
0.000000000000000000e+00
0.000000000000000000e+00
0.000000000000000000e+00
0.000000000000000000e+00
0.000000000000000000e+00
0.000000000000000000e+00
0.000000000000000000e+00
0.000000000000000000e+00
0.000000000000000000e+00
0.000000000000000000e+00
0.000000000000000000e+00
0.000000000000000000e+00
0.000000000000000000e+00
0.000000000000000000e+00
0.000000000000000000e+00
0.000000000000000000e+00
0.000000000000000000e+00
0.000000000000000000e+00
0.000000000000000000e+00
0.000000000000000000e+00
0.000000000000000000e+00
0.000000000000000000e+00
0.000000000000000000e+00
0.000000000000000000e+00
0.000000000000000000e+00
0.000000000000000000e+00
0.000000000000000000e+00
0.000000000000000000e+00
0.000000000000000000e+00
0.000000000000000000e+00
0.000000000000000000e+00
0.000000000000000000e+00
0.000000000000000000e+00
0.000000000000000000e+00
0.000000000000000000e+00
0.000000000000000000e+00
0.000000000000000000e+00
0.000000000000000000e+00
0.000000000000000000e+00
0.000000000000000000e+00
0.000000000000000000e+00
0.000000000000000000e+00
0.000000000000000000e+00
0.000000000000000000e+00
0.000000000000000000e+00
0.000000000000000000e+00
0.000000000000000000e+00
0.000000000000000000e+00
0.000000000000000000e+00
0.000000000000000000e+00
0.000000000000000000e+00
0.000000000000000000e+00
0.000000000000000000e+00
0.000000000000000000e+00
0.000000000000000000e+00
0.000000000000000000e+00
0.000000000000000000e+00
0.000000000000000000e+00
0.000000000000000000e+00
0.000000000000000000e+00
0.000000000000000000e+00
0.000000000000000000e+00
0.000000000000000000e+00
0.000000000000000000e+00
0.000000000000000000e+00
0.000000000000000000e+00
0.000000000000000000e+00
0.000000000000000000e+00
0.000000000000000000e+00
0.000000000000000000e+00
0.000000000000000000e+00
0.000000000000000000e+00
0.000000000000000000e+00
0.000000000000000000e+00
0.000000000000000000e+00
0.000000000000000000e+00
0.000000000000000000e+00
0.000000000000000000e+00
0.000000000000000000e+00
0.000000000000000000e+00
0.000000000000000000e+00
0.000000000000000000e+00
0.000000000000000000e+00
0.000000000000000000e+00
0.000000000000000000e+00
0.000000000000000000e+00
0.000000000000000000e+00
0.000000000000000000e+00
0.000000000000000000e+00
0.000000000000000000e+00
0.000000000000000000e+00
0.000000000000000000e+00
0.000000000000000000e+00
0.000000000000000000e+00
0.000000000000000000e+00
0.000000000000000000e+00
0.000000000000000000e+00
0.000000000000000000e+00
0.000000000000000000e+00
0.000000000000000000e+00
0.000000000000000000e+00
0.000000000000000000e+00
0.000000000000000000e+00
0.000000000000000000e+00
0.000000000000000000e+00
0.000000000000000000e+00
0.000000000000000000e+00
0.000000000000000000e+00
0.000000000000000000e+00
0.000000000000000000e+00
0.000000000000000000e+00
0.000000000000000000e+00
0.000000000000000000e+00
0.000000000000000000e+00
0.000000000000000000e+00
0.000000000000000000e+00
0.000000000000000000e+00
0.000000000000000000e+00
0.000000000000000000e+00
0.000000000000000000e+00
0.000000000000000000e+00
0.000000000000000000e+00
0.000000000000000000e+00
0.000000000000000000e+00
0.000000000000000000e+00
0.000000000000000000e+00
0.000000000000000000e+00
0.000000000000000000e+00
0.000000000000000000e+00
0.000000000000000000e+00
0.000000000000000000e+00
0.000000000000000000e+00
0.000000000000000000e+00
0.000000000000000000e+00
0.000000000000000000e+00
0.000000000000000000e+00
0.000000000000000000e+00
0.000000000000000000e+00
0.000000000000000000e+00
0.000000000000000000e+00
0.000000000000000000e+00
0.000000000000000000e+00
0.000000000000000000e+00
nan
