# bin_15_3
-5.392616593695919827e-08
1.966095924176384957e-08
-5.485216807515172873e-08
2.952186634019098210e-08
-5.234689064125129898e-08
3.787623820647873099e-08
-5.020613625332863861e-08
4.924343762892432242e-08
-3.631198962459671629e-08
4.993247154250375905e-08
-9.162037300634343202e-09
3.693775301644444352e-08
3.788877260951651407e-08
6.213791771993847285e-08
7.394806499471098635e-08
4.219068066445267372e-08
2.692418481224533307e-09
-1.292185862569771016e-08
3.059680976916726192e-10
2.218038010837733897e-08
3.843076895156495967e-08
4.215565894815072200e-08
2.389845249617187791e-08
-5.925919179182383055e-09
-2.941959087723062447e-08
-3.671111572303460684e-08
-3.408592512986580525e-08
-3.164290512516863314e-08
-2.937194525061678870e-08
-2.726230464610587343e-08
-2.530312803291084587e-08
-1.960092914495302470e-08
-7.564138452519657722e-09
9.180272062757828285e-09
2.935213022578673905e-08
5.194383370977077656e-08
7.616278937177671745e-08
1.153044798568792307e-07
1.712578935899551056e-07
2.299852100187319468e-07
2.814663934679865869e-07
3.187372854383644372e-07
3.371512174185883753e-07
3.338112798191687695e-07
3.037205257251617619e-07
2.526840302163153445e-07
1.925176149766091158e-07
1.322177115579650707e-07
7.853672206353702115e-08
3.644342038648898325e-08
9.491897651233471406e-09
1.175564533995286172e-10
1.512068066816782424e-10
2.455609826655534382e-10
3.807035291787121672e-10
5.405017634296941277e-10
7.119614768456053258e-10
8.846920024795339487e-10
1.050461469247059512e-09
1.202826586905698254e-09
1.336824146118222146e-09
1.479365358111006761e-09
1.647602946776539281e-09
1.825461787824321153e-09
1.999870053151521797e-09
2.160290916473020730e-09
2.298325475585241107e-09
2.407375798663686742e-09
2.482358804005955188e-09
2.519463177300590787e-09
2.515942772954387675e-09
2.469940980979227654e-09
2.356689813206011679e-09
2.170024552029867848e-09
1.933589857402557271e-09
1.667475942281885071e-09
1.388683591398843555e-09
1.111529014804097826e-09
8.479965655810357217e-10
6.080462283724585987e-10
3.998818280176659558e-10
2.301850899403556813e-10
1.043199844804885369e-10
2.651118811529351451e-11
-1.964888548962382019e-17
-1.895283616848697436e-17
-1.785585507060974659e-17
-1.646281630683790133e-17
-1.486521578475352264e-17
-1.314266761302641110e-17
-1.136423436979823111e-17
-9.589610309954039122e-18
-7.870174286540281120e-18
-6.249927154621449859e-18
-4.766326672178808774e-18
-3.451031378489595032e-18
-2.330563586777689244e-18
-1.426900449823328691e-18
-7.580010231502089341e-19
-3.382763418061130272e-19
-1.790087275672660628e-19
-1.542753273331449017e-19
-1.319299433002530325e-19
-1.118106515624827694e-19
-9.376646530084653313e-20
-7.765654538421489151e-20
-6.334947287048206444e-20
-5.072257812678461028e-20
-3.966132177603714628e-20
-3.005872311697979782e-20
-2.181483206116340640e-20
-1.483624098774471189e-20
-9.035633239452310850e-21
-4.331365274471697871e-21
-6.470797524183084793e-22
2.088652929102298333e-21
3.942666914993260548e-21
4.977509062267095217e-21
5.251724893362059209e-21
5.129003829052899599e-21
4.944158948638136502e-21
4.708724993050916755e-21
4.433169439649873564e-21
4.126979540704104153e-21
3.798742291141062582e-21
3.456217921436042049e-21
3.106407458638686344e-21
2.755614850616461899e-21
2.409504105153952902e-21
2.073151856135516993e-21
1.751095733263767638e-21
1.447378879270616471e-21
1.165590929044072254e-21
9.089057382367995937e-22
6.801161244853383362e-22
4.816658621201797246e-22
3.156791509816563570e-22
1.839877614857437827e-22
8.815604124070348927e-23
2.950395314917389731e-23
9.128300902359842217e-24
8.236720218213549856e-24
7.407184682223780647e-24
6.636643710190565793e-24
5.922196585710805320e-24
5.261084571594344264e-24
4.650683473547468392e-24
4.088496627842046178e-24
3.572148286609766595e-24
3.099377376182268247e-24
2.668031605550385243e-24
2.276061903544924799e-24
1.921517164763463484e-24
1.602539285585824135e-24
1.317358472844479655e-24
1.064288808855302429e-24
8.417240575697248730e-25
6.481336975938623820e-25
4.820591687335788063e-25
3.421103195767289568e-25
2.269620444155713917e-25
1.353510985504899915e-25
6.607308170462679396e-26
1.797957991931456258e-26
-1.002454310117372937e-26
-1.898371366945698611e-26
-1.868767079902447453e-26
-1.826597148077252431e-26
-1.773532692972756260e-26
-1.711132687880511454e-26
-1.640850614050026665e-26
-1.564040722353108471e-26
-1.481963924754296170e-26
-1.306619503001456564e-26
-1.215455293146544012e-26
-1.123240541236074123e-26
-1.030846391377920027e-26
-9.390793988002788327e-27
-8.486853906418358913e-27
-7.603531023452136323e-27
-6.747176030625289792e-27
-5.138280919742475649e-27
-4.396040077607521723e-27
-3.701421320487770554e-27
-3.058540362776986503e-27
-2.471143989510298956e-27
-1.942632655046806753e-27
-1.476081784141788608e-27
-7.396573068777885203e-28
-4.744844240522123195e-28
-2.807081168795891184e-28
-1.600578007520326822e-28
-1.060012924641486575e-28
-9.836303112442470585e-29
-9.111320293894111134e-29
-8.423796440668224017e-29
-7.772396506498711288e-29
-6.572863505508937591e-29
-6.022290300654590413e-29
-5.502957349747614855e-29
-4.553590257877087787e-29
-4.121441453527838868e-29
-3.716300710118741178e-29
-3.337200661037507860e-29
-2.653419966379241170e-29
-2.346967703967518596e-29
-2.063010568962117407e-29
-1.559364545058277377e-29
-1.338135777719461063e-29
-1.136320396148593098e-29
-7.881312648299973891e-30
-6.404175489384546879e-30
-3.945709633624283553e-30
-2.952300267340850921e-30
-2.108392245493021026e-30
-8.470990745179931866e-31
-4.191837565182137006e-31
5.619570117014219841e-32
1.131642826299926154e-31
1.103811188831318029e-31
1.084233841240954407e-31
1.061371824161844580e-31
1.007156595562187621e-31
9.764431764105009918e-32
9.092868085048729792e-32
8.733925398584151294e-32
7.982406689916748914e-32
7.594519188614831116e-32
6.805308085744856744e-32
6.407973742695704684e-32
5.617031476936908756e-32
4.842159376533442591e-32
4.464570368288413102e-32
3.735983882280163625e-32
3.387507926385018850e-32
2.727941792950584085e-32
2.125091487751352704e-32
1.847271050794023721e-32
1.342992832864408589e-32
1.118030811956155025e-32
7.258156952245609208e-33
4.144627438109061581e-33
2.904124452023105564e-33
1.078103565310497927e-33
1.509379887317604774e-34
3.269078837222042608e-35
2.943303891023913071e-35
2.640791908473077266e-35
2.360361202610290409e-35
2.228073558744021882e-35
1.978679539543825080e-35
1.748668150015651866e-35
1.537053956451330392e-35
1.437851446210688901e-35
1.252092733184578417e-35
1.082478095461998234e-35
9.281838309863615717e-36
7.884270550825507351e-36
7.237662040682264405e-36
6.044317878309530556e-36
4.978424366508523696e-36
4.033420068407842172e-36
3.203064277940640945e-36
2.481420497320130405e-36
1.862840834840950350e-36
1.341951267305057750e-36
9.136377150228322948e-37
5.730328807441568705e-37
3.155038070269022882e-37
1.366401094898144836e-37
3.224284612808870868e-38
-1.686014588324870918e-39
-1.658302451921018565e-39
-1.618143681675666355e-39
-1.567271377228176257e-39
-1.507298146288540800e-39
-1.439723500248222884e-39
-1.365940796821025223e-39
-1.287243758547070370e-39
-1.204832594056780179e-39
-1.119819747193159242e-39
-1.033235297419998898e-39
-9.460320333902028208e-40
-8.590902201050060479e-40
-7.309268898345432867e-40
-6.480536241342538995e-40
-5.680139037940676254e-40
-4.914133322381906709e-40
-4.188065246471525434e-40
-3.184809522870423521e-40
-2.579786497228663054e-40
-2.030540890528662903e-40
-1.540692599329429089e-40
-9.243371772165486934e-41
-5.965359564654586852e-41
-3.381410251228271625e-41
-8.539599536030722804e-42
-9.510375931545243718e-43
4.258225858168843572e-45
4.146363135497333629e-45
4.046122066823294235e-45
3.863515920508407571e-45
3.723660183960382497e-45
3.571829816708789559e-45
3.326000542038020977e-45
3.152770612607134884e-45
2.883201496914600305e-45
2.699313579179655686e-45
2.420862185905712638e-45
2.235435846256495658e-45
1.960685237155457868e-45
1.693357670400795073e-45
1.520969714200095592e-45
1.273450082003037114e-45
1.117043194985714350e-45
8.972613680481828402e-46
6.973412360573112588e-46
5.761333123637958220e-46
4.138165225276497467e-46
2.763693959983394055e-46
1.992856181468102779e-46
1.064422942577868995e-46
4.194025276446137086e-47
6.750865026036019275e-48
-1.590365665756346329e-50
-1.561720415554267475e-50
-1.519791371689104230e-50
-1.466571633543699990e-50
-1.403904885204323867e-50
-1.357725731304180153e-50
-1.283036273710515456e-50
-1.203158960613276423e-50
-1.119469383511779725e-50
-1.033234603389202860e-50
-9.456203510446548297e-51
-8.576977578113294487e-51
-7.704496482812801561e-51
-6.847764244189557625e-51
-6.015015683753432081e-51
-5.213767893982378963e-51
-4.450868384602096368e-51
-3.732540125828697542e-51
-3.064423693132949025e-51
-2.260446201164515933e-51
-1.728445124491282340e-51
-1.261739330948120523e-51
-8.638701215895457536e-52
-5.379795275957530467e-52
-2.868380208739703283e-52
-7.240341450322612630e-53
-4.554343576144303709e-54
3.915702943541504897e-58
3.810746497132843181e-58
3.706717236268706355e-58
3.584235391309606771e-58
3.396890856271879278e-58
3.241611804069941234e-58
3.076265147108438932e-58
2.843865427155717149e-58
2.663202623533175569e-58
2.417334581436055049e-58
2.231390580234472922e-58
1.984366607681032080e-58
1.801625335353681436e-58
1.563825857272448162e-58
1.391418053517536644e-58
1.171538390358656348e-58
9.652292644357143996e-59
8.206814821612679813e-59
6.430624935215394587e-59
4.842831004095350063e-59
3.784881635667883920e-59
2.562445724849898000e-59
1.566128339746867813e-59
8.065359122603265326e-60
2.928187015672213859e-60
7.363143531061177684e-61
1.009312780856038217e-65
9.195756455795998310e-66
8.355280345160053839e-66
7.569144613929876121e-66
6.834909136391377455e-66
6.150242999205924145e-66
5.512919266698597084e-66
4.920810019461477415e-66
4.371881650700732399e-66
3.864190405723767899e-66
3.395878150858199230e-66
2.965168358938238188e-66
2.477078785306953364e-66
2.124876229391444552e-66
1.805021265232698968e-66
1.516043950507744588e-66
1.196107400768245863e-66
9.715552298462751627e-67
7.735280393650374931e-67
5.614429760300684975e-67
4.187199296062629551e-67
2.987480156153279712e-67
1.791701710823317326e-67
1.065901692707398931e-67
4.314446201859569215e-68
1.309801926851715721e-68
7.670636950412136790e-75
7.093644344939337814e-75
6.415765768083787450e-75
5.783927116276814767e-75
5.310130147904306502e-75
4.755716129531844422e-75
4.241470019381591076e-75
3.857706370293452242e-75
3.411005762324872181e-75
2.999343888621814503e-75
2.621049467208555781e-75
2.274529037109519211e-75
1.958263105171861843e-75
1.670802500018163308e-75
1.460642782625339756e-75
1.221591214812555051e-75
1.007632727404843523e-75
7.823029811342892736e-76
6.193611201392660494e-76
4.778253346365361143e-76
3.566516524303984529e-76
2.548434056293709214e-76
1.714489854197136366e-76
9.440541263350416670e-77
4.838031829448525431e-77
1.800257228182869765e-77
2.487778048715117157e-78
-6.207168386553643855e-87
-6.088283984151928627e-87
-5.897412577355524031e-87
-5.703960271731202415e-87
-5.437390532178239206e-87
-5.191539567260037531e-87
-4.873952428939857619e-87
-4.594766450913988652e-87
-4.247350858562061593e-87
-3.891484067925492086e-87
-3.592046943593982519e-87
-3.233205282901786800e-87
-2.878834459722151281e-87
-2.532759925110163121e-87
-2.198465775541365030e-87
-1.879118439077556423e-87
-1.577588778821022040e-87
-1.296472721913582995e-87
-1.038110514587098684e-87
-8.046046966075115122e-88
-5.978368818284064020e-88
-4.194834254409754099e-88
-2.710300528328827484e-88
-1.537855197170086602e-88
-6.889436832582371566e-89
-1.206157950188580417e-89
-8.222276890421301194e-100
-7.553186414694680461e-100
-6.821519441921223040e-100
-6.234500527473665066e-100
-5.594317594866535207e-100
-5.082215687403477296e-100
-4.525540757911488052e-100
-4.081822438795855416e-100
-3.601369712347520349e-100
-3.159163918073144996e-100
-2.753366045020329409e-100
-2.433186152867943644e-100
-2.090414997040110479e-100
-1.779258137545505543e-100
-1.498186289792726641e-100
-1.245741061506129231e-100
-1.020531478659214247e-100
-8.212306957674457029e-101
-6.465728798991702600e-101
-4.953502584311202066e-101
-3.664103211954616166e-101
-2.586531682456714444e-101
-1.600957552936471056e-101
-9.425632472009164823e-102
-4.645805202654230198e-102
-1.276063945363200347e-102
-6.191761097447938141e-104
0.000000000000000000e+00
0.000000000000000000e+00
0.000000000000000000e+00
0.000000000000000000e+00
0.000000000000000000e+00
0.000000000000000000e+00
0.000000000000000000e+00
0.000000000000000000e+00
0.000000000000000000e+00
0.000000000000000000e+00
0.000000000000000000e+00
0.000000000000000000e+00
0.000000000000000000e+00
0.000000000000000000e+00
0.000000000000000000e+00
0.000000000000000000e+00
0.000000000000000000e+00
0.000000000000000000e+00
0.000000000000000000e+00
0.000000000000000000e+00
0.000000000000000000e+00
0.000000000000000000e+00
0.000000000000000000e+00
0.000000000000000000e+00
0.000000000000000000e+00
0.000000000000000000e+00
0.000000000000000000e+00
0.000000000000000000e+00
0.000000000000000000e+00
0.000000000000000000e+00
0.000000000000000000e+00
0.000000000000000000e+00
0.000000000000000000e+00
0.000000000000000000e+00
0.000000000000000000e+00
0.000000000000000000e+00
0.000000000000000000e+00
0.000000000000000000e+00
0.000000000000000000e+00
0.000000000000000000e+00
0.000000000000000000e+00
0.000000000000000000e+00
0.000000000000000000e+00
0.000000000000000000e+00
0.000000000000000000e+00
0.000000000000000000e+00
0.000000000000000000e+00
0.000000000000000000e+00
0.000000000000000000e+00
0.000000000000000000e+00
0.000000000000000000e+00
0.000000000000000000e+00
0.000000000000000000e+00
0.000000000000000000e+00
0.000000000000000000e+00
0.000000000000000000e+00
0.000000000000000000e+00
0.000000000000000000e+00
0.000000000000000000e+00
0.000000000000000000e+00
0.000000000000000000e+00
0.000000000000000000e+00
0.000000000000000000e+00
0.000000000000000000e+00
0.000000000000000000e+00
0.000000000000000000e+00
0.000000000000000000e+00
0.000000000000000000e+00
0.000000000000000000e+00
0.000000000000000000e+00
0.000000000000000000e+00
0.000000000000000000e+00
0.000000000000000000e+00
0.000000000000000000e+00
0.000000000000000000e+00
0.000000000000000000e+00
0.000000000000000000e+00
0.000000000000000000e+00
0.000000000000000000e+00
0.000000000000000000e+00
0.000000000000000000e+00
0.000000000000000000e+00
0.000000000000000000e+00
0.000000000000000000e+00
0.000000000000000000e+00
0.000000000000000000e+00
0.000000000000000000e+00
0.000000000000000000e+00
0.000000000000000000e+00
0.000000000000000000e+00
0.000000000000000000e+00
0.000000000000000000e+00
0.000000000000000000e+00
0.000000000000000000e+00
0.000000000000000000e+00
0.000000000000000000e+00
0.000000000000000000e+00
0.000000000000000000e+00
0.000000000000000000e+00
0.000000000000000000e+00
0.000000000000000000e+00
0.000000000000000000e+00
0.000000000000000000e+00
0.000000000000000000e+00
0.000000000000000000e+00
0.000000000000000000e+00
0.000000000000000000e+00
0.000000000000000000e+00
0.000000000000000000e+00
0.000000000000000000e+00
0.000000000000000000e+00
0.000000000000000000e+00
0.000000000000000000e+00
0.000000000000000000e+00
0.000000000000000000e+00
0.000000000000000000e+00
0.000000000000000000e+00
0.000000000000000000e+00
0.000000000000000000e+00
0.000000000000000000e+00
0.000000000000000000e+00
0.000000000000000000e+00
0.000000000000000000e+00
0.000000000000000000e+00
0.000000000000000000e+00
0.000000000000000000e+00
0.000000000000000000e+00
0.000000000000000000e+00
0.000000000000000000e+00
0.000000000000000000e+00
0.000000000000000000e+00
0.000000000000000000e+00
0.000000000000000000e+00
0.000000000000000000e+00
0.000000000000000000e+00
0.000000000000000000e+00
0.000000000000000000e+00
0.000000000000000000e+00
0.000000000000000000e+00
0.000000000000000000e+00
0.000000000000000000e+00
0.000000000000000000e+00
0.000000000000000000e+00
0.000000000000000000e+00
0.000000000000000000e+00
0.000000000000000000e+00
0.000000000000000000e+00
0.000000000000000000e+00
0.000000000000000000e+00
0.000000000000000000e+00
0.000000000000000000e+00
0.000000000000000000e+00
0.000000000000000000e+00
0.000000000000000000e+00
0.000000000000000000e+00
0.000000000000000000e+00
0.000000000000000000e+00
0.000000000000000000e+00
0.000000000000000000e+00
0.000000000000000000e+00
0.000000000000000000e+00
0.000000000000000000e+00
0.000000000000000000e+00
0.000000000000000000e+00
0.000000000000000000e+00
0.000000000000000000e+00
0.000000000000000000e+00
0.000000000000000000e+00
0.000000000000000000e+00
0.000000000000000000e+00
0.000000000000000000e+00
0.000000000000000000e+00
0.000000000000000000e+00
0.000000000000000000e+00
0.000000000000000000e+00
0.000000000000000000e+00
0.000000000000000000e+00
0.000000000000000000e+00
0.000000000000000000e+00
0.000000000000000000e+00
0.000000000000000000e+00
0.000000000000000000e+00
0.000000000000000000e+00
0.000000000000000000e+00
0.000000000000000000e+00
0.000000000000000000e+00
0.000000000000000000e+00
0.000000000000000000e+00
0.000000000000000000e+00
0.000000000000000000e+00
0.000000000000000000e+00
0.000000000000000000e+00
0.000000000000000000e+00
0.000000000000000000e+00
0.000000000000000000e+00
0.000000000000000000e+00
0.000000000000000000e+00
0.000000000000000000e+00
0.000000000000000000e+00
0.000000000000000000e+00
0.000000000000000000e+00
0.000000000000000000e+00
0.000000000000000000e+00
0.000000000000000000e+00
0.000000000000000000e+00
0.000000000000000000e+00
0.000000000000000000e+00
0.000000000000000000e+00
0.000000000000000000e+00
0.000000000000000000e+00
0.000000000000000000e+00
0.000000000000000000e+00
0.000000000000000000e+00
0.000000000000000000e+00
0.000000000000000000e+00
0.000000000000000000e+00
0.000000000000000000e+00
0.000000000000000000e+00
0.000000000000000000e+00
0.000000000000000000e+00
0.000000000000000000e+00
0.000000000000000000e+00
0.000000000000000000e+00
0.000000000000000000e+00
0.000000000000000000e+00
0.000000000000000000e+00
0.000000000000000000e+00
0.000000000000000000e+00
0.000000000000000000e+00
0.000000000000000000e+00
0.000000000000000000e+00
0.000000000000000000e+00
0.000000000000000000e+00
0.000000000000000000e+00
0.000000000000000000e+00
0.000000000000000000e+00
0.000000000000000000e+00
0.000000000000000000e+00
0.000000000000000000e+00
0.000000000000000000e+00
0.000000000000000000e+00
0.000000000000000000e+00
0.000000000000000000e+00
0.000000000000000000e+00
0.000000000000000000e+00
0.000000000000000000e+00
0.000000000000000000e+00
0.000000000000000000e+00
0.000000000000000000e+00
0.000000000000000000e+00
0.000000000000000000e+00
0.000000000000000000e+00
0.000000000000000000e+00
0.000000000000000000e+00
0.000000000000000000e+00
0.000000000000000000e+00
0.000000000000000000e+00
0.000000000000000000e+00
0.000000000000000000e+00
0.000000000000000000e+00
0.000000000000000000e+00
0.000000000000000000e+00
0.000000000000000000e+00
0.000000000000000000e+00
0.000000000000000000e+00
0.000000000000000000e+00
0.000000000000000000e+00
0.000000000000000000e+00
0.000000000000000000e+00
0.000000000000000000e+00
0.000000000000000000e+00
0.000000000000000000e+00
0.000000000000000000e+00
0.000000000000000000e+00
0.000000000000000000e+00
0.000000000000000000e+00
0.000000000000000000e+00
0.000000000000000000e+00
0.000000000000000000e+00
0.000000000000000000e+00
0.000000000000000000e+00
0.000000000000000000e+00
0.000000000000000000e+00
0.000000000000000000e+00
0.000000000000000000e+00
0.000000000000000000e+00
0.000000000000000000e+00
0.000000000000000000e+00
0.000000000000000000e+00
0.000000000000000000e+00
0.000000000000000000e+00
0.000000000000000000e+00
0.000000000000000000e+00
0.000000000000000000e+00
0.000000000000000000e+00
0.000000000000000000e+00
0.000000000000000000e+00
0.000000000000000000e+00
0.000000000000000000e+00
0.000000000000000000e+00
0.000000000000000000e+00
0.000000000000000000e+00
0.000000000000000000e+00
0.000000000000000000e+00
0.000000000000000000e+00
0.000000000000000000e+00
0.000000000000000000e+00
0.000000000000000000e+00
0.000000000000000000e+00
0.000000000000000000e+00
0.000000000000000000e+00
0.000000000000000000e+00
0.000000000000000000e+00
0.000000000000000000e+00
0.000000000000000000e+00
0.000000000000000000e+00
0.000000000000000000e+00
0.000000000000000000e+00
0.000000000000000000e+00
0.000000000000000000e+00
0.000000000000000000e+00
0.000000000000000000e+00
0.000000000000000000e+00
0.000000000000000000e+00
0.000000000000000000e+00
0.000000000000000000e+00
0.000000000000000000e+00
0.000000000000000000e+00
0.000000000000000000e+00
0.000000000000000000e+00
0.000000000000000000e+00
0.000000000000000000e+00
0.000000000000000000e+00
0.000000000000000000e+00
0.000000000000000000e+00
0.000000000000000000e+00
0.000000000000000000e+00
0.000000000000000000e+00
0.000000000000000000e+00
0.000000000000000000e+00
0.000000000000000000e+00
0.000000000000000000e+00
0.000000000000000000e+00
0.000000000000000000e+00
0.000000000000000000e+00
0.000000000000000000e+00
0.000000000000000000e+00
0.000000000000000000e+00
0.000000000000000000e+00
0.000000000000000000e+00
0.000000000000000000e+00
0.000000000000000000e+00
0.000000000000000000e+00
0.000000000000000000e+00
0.000000000000000000e+00
0.000000000000000000e+00
0.000000000000000000e+00
0.000000000000000000e+00
0.000000000000000000e+00
0.000000000000000000e+00
0.000000000000000000e+00
0.000000000000000000e+00
0.000000000000000000e+00
0.000000000000000000e+00
0.000000000000000000e+00
0.000000000000000000e+00
0.000000000000000000e+00
0.000000000000000000e+00
0.000000000000000000e+00
0.000000000000000000e+00
0.000000000000000000e+00
0.000000000000000000e+00
0.000000000000000000e+00
0.000000000000000000e+00
0.000000000000000000e+00
0.000000000000000000e+00
0.000000000000000000e+00
0.000000000000000000e+00
0.000000000000000000e+00
0.000000000000000000e+00
0.000000000000000000e+00
0.000000000000000000e+00
0.000000000000000000e+00
0.000000000000000000e+00
0.000000000000000000e+00
0.000000000000000000e+00
0.000000000000000000e+00
0.000000000000000000e+00
0.000000000000000000e+00
0.000000000000000000e+00
0.000000000000000000e+00
0.000000000000000000e+00
0.000000000000000000e+00
0.000000000000000000e+00
0.000000000000000000e+00
0.000000000000000000e+00
0.000000000000000000e+00
0.000000000000000000e+00
0.000000000000000000e+00
0.000000000000000000e+00
0.000000000000000000e+00
0.000000000000000000e+00
0.000000000000000000e+00
0.000000000000000000e+00
0.000000000000000000e+00
0.000000000000000000e+00
0.000000000000000000e+00
0.000000000000000000e+00
0.000000000000000000e+00
0.000000000000000000e+00
0.000000000000000000e+00
0.000000000000000000e+00
0.000000000000000000e+00
0.000000000000000000e+00
0.000000000000000000e+00
0.000000000000000000e+00
0.000000000000000000e+00
0.000000000000000000e+00
0.000000000000000000e+00
0.000000000000000000e+00
0.000000000000000000e+00
0.000000000000000000e+00
0.000000000000000000e+00
0.000000000000000000e+00
0.000000000000000000e+00
0.000000000000000000e+00
0.000000000000000000e+00
0.000000000000000000e+00
0.000000000000000000e+00
0.000000000000000000e+00
0.000000000000000000e+00
0.000000000000000000e+00
0.000000000000000000e+00
0.000000000000000000e+00
0.000000000000000000e+00
0.000000000000000000e+00
0.000000000000000000e+00
0.000000000000000000e+00
0.000000000000000000e+00
0.000000000000000000e+00
0.000000000000000000e+00
0.000000000000000000e+00
0.000000000000000000e+00
0.000000000000000000e+00
0.000000000000000000e+00
0.000000000000000000e+00
0.000000000000000000e+00
0.000000000000000000e+00
0.000000000000000000e+00
0.000000000000000000e+00
0.000000000000000000e+00
0.000000000000000000e+00
0.000000000000000000e+00
0.000000000000000000e+00
0.000000000000000000e+00
0.000000000000000000e+00
0.000000000000000000e+00
0.000000000000000000e+00
0.000000000000000000e+00
0.000000000000000000e+00
0.000000000000000000e+00
0.000000000000000000e+00
0.000000000000000000e+00
0.000000000000000000e+00
0.000000000000000000e+00
0.000000000000000000e+00
0.000000000000000000e+00
0.000000000000000000e+00
0.000000000000000000e+00
0.000000000000000000e+00
0.000000000000000000e+00
0.000000000000000000e+00
0.000000000000000000e+00
0.000000000000000000e+00
0.000000000000000000e+00
0.000000000000000000e+00
0.000000000000000000e+00
0.000000000000000000e+00
0.000000000000000000e+00
0.000000000000000000e+00
0.000000000000000000e+00
0.000000000000000000e+00
0.000000000000000000e+00
0.000000000000000000e+00
0.000000000000000000e+00
0.000000000000000000e+00
0.000000000000000000e+00
0.000000000000000000e+00
0.000000000000000000e+00
0.000000000000000000e+00
0.000000000000000000e+00
0.000000000000000000e+00
0.000000000000000000e+00
0.000000000000000000e+00
0.000000000000000000e+00
0.000000000000000000e+00
0.000000000000000000e+00
0.000000000000000000e+00
0.000000000000000000e+00
0.000000000000000000e+00
0.000000000000000000e+00
0.000000000000000000e+00
0.000000000000000000e+00
0.000000000000000000e+00
0.000000000000000000e+00
0.000000000000000000e+00
0.000000000000000000e+00
0.000000000000000000e+00
0.000000000000000000e+00
0.000000000000000000e+00
0.000000000000000000e+00
0.000000000000000000e+00
0.000000000000000000e+00
0.000000000000000000e+00
0.000000000000000000e+00
0.000000000000000000e+00
nan
