# bin_12_2
-8.974349139626296950e-08
3.469938950766277154e-08
-8.577721529217976687e-08
2.257897130809605573e-08
-6.998715819093167595e-08
-2.538564409555263417e-08
-4.813621517142416974e-08
-7.307653990582199203e-08
-1.455055573288735588e-08
-1.103383966813550884e-07
-5.902874644595406750e-09
-8.093624688984969174e-08
-2.422204314824643977e-08
-3.379060189682340653e-08
-4.632036470650457377e-08
-5.365396801775317689e-08
-5.790700053833120430e-08
-5.568616481141279561e-08
-2.147566358587401020e-08
4.435018839242328094e-08
1.166704965765375923e-07
1.816671264368136090e-07
2.455225404914455976e-07
3.077849094030413980e-07
3.565356679075354455e-07
3.856968489146008388e-07
4.024151683735688146e-07
4.130011596037398074e-07
4.146709703256940331e-07
4.061494369290859150e-07
3.871344497607001647e-07
2.705131479818937601e-07
4.596129645654368996e-08
-1.986619350860485798e-07
-4.040777898208789282e-07
-5.317331988987157919e-07
-5.580423580966311234e-07
-4.601942068648649537e-07
-2.743399614545599376e-07
-5.887120721563391682e-08
1.440465250129379685e-07
3.046332974052842922e-07
4.025412912296610470e-07
4.245793377065980457e-07
3.857825663468562810e-07
3.196170143072049471e-07
2.415073021711537043e-07
1.631979022550819787e-07
9.350413512878731114e-08
3.891311583311989446e-08
4.065327613785943175e-09
-7.859023925768100921e-09
-6.930391630210607746e-09
-5.079558144385722123e-09
-2.741438328164167137e-09
-2.617069025970966565e-10
2.087469228081688866e-09
4.094422341355352073e-09
5.597215157990115080e-09
6.474717827897991585e-09
6.639208671494793059e-09
6.336277496458911340e-09
5.893317360889738111e-09
5.359372873515069723e-09
4.775050640850193940e-09
4.173791475998172051e-09
3.582952671111336201e-09
3.024729572215590558e-09
2.516940983944580755e-09
2.073699019235062828e-09
1.705980752615975197e-09
1.422116319582738451e-09
1.193734027341142418e-09
9.877150023051569827e-10
8.034770591405565872e-10
6.403698921378545574e-10
4.976920216058011401e-10
3.747049923588220013e-10
2.706452372796244260e-10
1.847339567522297521e-10
1.161853122140092761e-10
6.421318761259341969e-11
2.803673488348550692e-11
6.884887608707119200e-12
-1.217995046039586456e-19
-1.174046165801424103e-19
-1.103907050335832081e-19
-1.014440801537956197e-19
-9.116345919221364718e-20
-8.006976648440725125e-20
-6.861484527965537983e-20
-5.718920633078930315e-20
-4.612892313226975334e-20
-3.572177054666278172e-20
-2.621269207121910935e-20
-1.780867094598851531e-20
-1.068307150277694806e-20
-4.979509436659621365e-21
-8.153029077750397940e-22
1.715449570901745793e-21
2.539123739329945029e-21
2.464657997923320759e-21
2.347762991192567805e-21
2.197987569962289026e-21
2.023841125519340628e-21
1.832892793395514028e-21
1.631861250886789705e-21
1.426696031783485450e-21
1.222651186460066752e-21
1.024352030549667728e-21
8.358556497027261362e-22
6.607057603516921011e-22
5.019824660436748434e-22
3.623473949483636859e-22
2.440846558802692587e-22
1.491380069588113097e-22
7.914459230989118245e-23
3.546556749355760259e-23
1.921390318901426564e-23
1.707900575365699286e-23
1.511526880492288740e-23
1.331283832717086529e-23
1.166242825468385054e-23
1.015528540175252592e-23
8.783156749875941613e-24
7.538258919426078675e-24
6.413249666854540167e-24
5.401201261073702714e-24
4.495575604129382834e-24
3.690200971788859865e-24
2.979250259294241445e-24
2.357220626350082400e-24
1.818914443502088431e-24
1.359421449484271282e-24
9.741020359254954539e-25
6.585715820635346239e-25
4.086857678690091544e-25
2.205267992716462336e-25
9.039048404986788358e-26
1.477410142863069037e-26
-9.634987440722015853e-27
-9.448810313187745816e-27
-9.171928012130218983e-27
-8.818796212148623943e-27
-8.402730179905719441e-27
-7.935984054200868916e-27
-7.429824632384153888e-27
-6.894600058375662791e-27
-6.339803777575458284e-27
-5.774134096380123253e-27
-5.205549658657997590e-27
-4.641321128184972485e-27
-4.088079344542991199e-27
-3.551860200174214680e-27
-3.038146468024421270e-27
-2.551906792376164398e-27
-2.097632039939358976e-27
-1.679369193936621375e-27
-1.300752960686528282e-27
-9.650352459686506107e-28
-6.751126471607124098e-28
-4.335520967003767846e-28
-2.426147827741517152e-28
-1.042784642057405939e-28
-2.025828825608540920e-29
7.973787601282180146e-30
7.849002331239289366e-30
7.670643719232730959e-30
7.445846971215020720e-30
7.181268287933601853e-30
6.883113299144042444e-30
6.557163812398527539e-30
6.208802980277906931e-30
5.464527318478708701e-30
5.077591781048179765e-30
4.686244214612624920e-30
4.294203108393494522e-30
3.904911108707141926e-30
3.521551510783815592e-30
3.147063791943192871e-30
2.784158243414297269e-30
2.102870799402353898e-30
1.788883673990860722e-30
1.495292026675771859e-30
1.223851725052249923e-30
9.761610972350380777e-31
7.536705845060026055e-31
5.576918396343243554e-31
2.498732878172763291e-31
1.400375999863491617e-31
6.073672425723039590e-32
1.270759694241583329e-32
-3.363184924237651260e-33
-3.302240380419206483e-33
-3.226109421480588446e-33
-3.136616316135874782e-33
-3.035480360481583019e-33
-2.804663812067076775e-33
-2.677943413692271636e-33
-2.545509889961501185e-33
-2.268502336266113575e-33
-2.126239488012013187e-33
-1.982893480768841767e-33
-1.839448428662986265e-33
-1.555888861132782868e-33
-1.417443168511404595e-33
-1.282241970433923223e-33
-1.024334686699559381e-33
-9.028918983043723310e-34
-7.872250131949817623e-34
-5.752791542529252050e-34
-4.799352309495329915e-34
-3.125783695515360157e-34
-2.412964278836633081e-34
-1.787155761772454531e-34
-8.079869834175093576e-35
-4.596832919142058458e-35
-5.646943680133508095e-36
-5.222423677841606719e-37
-4.617539803855588624e-37
-4.334229978890087623e-37
-4.063161569983035688e-37
-3.556278540600132484e-37
-3.319756342160593492e-37
-2.878860857115760075e-37
-2.673841949215770956e-37
-2.293119564265465437e-37
-2.116826639657384998e-37
-1.790968863815323975e-37
-1.640865540751036294e-37
-1.365023011439363865e-37
-1.120037417531803896e-37
-1.008531981504608434e-37
-8.063871191411868109e-38
-7.153235272917306419e-38
-5.521995432377864460e-38
-4.131284998304851151e-38
-3.521518729705656023e-38
-2.464406596581578427e-38
-2.013708385669918977e-38
-1.260005382741698144e-38
-6.930617564833006606e-39
-4.759753831484933515e-39
-1.676363464574628095e-39
-1.828250108436575883e-40
-6.743746201647374299e-43
-6.071748376757317555e-43
-5.447736291293306587e-43
-4.869272420601238036e-43
-4.596393390129256539e-43
-4.081950536851761452e-43
-3.607489264223223283e-43
-3.170976868762398152e-43
-2.966344304822507663e-43
-2.583165393332473149e-43
-2.233287733901059371e-43
-1.915012234847913311e-43
-1.626724000508249429e-43
-1.493342380113448683e-43
-1.247180457779084101e-43
-1.027308477655316681e-43
-8.323729789420022051e-44
-6.610866595609666354e-44
-5.122249679746819625e-44
-3.846228848449728116e-44
-2.771718830419975405e-44
-1.888170552670269712e-44
-1.185543992547495400e-44
-6.542825117110854785e-45
-2.852885842909150335e-45
-6.990083708225938482e-46
1.276751211790041428e-48
1.255765941284089918e-48
1.225355368409584691e-48
1.186831895361799763e-48
1.141416680952943308e-48
1.090245240991858518e-48
1.034372705648938222e-48
9.747787556403255673e-49
9.123722575992475773e-49
8.479956176403695513e-49
7.824288708578899239e-49
7.163935233217814004e-49
6.505561620435205091e-49
5.535034881385206703e-49
4.907470658096824264e-49
4.301363669026987994e-49
3.721299889682857767e-49
3.171479183418133402e-49
2.411755935875774999e-49
1.953597485026839284e-49
1.537676894010124437e-49
1.166735355499952547e-49
6.999951989756826112e-50
4.517649902263887611e-50
2.560932013045470144e-50
6.469967147406917735e-51
7.234391352341509169e-52
-2.089084140943736566e-57
-2.034204443148664982e-57
-1.985026353491242292e-57
-1.895440141982699979e-57
-1.826827214394869280e-57
-1.752339569039614874e-57
-1.631736281079687466e-57
-1.546750075959402607e-57
-1.414500095961090943e-57
-1.324285116127473848e-57
-1.187677521695951766e-57
-1.096707800006026347e-57
-9.619158047791942683e-58
-8.307655357361679242e-58
-7.461924127266133426e-58
-6.247598641458972009e-58
-5.480270107960954863e-58
-4.402025542094841888e-58
-3.421221906423568350e-58
-2.826578520919573602e-58
-2.030255842097077392e-58
-1.355943040292638161e-58
-9.777714881092924326e-59
-5.222836979108453577e-59
-2.058374463923993069e-59
-3.319825289330222040e-60
2.073974198805406419e-66
2.036618318597686914e-66
1.981939224658657574e-66
1.912536090650849994e-66
1.830813239790792275e-66
1.770591635790432995e-66
1.673190134149660098e-66
1.569023221072080323e-66
1.459884786629626646e-66
1.347427187731569911e-66
1.233170637979156045e-66
1.118511985103148524e-66
1.004732917220198381e-66
8.930076362248818961e-67
7.844100339344075253e-67
6.799204041039512311e-67
5.804317211171781994e-67
4.867555140139549638e-67
3.996273625314455320e-67
2.947817557957777131e-67
2.254042218748291371e-67
1.645417565914186297e-67
1.126561761754615516e-67
7.015722861830353433e-68
3.740620737436588940e-68
9.442082643704654255e-69
5.939774477946133049e-70
-1.505393467939141888e-78
-1.465042921610484956e-78
-1.425048831790585180e-78
-1.377960638660646737e-78
-1.305935958819352804e-78
-1.246238866324292939e-78
-1.182671279192240685e-78
-1.093325115664782236e-78
-1.023869229927668983e-78
-9.293451647146928435e-79
-8.578589205750812241e-79
-7.628904576023866614e-79
-6.926355039894645077e-79
-6.012134017852230290e-79
-5.349311544360566788e-79
-4.503983324341591290e-79
-3.710827090107219344e-79
-3.155112582901170302e-79
-2.472255698165861387e-79
-1.861827714921217472e-79
-1.455098679309007021e-79
-9.851327350867412225e-80
-6.020981496474739714e-80
-3.100725699721198561e-80
-1.125738168526041812e-80
-2.830721090064757068e-81
0.000000000000000000e+00
0.000000000000000000e+00
0.000000000000000000e+00
0.000000000000000000e+00
0.000000000000000000e+00
0.000000000000000000e+00
0.000000000000000000e+00
0.000000000000000000e+00
0.000000000000000000e+00
0.000000000000000000e+00
0.000000000000000000e+00
0.000000000000000000e+00
0.000000000000000000e+00
0.000000000000000000e+00
0.000000000000000000e+00
0.000000000000000000e+00
0.000000000000000000e+00
0.000000000000000000e+00
0.000000000000000000e+00
0.000000000000000000e+00
0.000000000000000000e+00
0.000000000000000000e+00
0.000000000000000000e+00
0.000000000000000000e+00
0.000000000000000000e+00
0.000000000000000000e+00
0.000000000000000000e+00
0.000000000000000000e+00
0.000000000000000000e+00
0.000000000000000000e+00
0.000000000000000000e+00
0.000000000000000000e+00
0.000000000000000000e+00
0.000000000000000000e+00
0.000000000000000000e+00
0.000000000000000000e+00
0.000000000000000000e+00
0.000000000000000000e+00
0.000000000000000000e+00
0.000000000000000000e+00
0.000000000000000000e+00
0.000000000000000000e+00
0.000000000000000000e+00
0.000000000000000000e+00
0.000000000000000000e+00
0.000000000000000000e+00
0.000000000000000000e+00
0.000000000000000000e+00
0.000000000000000000e+00
0.000000000000000000e+00
0.000000000000000000e+00
0.000000000000000000e+00
0.000000000000000000e+00
0.000000000000000000e+00
0.000000000000000000e+00
0.000000000000000000e+00
0.000000000000000000e+00
0.000000000000000000e+00
0.000000000000000000e+00
0.000000000000000000e+00
0.000000000000000000e+00
0.000000000000000000e+00
0.000000000000000000e+00
0.000000000000000000e+00
0.000000000000000000e+00
0.000000000000000000e+00
0.000000000000000000e+00
0.000000000000000000e+00
0.000000000000000000e+00
0.000000000000000000e+00
0.000000000000000000e+00
0.000000000000000000e+00
0.000000000000000000e+00
0.000000000000000000e+00
0.000000000000000000e+00
0.000000000000000000e+00
0.000000000000000000e+00
0.000000000000000000e+00
0.000000000000000000e+00
0.000000000000000000e+00
0.000000000000000000e+00
0.000000000000000000e+00
0.000000000000000000e+00
0.000000000000000000e+00
0.000000000000000000e+00
0.000000000000000000e+00
0.000000000000000000e+00
0.000000000000000000e+00
0.000000000000000000e+00
0.000000000000000000e+00
0.000000000000000000e+00
0.000000000000000000e+00
0.000000000000000000e+00
0.000000000000000000e+00
0.000000000000000000e+00
0.000000000000000000e+00
0.000000000000000000e+00
0.000000000000000000e+00
0.000000000000000000e+00
0.000000000000000000e+00
0.000000000000000000e+00
0.000000000000000000e+00
0.000000000000000000e+00
0.000000000000000000e+00
0.000000000000000000e+00
0.000000000000000000e+00
0.000000000000000000e+00
0.000000000000000000e+00
0.000000000000000000e+00
0.000000000000000000e+00
0.000000000000000000e+00
0.000000000000000000e+00
0.000000000000000000e+00
0.000000000000000000e+00
0.000000000000000000e+00
0.000000000000000000e+00
0.000000000000000000e+00
0.000000000000000000e+00
0.000000000000000000e+00
0.000000000000000000e+00
0.000000000000000000e+00
0.000000000000000000e+00
0.000000000000000000e+00
0.000000000000000000e+00
0.000000000000000000e+00
0.000000000000000000e+00
0.000000000000000000e+00
0.000000000000000000e+00
0.000000000000000000e+00
0.000000000000000000e+00
0.000000000000000000e+00
0.000000000000000000e+00
0.000000000000000000e+00
0.000000000000000000e+00
0.000000000000000000e+00
0.000000000000000000e+00
0.000000000000000000e+00
0.000000000000000000e+00
0.000000000000000000e+00
0.000000000000000000e+00
0.000000000000000000e+00
0.000000000000000000e+00
0.000000000000000000e+00
0.000000000000000000e+00
0.000000000000000000e+00
0.000000000000000000e+00
0.000000000000000000e+00
0.000000000000000000e+00
0.000000000000000000e+00
0.000000000000000000e+00
0.000000000000000000e+00
0.000000000000000000e+00
0.000000000000000000e+00
0.000000000000000000e+00
0.000000000000000000e+00
0.000000000000000000e+00
0.000000000000000000e+00
0.000000000000000000e+00
0.000000000000000000e+00
0.000000000000000000e+00
0.000000000000000000e+00
0.000000000000000000e+00
0.000000000000000000e+00
0.000000000000000000e+00
0.000000000000000000e+00
0.000000000000000000e+00
0.000000000000000000e+00
0.000000000000000000e+00
0.000000000000000000e+00
0.000000000000000000e+00
0.000000000000000000e+00
0.000000000000000000e+00
0.000000000000000000e+00
0.000000000000000000e+00
0.000000000000000000e+00
0.000000000000000000e+00
0.000000000000000000e+00
0.000000000000000000e+00
0.000000000000000000e+00
0.000000000000000000e+00
0.000000000000000000e+00
0.000000000000000000e+00
0.000000000000000000e+00
0.000000000000000000e+00
0.000000000000000000e+00
0.000000000000000000e+00
0.000000000000000000e+00
0.000000000000000000e+00
0.000000000000000000e+00
0.000000000000000000e+00
0.000000000000000000e+00
0.000000000000000000e+00
0.000000000000000000e+00
0.000000000000000000e+00
0.000000000000000000e+00
0.000000000000000000e+00
0.000000000000000000e+00
0.000000000000000000e+00
0.000000000000000000e+00
0.000000000000000000e+00
0.000000000000000000e+00
0.000000000000000000e+00
0.000000000000000000e+00
0.000000000000000000e+00
0.000000000000000000e+00
0.000000000000000000e+00
0.000000000000000000e+00
0.000000000000000000e+00
0.000000000000000000e+00
0.000000000000000000e+00
0.000000000000000000e+00
0.000000000000000000e+00
0.000000000000000000e+00
0.000000000000000000e+00
0.000000000000000000e+00
0.000000000000000000e+00
0.000000000000000000e+00
0.000000000000000000e+00
0.000000000000000000e+00
0.000000000000000000e+00
0.000000000000000000e+00
0.000000000000000000e+00
0.000000000000000000e+00
0.000000000000000000e+00
0.000000000000000000e+00
0.000000000000000000e+00
0.000000000000000000e+00
0.000000000000000000e+00
0.000000000000000000e+00
0.000000000000000000e+00
0.000000000000000000e+00
0.000000000000000000e+00
0.000000000000000000e+00
0.000000000000000000e+00
0.000000000000000000e+00
0.000000000000000000e+00
0.000000000000000000e+00
0.000000000000000000e+00
0.000000000000000000e+00
0.000000000000000000e+00
0.000000000000000000e+00
0.000000000000000000e+00
0.000000000000000000e+00
0.000000000000000000e+00
0.000000000000000000e+00
0.000000000000000000e+00
0.000000000000000000e+00
0.000000000000000000e+00
0.000000000000000000e+00
0.000000000000000000e+00
0.000000000000000000e+00
0.000000000000000000e+00
0.000000000000000000e+00
0.000000000000000000e+00
0.000000000000000000e+00
0.000000000000000000e+00
0.000000000000000000e+00
0.000000000000000000e+00
0.000000000000000000e+00
0.000000000000000000e+00
0.000000000000000000e+00
0.000000000000000000e+00
0.000000000000000000e+00
0.000000000000000000e+00
0.000000000000000000e+00
0.000000000000000000e+00
0.000000000000000000e+00
0.000000000000000000e+00
0.000000000000000000e+00
0.000000000000000000e+00
0.000000000000000000e+00
0.000000000000000000e+00
0.000000000000000000e+00
0.000000000000000000e+00
0.000000000000000000e+00
0.000000000000000000e+00
0.000000000000000000e+00
0.000000000000000000e+00
0.000000000000000000e+00
0.000000000000000000e+00
0.000000000000000000e+00
0.000000000000000000e+00
0.000000000000000000e+00
0.000000000000000000e+00
0.000000000000000000e+00
0.000000000000000000e+00
0.000000000000000000e+00
0.000000000000000000e+00
0.000000000000000000e+00
0.000000000000000000e+00
0.000000000000000000e+00
0.000000000000000000e+00
0.000000000000000000e+00
0.000000000000000000e+00
0.000000000000000000e+00
0.000000000000000000e+00
0.000000000000000000e+00
0.000000000000000000e+00
0.000000000000000000e+00
0.000000000000000000e+00
0.000000000000000000e+00
0.000000000000000000e+00
0.000000000000000000e+00
0.000000000000000000e+00
0.000000000000000000e+00
0.000000000000000000e+00
0.000000000000000000e+00
0.000000000000000000e+00
0.000000000000000000e+00
0.000000000000000000e+00
0.000000000000000000e+00
0.000000000000000000e+00
0.000000000000000000e+00
0.000000000000000000e+00
0.000000000000000000e+00
0.000000000000000000e+00
0.000000000000000000e+00
0.000000000000000000e+00
0.000000000000000000e+00
0.000000000000000000e+00
0.000000000000000000e+00
0.000000000000000000e+00
0.000000000000000000e+00
0.000000000000000000e+00
0.000000000000000000e+00
0.000000000000000000e+00
0.000000000000000000e+00
0.000000000000000000e+00
0.000000000000000000e+00
0.000000000000000000e+00
0.000000000000000000e+00
0.000000000000000000e+00
0.000000000000000000e+00
0.000000000000000000e+00
0.000000000000000000e+00
0.000000000000000000e+00
0.000000000000000000e+00
0.000000000000000000e+00
0.000000000000000000e+00
0.000000000000000000e+00
0.000000000000000000e+00
0.000000000000000000e+00
0.000000000000000000e+00
0.000000000000000000e+00
0.000000000000000000e+00
0.000000000000000000e+00
0.000000000000000000e+00
0.000000000000000000e+00
0.000000000000000000e+00
0.000000000000000000e+00
0.000000000000000000e+00
0.000000000000000000e+00
0.000000000000000000e+00
0.000000000000000000e+00
0.000000000000000000e+00
0.000000000000000000e+00
0.000000000000000000e+00
0.000000000000000000e+00
0.000000000000000000e+00
0.000000000000000000e+00
0.000000000000000000e+00
0.000000000000000000e+00
0.000000000000000000e+00
0.000000000000000000e+00
0.000000000000000000e+00
0.000000000000000000e+00
0.000000000000000000e+00
0.000000000000000000e+00
0.000000000000000000e+00
0.000000000000000000e+00
0.000000000000000000e+00
0.000000000000000000e+00
0.000000000000000000e+00
0.000000000000000000e+00
0.000000000000000000e+00
0.000000000000000000e+00
0.000000000000000000e+00
0.000000000000000000e+00
0.000000000000000000e+00
0.000000000000000000e+00
0.000000000000000000e+00
0.000000000000000000e+00
0.000000000000000000e+00
0.000000000000000000e+00
0.000000000000000000e+00
0.000000000000000000e+00
0.000000000000000000e+00
0.000000000000000000e+00
0.000000000000000000e+00
0.000000000000000000e+00
0.000000000000000000e+00
0.000000000000000000e+00
0.000000000000000000e+00
0.000000000000000000e+00
0.000000000000000000e+00
0.000000000000000000e+00
0.000000000000000000e+00
0.000000000000000000e+00
0.000000000000000000e+00
0.000000000000000000e+00
0.000000000000000000e+00
0.000000000000000000e+00
0.000000000000000000e+00
0.000000000000000000e+00
0.000000000000000000e+00
0.000000000000000000e+00
0.000000000000000000e+00
0.000000000000000000e+00
0.000000000000000000e+00
0.000000000000000000e+00
0.000000000000000000e+00
0.000000000000000000e+00
0.000000000000000000e+00
0.000000000000000000e+00
0.000000000000000000e+00
0.000000000000000000e+00
0.000000000000000000e+00
0.000000000000000000e+00
0.000000000000000000e+00
0.000000000000000000e+00
0.000000000000000000e+00
0.000000000000000000e+00
0.000000000000000000e+00
0.000000000000000000e+00
0.000000000000000000e+00
0.000000000000000000e+00
0.000000000000000000e+00
0.000000000000000000e+00
0.000000000000000000e+00
0.000000000000000000e+00
0.000000000000000000e+00
0.000000000000000000e+00
0.000000000000000000e+00
0.000000000000000000e+00
0.000000000000000000e+00
0.000000000000000000e+00
0.000000000000000000e+00
0.000000000000000000e+00
0.000000000000000000e+00
0.000000000000000000e+00
0.000000000000000000e+00
0.000000000000000000e+00
0.000000000000000000e+00
0.000000000000000000e+00
0.000000000000000000e+00
0.000000000000000000e+00
0.000000000000000000e+00
0.000000000000000000e+00
0.000000000000000000e+00
0.000000000000000000e+00
0.000000000000000000e+00
0.000000000000000000e+00
0.000000000000000000e+00
0.000000000000000000e+00
0.000000000000000000e+00
0.000000000000000000e+00
0.000000000000000000e+00
0.000000000000000000e+00
0.000000000000000000e+00
0.000000000000000000e+00
0.000000000000000000e+00
0.000000000000000000e+00
0.000000000000000000e+00
0.000000000000000000e+00
0.000000000000000000e+00
0.000000000000000000e+00
0.000000000000000000e+00
0.000000000000000000e+00
0.000000000000000000e+00
0.000000000000000000e+00
0.000000000000000000e+00
0.000000000000000000e+00
0.000000000000000000e+00
0.000000000000000000e+00
0.000000000000000000e+00
0.000000000000000000e+00
0.000000000000000000e+00
0.000000000000000000e+00
0.000000000000000000e+00
0.000000000000000000e+00
0.000000000000000000e+00
0.000000000000000000e+00
0.000000000000000000e+00
0.000000000000000000e+00
0.000000000000000000e+00
0.000000000000000000e+00
0.000000000000000000e+00
0.000000000000000000e+00
0.000000000000000000e+00
0.000000000000000000e+00
0.000000000000000000e+00
0.000000000000000000e+00
0.000000000000000000e+00
0.000000000000000000e+00
0.000000000000000000e+00
0.000000000000000000e+00
0.000000000000000000e+00
0.000000000000000000e+00
0.000000000000000000e+00
0.000000000000000000e+00
0.000000000000000000e+00
0.000000000000000000e+00
0.000000000000000000e+00
0.000000000000000000e+00
0.000000000000000000e+00
0.000000000000000000e+00
0.000000000000000000e+00
0.000000000000000000e+00
0.000000000000000000e+00
0.000000000000000000e+00
0.000000000000000000e+00
0.000000000000000000e+00
0.000000000000000000e+00
0.000000000000000000e+00
0.000000000000000000e+00
0.000000000000000000e+00
0.000000000000000000e+00
0.000000000000000000e+00
0.000000000000000000e+00
0.000000000000000000e+00
0.000000000000000000e+00
0.000000000000000000e+00
0.000000000000000000e+00
0.000000000000000000e+00
0.000000000000000000e+00
0.000000000000000000e+00
0.000000000000000000e+00
0.000000000000000000e+00
0.000000000000000000e+00
0.000000000000000000e+00
0.000000000000000000e+00
0.000000000000000000e+00
0.000000000000000000e+00
0.000000000000000000e+00
0.000000000000000000e+00
0.000000000000000000e+00
0.000000000000000000e+00
0.000000000000000000e+00
0.000000000000000000e+00
0.000000000000000000e+00
0.000000000000000000e+00
0.000000000000000000e+00
0.000000000000000000e+00
0.000000000000000000e+00
0.000000000000000000e+00
0.000000000000000000e+00
0.000000000000000000e+00
0.000000000000000000e+00
0.000000000000000000e+00
0.000000000000000000e+00
0.000000000000000000e+00
0.000000000000000000e+00
0.000000000000000000e+00
0.000000000000000000e+00
0.000000000000000000e+00
0.000000000000000000e+00
0.000000000000000000e+00
0.000000000000000000e+00
0.000000000000000000e+00
0.000000000000000000e+00
0.000000000000000000e+00
0.000000000000000000e+00
0.000000000000000000e+00
0.000000000000000000e+00
0.000000000000000000e+00
0.000000000000000000e+00
0.000000000000000000e+00
0.000000000000000000e+00
0.000000000000000000e+00
0.000000000000000000e+00
0.000000000000000000e+00
0.000000000000000000e+00
0.000000000000000000e+00
0.000000000000000000e+00
0.000000000000000000e+00
0.000000000000000000e+00
0.000000000000000000e+00
0.000000000000000000e+00
0.000000000000000000e+00
0.000000000000000000e+00
0.000000000000000000e+00
0.000000000000000000e+00
0.000000000000000000e+00
0.000000000000000000e+00
0.000000000000000000e+00
0.000000000000000000e+00
0.000000000000000000e+00
0.000000000000000000e+00
0.000000000000000000e+00
0.000000000000000000e+00
0.000000000000000000e+00
0.000000000000000000e+00
0.000000000000000000e+00
0.000000000000000000e+00
0.000000000000000000e+00
0.000000000000000000e+00
0.000000000000000000e+00
0.000000000000000000e+00
0.000000000000000000e+00
0.000000000000000000e+00
0.000000000000000000e+00
0.000000000000000000e+00
0.000000000000000000e+00
0.000000000000000000e+00
0.000000000000000000e+00
0.000000000000000000e+00
0.000000000000000000e+00
0.000000000000000000e+00
0.000000000000000000e+00
0.000000000000000000e+00
0.000000000000000000e+00
0.000000000000000000e+00
0.000000000000000000e+00
0.000000000000000000e+00
0.000000000000000000e+00
0.000000000000000000e+00
0.000000000000000000e+00
0.000000000000000000e+00
0.000000000000000000e+00
0.000000000000000000e+00
0.000000000000000000e+00
0.000000000000000000e+00
nan
