# bin_5_5
4.510518098191966204e-04
4.690138069109643735e-04
4.821152224043708814e-04
4.904153207729633262e-04
4.935836437236555642e-04
4.920962639826271254e-04
4.864522684850521267e-04
4.773205749337963081e-04
4.653133332227561594e-04
4.511688314155171630e-04
4.354029810037920241e-04
4.187434178528690715e-04
4.016336740923110858e-04
3.844786945068593581e-04
3.678314830471284967e-04
3.516629401473057989e-04
3.363849392053049015e-04
3.225935521266004948e-04
3.097867949312904353e-04
2.978188680352047914e-04
2.871286978900447376e-04
2.778652471902100024e-04
2.696304664297633348e-04
2.620652619454902203e-04
2.551948324553138117e-04
2.490015662575068641e-04
2.435798752675344284e-04
2.386896830417875636e-04
2.339413183589839117e-04
2.290930371274053814e-04
2.240037390915361178e-04
2.190086992264395538e-04
2.142607409027525052e-04
2.094927106615609091e-04
2.045328236403033120e-04
1.992772977633036884e-04
1.936704744716140781e-04
1.877723762754105190e-04
1.817783188452254839e-04
1.758273625314354092e-04
1.700203812972539722e-04
1.644289134838146241e-04
1.591020016498015475e-04
1.540714894403163017e-04
1.491629666204628097e-04
1.442918266144489867e-04
1.395838147567014863e-04
1.351309403580322889e-04
1.309986141030407259e-04
1.272313350938573408e-04
1.238572269516142164e-04
1.208916583042887581e-04
1.183070076313202083e-04
1.160118410888272050e-04
1.139303718604470184e-04
1.120009971819501164e-04
1.101738785932583582e-04
1.084089343216213826e-04
1.066741713004073599e-04
1.049442976706549879e-04
1.031995673744521750e-04
1.015023792151974294e-04
9.990215814277419190e-05
9.836800637046028866e-05
9.687456517450304444e-05
9.540115709894316507e-05
9.393105848341929862e-05
9.245088200660388580e-05
9.095005223938256692e-05
8.942035993981576713e-05
8.785558309747256009e-05
8.625116462996620589e-05
8.458786794008463943e-05
8.287120297525026838e-05
8.113091090102724553e-05
7.939208291765966483e-05
7.767577501664403225e-05
7.599954286821986157e-05
7.437790752021668629e-05
7.282276109360614981e-05
7.134372038540415912e-05
6.994843520099912782e-05
6.864285730690141123e-05
6.743147509731851354e-05
6.631751838370610042e-05
6.529574957807264394e-05
6.434996330186434574e-05
6.346736353030830763e-05
6.263668646260195979e-05
6.184803257570052745e-05
6.109271715433639463e-05
6.036313718649702348e-05
5.965265276727273452e-05
5.895548137545472944e-05
5.826660358084210693e-05
5.758167890961931500e-05
5.689697074357644353e-05
5.620927925911650610e-05
5.551588152628862390e-05
5.481447798854807550e-05
5.410314463234203923e-05
5.338379090524812719e-05
5.266189490677285456e-05
5.194081961796757874e-05
5.122353277360699086e-05
5.051264532596383606e-05
4.981044623450907338e-05
4.911893394348090119e-05
4.843984487183937470e-05
4.777467920678070298e-05
4.712472426226267652e-05
4.649107563746666678e-05
4.587465638643651135e-05
4.527623438896276570e-05
4.469643809384451339e-05
4.413577078870953459e-05
4.359462353538717165e-05
4.307328689621468354e-05
4.257196156444262883e-05
4.208877297133663080e-05
4.162089110701542525e-05
4.116709838857223321e-05
4.072627280744852953e-05
4.029738056574149466e-05
3.987946929509769174e-05
3.947166180981189046e-05
3.907315035000543903e-05
3.868319127461563494e-05
3.830110016742657703e-05
3.792624732254940576e-05
3.755805357864507613e-05
3.719598647380608280e-05
3.683955669539898446e-05
3.648831480134066217e-05
3.614184819125749646e-05
3.579977830777846313e-05
3.546175804985407396e-05
3.512746938149090064e-05
3.479662112065833458e-05
3.446894689437111529e-05
3.414420324709203225e-05
3.382225745285450882e-05
3.350330986340952920e-05
3.318761193474412097e-05
3.287538900605874225e-05
3.256684224650865407e-05
3.226215046308691280e-05
3.196147177979165977e-05
3.166494519744403606e-05
3.137269204281000411e-05
3.108481731502243993e-05
3.080141093669730743e-05
3.052254891658124627e-05
3.024829443005668265e-05
2.997869882335979532e-05
2.971380254693146999e-05
2.945363602292193179e-05
2.919822045149978162e-05
2.894756856027608523e-05
2.870168530083900014e-05
2.846056849610450264e-05
2.822420944192056616e-05
2.799259346611362279e-05
2.776570044793793187e-05
2.754350530067580012e-05
2.732597841994065501e-05
2.711252030548322499e-05
2.690250054348469966e-05
2.669584166626025809e-05
2.649246834018192994e-05
2.629230729789540735e-05
2.609528727292917592e-05
2.590133893660500036e-05
2.552238934101681782e-05
2.533725857605937970e-05
2.515494037694064730e-05
2.497537423224419653e-05
2.479850123349061796e-05
2.462426402589937293e-05
2.445260676084313686e-05
2.428347504993161692e-05
2.395257777358963293e-05
2.379071034092810136e-05
2.363116464658212242e-05
2.347389296750459388e-05
2.331884879636197510e-05
2.316598680544903344e-05
2.301526281180868479e-05
2.272005760706129174e-05
2.257549345585982206e-05
2.243290135973521394e-05
2.229224237545274914e-05
2.201646045435877514e-05
2.188105524290515940e-05
2.174724986202021757e-05
2.161503088550273169e-05
2.148438452191453612e-05
2.122775285968291910e-05
2.110173847127826157e-05
2.097723857886734443e-05
2.073272166423357395e-05
2.061267391673193372e-05
2.049407926285782029e-05
2.037692202932423814e-05
2.014685671849777933e-05
2.003391693889528839e-05
1.992235120942165933e-05
1.970327819549162098e-05
1.959573906497500914e-05
1.948951031845068407e-05
1.928092058502106057e-05
1.917852802627608962e-05
1.897746906849035671e-05
1.887877151253403266e-05
1.878127461070127306e-05
1.858982146007456495e-05
1.849583481739196407e-05
1.831126625167552740e-05
1.822065462619623237e-05
1.804229135114743932e-05
1.795442106204711447e-05
1.786741733462489327e-05
1.769598553976442417e-05
1.761154508458379070e-05
1.744518309368052982e-05
1.736324842203969000e-05
1.720183813922603557e-05
1.712234883531691797e-05
1.696576713401198535e-05
1.688866064935653867e-05
1.673678083563407662e-05
1.658796403296866964e-05
1.651468621280384951e-05
1.637035548803016062e-05
1.629928805842372023e-05
1.615931274414953613e-05
1.602216846403838716e-05
1.595463987289784846e-05
1.582163376744937856e-05
1.575614191409472625e-05
1.562714496688641375e-05
1.550074988626383001e-05
1.543851050015742282e-05
1.531591328692642311e-05
1.519577898167915540e-05
1.513661839959897637e-05
1.501987571464744209e-05
1.490507188431490726e-05
1.479217271113398390e-05
1.473642671909899115e-05
1.462632071599684249e-05
1.451803456853145874e-05
1.441153475754253792e-05
1.435894433173781382e-05
1.425506181997096296e-05
1.415288318658157139e-05
1.405237606470246890e-05
1.395350847779217618e-05
1.390467962918752351e-05
1.380821229296412287e-05
1.371330638719445848e-05
1.361993144636006075e-05
1.352805746718791097e-05
1.343765491810079464e-05
1.334869474676303860e-05
1.326114838590401332e-05
1.317498775758679607e-05
1.309018527607411369e-05
1.300671384943119659e-05
1.292454687999288185e-05
1.284365826381114444e-05
1.276402238918951166e-05
1.268553639564788949e-05
1.260810196381081134e-05
1.253170087300902927e-05
1.245631518610884320e-05
1.238192725091456386e-05
1.230851970095555382e-05
1.223607545571614777e-05
1.216457772036191011e-05
1.209400998501150002e-05
1.202435602359919603e-05
1.195559989236971333e-05
1.188772592804308152e-05
1.178753546547825811e-05
1.172180021225576041e-05
1.165689448015862093e-05
1.159280383815459870e-05
1.152951412112402445e-05
1.143605093928523886e-05
1.137470327771762881e-05
1.131410900930721015e-05
1.125425512368848609e-05
1.116583465906639927e-05
1.110777641995334478e-05
1.105041494557273870e-05
1.096565313404864460e-05
1.090998187918491720e-05
1.085496193564734231e-05
1.077357302273110065e-05
1.072005213950646323e-05
1.064084926441706613e-05
1.058874993187550248e-05
1.053719998435647004e-05
1.046088222486985368e-05
1.041066035444653638e-05
1.033628800628806780e-05
1.028733295021190398e-05
1.021481728881048183e-05
1.016707192411220883e-05
1.009633016472557260e-05
1.002661529203088436e-05
9.980695954389218777e-06
9.912633652707384600e-06
9.867792438062154096e-06
9.801313144803488578e-06
9.735752092851641113e-06
9.692543669005844386e-06
9.628463236448691411e-06
9.565242647765781028e-06
9.523563152668920473e-06
9.461730567820389527e-06
9.400704922829123612e-06
9.340467657355244418e-06
9.300738597486793105e-06
9.241803820445309848e-06
9.183659796523302999e-06
9.126279952117865790e-06
9.069639076067611262e-06
9.032277163096250224e-06
8.976815326876973102e-06
8.922031301241064116e-06
8.867904227434839212e-06
8.814414278358040152e-06
8.761542599640216236e-06
8.709271254332855893e-06
8.657583170980746054e-06
8.606462094852849125e-06
8.555892542128013732e-06
8.505859756845067277e-06
8.456349670439840290e-06
8.407348863703710597e-06
8.358844531009732603e-06
8.294923329091624623e-06
8.247530834762342421e-06
8.200596143079539758e-06
8.154108743053888709e-06
8.108058579260732959e-06
8.062436027460797376e-06
8.002255259758568864e-06
7.957595294391006424e-06
7.913351669806578895e-06
7.855080757185976193e-06
7.811905464770909282e-06
7.769168675912683993e-06
7.712847816920885644e-06
7.671088627939070336e-06
7.629730134557268295e-06
7.575191108574657910e-06
7.534728441126651101e-06
7.481349450213438191e-06
7.441732256846325203e-06
7.389449550656894690e-06
7.350632415828841151e-06
7.299388441437344121e-06
7.261330326488369912e-06
7.211073028623361480e-06
7.161358075933304328e-06
7.124418984262870924e-06
7.075618557790098720e-06
7.027322259099201956e-06
6.991423294091109085e-06
6.943979408349287353e-06
6.897006664186169185e-06
6.850494188933061404e-06
6.804431648940832582e-06
6.770174083360245761e-06
6.724879622347256153e-06
6.680099408567584256e-06
6.635850957399510015e-06
6.592115262046569497e-06
6.548874378456458548e-06
6.506111361058152495e-06
6.463810202546065419e-06
6.421955777443722949e-06
6.380533789198059815e-06
6.339530720572592242e-06
6.298933787124124006e-06
6.258730893562162259e-06
6.209014014870496169e-06
6.169656783161398762e-06
6.130658563119348797e-06
6.092009760956983023e-06
6.044176319251611822e-06
6.006281174726907678e-06
5.968707575085967253e-06
5.922181114440354343e-06
5.885303568730382565e-06
5.848724052012326883e-06
5.803408914275309566e-06
5.767476744966948851e-06
5.722951957461492550e-06
5.687637789421826796e-06
5.643868647492701022e-06
5.609186075528370688e-06
5.566300115603458526e-06
5.523919709789240721e-06
5.490370030302240736e-06
5.448865106674568452e-06
5.407828597876897209e-06
5.375328545431251275e-06
5.335105263539937865e-06
5.295318167444600269e-06
5.255956782153049836e-06
5.217011125662958923e-06
5.178471679540443361e-06
5.140329361402703005e-06
5.110095598243822581e-06
5.072646517156071335e-06
5.035571240305648005e-06
4.991563586580296802e-06
4.955284221843216275e-06
4.919355315864142667e-06
4.883770202938844385e-06
4.848522487993860368e-06
4.813606031335119610e-06
4.772135255202463852e-06
4.737927123298299819e-06
4.704032157816533679e-06
4.670445145449027379e-06
4.630538464811907918e-06
4.597604398199932705e-06
4.558471145048213432e-06
4.526185815906948530e-06
4.487837085029377006e-06
4.456209606020589794e-06
4.418654069728435498e-06
4.387689914418132715e-06
4.350932194749668021e-06
4.314610331337012013e-06
4.284674950773802510e-06
4.249151390212001304e-06
4.214062048430128831e-06
4.179405556523674302e-06
4.145180188655874821e-06
4.111383893113204312e-06
4.078014321160183595e-06
4.045068853847043977e-06
4.012544626912714431e-06
3.980438553915358461e-06
3.948747347713268555e-06
3.917467540410097529e-06
3.886595501870427011e-06
3.856127456904079647e-06
3.826059501210680850e-06
3.791480520980378056e-06
3.762267219527434449e-06
3.733515606053698486e-06
3.700574207704719464e-06
3.672823112054210315e-06
3.640975476431007987e-06
3.614102835665109815e-06
3.583215717836453084e-06
3.557114702283197390e-06
3.527071533712525008e-06
3.497439736482293259e-06
3.468191876162662789e-06
3.443408488112967317e-06
3.414807387729852412e-06
3.386522092318027187e-06
3.358531967967282542e-06
3.330817870019849548e-06
3.303362044552536067e-06
3.276148036312960079e-06
3.249160602674136343e-06
3.222385633202440589e-06
3.195810074462588282e-06
3.169421859709651702e-06
3.139479042808104337e-06
3.113455847521695590e-06
3.087587787046558167e-06
3.058203207262873805e-06
3.032639390470257380e-06
3.003606356008765630e-06
2.978422496558571231e-06
2.949933872067583874e-06
2.925292699591137579e-06
2.897491283886496248e-06
2.870091482848800780e-06
2.843055818395300925e-06
2.819689785390738819e-06
2.793311608291069081e-06
2.767275014886560964e-06
2.741574114406431448e-06
2.716205219391200382e-06
2.691163044469628043e-06
2.666441828178469531e-06
2.642035946144444129e-06
2.614949495402674613e-06
2.591197448677669896e-06
2.567746405362233305e-06
2.541717387163489875e-06
2.518889072834932970e-06
2.496346094726742254e-06
2.471321279216179071e-06
2.446647177301341220e-06
2.425003785874263086e-06
2.400974438660937047e-06
2.377277333275648585e-06
2.356487621404607839e-06
2.333403635363870240e-06
2.310636394945622545e-06
2.288180157511096590e-06
2.266029311406508169e-06
2.244178512575220522e-06
2.222623447631312016e-06
2.199014066349309639e-06
2.178066601831474037e-06
2.157399050525432778e-06
2.134757474736739075e-06
2.114665734262365338e-06
2.094840028517560191e-06
2.073117871054877813e-06
2.051712265086170466e-06
2.032712873879514584e-06
2.011892713683179393e-06
1.991373008460054116e-06
1.971148091195425035e-06
1.953193131515753661e-06
1.933513166452907568e-06
1.914112546904859042e-06
1.893088956745794184e-06
1.874259395004617790e-06
1.855694053352472221e-06
1.837388103428201325e-06
1.817545636542220642e-06
1.799769843679766481e-06
1.782239745110950230e-06
1.763235142231225712e-06
1.744516737652013804e-06
1.727743675106523633e-06
1.709556673950940773e-06
1.691640489376136044e-06
1.673989893370863905e-06
1.656599780202748341e-06
1.639465169653377394e-06
1.622581448138834603e-06
1.605943995076557570e-06
1.589548167200402606e-06
1.573389426806504344e-06
1.556026898771335904e-06
1.540349780525488701e-06
1.523502755810896449e-06
1.508289223598700253e-06
1.491938216793006001e-06
1.475838498449528237e-06
1.461296954477363898e-06
1.445665261174429352e-06
1.430270851054043798e-06
1.415109090332417609e-06
1.400175453613642288e-06
1.385465528516157958e-06
1.369777302569327724e-06
1.355519866498709753e-06
1.341473257828532547e-06
1.326489366906276858e-06
1.312869220626739906e-06
1.298338264035900241e-06
1.284035879899529861e-06
1.269957457159294351e-06
1.257156878810182851e-06
1.243496596503730042e-06
1.230047408602180181e-06
1.216805118221491784e-06
1.202770895919247728e-06
1.189945392077916177e-06
1.177314538466734790e-06
1.163925394296458132e-06
1.151686715770380390e-06
1.138711400702126845e-06
1.125944194218701686e-06
1.114271534498548919e-06
1.101893678571156781e-06
1.089711601942235817e-06
1.077721336195548111e-06
1.065919019900805663e-06
1.053477967359921840e-06
1.042053078429024503e-06
1.030804733218428048e-06
1.018944855342199061e-06
1.008051160630235291e-06
9.965635543030085133e-07
9.852626199668251580e-07
9.741443640283030910e-07
9.632049497703379273e-07
9.524407082313150080e-07
9.418480599173956365e-07
9.314235123601336794e-07
9.211635713690997498e-07
9.103972126244564560e-07
9.004668244132427408e-07
8.900447340263066345e-07
8.804304617498832787e-07
8.703386050248047432e-07
8.604117644767198369e-07
8.506464910378681301e-07
8.410394321972204747e-07
8.315873182414048756e-07
8.217106283094578946e-07
8.125678954917438826e-07
8.030127992719122181e-07
7.941663710348065308e-07
7.849195326452324429e-07
7.758265121682097114e-07
7.668838970679013873e-07
7.580884487993973122e-07
7.494370727821013991e-07
7.409267522569090385e-07
7.320663025116254719e-07
7.238371083853043753e-07
7.152677815438922127e-07
7.073076219810859677e-07
6.990171453651445100e-07
6.908655355651713466e-07
6.828497521969930798e-07
6.749667844132159132e-07
6.672138067864422909e-07
6.591680930493473553e-07
6.516737563227087840e-07
6.438951313977393635e-07
6.366482568289567346e-07
6.291251293518618622e-07
6.217289864017082575e-07
6.144570703949619575e-07
6.073066882254027792e-07
5.999083000750077360e-07
5.929990632996981158e-07
5.858489195201078405e-07
5.791703647106136996e-07
5.722577667548413648e-07
5.654629614207989040e-07
5.587833206580365017e-07
5.522163194489167605e-07
5.457595002405106353e-07
5.390958068104412130e-07
5.328574177214769578e-07
5.264179350246975733e-07
5.200894779573784199e-07
5.138695715554117993e-07
5.077558080804575708e-07
5.017458231766743355e-07
4.958372822975263699e-07
4.897537775592004491e-07
4.840461197764653092e-07
4.781684085298867603e-07
4.723924868802421728e-07
4.667160069417971971e-07
4.611367523155360077e-07
4.556525790157284675e-07
4.500185233305867334e-07
4.447223917886836722e-07
4.392804648804213341e-07
4.339334026253106129e-07
4.286790805361537990e-07
4.235154317443047047e-07
4.184404450701080763e-07
4.134521005316720799e-07
4.083371379412041178e-07
4.033122984806943219e-07
3.985795113252595260e-07
3.937253163251122307e-07
3.887583897116743040e-07
3.840740660722516488e-07
3.794701134404827376e-07
3.747578905492531391e-07
3.701290190548068777e-07
3.655815873560040913e-07
3.611136661189291362e-07
3.567234667406727741e-07
3.524092592857553817e-07
3.480012866315009130e-07
3.438371324090743099e-07
3.395836550995282750e-07
3.354058408881099766e-07
3.312999452947264054e-07
3.271084752242756855e-07
3.231386059799411938e-07
3.190885751654918674e-07
3.151141247502955891e-07
3.112133862963078409e-07
3.073845487446017533e-07
3.036258563137435205e-07
2.997962708540857605e-07
2.960307849811397261e-07
2.924609009932625931e-07
2.888225188399757766e-07
2.851228351295262817e-07
2.816162846946567193e-07
2.780492113871304015e-07
2.746660889094718825e-07
2.712238234445175575e-07
2.678428962351317585e-07
2.644084286627931020e-07
2.611479226793012713e-07
2.578350810522752554e-07
2.545819463220542206e-07
2.513871353444654427e-07
2.482493007630502308e-07
2.451670869373175888e-07
2.420392010325616163e-07
2.389679749439179897e-07
2.359520883637540333e-07
2.329902582882230840e-07
2.300812017472227093e-07
2.271323487939993843e-07
2.243267982997502720e-07
2.214823258174534569e-07
2.186025679907670332e-07
2.158608171286744965e-07
2.131678259456314673e-07
2.104405707896777525e-07
2.077628024758262129e-07
2.051333696723069675e-07
2.024736155767754355e-07
1.999388313261835440e-07
1.973742676133874255e-07
1.948563331608166942e-07
1.923839434860840867e-07
1.898852923630169698e-07
1.875020559443007794e-07
1.850929760980909622e-07
1.827277513652371031e-07
1.803396287094591921e-07
1.780602671049891350e-07
1.757583424988113510e-07
1.734985493663299070e-07
1.712799066235917031e-07
1.690415131249681105e-07
1.669034149902177147e-07
1.647458350281946517e-07
1.626277279673967868e-07
1.604924997586867382e-07
1.584516200512826764e-07
1.563938538487487582e-07
1.543739444252372063e-07
1.523909503220250737e-07
1.503932563913208482e-07
1.484326418742329862e-07
1.465082329244100938e-07
1.446191698589549199e-07
1.427645732056340375e-07
1.408973792771332912e-07
1.390647521046359207e-07
1.372658763582676000e-07
1.354562250499543911e-07
1.337232476616849149e-07
1.319794915889831169e-07
1.302265570473479239e-07
1.285471423601854929e-07
1.268585478959682467e-07
1.252013302780248700e-07
1.235747226833592791e-07
1.219403391565532128e-07
1.203365212077022828e-07
1.187625337702761743e-07
1.172176538546955743e-07
1.156662367133119426e-07
1.141438298858162380e-07
1.126497318530704490e-07
1.111832618902662674e-07
1.097113497952542245e-07
1.082669485773014157e-07
1.068493884980049587e-07
1.054273937260960625e-07
1.040320954966916651e-07
1.026628420562966090e-07
1.013190030559515354e-07
9.997155911745499343e-08
9.864936663974174018e-08
9.735180755084987631e-08
9.605144308921670636e-08
9.477552969548856198e-08
9.352347125414868656e-08
9.226933313654801836e-08
9.103885467230334989e-08
8.983145706897071216e-08
8.864657089279820509e-08
8.746014119309119131e-08
8.629602912121637700e-08
8.515369825320597998e-08
8.401041976475938681e-08
8.288871113008328916e-08
8.178802714180911408e-08
8.068689429621377352e-08
7.960659374485225134e-08
7.854663059919293630e-08
7.748670220887094163e-08
7.644684493007546131e-08
7.542658333710260955e-08
7.442546290635290266e-08
7.342468211725174862e-08
7.242484596985410955e-08
7.146179324073696618e-08
7.049939806817870365e-08
6.955523991072397164e-08
6.861222267304318546e-08
6.768725202589058456e-08
6.677983623548296173e-08
6.587378638848783908e-08
6.498506447705565585e-08
6.409813515699990860e-08
6.324319661709791497e-08
6.238981205591082947e-08
6.153837309234923085e-08
6.070335489404356503e-08
5.988438516883986061e-08
5.908110096270993752e-08
5.827989871820159542e-08
5.748111199142261977e-08
5.671055828573129379e-08
5.592971641188690384e-08
5.517637979436373277e-08
5.442548282616717809e-08
5.368910131304419429e-08
5.295533176805330199e-08
5.223580056702695751e-08
5.153015045658575859e-08
5.082715728694705813e-08
5.013779465415468031e-08
4.945124997393969219e-08
4.877803458121205769e-08
4.811779376710110625e-08
4.746031854017057732e-08
4.681556860036876895e-08
4.617374922702441399e-08
4.554436172959293422e-08
4.491793093031621420e-08
4.431253871035453905e-08
4.370105157249267644e-08
4.310147396638542685e-08
4.251344811119108911e-08
4.193662647515004713e-08
4.136255153386863110e-08
4.079139828254348213e-08
4.023127496522498596e-08
3.968185333111415270e-08
3.913527679785787512e-08
3.859902306019751764e-08
3.806554439436536996e-08
3.754220580061353213e-08
3.702178161985225077e-08
3.651120479529988128e-08
3.600347511241502057e-08
3.550526655389483358e-08
3.501637619809140134e-08
3.453026931055356100e-08
3.404707168844505953e-08
3.357910006234961009e-08
3.310782392677249745e-08
3.264543136091076690e-08
3.219170920996601226e-08
3.174082929212241457e-08
3.129848664365782479e-08
3.085906627517722786e-08
3.042266229416851273e-08
2.999976647622297517e-08
2.957454239302782846e-08
2.915754062638198719e-08
2.874863579862042611e-08
2.834281981300220709e-08
2.794475688394872898e-08
2.754967616300770666e-08
2.715778622250031395e-08
2.677376032197720627e-08
2.639750110382779879e-08
2.602431384128035193e-08
2.565428425210506356e-08
2.529174963933898478e-08
2.493261934531434203e-08
2.458104337303021369e-08
2.423290625244901055e-08
2.389195278631225327e-08
2.355430225695693132e-08
2.322365691882429299e-08
2.289629187708698859e-08
2.257222102732826357e-08
2.225484566606394778e-08
2.194070280618606917e-08
2.163315783226443446e-08
2.132888811020261542e-08
2.102794783997416948e-08
2.073334688602204145e-08
2.044493530105417187e-08
2.015669942831739328e-08
1.987751470330790209e-08
1.959861166904361523e-08
1.932568954161655090e-08
1.905586292116903386e-08
1.879176364722397398e-08
1.853063149079937490e-08
1.827499020041803728e-08
1.801979898205998512e-08
1.777248165902604010e-08
1.752555498099740941e-08
1.728375879532484168e-08
1.704461658217077865e-08
1.681043303522420462e-08
1.657895357771859403e-08
1.635007222674622073e-08
1.612577913958207032e-08
1.590379518084295914e-08
1.568413856686111760e-08
1.546896582463578793e-08
1.525609490294387945e-08
1.504538469450041551e-08
1.483856062448026328e-08
1.463175259279436564e-08
1.443053020596924908e-08
1.422948994007928318e-08
1.403225910364971216e-08
1.383710752447281964e-08
1.364408647675007294e-08
1.345471465413546423e-08
1.326732690375945045e-08
1.308201488096910270e-08
1.290040232526563846e-08
1.272097202913048337e-08
1.254370354183375071e-08
1.236853828930791288e-08
1.219546935041416527e-08
1.202587636099586813e-08
1.185830757861121684e-08
1.169275638930161090e-08
1.153052239809213185e-08
1.137023938932558040e-08
1.121189995029084343e-08
1.105549597537325459e-08
1.090101880761737607e-08
1.074963938480484882e-08
1.059896425551209387e-08
1.045131998553857656e-08
1.030662729994920240e-08
1.016263299095281650e-08
1.002045950961871817e-08
9.881140479864138613e-09
9.743577526520826987e-09
9.607759808785867711e-09
9.473676058434267175e-09
9.342278204451981563e-09
9.211607726646547157e-09
9.083560400988632345e-09
8.957160866640840275e-09
8.832396902989526755e-09
8.709256130424547656e-09
8.587726035953078635e-09
8.467793734139382233e-09
8.350265367502147200e-09
8.233472467502545425e-09
8.119024396796082271e-09
8.006089090120719864e-09
7.894653041384364640e-09
7.784702550310937396e-09
7.676223756003238217e-09
7.569202747871880104e-09
7.463626030085829189e-09
7.359479757285763644e-09
7.257418973545404580e-09
7.156077956362692020e-09
7.056125263170756677e-09
6.958176187398770340e-09
6.860944416668817457e-09
6.765662551530165814e-09
6.671094652204284339e-09
6.578423714484994270e-09
6.486462361659322781e-09
6.396346033285064711e-09
6.306933753628383308e-09
6.219315180235069860e-09
6.132394084062765546e-09
6.047216384019472567e-09
5.962728992043472769e-09
5.879935674115524031e-09
5.797824497640321233e-09
5.716884764660669254e-09
5.637566633303756145e-09
5.558917307136768367e-09
5.481396544997814928e-09
5.404990041325079377e-09
5.329683565620773617e-09
5.255462988084943962e-09
5.182314396107598046e-09
5.110223833038832090e-09
5.038782303685336702e-09
4.968774105302233993e-09
4.899403257857993369e-09
4.831056845898981927e-09
4.764082294198641010e-09
4.697723161553607526e-09
4.631981133733879877e-09
nan
