# bin_18_3
-7.019509771331776729e-08
4.788478658987326098e-08
-4.843789351157869967e-08
3.970959518295059615e-08
-1.632107494823506551e-08
3.132484861169343439e-08
2.911077210539574568e-08
2.721558183720225881e-08
8.382781187256830783e-08
2.578048221663830930e-08
1.047118747479362841e-07
2.338171195183718190e-08
8.327043094898490521e-08
5.599594119479548056e-08
2.206593268152092797e-08
-1.497914015239050118e-08
-4.609756748383392591e-08
-5.424968301053104244e-08
-4.505997740616478245e-08
-3.093964638762188822e-08
-1.413090911091191857e-08
3.896147923475985268e-09
4.479824232164483973e-08
1.006385764453271775e-07
1.408875684105885856e-07
1.490180976433535246e-07
1.378691235674673124e-07
1.267883855092257032e-07
1.160905039948786182e-07
1.059703604826306359e-07
9.654006920168487273e-08
8.817157248904029501e-08
8.071832564858995879e-08
7.364006290655624496e-08
6.657345935415338964e-08
5.928281538384456003e-08
5.162404989692926131e-08
3.478265786451666784e-08
6.717762464341456174e-09
-2.458072422985536200e-08
-5.336481414800796501e-08
-7.559579916645854045e-08
-8.853487457813035847e-08
-9.042795044017361288e-08
-8.228468540539302000e-08
-6.847768178876419460e-08
-5.220043249660485848e-08
-3.588449152748876198e-08
-2.135495916180290221e-08
-9.954901222885113414e-09
-2.645053802483178055e-09
-8.381396247230158807e-11
-5.686583916544172717e-11
-3.506319176450447831e-11
-1.774905178756501850e-11
-4.348809477776765370e-12
5.640710039483229461e-12
1.266060984524962899e-11
1.709796428403130618e-11
1.929274274979912478e-11
1.954378210759087185e-11
1.888457907465413972e-11
1.817469791577376367e-11
1.742341550265080722e-11
1.663883179332000393e-11
1.582801613164587239e-11
1.499713450950477710e-11
1.415156043096533030e-11
1.329597162653452714e-11
1.243443453622333937e-11
1.157047820236609356e-11
1.070715897823353787e-11
9.753983621705210451e-12
8.665646773230596948e-12
7.504434073071765749e-12
6.322827021932821486e-12
5.164808389510815040e-12
4.066997153086602957e-12
3.059635847366602366e-12
2.167449994757393920e-12
1.410396547742974646e-12
8.043159381528989761e-13
3.615003301050929365e-13
9.118896252803112597e-14
3.320906373982936596e-26
2.820341610547228274e-26
2.374917768369858331e-26
1.980261152394272004e-26
1.632344598858170452e-26
1.327458142297836051e-26
1.062182377473734887e-26
8.333642471591063306e-27
6.380950158241395651e-27
4.736902149507421052e-27
3.376713684478427606e-27
2.277493267729190319e-27
1.418090562208041077e-27
7.789574569201251652e-28
3.420210734153471629e-28
9.056760045313285927e-29
9.135957883705626801e-30
7.916411690968511263e-30
6.814177492932631113e-30
5.821298775247885010e-30
4.930356768001406530e-30
4.134431609370426050e-30
3.427066556344729757e-30
2.802234982407371113e-30
2.254309926139161087e-30
1.778035976388526143e-30
1.368503299170214089e-30
1.021123629066552860e-30
7.316080637922187183e-31
4.959465149378862385e-31
3.103886808842000084e-31
1.714264196172333302e-31
7.577740980853109914e-32
2.036999815710765993e-32
2.329139729295376333e-33
2.070502842232534952e-33
1.832600380692830306e-33
1.614238582466248201e-33
1.414292492289774108e-33
1.231701712982197849e-33
1.065466442162643329e-33
9.146437736339245757e-34
7.783442441755616851e-34
6.557286080123998794e-34
5.460048226163095538e-34
4.484252307714948749e-34
3.622839250002698197e-34
2.869142815146993328e-34
2.216866518394498743e-34
1.660062011503024499e-34
1.193108831983082090e-34
8.106954244773340054e-35
5.078013475310325780e-35
2.796805854163264551e-35
1.218458905721043262e-35
3.005408765371110133e-36
2.922751895515217028e-38
2.637982552791392984e-38
2.373024628952263583e-38
2.126904103555013696e-38
1.898694806490614988e-38
1.687515899312015736e-38
1.492529500961769151e-38
1.312938448869351767e-38
1.147984187001833678e-38
9.969447730203032295e-39
8.591329972220342709e-39
7.338946064366149066e-39
6.206066264982945638e-39
5.186757773376706358e-39
4.275369751265018342e-39
3.466519162731273384e-39
2.755077384030555279e-39
2.136157537735617481e-39
1.605102508628095662e-39
1.157473601460970160e-39
7.890398032462611445e-40
4.957676150785974527e-40
2.738114207036428335e-40
1.195043610842120943e-40
2.934968612874551745e-41
1.255652660756312377e-44
1.152695054856366815e-44
1.055769443391672405e-44
9.646234505821160998e-45
8.790152802488139925e-45
7.987132398824508992e-45
7.234952880605765010e-45
6.531486039631814598e-45
5.262614210985099495e-45
4.693377956320632577e-45
4.165184602939863991e-45
3.676309346970500021e-45
3.225097787966671623e-45
2.809962876526909173e-45
2.429382005577790767e-45
2.081894237956529230e-45
1.480646877930960142e-45
1.224250580747769330e-45
9.956692805629173272e-46
7.937131080312859115e-46
6.172397277124718057e-46
4.651523450436529811e-46
3.363978035677040795e-46
1.448819887587983130e-46
8.021664449140321470e-47
3.507275797176942016e-47
8.589682652591224657e-48
-5.858064297312407855e-50
-5.751893268199389171e-50
-5.619260857873631954e-50
-5.463345866660755271e-50
-5.287144177824481691e-50
-4.885004705901324441e-50
-4.664225071103315076e-50
-4.433491303819528783e-50
-3.950871903159144505e-50
-3.703013500638228084e-50
-3.453268675682086902e-50
-3.203352242357423758e-50
-2.709325743182723119e-50
-2.468123586302527962e-50
-2.232575909093767898e-50
-1.783256093098052280e-50
-1.571685228652998776e-50
-1.370179781458661459e-50
-1.000954991040519997e-50
-8.348649477791220185e-51
-5.433416532854799480e-51
-4.191821354119678641e-51
-3.101850791713022710e-51
-1.396674535124368361e-51
-7.902796142395024732e-52
-8.875041686327259734e-53
1.128315656922957382e-57
1.100560120792146274e-57
1.081033610426012304e-57
1.058229883875933300e-57
1.004150613670563650e-57
9.735134614532914248e-58
9.065229555353023396e-58
8.707170789115228540e-58
7.957501300867480279e-58
7.570568804253319277e-58
6.783304720040671219e-58
6.386953615908180773e-58
5.597977066180359781e-58
4.825045193575568113e-58
4.448408309221335741e-58
3.721674847240513834e-58
3.374094211241622602e-58
2.716243586949679071e-58
2.114993365772231210e-58
1.837924489115532401e-58
1.335043166859355615e-58
1.110723138029580019e-58
7.196715756830397160e-59
4.093127961757908846e-59
2.856931243723435492e-59
1.038142759898784750e-59
1.163111190118381624e-60
-2.141978810429936052e-67
-2.099037446038999912e-67
-2.035187192536847996e-67
-1.953856959370599941e-67
-1.907631362360673280e-67
-1.805904204167025063e-67
-1.694089528266345053e-67
-1.574722369069408923e-67
-1.512939494277578196e-67
-1.386530030084485743e-67
-1.257997216780941472e-67
-1.129187906800603189e-67
-1.001783274258270252e-67
-9.390907468883264118e-68
-8.166122317049884997e-68
-6.990931702863907434e-68
-5.877239653938287778e-68
-4.835770774160265061e-68
-3.876156744905565276e-68
-3.007016787035996505e-68
-2.236032513290425643e-68
-1.570017568762632862e-68
-1.014982427756693270e-68
-5.761946881824732016e-69
-2.582351796396500968e-69
-6.505017825034552193e-70
1.568430047478462525e-79
1.542650609407014374e-79
1.505292621599178222e-79
1.457968309689612570e-79
1.402177811020453575e-79
1.339316054449765226e-79
1.270679218782134666e-79
1.197470796643549978e-79
1.120807288821534325e-79
1.041723552418386902e-79
9.611778246111889768e-80
8.800564423671863107e-80
7.991782771203768599e-80
6.799535383805739677e-80
6.028601646961499259e-80
5.284027133828305347e-80
4.571445504041207883e-80
3.896016096242888804e-80
2.962731086516835094e-80
2.399904536640816696e-80
1.888965251680572328e-80
1.433280660549967893e-80
8.599118804773043387e-81
5.549725046734559533e-81
3.145987262720470872e-81
7.948059193034591455e-82
8.887142443428726872e-83
-4.924995427854992030e-96
-4.795617077182385472e-96
-4.679680211941869145e-96
-4.468481594788571031e-96
-4.306727289294888880e-96
-4.131123394148198712e-96
-3.846802322760599252e-96
-3.646448175696134459e-96
-3.334670141791645896e-96
-3.121989209505102089e-96
-2.799938142215899620e-96
-2.585477913390272637e-96
-2.267707103464149831e-96
-1.958521627384801982e-96
-1.759141317362290751e-96
-1.472865272190286838e-96
-1.291968321177448461e-96
-1.037773219732516518e-96
-8.065497222390776002e-97
-6.663631259005301258e-97
-4.786308334766946054e-97
-3.196622501776917662e-97
-2.305086767347706689e-97
-1.231278758093755262e-97
-4.852598158043988154e-98
-7.826460569235546445e-99
-3.047980705591819994e-117
-2.768189604448655895e-117
-2.506766678645445425e-117
-2.262853921483828201e-117
-2.035633433705636402e-117
-1.893039994354513998e-117
-1.691925012129788919e-117
-1.505502372934002637e-117
-1.333084853987271602e-117
-1.174016849845986073e-117
-1.027672821710215738e-117
-8.934558293985859075e-118
-7.707961411884243931e-118
-6.591499170214595097e-118
-5.579979608582030226e-118
-4.668445382272450328e-118
-3.852162552613613094e-118
-3.126609957415010255e-118
-2.487469128830361363e-118
-1.762596123003929274e-118
-1.309356629629440214e-118
-9.294786999272428579e-119
-6.194177409713222814e-119
-3.757861422826444054e-119
-1.953460204765120224e-119
-4.772732457537044213e-120
-2.932318130123921229e-121
2.503057314423528925e-144
2.435965399731486228e-144
2.369466174652173774e-144
2.291171397408165795e-144
2.171414067822720902e-144
2.072154141961518689e-144
1.966458642864554070e-144
1.817900426759601899e-144
1.702414298696321166e-144
1.545246649268237499e-144
1.426384590886066934e-144
1.268478029614224905e-144
1.151663270376529441e-144
9.996533364317690599e-145
8.894441003900544759e-145
7.488891538415117897e-145
6.170089805935945243e-145
5.246088678245653090e-145
4.110684575302998706e-145
3.095709911914145909e-145
2.419430846500581139e-145
1.638006109866172778e-145
1.001124429973232075e-145
5.155658177083403152e-146
1.871794462289326546e-146
4.706714410871627774e-147
0.000000000000000000e+00
0.000000000000000000e+00
0.000000000000000000e+00
0.000000000000000000e+00
0.000000000000000000e+00
0.000000000000000000e+00
0.000000000000000000e+00
0.000000000000000000e+00
0.000000000000000000e+00
0.000000000000000000e+00
0.000000000000000000e+00
0.000000000000000000e+00
0.000000000000000000e+00
0.000000000000000000e+00
0.000000000000000000e+00
0.000000000000000000e+00
0.000000000000000000e+00
0.000000000000000000e+00
0.000000000000000000e+00
0.000000000000000000e+00
0.000000000000000000e+00
0.000000000000000000e+00
0.000000000000000000e+00
0.000000000000000000e+00
0.000000000000000000e+00
0.000000000000000000e+00
0.000000000000000000e+00
0.000000000000000000e+00
0.000000000000000000e+00
0.000000000000000000e+00
0.000000000000000000e+00
0.000000000000000000e+00
0.000000000000000000e+00
0.000000000000000000e+00
0.000000000000000000e+00
0.000000000000000000e+00
0.000000000000000000e+00
0.000000000000000000e+00
0.000000000000000000e+00
0.000000000000000000e+00
0.000000000000000000e+00
0.000000000000000000e+00
0.000000000000000000e+00
0.000000000000000000e+00
0.000000000000000000e+00
0.000000000000000000e+00
0.000000000000000000e+00
0.000000000000000000e+00
0.000000000000000000e+00
0.000000000000000000e+00
0.000000000000000000e+00
0.000000000000000000e+00
0.000000000000000000e+00
0.000000000000000000e+00
0.000000000000000000e+00
0.000000000000000000e+00
0.000000000000000000e+00
0.000000000000000000e+00
0.000000000000000000e+00
0.000000000000000000e+00
0.000000000000000000e+00
0.000000000000000000e+00
0.000000000000000000e+00
0.000000000000000000e+00
0.000000000000000000e+00
0.000000000000000000e+00
0.000000000000000000e+00
0.000000000000000000e+00
0.000000000000000000e+00
0.000000000000000000e+00
0.000000000000000000e+00
0.000000000000000000e+00
0.000000000000000000e+00
0.000000000000000000e+00
0.000000000000000000e+00
0.000000000000000000e+00
0.000000000000000000e+00
0.000000000000000000e+00
0.000000000000000000e+00
0.000000000000000000e+00
0.000000000000000000e+00
0.000000000000000000e+00
0.000000000000000000e+00
0.000000000000000000e+00
0.000000000000000000e+00
0.000000000000000000e+00
0.000000000000000000e+00
0.000000000000000000e+00
0.000000000000000000e+00
0.000000000000000000e+00
0.000000000000000000e+00
0.000000000000000000e+00
0.000000000000000000e+00
0.000000000000000000e+00
0.000000000000000000e+00
0.000000000000000000e+00
0.000000000000000000e+00
0.000000000000000000e+00
0.000000000000000000e+00
0.000000000000000000e+00
0.000000000000000000e+00
0.000000000000000000e+00
0.000000000000000000e+00
0.000000000000000000e+00
0.000000000000000000e+00
0.000000000000000000e+00
0.000000000000000000e+00
0.000000000000000000e+00
0.000000000000000000e+00
0.000000000000000000e+00
0.000000000000000000e+00
0.000000000000000000e+00
0.000000000000000000e+00
0.000000000000000000e+00
0.000000000000000000e+00
0.000000000000000000e+00
0.000000000000000000e+00
0.000000000000000000e+00
0.000000000000000000e+00
0.000000000000000000e+00
0.000000000000000000e+00
0.000000000000000000e+00
0.000000000000000000e+00
0.000000000000000000e+00
0.000000000000000000e+00
0.000000000000000000e+00
0.000000000000000000e+00
0.000000000000000000e+00
0.000000000000000000e+00
0.000000000000000000e+00
0.000000000000000000e+00
0.000000000000000000e+00
0.000000000000000000e+00
0.000000000000000000e+00
0.000000000000000000e+00
0.000000000000000000e+00
0.000000000000000000e+00
0.000000000000000000e+00
0.000000000000000000e+00
0.000000000000000000e+00
0.000000000000000000e+00
0.000000000000000000e+00
0.000000000000000000e+00
0.000000000000000000e+00
0.000000000000000000e+00
0.000000000000000000e+00
0.000000000000000000e+00
0.000000000000000000e+00
0.000000000000000000e+00
0.000000000000000000e+00
0.000000000000000000e+00
0.000000000000000000e+00
0.000000000000000000e+00
0.000000000000000000e+00
0.000000000000000000e+00
0.000000000000000000e+00
0.000000000000000000e+00
0.000000000000000000e+00
0.000000000000000000e+00
0.000000000000000000e+00
0.000000000000000000e+00
0.000000000000000000e+00
0.000000000000000000e+00
0.000000000000000000e+00
0.000000000000000000e+00
0.000000000000000000e+00
0.000000000000000000e+00
0.000000000000000000e+00
0.000000000000000000e+00
0.000000000000000000e+00
0.000000000000000000e+00
0.000000000000000000e+00
0.000000000000000000e+00
0.000000000000000000e+00
0.000000000000000000e+00
0.000000000000000000e+00
0.000000000000000000e+00
0.000000000000000000e+00
0.000000000000000000e+00
0.000000000000000000e+00
0.000000000000000000e+00
0.000000000000000000e+00
0.000000000000000000e+00
0.000000000000000000e+00
0.000000000000000000e+00
0.000000000000000000e+00
0.000000000000000000e+00
0.000000000000000000e+00
0.000000000000000000e+00
0.000000000000000000e+00
0.000000000000000000e+00
0.000000000000000000e+00
0.000000000000000000e+00
0.000000000000000000e+00
0.000000000000000000e+00
0.000000000000000000e+00
0.000000000000000000e+00
0.000000000000000000e+00
0.000000000000000000e+00
0.000000000000000000e+00
0.000000000000000000e+00
0.000000000000000000e+00
0.000000000000000000e+00
0.000000000000000000e+00
0.000000000000000000e+00
0.000000000000000000e+00
0.000000000000000000e+00
0.000000000000000000e+00
0.000000000000000000e+00
0.000000000000000000e+00
0.000000000000000000e+00
0.000000000000000000e+00
0.000000000000000000e+00
0.000000000000000000e+00
0.000000000000000000e+00
0.000000000000000000e+00
0.000000000000000000e+00
0.000000000000000000e+00
0.000000000000000000e+00
0.000000000000000000e+00
0.000000000000000000e+00
0.000000000000000000e+00
0.000000000000000000e+00
0.000000000000000000e+00
0.000000000000000000e+00
0.000000000000000000e+00
0.000000000000000000e+00
0.000000000000000000e+00
0.000000000000000000e+00
0.000000000000000000e+00
0.000000000000000000e+00
0.000000000000000000e+00
0.000000000000000000e+00
0.000000000000000000e+00
0.000000000000000000e+00
0.000000000000000000e+00
0.000000000000000000e+00
0.000000000000000000e+00
0.000000000000000000e+00
0.000000000000000000e+00
0.000000000000000000e+00
0.000000000000000000e+00
0.000000000000000000e+00
0.000000000000000000e+00
0.000000000000000000e+00
0.000000000000000000e+00
0.000000000000000000e+00
0.000000000000000000e+00
0.000000000000000000e+00
0.000000000000000000e+00
0.000000000000000000e+00
0.000000000000000000e+00
0.000000000000000000e+00
0.000000000000000000e+00
0.000000000000000000e+00
0.000000000000000000e+00
0.000000000000000000e+00
0.000000000000000000e+00
0.000000000000000000e+00
0.000000000000000000e+00
0.000000000000000000e+00
0.000000000000000000e+00
0.000000000000000000e+00
0.000000000000000000e+00
0.000000000000000000e+00
0.000000000000000000e+00
0.000000000000000000e+00
0.000000000000000000e+00
0.000000000000000000e+00
0.000000000000000000e+00
0.000000000000000000e+00
0.000000000000000000e+00
0.000000000000000000e+00
0.000000000000000000e+00
0.000000000000000000e+00
0.000000000000000000e+00
0.000000000000000000e+00
0.000000000000000000e+00
0.000000000000000000e+00
0.000000000000000000e+00
0.000000000000000000e+00
0.000000000000000000e+00
0.000000000000000000e+00
0.000000000000000000e+00
0.000000000000000000e+00
0.000000000000000000e+00
0.000000000000000000e+00
0.000000000000000000e+00
0.000000000000000000e+00
0.000000000000000000e+00
0.000000000000000000e+00
0.000000000000000000e+00
0.000000000000000000e+00
0.000000000000000000e+00
0.000000000000000000e+00
0.000000000000000000e+00
0.000000000000000000e+00
0.000000000000000000e+00
0.000000000000000000e+00
0.000000000000000000e+00
0.000000000000000000e+00
0.000000000000000000e+00
0.000000000000000000e+00
0.000000000000000000e+00
0.000000000000000000e+00
0.000000000000000000e+00
0.000000000000000000e+00
0.000000000000000000e+00
0.000000000000000000e+00
0.000000000000000000e+00
0.000000000000000000e+00
0.000000000000000000e+00
0.000000000000000000e+00
0.000000000000000000e+00
0.000000000000000000e+00
0.000000000000000000e+00
0.000000000000000000e+00
0.000000000000000000e+00
0.000000000000000000e+00
0.000000000000000000e+00
0.000000000000000000e+00
0.000000000000000000e+00
0.000000000000000000e+00
0.000000000000000000e+00
0.000000000000000000e+00
0.000000000000000000e+00
0.000000000000000000e+00
0.000000000000000000e+00
0.000000000000000000e+00
0.000000000000000000e+00
0.000000000000000000e+00
0.000000000000000000e+00
0.000000000000000000e+00
0.000000000000000000e+00
0.000000000000000000e+00
0.000000000000000000e+00
0.000000000000000000e+00
0.000000000000000000e+00
0.000000000000000000e+00
0.000000000000000000e+00
0.000000000000000000e+00
0.000000000000000000e+00
0.000000000000000000e+00
0.000000000000000000e+00
0.000000000000000000e+00
0.000000000000000000e+00
0.000000000000000000e+00
0.000000000000000000e+00
0.000000000000000000e+00
0.000000000000000000e+00
0.000000000000000000e+00
0.000000000000000000e+00
0.000000000000000000e+00
0.000000000000000000e+00
0.000000000000000000e+00
0.000000000000000000e+00
0.000000000000000000e+00
0.000000000000000000e+00
0.000000000000000000e+00
0.000000000000000000e+00
0.000000000000000000e+00
0.000000000000000000e+00
0.000000000000000000e+00
0.000000000000000000e+00
0.000000000000000000e+00
0.000000000000000000e+00
0.000000000000000000e+00
0.000000000000000000e+00
0.000000000000000000e+00
0.000000000000000000e+00
0.000000000000000000e+00
0.000000000000000000e+00
0.000000000000000000e+00
0.000000000000000000e+00
0.000000000000000000e+00
0.000000000000000000e+00
0.000000000000000000e+00
0.000000000000000000e+00
0.000000000000000000e+00
0.000000000000000000e+00
0.000000000000000000e+00
0.000000000000000000e+00
0.000000000000000000e+00
0.000000000000000000e+00
0.000000000000000000e+00
0.000000000000000000e+00
0.000000000000000000e+00
0.000000000000000000e+00
0.000000000000000000e+00
0.000000000000000000e+00
0.000000000000000000e+00
0.000000000000000000e+00
0.000000000000000000e+00
0.000000000000000000e+00
0.000000000000000000e+00
0.000000000000000000e+00
0.000000000000000000e+00
0.000000000000000000e+00
0.000000000000000000e+00
0.000000000000000000e+00
0.000000000000000000e+00
0.000000000000000000e+00
0.000000000000000000e+00
0.000000000000000000e+00
0.000000000000000000e+00
0.000000000000000000e+00
0.000000000000000000e+00
0.000000000000000000e+00
0.000000000000000000e+00
0.000000000000000000e+00
0.000000000000000000e+00
0.000000000000000000e+00
0.000000000000000000e+00
0.000000000000000000e+00
0.000000000000000000e+00
0.000000000000000000e+00
0.000000000000000000e+00
0.000000000000000000e+00
0.000000000000000000e+00
0.000000000000000000e+00
0.000000000000000000e+00
0.000000000000000000e+00
0.000000000000000000e+00
0.000000000000000000e+00
0.000000000000000000e+00
0.000000000000000000e+00
0.000000000000000000e+00
0.000000000000000000e+00
0.000000000000000000e+00
0.000000000000000000e+00
0.000000000000000000e+00
0.000000000000000000e+00
0.000000000000000000e+00
0.000000000000000000e+00
0.000000000000000000e+00
0.000000000000000000e+00
0.000000000000000000e+00
0.000000000000000000e+00
0.000000000000000000e+00
0.000000000000000000e+00
0.000000000000000000e+00
0.000000000000000000e+00
0.000000000000000000e+00
0.000000000000000000e+00
0.000000000000000000e+00
0.000000000000000000e+00
0.000000000000000000e+00
0.000000000000000000e+00
0.000000000000000000e+00
0.000000000000000000e+00
0.000000000000000000e+00
0.000000000000000000e+00
0.000000000000000000e+00
0.000000000000000000e+00
0.000000000000000000e+00
0.000000000000000000e+00
0.000000000000000000e+00
0.000000000000000000e+00
0.000000000000000000e+00
0.000000000000000000e+00
0.000000000000000000e+00
0.000000000000000000e+00
0.000000000000000000e+00
0.000000000000000000e+00
0.000000000000000000e+00
0.000000000000000000e+00
0.000000000000000000e+00
0.000000000000000000e+00
0.000000000000000000e+00
0.000000000000000000e+00
0.000000000000000000e+00
0.000000000000000000e+00
0.000000000000000000e+00
0.000000000000000000e+00
0.000000000000000000e+00
0.000000000000000000e+00
0.000000000000000000e+00
0.000000000000000000e+00
0.000000000000000000e+00
0.000000000000000000e+00
0.000000000000000000e+00
0.000000000000000000e+00
0.000000000000000000e+00
0.000000000000000000e+00
0.000000000000000000e+00
0.000000000000000000e+00
0.000000000000000000e+00
0.000000000000000000e+00
0.000000000000000000e+00
0.000000000000000000e+00
0.000000000000000000e+00
0.000000000000000000e+00
0.000000000000000000e+00
0.000000000000000000e+00
0.000000000000000000e+00
0.000000000000000000e+00
0.000000000000000000e+00
0.000000000000000000e+00
0.000000000000000000e+00
0.000000000000000000e+00
0.000000000000000000e+00
0.000000000000000000e+00
0.000000000000000000e+00
0.000000000000000000e+00
0.000000000000000000e+00
0.000000000000000000e+00
0.000000000000000000e+00
0.000000000000000000e+00
0.000000000000000000e+00
0.000000000000000000e+00
0.000000000000000000e+00
0.000000000000000000e+00
0.000000000000000000e+00
0.000000000000000000e+00
0.000000000000000000e+00
0.000000000000000000e+00
0.000000000000000000e+00
0.000000000000000000e+00
0.000000000000000000e+00
0.000000000000000000e+00
0.000000000000000000e+00
0.000000000000000000e+00
0.000000000000000000e+00
0.000000000000000000e+00
0.000000000000000000e+00
0.000000000000000000e+00
0.000000000000000000e+00
0.000000000000000000e+00
0.000000000000000000e+00
0.000000000000000000e+00
0.000000000000000000e+00
0.000000000000000000e+00
0.000000000000000000e+00
0.000000000000000000e+00
0.000000000000000000e+00
0.000000000000000000e+00
0.000000000000000000e+00
0.000000000000000000e+00
0.000000000000000000e+00
0.000000000000000000e+00
0.000000000000000000e+00
0.000000000000000000e+00
0.000000000000000000e+00
0.000000000000000000e+00
0.000000000000000000e+00
0.000000000000000000e+00
0.000000000000000000e+00
0.000000000000000000e+00
0.000000000000000000e+00
0.000000000000000000e+00
0.000000000000000000e+00
0.000000000000000000e+00
0.000000000000000000e+00
0.000000000000000000e+00
0.000000000000000000e+00
0.000000000000000000e+00
0.000000000000000000e+00
0.000000000000000000e+00
0.000000000000000000e+00
0.000000000000000000e+00
0.000000000000000000e+00
0.000000000000000000e+00
0.000000000000000000e+00
0.000000000000000000e+00
0.000000000000000000e+00
0.000000000000000000e+00
0.000000000000000000e+00
0.000000000000000000e+00
0.000000000000000000e+00
0.000000000000000000e+00
0.000000000000000000e+00
0.000000000000000000e+00
0.000000000000000000e+00
0.000000000000000000e+00
0.000000000000000000e+00
0.000000000000000000e+00
0.000000000000000000e+00
0.000000000000000000e+00
0.000000000000000000e+00
0.000000000000000000e+00
0.000000000000000000e+00
0.000000000000000000e+00
0.000000000000000000e+00
0.000000000000000000e+00
0.000000000000000000e+00
0.000000000000000000e+00
0.000000000000000000e+00
0.000000000000000000e+00
0.000000000000000000e+00
0.000000000000000000e+00
0.000000000000000000e+00
0.000000000000000000e+00
0.000000000000000000e+00
0.000000000000000000e+00
0.000000000000000000e+00
0.000000000000000000e+00
0.000000000000000000e+00
0.000000000000000000e+00
0.000000000000000000e+00
0.000000000000000000e+00
0.000000000000000000e+00
0.000000000000000000e+00
0.000000000000000000e+00
0.000000000000000000e+00
0.000000000000000000e+00
0.000000000000000000e+00
0.000000000000000000e+00
0.000000000000000000e+00
0.000000000000000000e+00
0.000000000000000000e+00
0.000000000000000000e+00
0.000000000000000000e+00
0.000000000000000000e+00
0.000000000000000000e+00
0.000000000000000000e+00
0.000000000000000000e+00
0.000000000000000000e+00
0.000000000000000000e+00
0.000000000000000000e+00
0.000000000000000000e+00
0.000000000000000000e+00
0.000000000000000000e+00
nan
