# bin_9_3
-1.842074456512478486e-07
-4.151744385640041637e-08
-1.261231913510077552e-08
-3.958975768837629557e-09
1.837169465451315047e-08
-1.041272899686388034e-08
1.219980037272561780e-08
-2.057973771516606909e-08
1.120603235221727495e-08
-2.673304124810261573e-08
2.495951338951048649e-08
-3.956795040137148341e-08
3.369754514119340323e-08
3.827928732231427115e-08
3.603482548038531796e-08
1.646858631369657131e-08
-8.468110443702840850e-09
-1.776600466055584773e-08
-2.587791860095793541e-09
2.226073173460231378e-08
4.075433220070470381e-08
4.514535422880628889e-08
3.785752121012186520e-08
2.809092909132968351e-08
2.014844498861659756e-08
1.638981476619997118e-08
2.225838212834621324e-08
3.541024421939163400e-08
4.838550242363452954e-08
5.656498162446308381e-08
5.726667080969834873e-08
4.820775026356440340e-08
3.281439895341958368e-08
1.636648819105393833e-08
2.422624037790503246e-09
-6.706487315208929487e-09
-9.611044846460511766e-09
-7.624818061355429094e-09
-3.733206221667923978e-09
8.047094644000297722e-10
5.079585856069480916e-09
8.449050305300235451e-09
1.047404792226235725e-08
1.086980017392808755e-08
1.008854831268468581e-08
8.864679736705750024e-09
7.390009645849391418e-09
5.813019883487974696e-09
4.247487414626979123e-09
2.779413071005963963e-09
1.472594853398834342e-09
3.731173377649251973e-10
-6.964667620364828058e-10
-1.855159535562588415e-09
-3.000342576034573399e-09
-4.052283963820802517e-09
-4.949976911111836198e-09
-5.647710555341255659e-09
-6.112241556632114593e-09
-6.320459650070922260e-09
-6.257460015756690953e-09
-5.894144154040004040e-09
-5.281853266418713890e-09
-4.517015382064393286e-09
-3.679095632936964751e-09
-2.833179916238198455e-09
-2.032170534201684712e-09
-1.318653777384481659e-09
-7.264897283717739366e-10
-2.821665195936758816e-10
-5.954587434468724055e-12
8.710911399708005494e-11
-3.392274878344003269e-11
-3.471307323058202564e-10
-7.923920582917050125e-10
-1.318592598776125998e-09
-1.882449503631112055e-09
-2.447486089317176826e-09
-2.983138673826012015e-09
-3.463977882970644978e-09
-3.869029375028890560e-09
-4.181180999243124919e-09
-4.386665173166135849e-09
-4.474606779870965869e-09
-4.436628186842935546e-09
-4.256115121310768759e-09
-3.945798344419005431e-09
-3.539432607939490088e-09
-3.066468456038059870e-09
-2.552533649320659310e-09
-2.019861138493947093e-09
-1.487669724710533529e-09
-9.725028037847210163e-10
-4.885299457347563421e-10
-4.781549687061750198e-11
3.394421019585771259e-10
6.646970196492632724e-10
9.208658793941200784e-10
1.102158193932117657e-09
1.203925134262173235e-09
1.222524631711232767e-09
1.164540374388613550e-09
1.047954184258085801e-09
8.857560469622439604e-10
6.895240989994756015e-10
4.695593134644896658e-10
2.350074173693086395e-10
-6.030705995331588484e-12
-2.463990055811831061e-10
-4.797956331744542971e-10
-7.006907900277971878e-10
-9.042522352235242442e-10
-1.086277723385479924e-09
-1.243133712589180794e-09
-1.371699748834434742e-09
-1.469317992101202733e-09
-1.533747401564400992e-09
-1.563122144667925672e-09
-1.555913837043309489e-09
-1.510195227306012193e-09
-1.429496737827426076e-09
-1.320233079711497155e-09
-1.188226292944021575e-09
-1.038754059023031710e-09
-8.765940895826588332e-10
-7.060649216678874239e-10
-5.310634209740980831e-10
-3.550992677781863596e-10
-1.813266761835135630e-10
-1.257357543242489921e-11
1.486315378109377161e-10
3.000348853361763267e-10
4.396346569369773723e-10
5.656600640555061192e-10
6.765520515000766734e-10
7.709455335610182778e-10
8.476530320948224090e-10
9.056496043961512961e-10
9.440589580236242533e-10
9.621406582721787177e-10
9.592783417690682926e-10
9.446790056171971975e-10
9.280547458721890176e-10
9.096213528714471964e-10
8.895795268942743083e-10
8.681158655261709131e-10
8.454037850936370557e-10
8.216043807946931006e-10
7.968672298059565863e-10
7.713311413300158222e-10
7.451248572547700910e-10
7.183677068271525180e-10
6.911702184954600544e-10
6.636346918455407784e-10
6.358557323447187383e-10
6.079207514123152913e-10
5.799104341553282298e-10
5.518991769413753950e-10
5.239554968269815242e-10
4.961424147169949491e-10
4.685178139991502718e-10
4.411347762758263450e-10
4.140418957022867971e-10
3.872835733359467852e-10
3.609002928044301500e-10
3.349288785103476248e-10
3.078839725696284869e-10
2.785558460774027134e-10
2.473686036433525387e-10
2.147164529013776568e-10
1.809655137735296369e-10
1.464555193769843158e-10
1.115014152951696293e-10
4.140565676279445897e-11
6.783049154151184674e-12
-2.724299240815700876e-11
-6.046061057582784454e-11
-9.267494955844313346e-11
-1.237071124343561766e-10
-1.533931798433577898e-10
-1.815832863649699530e-10
-2.329412593431282784e-10
-2.558720919035000338e-10
-2.768313998872861426e-10
-2.957275215994194615e-10
-3.124783394542995806e-10
-3.270106744066570900e-10
-3.392597157108779297e-10
-3.566873252694857873e-10
-3.617734353342746268e-10
-3.643904107087600262e-10
-3.645078266255216197e-10
-3.540161045914275811e-10
-3.377462898154123852e-10
-3.141990761318185923e-10
-2.842303952729041634e-10
-2.486470452788181140e-10
-1.636326377155188797e-10
-1.155912401750376765e-10
-6.471886036649055006e-11
4.317093309046734795e-11
9.910252902102181786e-11
1.556899153820789548e-10
2.124704745474727388e-10
3.249052398136733385e-10
3.797744217830923612e-10
4.332639710753962816e-10
5.348039109217651994e-10
5.822592193792310937e-10
6.271424785796021087e-10
7.082211847683407965e-10
7.439753360145437950e-10
8.049340140482368143e-10
8.297928715754834021e-10
8.506979968667150637e-10
8.801059163878239596e-10
8.883686745973301276e-10
8.914965363446631953e-10
8.861869466125553675e-10
8.700346230433860166e-10
8.613316257088452536e-10
8.522348510369061130e-10
8.329286053096353414e-10
8.227519836455662234e-10
8.014296726657047819e-10
7.903135584835360604e-10
7.672415761093457905e-10
7.553123355223269308e-10
7.307305249171638384e-10
7.181019272683938601e-10
6.922262141269237780e-10
6.655971218826894914e-10
6.520254280399753579e-10
6.244154523744652697e-10
6.103952696156560117e-10
5.819674326127310647e-10
5.530767593900765741e-10
5.384769864831775375e-10
5.090045128209734690e-10
4.941454397097912806e-10
4.642139126915698071e-10
4.340383131030339628e-10
4.188733509651599789e-10
3.884160658996398099e-10
3.578227010577270094e-10
3.424869635200847011e-10
2.808110479282533214e-10
1.636283761324011405e-10
3.650780623363476752e-14
-9.652449254543253188e-11
-3.142824400633567478e-10
-5.588396784124405649e-10
-8.234729937773546289e-10
-9.613747021588921911e-10
-1.244755774321029730e-09
-1.533817540317807119e-09
-1.823664363852592743e-09
-2.109840525132850570e-09
-2.250272089702370417e-09
-2.523472174821180140e-09
-2.783583135719164498e-09
-3.027452162202793996e-09
-3.252239503031482710e-09
-3.455395481324669373e-09
-3.634639115684621887e-09
-3.787938232761450891e-09
-3.913490965479104618e-09
-4.009708538964158850e-09
-4.075199253437128094e-09
-4.108753579981190871e-09
-4.109330291245941795e-09
-4.076043554814960664e-09
-3.948703207752611334e-09
-3.681106090139709641e-09
-3.292408078456586789e-09
-2.800436362088407105e-09
-2.221770935704936138e-09
-1.571821102025272523e-09
-8.648973025155738565e-10
-1.142785722462074867e-10
6.677241046713648975e-10
1.469708281045840921e-09
2.281124133049758743e-09
3.092221922125647969e-09
4.288780663353778765e-09
5.061241230591111628e-09
5.804873794968125509e-09
6.512959249137315539e-09
7.179341212762749701e-09
8.088543183446779689e-09
8.627113599382196906e-09
9.106375716454294545e-09
9.522299532852972261e-09
1.001957260068550522e-08
1.026204066581378920e-08
1.043000355455777351e-08
1.053697790899271874e-08
1.050860467646835077e-08
1.040721323321572895e-08
1.022034245597815738e-08
1.008337148916087936e-08
9.862677965515489070e-09
9.707197887277352436e-09
9.546383790178346757e-09
9.297493824447376654e-09
9.127901177759446655e-09
8.870299412327741172e-09
8.697650842070266051e-09
8.439242645532934273e-09
8.268383744292664597e-09
8.015845012391114955e-09
7.769580053215906562e-09
7.609789149149280909e-09
7.377900660753198791e-09
7.229153383988938052e-09
7.015804928730837708e-09
6.815262325934666750e-09
6.689221360115958774e-09
6.512359140533925577e-09
6.350896144941439905e-09
6.252183925444931170e-09
6.117999206773954421e-09
6.000980651924018685e-09
5.901613351021364245e-09
5.845375833965351414e-09
5.825717708890568357e-09
5.912457184341722063e-09
6.090215096483103668e-09
6.344759954313084636e-09
6.550575409381306499e-09
6.904351946925520879e-09
7.302014652446268716e-09
7.732928362164433699e-09
8.187291975093981751e-09
8.656083214241595015e-09
9.131006987824071537e-09
9.604447108201015765e-09
1.006942114336861060e-08
1.051953819172088583e-08
1.094895938546615169e-08
1.135236094167693325e-08
1.172489959253912555e-08
1.206218023803252904e-08
1.245022443000343666e-08
1.269043896809502252e-08
1.288360755416936870e-08
1.302695133639314527e-08
1.311799904760470756e-08
1.315456572685393207e-08
1.311529299325737561e-08
1.301770178063211395e-08
1.285481364785124545e-08
1.251679992083378905e-08
1.218387613886468932e-08
1.179307219971219240e-08
1.119663011268021605e-08
1.070299866680562702e-08
1.017782673009406771e-08
9.440229868519948706e-09
8.867142505148421783e-09
8.087499400447157559e-09
7.498017543510382803e-09
6.715002165424623759e-09
6.135773837409790145e-09
5.381990441769690301e-09
4.835412338386632228e-09
4.138171086522792115e-09
3.483699967609046791e-09
3.024929326409100114e-09
2.460825114434331219e-09
1.956037831403547087e-09
1.619282195180343750e-09
1.229498417623047641e-09
9.108760269974600644e-10
6.667448077679455939e-10
4.999770880194912067e-10
4.271604093651349175e-10
3.994742593106046407e-10
4.086788357889313260e-10
4.351132961511535050e-10
4.765926677378846824e-10
5.310851766241097678e-10
5.967026230179604050e-10
6.716913629632408959e-10
7.544238565681109733e-10
8.433907457386013872e-10
9.371934269486449999e-10
1.034537086945754381e-09
1.134224171485277240e-09
1.260451112595208352e-09
1.361495111258522872e-09
1.461590675119918569e-09
1.559889677035552911e-09
1.679056347766177110e-09
1.770562673797414798e-09
1.857970578805200517e-09
1.960582967796460395e-09
2.036714733750395403e-09
2.107036984177341900e-09
2.186125193976740748e-09
2.241882122843380054e-09
2.301635870671295460e-09
2.341125393251991197e-09
2.379672803502977521e-09
2.405054988801893176e-09
2.435186339328108874e-09
2.463426908615959465e-09
2.484582957699380831e-09
2.509149991268531847e-09
2.531550234578327232e-09
2.547860008481388390e-09
2.566180256234605034e-09
2.582153136807967660e-09
2.595733390511852430e-09
2.606884588677958144e-09
2.615578410443243830e-09
2.621793971668793464e-09
2.624972403978319598e-09
2.626695848740561639e-09
2.625916990734865600e-09
2.621682577089233629e-09
2.615412700963325236e-09
2.606663534470644839e-09
2.595451121387595263e-09
2.581795055609834267e-09
2.565718140407792281e-09
2.543266688401039183e-09
2.521958000641265596e-09
2.498319469535555900e-09
2.472384190282853530e-09
2.438745658940372311e-09
2.410714130632222657e-09
2.377539668811768719e-09
2.350275316711189557e-09
2.318008847475693325e-09
2.291490691329698094e-09
2.260107174743934965e-09
2.234314476065094394e-09
2.203789196414509173e-09
2.173721763538800048e-09
2.149010137203995536e-09
2.119763514904952990e-09
2.090954608545148703e-09
2.062576458670108719e-09
2.034622186151772762e-09
2.007084994390504457e-09
1.979958171199003852e-09
1.953235090394492789e-09
1.926909213123535234e-09
1.900974088941967881e-09
1.875423356670697915e-09
1.850250745046537807e-09
1.825450073185764575e-09
1.801015250876748156e-09
1.776940278716732547e-09
1.749299744152693824e-09
1.725807439031040661e-09
1.694702152532230238e-09
1.645009633408276010e-09
1.592561283559708739e-09
1.521736549526432581e-09
1.454177602603370960e-09
1.368965866333264150e-09
1.291654886716692518e-09
1.197846256511978130e-09
1.101508784725334801e-09
1.003958420320447399e-09
9.202953694231411660e-10
8.236138911517604653e-10
7.288982421124804764e-10
6.370796295463588929e-10
5.490055647308659745e-10
4.654456306371951687e-10
3.870968680968164383e-10
3.145888062743121083e-10
2.484881614191730042e-10
1.893032261802716030e-10
1.374879702038402437e-10
8.781003664229441052e-11
5.308557631971078014e-11
2.684517924060455675e-11
7.585616082041741601e-12
3.770182135667759923e-13
0.000000000000000000e+00
0.000000000000000000e+00
0.000000000000000000e+00
0.000000000000000000e+00
0.000000000000000000e+00
0.000000000000000000e+00
0.000000000000000000e+00
0.000000000000000000e+00
0.000000000000000000e+00
0.000000000000000000e+00
0.000000000000000000e+00
0.000000000000000000e+00
0.000000000000000000e+00
0.000000000000000000e+00
0.000000000000000000e+00
0.000000000000000000e+00
0.000000000000000000e+00
0.000000000000000000e+00
0.000000000000000000e+00
0.000000000000000000e+00
0.000000000000000000e+00
0.000000000000000000e+00
0.000000000000000000e+00
0.000000000000000000e+00
0.000000000000000000e+00
0.000000000000000000e+00
0.000000000000000000e+00
0.000000000000000000e+00
0.000000000000000000e+00
0.000000000000000000e+00
0.000000000000000000e+00
0.000000000000000000e+00
0.000000000000000000e+00
0.000000000000000000e+00
0.000000000000000000e+00
0.000000000000000000e+00
0.000000000000000000e+00
0.000000000000000000e+00
0.000000000000000000e+00
0.000000000000000000e+00
0.000000000000000000e+00
0.000000000000000000e+00
0.000000000000000000e+00
0.000000000000000000e+00
0.000000000000000000e+00
0.000000000000000000e+00
0.000000000000000000e+00
0.000000000000000000e+00
0.000000000000000000e+00
0.000000000000000000e+00
0.000000000000000000e+00
0.000000000000000000e+00
0.000000000000000000e+00
0.000000000000000000e+00
0.000000000000000000e+00
0.000000000000000000e+00
0.000000000000000000e+00
0.000000000000000000e+00
0.000000000000000000e+00
0.000000000000000000e+00
0.000000000000000000e+00
0.000000000000000000e+00
0.000000000000000000e+00
0.000000000000000000e+00
0.000000000000000000e+00
0.000000000000000000e+00
0.000000000000000000e+00
0.000000000000000000e+00
0.000000000000000000e+00
0.000000000000000000e+00
0.000000000000000000e+00
0.000000000000000000e+00
0.000000000000000000e+00
0.000000000000000000e+00
0.000000000000000000e+00
0.000000000000000000e+00
0.000000000000000000e+00
0.000000000000000000e+00
0.000000000000000000e+00
0.000000000000000000e+00
0.000000000000000000e+00
0.000000000000000000e+00
0.000000000000000000e+00
0.000000000000000000e+00
0.000000000000000000e+00
0.000000000000000000e+00
0.000000000000000000e+00
0.000000000000000000e+00
0.000000000000000000e+00
0.000000000000000000e+00
0.000000000000000000e+00
0.000000000000000000e+00
0.000000000000000000e+00
0.000000000000000000e+00
0.000000000000000000e+00
0.000000000000000000e+00
0.000000000000000000e+00
0.000000000000000000e+00
0.000000000000000000e+00
0.000000000000000000e+00
0.000000000000000000e+00
0.000000000000000000e+00
0.000000000000000000e+00
0.000000000000000000e+00
0.000000000000000000e+00
0.000000000000000000e+00
0.000000000000000000e+00
0.000000000000000000e+00
0.000000000000000000e+00
0.000000000000000000e+00
0.000000000000000000e+00
0.000000000000000000e+00
0.000000000000000000e+00
0.000000000000000000e+00
0.000000000000000000e+00
0.000000000000000000e+00
0.000000000000000000e+00
0.000000000000000000e+00
0.000000000000000000e+00
0.000000000000000000e+00
0.000000000000000000e+00
0.000000000000000000e+00
0.000000000000000000e+00
0.000000000000000000e+00
0.000000000000000000e+00
0.000000000000000000e+00
0.000000000000000000e+00
0.000000000000000000e+00
0.000000000000000000e+00
0.000000000000000000e+00
0.000000000000000000e+00
0.000000000000000000e+00
0.000000000000000000e+00
0.000000000000000000e+00
0.000000000000000000e+00
0.000000000000000000e+00
0.000000000000000000e+00
0.000000000000000000e+00
0.000000000000000000e+00
0.000000000000000000e+00
0.000000000000000000e+00
0.000000000000000000e+00
0.000000000000000000e+00
0.000000000000000000e+00
0.000000000000000000e+00
0.000000000000000000e+00
0.000000000000000000e+00
0.000000000000000000e+00
0.000000000000000000e+00
0.000000000000000000e+00
0.000000000000000000e+00
0.000000000000000000e+00
0.000000000000000000e+00
0.000000000000000000e+00
0.000000000000000000e+00
0.000000000000000000e+00
0.000000000000000000e+00
0.000000000000000000e+00
0.000000000000000000e+00
0.000000000000000000e+00
0.000000000000000000e+00
0.000000000000000000e+00
0.000000000000000000e+00
0.000000000000000000e+00
0.000000000000000000e+00
0.000000000000000000e+00
0.000000000000000000e+00
0.000000000000000000e+00
0.000000000000000000e+00
0.000000000000000000e+00
0.000000000000000000e+00
0.000000000000000000e+00
0.000000000000000000e+00
0.000000000000000000e+00
0.000000000000000000e+00
0.000000000000000000e+00
0.000000000000000000e+00
0.000000000000000000e+00
0.000000000000000000e+00
0.000000000000000000e+00
0.000000000000000000e+00
0.000000000000000000e+00
0.000000000000000000e+00
0.000000000000000000e+00
0.000000000000000000e+00
0.000000000000000000e+00
0.000000000000000000e+00
0.000000000000000000e+00
0.000000000000000000e+00
0.000000000000000000e+00
0.000000000000000000e+00
0.000000000000000000e+00
0.000000000000000000e+00
0.000000000000000000e+00
0.000000000000000000e+00
0.000000000000000000e+00
0.000000000000000000e+00
0.000000000000000000e+00
0.000000000000000000e+00
0.000000000000000000e+00
0.000000000000000000e+00
0.000000000000000000e+00
0.000000000000000000e+00
0.000000000000000000e+00
0.000000000000000000e+00
0.000000000000000000e+00
0.000000000000000000e+00
0.000000000000000000e+00
0.000000000000000000e+00
0.000000000000000000e+00
0.000000000000000000e+00
0.000000000000000000e+00
0.000000000000000000e+00
0.000000000000000000e+00
0.000000000000000000e+00
0.000000000000000000e+00
0.000000000000000000e+00
0.000000000000000000e+00
0.000000000000000000e+00
0.000000000000000000e+00
0.000000000000000000e+00
0.000000000000000000e+00
0.000000000000000000e+00
0.000000000000000000e+00
0.000000000000000000e+00
0.000000000000000000e+00
0.000000000000000000e+00
0.000000000000000000e+00
0.000000000000000000e+00
0.000000000000000000e+00
0.000000000000000000e+00
0.000000000000000000e+00
0.000000000000000000e+00
0.000000000000000000e+00
0.000000000000000000e+00
0.000000000000000000e+00
0.000000000000000000e+00
0.000000000000000000e+00
0.000000000000000000e+00
0.000000000000000000e+00
0.000000000000000000e+00
0.000000000000000000e+00
0.000000000000000000e+00
0.000000000000000000e+00
0.000000000000000000e+00
0.000000000000000000e+00
0.000000000000000000e+00
0.000000000000000000e+00
0.000000000000000000e+00
0.000000000000000000e+00
0.000000000000000000e+00
0.000000000000000000e+00
0.000000000000000000e+00
0.000000000000000000e+00
0.000000000000000000e+00
0.000000000000000000e+00
0.000000000000000000e+00
0.000000000000000000e+00
0.000000000000000000e+00
0.000000000000000000e+00
0.000000000000000000e+00
0.000000000000000000e+00
0.000000000000000000e+00
0.000000000000000000e+00
0.000000000000000000e+00
0.000000000000000000e+00
0.000000000000000000e+00
0.000000000000000000e+00
0.000000000000000000e+00
0.000000000000000000e+00
0.000000000000000000e+00
0.000000000000000000e+00
0.000000000000000000e+00
0.000000000000000000e+00
0.000000000000000000e+00
0.000000000000000000e+00
0.000000000000000000e+00
0.000000000000000000e+00
0.000000000000000000e+00
0.000000000000000000e+00
0.000000000000000000e+00
0.000000000000000000e+00
0.000000000000000000e+00
0.000000000000000000e+00
0.000000000000000000e+00
0.000000000000000000e+00
0.000000000000000000e+00
0.000000000000000000e+00
0.000000000000000000e+00
0.000000000000000000e+00
0.000000000000000000e+00
0.000000000000000000e+00
0.000000000000000000e+00
0.000000000000000000e+00
0.000000000000000000e+00
0.000000000000000000e+00
0.000000000000000000e+00
0.000000000000000000e+00
0.000000000000000000e+00
0.000000000000000000e+00
0.000000000000000000e+00
0.000000000000000000e+00
0.000000000000000000e+00
0.000000000000000000e+00
0.000000000000000000e+00
0.000000000000000000e+00
0.000000000000000000e+00
0.000000000000000000e+00
0.000000000000000000e+00
0.000000000000000000e+00
0.000000000000000000e+00
0.000000000000000000e+00
0.000000000000000000e+00
0.000000000000000000e+00
0.000000000000000000e+00
0.000000000000000000e+00
0.000000000000000000e+00
0.000000000000000000e+00
0.000000000000000000e+00
0.000000000000000000e+00
0.000000000000000000e+00
0.000000000000000000e+00
0.000000000000000000e+00
0.000000000000000000e+00
0.000000000000000000e+00
0.000000000000000000e+00
0.000000000000000000e+00
0.000000000000000000e+00
0.000000000000000000e+00
0.000000000000000000e+00
0.000000000000000000e+00
0.000000000000000000e+00
0.000000000000000000e+00
0.000000000000000000e+00
0.000000000000000000e+00
0.000000000000000000e+00
0.000000000000000000e+00
0.000000000000000000e+00
0.000000000000000000e+00
0.000000000000000000e+00
0.000000000000000000e+00
0.000000000000000000e+00
0.000000000000000000e+00
0.000000000000000000e+00
0.000000000000000000e+00
0.000000000000000000e+00
0.000000000000000000e+00
0.000000000000000000e+00
0.000000000000000000e+00
0.000000000000000000e+00
0.000000000000000000e+00
0.000000000000000000e+00
0.000000000000000000e+00
0.000000000000000000e+00
0.000000000000000000e+00
0.000000000000000000e+00
0.000000000000000000e+00
0.000000000000000000e+00
0.000000000000000000e+00
0.000000000000000000e+00
0.000000000000000000e+00
0.000000000000000000e+00
0.000000000000000000e+00
0.000000000000000000e+00
0.000000000000000000e+00
0.000000000000000000e+00
0.000000000000000000e+00
0.000000000000000000e+00
0.000000000000000000e+00
0.000000000000000000e+00
0.000000000000000000e+00
0.000000000000000000e+00
0.000000000000000000e+00
0.000000000000000000e+00
0.000000000000000000e+00
0.000000000000000000e+00
0.000000000000000000e+00
0.000000000000000000e+00
0.000000000000000000e+00
0.000000000000000000e+00
0.000000000000000000e+00
0.000000000000000000e+00
0.000000000000000000e+00
0.000000000000000000e+00
0.000000000000000000e+00
0.000000000000000000e+00
0.000000000000000000e+00
0.000000000000000000e+00
0.000000000000000000e+00
0.000000000000000000e+00
0.000000000000000000e+00
0.000000000000000000e+00
0.000000000000000000e+00
0.000000000000000000e+00
0.000000000000000000e+00
0.000000000000000000e+00
0.000000000000000000e+00
0.000000000000000000e+00
0.000000000000000000e+00
0.000000000000000000e+00
0.000000000000000000e+00
0.000000000000000000e+00
0.000000000000000000e+00
0.000000000000000000e+00
0.000000000000000000e+00
0.000000000000000000e+00
0.000000000000000000e+00
0.000000000000000000e+00
0.000000000000000000e+00
0.000000000000000000e+00
0.000000000000000000e+00
0.000000000000000000e+00
0.000000000000000000e+00
0.000000000000000000e+00
0.000000000000000000e+00
0.000000000000000000e+00
0.000000000000000000e+00
0.000000000000000000e+00
0.000000000000000000e+00
0.000000000000000000e+00
0.000000000000000000e+00
0.000000000000000000e+00
0.000000000000000000e+00
0.000000000000000000e+00
0.000000000000000000e+00
0.000000000000000000e+00
0.000000000000000000e+00
0.000000000000000000e+00
0.000000000000000000e+00
0.000000000000000000e+00
0.000000000000000000e+00
0.000000000000000000e+00
0.000000000000000000e+00
0.000000000000000000e+00
0.000000000000000000e+00
0.000000000000000000e+00
0.000000000000000000e+00
0.000000000000000000e+00
0.000000000000000000e+00
0.000000000000000000e+00
0.000000000000000000e+00
0.000000000000000000e+00
0.000000000000000000e+00
0.000000000000000000e+00
0.000000000000000000e+00
0.000000000000000000e+00
0.000000000000000000e+00
0.000000000000000000e+00
0.000000000000000000e+00
0.000000000000000000e+00
0.000000000000000000e+00
0.000000000000000000e+00
0.000000000000000000e+00
0.000000000000000000e+00
0.000000000000000000e+00
0.000000000000000000e+00
0.000000000000000000e+00
0.000000000000000000e+00
0.000000000000000000e+00
0.000000000000000000e+00
0.000000000000000000e+00
0.000000000000000000e+00
0.000000000000000000e+00
0.000000000000000000e+00
0.000000000000000000e+00
0.000000000000000000e+00
0.000000000000000000e+00
0.000000000000000000e+00
0.000000000000000000e+00
0.000000000000000000e+00
0.000000000000000000e+00
0.000000000000000000e+00
0.000000000000000000e+00
0.000000000000000000e+00
0.000000000000000000e+00
0.000000000000000000e+00
0.000000000000000000e+00
0.000000000000000000e+00
0.000000000000000000e+00
0.000000000000000000e+00
0.000000000000000000e+00
0.000000000000000000e+00
0.000000000000000000e+00
0.000000000000000000e+00
0.000000000000000000e+00
0.000000000000000000e+00
0.000000000000000000e+00
0.000000000000000000e+00
0.000000000000000000e+00
0.000000000000000000e+00
0.000000000000000000e+00
0.000000000000000000e+00
0.000000000000000000e+00
0.000000000000000000e+00
0.000000000000000000e+00
0.000000000000000000e+00
0.000000000000000000e+00
0.000000000000000000e+00
0.000000000000000000e+00
0.000000000000000000e+00
0.000000000000000000e+00
0.000000000000000000e+00
0.000000000000000000e+00
0.000000000000000000e+00
0.000000000000000000e+00
0.000000000000000000e+00
0.000000000000000000e+00
0.000000000000000000e+00
0.000000000000000000e+00
0.000000000000000000e+00
0.000000000000000000e+00
0.000000000000000000e+00
0.000000000000000000e+00
0.000000000000000000e+00
0.000000000000000000e+00
0.000000000000000000e+00
nan
