# bin_20_8
-1.648926145318779302e-08
1.345238222959173594e-08
-1.981586855456909806e-08
1.700761812064380578e-08
-1.836960616275365703e-08
1.928311529254173267e-08
-2.145105581156021887e-08
2.081700174408121513e-08
-2.200394768710975788e-08
1.974335973294795113e-08
-1.995922670364951231e-08
1.904250992290071840e-08
-1.599892145072180323e-08
-1.141786576222013552e-08
-8.032218932182944723e-09
-7.361957650402594342e-09
-7.177755196020226819e-09
-7.284290693724816065e-09
-1.024651116835074336e-08
-1.510488929295318356e-08
-1.845354364132504122e-08
-1.866222614382282073e-08
-1.385129266456430725e-08
-6.562778509131916274e-09
-7.549448447208047826e-10
1.392649615700478448e-09
-1.261653455850798135e-09
-6.516560411043530581e-09
-1.166151007017421115e-08
-1.501964991268816054e-08
-1.561889470176506143e-08
-1.198841472153564333e-08
-5.266827828840934828e-09
2.013408669341420353e-09
8.144130532194036773e-09
1.201488607871974193e-08
1.294683127557218445e-08
1.115161119908970892e-08
7.929399057836613217e-09
4.235093169481785367e-09
7.580209440366498515e-10
-2.015188516756465142e-09
-3.752254431522276021e-09
-4.237995085964332918e-09
-3.855289032583973528e-09
-3.205715484000022617e-09
-2.439799704085668900e-09
-1.672150352812236620e-09
-9.887890583541194492e-10
-4.530155128467174785e-10
-1.101075061137557032e-10
8.908371479536328737e-12
5.568437779275566913e-12
-2.167087247372316831e-12
-1.224753850474412040e-11
-2.304256059206374512e-11
-3.326803584162210201e-11
-4.192483424978592786e-11
-4.824810802176127504e-11
-5.166527527558403621e-11
-5.176117731031816880e-11
-4.659817453802621222e-11
-3.602523860466521634e-11
-2.209882774076146548e-11
-6.514375158134864096e-12
9.338756944021739470e-12
2.433057421075318014e-11
3.755072288754109227e-11
4.827466956739738630e-11
5.593488998430417656e-11
6.009631116409628480e-11
6.043536984600626973e-11
5.487752684938232966e-11
4.300912596864195925e-11
2.682043463393672898e-11
8.003229633996853160e-12
-1.201018084791325284e-11
-3.201298229422396630e-11
-5.099425256707128622e-11
-6.811315499000280183e-11
-8.267642679854701637e-11
-9.411873253366221418e-11
-1.019855106121030366e-10
-1.059179915651234401e-10
-1.056401095591177696e-10
-9.701987131881347805e-11
-7.802925500991045476e-11
-5.132457811953235143e-11
-1.922404667394929317e-11
1.625444857666509403e-11
5.335973124204945215e-11
9.057745201892147366e-11
1.266034914956662815e-10
1.603202801407108688e-10
1.907757068578182472e-10
2.171643262263563000e-10
2.388106084693800351e-10
2.551540059376142366e-10
2.657356360061803762e-10
2.701864032219572163e-10
2.682164037180000129e-10
2.618920650874914197e-10
2.537169490182453234e-10
2.440770313698780993e-10
2.333170873853642741e-10
2.217445871990789731e-10
2.096332240271468826e-10
1.972261109684541597e-10
1.847386786458871786e-10
1.723613026213655410e-10
1.602616865784750628e-10
1.485870246424237370e-10
1.374659638625887707e-10
1.270103857867391501e-10
1.173170241802509818e-10
1.084689342637712179e-10
1.005368273372758699e-10
9.358028330814686981e-11
8.764885242891687616e-11
8.248817612953994585e-11
7.778191224088517304e-11
7.348280202896698921e-11
6.954743633103624779e-11
6.593595767695175927e-11
6.261178593649341632e-11
5.954136554443422823e-11
5.669393252602450315e-11
5.404129970047730158e-11
5.155765858064535646e-11
4.921939661474321461e-11
4.700492853197131026e-11
4.489454065936121131e-11
4.287024717310324355e-11
4.091565733494999951e-11
3.901585284383237336e-11
3.715727450530793825e-11
3.532761748756124594e-11
3.351573449297467830e-11
3.171154622933180548e-11
2.990595861499230280e-11
2.809078619831269204e-11
2.624119784642832749e-11
2.435067821536167371e-11
2.243785555037445446e-11
2.051972712473294729e-11
1.861177712977673059e-11
1.672808622758894234e-11
1.488143337373724969e-11
1.308339047108202018e-11
1.134441037293546901e-11
9.673908714585016562e-12
8.080340016054732636e-12
6.571268465729154430e-12
5.153433763842378359e-12
3.832812376624972343e-12
2.614674525914667879e-12
1.503637215065226070e-12
5.037135698911058752e-13
-3.816412470134878669e-13
-1.149487309061304823e-12
-1.797360163430430989e-12
-2.323233827717421774e-12
-2.725486354242505000e-12
-3.002867784486360947e-12
-3.154470328819148801e-12
-3.179700618418507799e-12
-3.129559498365970898e-12
-3.057162694563771654e-12
-2.965172027946359518e-12
-2.856074905942747812e-12
-2.732194562944444892e-12
-2.595699697605676204e-12
-2.448613543993131152e-12
-2.130083723816312901e-12
-1.962033593524707713e-12
-1.790193950231486905e-12
-1.615979259233982289e-12
-1.440702849319591783e-12
-1.265582875079129629e-12
-1.091747935261306646e-12
-9.202423676242343270e-13
-5.880050517896931086e-13
-4.289841740550007192e-13
-2.757230252043148128e-13
-1.289140159534663063e-13
1.080873379361923006e-14
1.428658892893454739e-13
2.667295947568711948e-13
4.880040948484313118e-13
5.845893835749485125e-13
6.713248191462119060e-13
7.478965588508469952e-13
8.737665878985259366e-13
9.313215359749517755e-13
9.866652370422718054e-13
1.039776339145893675e-12
1.090637463620240076e-12
1.185558603487353526e-12
1.229601485972934502e-12
1.271359680164716383e-12
1.348020275355786924e-12
1.382928212843990230e-12
1.415562182613553042e-12
1.445930578073792057e-12
1.499913910595559674e-12
1.523554903066986092e-12
1.544982169180745000e-12
1.581264339346421364e-12
1.596156862438835631e-12
1.608910689837435353e-12
1.628089448378521293e-12
1.634560229570864136e-12
1.641385136628634045e-12
1.641789532168922886e-12
1.640223049340942833e-12
1.631283933322963022e-12
1.623965592366212539e-12
1.603769673677754573e-12
1.590948264376702777e-12
1.427080605043609139e-12
1.250202151922755175e-12
1.016292249207347302e-12
3.948980932544410365e-13
1.567351186942855371e-14
-8.605956251214970872e-13
-1.350479028434761632e-12
-2.417084902704813998e-12
-2.987612804474045480e-12
-4.188726996057600604e-12
-4.813969243909449264e-12
-6.101427332219665763e-12
-7.423054566052293788e-12
-8.091428474942933741e-12
-9.433706399789373219e-12
-1.010406737378526495e-11
-1.143506003265206242e-11
-1.274317652579141014e-11
-1.338524050052676290e-11
-1.463919797646894726e-11
-1.524882646419729034e-11
-1.642820498789064722e-11
-1.754821155670574329e-11
-1.808383587516559996e-11
-1.910255616125537666e-11
-2.004677623485484945e-11
-2.048944441081073453e-11
-2.129780832959764185e-11
-2.200552823611533281e-11
-2.263080244949036936e-11
-2.291778606096887372e-11
-2.345018295681208219e-11
-2.393915056586135884e-11
-2.439798312468210657e-11
-2.461992886801980716e-11
-2.505593392766387992e-11
-2.549007620022038163e-11
-2.593189430446259350e-11
-2.639002617221114300e-11
-2.662767935561118526e-11
-2.712467073003773005e-11
-2.765605635761392078e-11
-2.822781673863847448e-11
-2.884529663332644281e-11
-2.951325292908495366e-11
-3.023589911709174696e-11
-3.101694662164556683e-11
-3.185964320756207342e-11
-3.276680867410499123e-11
-3.374086802849299376e-11
-3.478388231776298989e-11
-3.589757728462089716e-11
-3.708337000078087439e-11
-3.825675649992491786e-11
-3.934469971077880839e-11
-4.036456768966503116e-11
-4.133242151185468700e-11
-4.226309843107738545e-11
-4.317028983796942916e-11
-4.406661435313559115e-11
-4.496368636773138156e-11
-4.587218032334324439e-11
-4.680189100331556162e-11
-4.776179008945157417e-11
-4.876007922106537115e-11
-5.034567438085526338e-11
-5.147120833863321906e-11
-5.265846555119735377e-11
-5.391275591382557011e-11
-5.523885776915987090e-11
-5.737189616806338429e-11
-5.889525471916156354e-11
-6.050345083934284201e-11
-6.219927548417931869e-11
-6.491253338485699256e-11
-6.683731669312944178e-11
-6.885679542487046482e-11
-7.206643053879588932e-11
-7.432794871145621744e-11
-7.690364638353871698e-11
-8.365533035710753582e-11
-9.001004863744504800e-11
-1.018511426390447178e-10
-1.110301303692262197e-10
-1.210473887877898607e-10
-1.373164794701397725e-10
-1.487875295867115822e-10
-1.666093748077658508e-10
-1.787276829388088745e-10
-1.969877502745195219e-10
-2.090699133566423363e-10
-2.268262793778301099e-10
-2.438918048803187516e-10
-2.547577929305602749e-10
-2.701178067433749964e-10
-2.796403485284153286e-10
-2.927056314351084612e-10
-3.041557086058872487e-10
-3.108151477199438734e-10
-3.192413251054350613e-10
-3.256837055783466089e-10
-3.288230849241445899e-10
-3.317289495649871400e-10
-3.323984567862408569e-10
-3.307618210356028759e-10
-3.283604775854026745e-10
-3.046978670407358356e-10
-2.461191361972579071e-10
-1.577418992337337442e-10
-4.430120911276317864e-11
4.307421138709109781e-11
1.887246066340041142e-10
3.484948499361687969e-10
5.188485664006389162e-10
6.965273505069253918e-10
8.785323444754015053e-10
1.062107017551836065e-09
1.244721065366957697e-09
1.424055354251776083e-09
1.597987840681555129e-09
1.764580400919933454e-09
1.922066510469397417e-09
2.068839717134233240e-09
2.203442855394699562e-09
2.361723373694942081e-09
2.463027210829470768e-09
2.548257117223670885e-09
2.616494205826524188e-09
2.666922005099067976e-09
2.698819365331882601e-09
2.711442886723321852e-09
2.697784638214806259e-09
2.664253896504486704e-09
2.592616901977113794e-09
2.521540640240996919e-09
2.437816739133828698e-09
2.309709950968504693e-09
2.203504796778334970e-09
2.090397855808029517e-09
1.931403847378470413e-09
1.807794680289620523e-09
1.639562462625022799e-09
1.512327633375584573e-09
1.343294437179162271e-09
1.218247686907412042e-09
1.055526881055726409e-09
9.375546919493004752e-10
7.871049419678124098e-10
6.459496399731244642e-10
5.470587084802348261e-10
4.255551570444350482e-10
3.169568707078256616e-10
2.446119060894699723e-10
1.610419604620581151e-10
9.296242124274619626e-11
4.110016865356407991e-11
6.082298920044834144e-12
-8.801778898694292833e-12
-1.366921628565522736e-11
-1.347972422893867366e-11
-1.327365420195433465e-11
-1.305205555084654694e-11
-1.281592440326874020e-11
-1.256620639813759394e-11
-1.230379926641604358e-11
-1.202955527168947010e-11
-1.174428351874233316e-11
-1.144875213782448470e-11
-1.114369035181201582e-11
-1.082979043301764265e-11
-1.042598487577854938e-11
-1.009455131613423982e-11
-9.756296054364178740e-12
-9.411773845136820389e-12
-8.973107705692456447e-12
-8.616369101689113569e-12
-8.254978499381356520e-12
-7.797372525717904892e-12
-7.427103515692831676e-12
-7.053543701193582414e-12
-6.582533922106566310e-12
-6.202907267682761022e-12
-5.725394456139877996e-12
-5.341381061736151830e-12
-4.859342397430956291e-12
-3.284410211704174964e-12
1.739188179229769423e-12
9.686150126644718545e-12
1.783271498080862291e-11
2.988621458260342759e-11
4.364116894192979504e-11
5.561815973526315380e-11
7.151437605664903751e-11
8.813931791696967742e-11
1.051972927182837162e-10
1.224169149278342157e-10
1.395494615920743156e-10
1.563673365473832925e-10
1.694547345028226212e-10
1.851946580980266376e-10
2.000831826572657566e-10
2.166018956813987882e-10
2.290766060284229770e-10
2.402406640545354598e-10
2.499790612666912947e-10
2.581887566042401297e-10
2.647778418231708836e-10
2.704313935679381112e-10
2.731815610001393250e-10
2.740830555736081481e-10
2.730827761404341251e-10
2.696281096443345007e-10
2.662690326226101216e-10
2.620040161132559845e-10
2.582742738865788577e-10
2.536112427254134575e-10
2.495863986793926107e-10
2.446102474633689914e-10
2.403565054571546291e-10
2.351415598916313757e-10
2.298242980321986780e-10
2.253280625714261041e-10
2.198688513211163750e-10
2.143548248614065880e-10
2.088004602206131789e-10
2.032191623621695199e-10
1.976233327250612588e-10
1.920244333986344087e-10
1.864330472209784094e-10
1.808589340698607291e-10
1.753110835964569838e-10
1.697977646347734644e-10
1.643265715035970768e-10
1.589044674028973833e-10
1.535378250928063288e-10
1.482324650304886975e-10
1.421273810722673176e-10
1.369654181154110804e-10
1.315697178533488614e-10
1.248448609791825396e-10
1.187878994461388486e-10
1.114657619230120904e-10
1.050351057959710411e-10
9.742560386634618770e-11
9.086635097181314755e-11
8.323304982618012677e-11
7.568167736233912223e-11
6.827110639528816540e-11
6.207199736007675597e-11
5.506129044705709999e-11
4.833161962973243254e-11
4.192336429567230984e-11
3.587290056058061935e-11
3.021288507219995213e-11
2.497251978727975809e-11
2.017779901849902293e-11
1.585173995604159475e-11
1.201459778318553988e-11
8.684066426335030865e-12
5.517635099062357558e-12
3.321472797491638187e-12
1.672873817379771784e-12
4.706402085656605400e-13
2.330706139753169787e-14
0.000000000000000000e+00
0.000000000000000000e+00
0.000000000000000000e+00
0.000000000000000000e+00
0.000000000000000000e+00
0.000000000000000000e+00
0.000000000000000000e+00
0.000000000000000000e+00
0.000000000000000000e+00
0.000000000000000000e+00
0.000000000000000000e+00
0.000000000000000000e+00
0.000000000000000000e+00
0.000000000000000000e+00
0.000000000000000000e+00
0.000000000000000000e+00
0.000000000000000000e+00
0.000000000000000000e+00
0.000000000000000000e+00
0.000000000000000000e+00
0.000000000000000000e+00
0.000000000000000000e+00
0.000000000000000000e+00
0.000000000000000000e+00
0.000000000000000000e+00
0.000000000000000000e+00
0.000000000000000000e+00
0.000000000000000000e+00
0.000000000000000000e+00
0.000000000000000000e+00
0.000000000000000000e+00
0.000000000000000000e+00
0.000000000000000000e+00
0.000000000000000000e+00
0.000000000000000000e+00
0.000000000000000000e+00
0.000000000000000000e+00
0.000000000000000000e+00
0.000000000000000000e+00
0.000000000000000000e+00
0.000000000000000000e+00
0.000000000000000000e+00
0.000000000000000000e+00
0.000000000000000000e+00
0.000000000000000000e+00
0.000000000000000000e+00
0.000000000000000000e+00
0.000000000000000000e+00
0.000000000000000000e+00
0.000000000000000000e+00
0.000000000000000000e+00
0.000000000000000000e+00
0.000000000000000000e+00
0.000000000000000000e+00
0.000000000000000000e+00
0.000000000000000000e+00
0.000000000000000000e+00
0.000000000000000000e+00
0.000000000000000000e+00
0.000000000000000000e+00
0.000000000000000000e+00
0.000000000000000000e+00
0.000000000000000000e+00
0.000000000000000000e+00
0.000000000000000000e+00
0.000000000000000000e+00
0.000000000000000000e+00
0.000000000000000000e+00
0.000000000000000000e+00
0.000000000000000000e+00
0.000000000000000000e+00
0.000000000000000000e+00
0.000000000000000000e+00
0.000000000000000000e+00
0.000000000000000000e+00
0.000000000000000000e+00
0.000000000000000000e+00
0.000000000000000000e+00
0.000000000000000000e+00
0.000000000000000000e+00
0.000000000000000000e+00
0.000000000000000000e+00
0.000000000000000000e+00
0.000000000000000000e+00
0.000000000000000000e+00
0.000000000000000000e+00
0.000000000000000000e+00
0.000000000000000000e+00
0.000000000000000000e+00
0.000000000000000000e+00
0.000000000000000000e+00
0.000000000000000000e+00
0.000000000000000000e+00
0.000000000000000000e+00
0.000000000000000000e+00
0.000000000000000000e+00
0.000000000000000000e+00
0.000000000000000000e+00
0.000000000000000000e+00
0.000000000000000000e+00
0.000000000000000000e+00
0.000000000000000000e+00
0.000000000000000000e+00
0.000000000000000000e+00
0.000000000000000000e+00
0.000000000000000000e+00
0.000000000000000000e+00
0.000000000000000000e+00
0.000000000000000000e+00
0.000000000000000000e+00
0.000000000000000000e+00
0.000000000000000000e+00
0.000000000000000000e+00
0.000000000000000000e+00
0.000000000000000000e+00
0.000000000000000000e+00
0.000000000000000000e+00
0.000000000000000000e+00
0.000000000000000000e+00
0.000000000000000000e+00
0.000000000000000000e+00
0.000000000000000000e+00
0.000000000000000000e+00
0.000000000000000000e+00
0.000000000000000000e+00
0.000000000000000000e+00
0.000000000000000000e+00
0.000000000000000000e+00
0.000000000000000000e+00
0.000000000000000000e+00
0.000000000000000000e+00
0.000000000000000000e+00
0.000000000000000000e+00
0.000000000000000000e+00
0.000000000000000000e+00
0.000000000000000000e+00
0.000000000000000000e+00
0.000000000000000000e+00
0.000000000000000000e+00
0.000000000000000000e+00
0.000000000000000000e+00
0.000000000000000000e+00
0.000000000000000000e+00
0.000000000000000000e+00
0.000000000000000000e+00
0.000000000000000000e+00
0.000000000000000000e+00
0.000000000000000000e+00
0.000000000000000000e+00
0.000000000000000000e+00
0.000000000000000000e+00
0.000000000000000000e+00
0.000000000000000000e+00
0.000000000000000000e+00
0.000000000000000000e+00
0.000000000000000000e+00
0.000000000000000000e+00
0.000000000000000000e+00
0.000000000000000000e+00
0.000000000000000000e+00
0.000000000000000000e+00
0.000000000000000000e+00
0.000000000000000000e+00
0.000000000000000000e+00
0.000000000000000000e+00
0.000000000000000000e+00
0.000000000000000000e+00
0.000000000000000000e+00
0.000000000000000000e+00
0.000000000000000000e+00
0.000000000000000000e+00
0.000000000000000000e+00
0.000000000000000000e+00
0.000000000000000000e+00
0.000000000000000000e+00
0.000000000000000000e+00
0.000000000000000000e+00
0.000000000000000000e+00
0.000000000000000000e+00
0.000000000000000000e+00
0.000000000000000000e+00
0.000000000000000000e+00
0.000000000000000000e+00
0.000000000000000000e+00
0.000000000000000000e+00
0.000000000000000000e+00
0.000000000000000000e+00
0.000000000000000000e+00
0.000000000000000000e+00
0.000000000000000000e+00
0.000000000000000000e+00
0.000000000000000000e+00
0.000000000000000000e+00
0.000000000000000000e+00
0.000000000000000000e+00
0.000000000000000000e+00
0.000000000000000000e+00
0.000000000000000000e+00
0.000000000000000000e+00
0.000000000000000000e+00
0.000000000000000000e+00
0.000000000000000000e+00
0.000000000000000000e+00
0.000000000000000000e+00
0.000000000000000000e+00
0.000000000000000000e+00
0.000000000000000000e+00
0.000000000000000000e+00
0.000000000000000000e+00
0.000000000000000000e+00
0.000000000000000000e+00
0.000000000000000000e+00
0.000000000000000000e+00
0.000000000000000000e+00
0.000000000000000000e+00
0.000000000000000000e+00
0.000000000000000000e+00
0.000000000000000000e+00
0.000000000000000000e+00
0.000000000000000000e+00
0.000000000000000000e+00
0.000000000000000000e+00
0.000000000000000000e+00
0.000000000000000000e+00
0.000000000000000000e+00
0.000000000000000000e+00
0.000000000000000000e+00
0.000000000000000000e+00
0.000000000000000000e+00
0.000000000000000000e+00
0.000000000000000000e+00
0.000000000000000000e+00
0.000000000000000000e+00
0.000000000000000000e+00
0.000000000000000000e+00
0.000000000000000000e+00
0.000000000000000000e+00
0.000000000000000000e+00
0.000000000000000000e+00
0.000000000000000000e+00
0.000000000000000000e+00
0.000000000000000000e+00
0.000000000000000000e+00
0.000000000000000000e+00
0.000000000000000000e+00
0.000000000000000000e+00
0.000000000000000000e+00
0.000000000000000000e+00
0.000000000000000000e+00
0.000000000000000000e+00
0.000000000000000000e+00
0.000000000000000000e+00
0.000000000000000000e+00
0.000000000000000000e+00
0.000000000000000000e+00
0.000000000000000000e+00
0.000000000000000000e+00
0.000000000000000000e+00
0.000000000000000000e+00
0.000000000000000000e+00
0.000000000000000000e+00
0.000000000000000000e+00
0.000000000000000000e+00
0.000000000000000000e+00
0.000000000000000000e+00
0.000000000000000000e+00
0.000000000000000000e+00
0.000000000000000000e+00
0.000000000000000000e+00
0.000000000000000000e+00
0.000000000000000000e+00
0.000000000000000000e+00
0.000000000000000000e+00
0.000000000000000000e+00
0.000000000000000000e+00
0.000000000000000000e+00
0.000000000000000000e+00
0.000000000000000000e+00
0.000000000000000000e+00
0.000000000000000000e+00
0.000000000000000000e+00
0.000000000000000000e+00
0.000000000000000000e+00
0.000000000000000000e+00
0.000000000000000000e+00
0.000000000000000000e+00
0.000000000000000000e+00
0.000000000000000000e+00
0.000000000000000000e+00
0.000000000000000000e+00
0.000000000000000000e+00
0.000000000000000000e+00
0.000000000000000000e+00
0.000000000000000000e+00
0.000000000000000000e+00
0.000000000000000000e+00
0.000000000000000000e+00
0.000000000000000000e+00
0.000000000000000000e+00
0.000000000000000000e+00
0.000000000000000000e+00
0.000000000000000000e+00
0.000000000000000000e+00
0.000000000000000000e+00
0.000000000000000000e+00
0.000000000000000000e+00
0.000000000000000000e+00
0.000000000000000000e+00
0.000000000000000000e+00
0.000000000000000000e+00
0.000000000000000000e+00
0.000000000000000000e+00
0.000000000000000000e+00
0.000000000000000000e+00
0.000000000000000000e+00
0.000000000000000000e+00
0.000000000000000000e+00
0.000000000000000000e+00
0.000000000000000000e+00
0.000000000000000000e+00
0.000000000000000000e+00
0.000000000000000000e+00
0.000000000000000000e+00
0.000000000000000000e+00
0.000000000000000000e+00
0.000000000000000000e+00
0.000000000000000000e+00
0.000000000000000000e+00
0.000000000000000000e+00
0.000000000000000000e+00
0.000000000000000000e+00
0.000000000000000000e+00
0.000000000000000000e+00
0.000000000000000000e+00
0.000000000000000000e+00
0.000000000000000000e+00
0.000000000000000000e+00
0.000000000000000000e+00
0.000000000000000000e+00
0.000000000000000000e+00
0.000000000000000000e+00
0.000000000000000000e+00
0.000000000000000000e+00
0.000000000000000000e+00
0.000000000000000000e+00
0.000000000000000000e+00
0.000000000000000000e+00
0.000000000000000000e+00
0.000000000000000000e+00
0.000000000000000000e+00
0.000000000000000000e+00
0.000000000000000000e+00
0.000000000000000000e+00
0.000000000000000000e+00
0.000000000000000000e+00
0.000000000000000000e+00
0.000000000000000000e+00
0.000000000000000000e+00
0.000000000000000000e+00
0.000000000000000000e+00
0.000000000000000000e+00
0.000000000000000000e+00
0.000000000000000000e+00
0.000000000000000000e+00
0.000000000000000000e+00
0.000000000000000000e+00
0.000000000000000000e+00
0.000000000000000000e+00
0.000000000000000000e+00
0.000000000000000000e+00
0.000000000000000000e+00
0.000000000000000000e+00
0.000000000000000000e+00
0.000000000000000000e+00
0.000000000000000000e+00
0.000000000000000000e+00
0.000000000000000000e+00
0.000000000000000000e+00
0.000000000000000000e+00
0.000000000000000000e+00
0.000000000000000000e+00
0.000000000000000000e+00
0.000000000000000000e+00
0.000000000000000000e+00
0.000000000000000000e+00
0.000000000000000000e+00
0.000000000000000000e+00
0.000000000000000000e+00
0.000000000000000000e+00
0.000000000000000000e+00
0.000000000000000000e+00
0.000000000000000000e+00
0.000000000000000000e+00
0.000000000000000000e+00
0.000000000000000000e+00
0.000000000000000000e+00
0.000000000000000000e+00
0.000000000000000000e+00
0.000000000000000000e+00
0.000000000000000000e+00
0.000000000000000000e+00
0.000000000000000000e+00
0.000000000000000000e+00
0.000000000000000000e+00
0.000000000000000000e+00
0.000000000000000000e+00
0.000000000000000000e+00
0.000000000000000000e+00
0.000000000000000000e+00
0.000000000000000000e+00
0.000000000000000000e+00
0.000000000000000000e+00
0.000000000000000000e+00
0.000000000000000000e+00
0.000000000000000000e+00
0.000000000000000000e+00
0.000000000000000000e+00
0.000000000000000000e+00
0.000000000000000000e+00
0.000000000000000000e+00
0.000000000000000000e+00
0.000000000000000000e+00
0.000000000000000000e+00
0.000000000000000000e+00
0.000000000000000000e+00
0.000000000000000000e+00
0.000000000000000000e+00
0.000000000000000000e+00
0.000000000000000000e+00
0.000000000000000000e+00
0.000000000000000000e+00
0.000000000000000000e+00
0.000000000000000000e+00
0.000000000000000000e+00
0.000000000000000000e+00
0.000000000000000000e+00
0.000000000000000000e+00
0.000000000000000000e+00
0.000000000000000000e+00
0.000000000000000000e+00
0.000000000000000000e+00
0.000000000000000000e+00
0.000000000000000000e+00
0.000000000000000000e+00
0.000000000000000000e+00
0.000000000000000000e+00
0.000000000000000000e+00
0.000000000000000000e+00
0.000000000000000000e+00
0.000000000000000000e+00
0.000000000000000000e+00
0.000000000000000000e+00
0.000000000000000000e+00
0.000000000000000000e+00
0.000000000000000000e+00
0.000000000000000000e+00
0.000000000000000000e+00
0.000000000000000000e+00
0.000000000000000000e+00
0.000000000000000000e+00
0.000000000000000000e+00
0.000000000000000000e+00
0.000000000000000000e+00
0.000000000000000000e+00
0.000000000000000000e+00
0.000000000000000000e+00
0.000000000000000000e+00
0.000000000000000000e+00
0.000000000000000000e+00
0.000000000000000000e+00
0.000000000000000000e+00
0.000000000000000000e+00
0.000000000000000000e+00
0.000000000000000000e+00
0.000000000000000000e+00
0.000000000000000000e+00
0.000000000000000000e+00
0.000000000000000000e+00
0.000000000000000000e+00
0.000000000000000000e+00
0.000000000000000000e+00
0.000000000000000000e+00
0.000000000000000000e+00
0.000000000000000000e+00
0.000000000000000000e+00
0.000000000000000000e+00
0.000000000000000000e+00
0.000000000000000000e+00
0.000000000000000000e+00
0.000000000000000000e+00
0.000000000000000000e+00
0.000000000000000000e+00
0.000000000000000000e+00
0.000000000000000000e+00
0.000000000000000000e+00
0.000000000000000000e+00
0.000000000000000000e+00
0.000000000000000000e+00
0.000000000000000000e+00
0.000000000000000000e+00
0.000000000000000000e+00
0.000000000000000000e+00
0.000000000000000000e+00
0.000000000000000000e+00
0.000000000000000000e+00
0.000000000000000000e+00
0.000000000000000000e+00
0.000000000000000000e+00
0.000000000000000000e+00
0.000000000000000000e+00
0.000000000000000000e+00
0.000000000000000000e+00
0.000000000000000000e+00
0.000000000000000000e+00
0.000000000000000000e+00
0.000000000000000000e+00
nan
