# bin_11_7
-4.393179233980822204e-07
-2.874830425023011795e-07
-1.642012348588228560e-07
-1.105105745620508621e-07
-5.371413308187818157e-08
-3.995341725837814712e-08
-2.034444331795302288e-08
-1.653962399704270734e-08
-5.976844299047211532e-09
-1.105955676848469042e-08
-1.448456327764045573e-09
1.206206464649702436e-09
-4.195022420119347151e-09
-1.596884602937727798e-09
1.279497945367770315e-09
2.648584945225769408e-09
3.582788717697445857e-09
4.523950998119614758e-09
5.913597745577253899e-09
7.311974290510045990e-09
8.061835390649022748e-09
7.879296556481459728e-09
5.821588290155665038e-09
2.696416913996037335e-09
2.071070453703117413e-10
-7.083722082626913019e-10
1.252877489232382498e-09
5.160954517841462185e-09
8.988880082574616643e-09
1.148262147719123520e-08
1.191513581454301449e-08
9.373238052081834503e-09
4.740902002309049299e-09
-2.644026199003412019e-10
-4.484372953233827453e-09
-7.166157876186040244e-09
-7.849671746688347246e-09
-7.229646707411363683e-09
-6.334210932279497591e-09
-5.329249473549465812e-09
-4.335582784003024367e-09
-3.439519554049376652e-09
-2.700987611229468012e-09
-2.159811118929640938e-09
-1.768066420430421625e-09
-1.447687667848444449e-09
-1.183702868059129799e-09
-9.639390273077377307e-10
-7.785090833599642929e-10
-6.193953988417872207e-10
-4.801108113757537659e-10
-3.554221728688849772e-10
-2.482974928519556909e-10
-1.611352670879698182e-10
-8.935101071567062547e-11
-2.917127129796752828e-11
2.250097628909459742e-11
6.819836966451831397e-11
1.099825624707859264e-10
1.495222026225580064e-10
1.881581164136057360e-10
2.211824472819998323e-10
2.455821038804597544e-10
2.645438805674405387e-10
2.806888012343530515e-10
2.961589171661500859e-10
3.126910026166635392e-10
3.316791805589946512e-10
3.542281817286283283e-10
3.811986668105829540e-10
4.132458143859421255e-10
4.508521878935537933e-10
5.051857495076345745e-10
5.810086550377248621e-10
6.701418258603966565e-10
7.656686351212202406e-10
8.617679591413401234e-10
9.535689560775154968e-10
1.037024661423418477e-09
1.108801897949158620e-09
1.166185345467390678e-09
1.206993912757571627e-09
1.229507807906994193e-09
1.232404920802226022e-09
1.214705318034799473e-09
1.172261444761041550e-09
1.106033022637717225e-09
1.022270398291696621e-09
9.264259314987454324e-10
8.232432843698736569e-10
7.168367954180739042e-10
6.107620770490598718e-10
5.080788377489127174e-10
4.114068104399926040e-10
3.229755637948139755e-10
2.446688817206831900e-10
1.780643160241266746e-10
1.244684469425562609e-10
8.494832450717014397e-11
6.035950946728392440e-11
5.137108480398896097e-11
5.155127125810388304e-11
5.378334734548793889e-11
5.762197096633329434e-11
6.267008225494402859e-11
6.857430125293306153e-11
7.502076173483380352e-11
8.173133837789497669e-11
8.846022888599532531e-11
9.499085661372420254e-11
1.011330627465112846e-10
1.067205602249014592e-10
1.116086243987978452e-10
1.156719978983557260e-10
1.188029894455381471e-10
1.209097483334938477e-10
1.219146980957130493e-10
1.217531144962814525e-10
1.203718344166587900e-10
1.159500327743636086e-10
1.072342782882160032e-10
9.497535199856589818e-11
7.985534902320872953e-11
6.249325346990767632e-11
4.345006165826528975e-11
2.323349165203682354e-11
2.302313734457871488e-12
-1.892966659320833434e-11
-4.008994427728850661e-11
-6.084394273995747454e-11
-8.089191024824023195e-11
-9.996606267272252720e-11
-1.178279525672047275e-10
-1.342660462124050895e-10
-1.490934918245794701e-10
-1.621460635483399013e-10
-1.732802671450357554e-10
-1.823715944658666366e-10
-1.893129148730257333e-10
-1.940129927522038043e-10
-1.963951211545821779e-10
-1.974716884584383164e-10
-1.983086878302273347e-10
-1.989194155923145180e-10
-1.993164859861605094e-10
-1.995118678605293970e-10
-1.995169192290536123e-10
-1.993424198315286234e-10
-1.989986018241262979e-10
-1.984951787152059045e-10
-1.978413726555066717e-10
-1.970459401842061330e-10
-1.961171965255401555e-10
-1.950630385243912839e-10
-1.938909663034165088e-10
-1.926081037188527727e-10
-1.912212176871105373e-10
-1.897367364495712785e-10
-1.881607668386587669e-10
-1.864991106041936241e-10
-1.847572798552749781e-10
-1.829405116694203462e-10
-1.810537819174222847e-10
-1.791018183493362443e-10
-1.770891129841699387e-10
-1.750199338431963676e-10
-1.728998667478655778e-10
-1.707341870679808901e-10
-1.685263986814309881e-10
-1.662798297538714122e-10
-1.639976413673229193e-10
-1.616828357026547422e-10
-1.593382638007088698e-10
-1.545705135502435626e-10
-1.521523459902204340e-10
-1.497144466961640830e-10
-1.472590142321063921e-10
-1.447881349514441242e-10
-1.423037883885441092e-10
-1.398078523809685847e-10
-1.373021079366856658e-10
-1.322678611476459737e-10
-1.297424771710632878e-10
-1.272135296496001936e-10
-1.246823804319837336e-10
-1.221503190922144012e-10
-1.196185663507647067e-10
-1.170882773299199924e-10
-1.120364013870586611e-10
-1.095168238620587687e-10
-1.070027343314228697e-10
-1.044950035230685960e-10
-9.941666249277704599e-11
-9.668291105906997832e-11
-9.380222763743471302e-11
-9.078324617189135786e-11
-8.763422277439079213e-11
-8.097728266084634881e-11
-7.748413223650513580e-11
-7.389050154539529548e-11
-6.642789900800808327e-11
-6.257126356287206541e-11
-5.863884486372729587e-11
-5.463615122505158438e-11
-4.644076271041473469e-11
-4.225790531714606523e-11
-3.802446726488575516e-11
-2.942320110958711691e-11
-2.506356549355012241e-11
-2.066975035378634277e-11
-1.179400984549279630e-11
-7.318891224955733749e-12
1.689977517970983085e-12
6.217815549502866584e-12
1.075754176782837684e-11
1.986228658708251312e-11
2.442242164006037662e-11
3.354686366029159416e-11
3.810695178665551799e-11
4.807126191692177270e-11
5.361161769806910479e-11
5.945872524090128459e-11
7.189189915646520748e-11
7.839312736434709643e-11
9.176914203347146850e-11
9.857178792281041333e-11
1.122403103037256535e-10
1.190451403579789062e-10
1.324558168061533347e-10
1.390103059349101162e-10
1.517001007222374844e-10
1.636901185164524992e-10
1.693746017655949406e-10
1.800365258200886342e-10
1.849828277498431552e-10
1.940358293131250581e-10
2.018865818752484633e-10
2.053333334999183986e-10
2.112210859606583744e-10
2.136449311404727502e-10
2.174148731836082375e-10
2.197050699604934086e-10
2.202814659641314523e-10
2.202740786240373787e-10
2.186953064434561498e-10
2.173092197791387044e-10
2.140181966913913867e-10
2.105017300723386768e-10
2.067767577901734997e-10
2.048411045638591978e-10
2.008329964525416374e-10
1.966545485941873335e-10
1.923194994905755822e-10
1.900973233103418360e-10
1.855513993253444634e-10
1.808798293762122097e-10
1.760937543177473364e-10
1.712036660795007138e-10
1.687227274396048173e-10
1.636949626115889241e-10
1.585868123332803617e-10
1.534067739734067400e-10
1.481628456748603333e-10
1.428625543993855982e-10
1.375129823284570339e-10
1.321207917232745294e-10
1.266922483398534712e-10
1.212332434887990368e-10
1.157493148233631279e-10
1.102456659338618819e-10
1.047271848213919376e-10
9.919846131899412605e-11
9.348974087866753621e-11
8.746589354807278453e-11
8.118025395345670762e-11
7.468238173792318981e-11
6.801829429367395756e-11
6.123068521935547011e-11
5.435912941158024594e-11
4.744027563864386577e-11
4.050802738773577709e-11
3.359371272427693489e-11
2.672624385301403211e-11
1.993226702501745333e-11
9.932191042081864993e-12
3.424899479171228054e-12
-2.931524151618752863e-12
-9.119005237095450128e-12
-1.512105819288761873e-11
-2.374403829986932010e-11
-2.921993654658100486e-11
-3.446382724395819587e-11
-3.946521878743954659e-11
-4.649237644543474438e-11
-5.084870939566295855e-11
-5.493408191226353945e-11
-6.054109062697023156e-11
-6.392438660282300230e-11
-6.705820706789882772e-11
-7.172524150725105585e-11
-7.482995050289629105e-11
-7.943946123133210066e-11
-8.246075925590245963e-11
-8.542597153667536620e-11
-8.974353583645432529e-11
-9.251974897410894762e-11
-9.650704123645590079e-11
-9.903470053719562579e-11
-1.026110835907231697e-10
-1.048418475464923263e-10
-1.079423258151124050e-10
-1.107317634717095590e-10
-1.124106311033986867e-10
-1.146474865671119995e-10
-1.159458762344666404e-10
-1.175965105238405586e-10
-1.188831305329379330e-10
-1.195351021766618792e-10
-1.202001734610801141e-10
-1.204859150440834174e-10
-1.204640817858768612e-10
-1.201113056271570796e-10
-1.193735858330186388e-10
-1.182508498542001548e-10
-1.172888570660630597e-10
-1.145027355431972048e-10
-1.095159600836405043e-10
-1.026541171873189601e-10
-9.421842660437105671e-11
-8.785867669860792885e-11
-7.740816372523067974e-11
-6.607985056356914721e-11
-5.409861330202240180e-11
-4.167162541684520803e-11
-2.898953147535988174e-11
-1.622754431029506991e-11
-3.546470817405699230e-12
8.906328836156893564e-12
2.099604414255471638e-11
3.259957518509645060e-11
4.360474772225968944e-11
5.390957884264766201e-11
6.342158985772181915e-11
7.472767217964851719e-11
8.207878458338560442e-11
8.838950429375063049e-11
9.360161743586186139e-11
9.766342854875663644e-11
1.005293087286350985e-10
1.024217978601964187e-10
1.023506898250961475e-10
1.012361283071580932e-10
9.947121131907472489e-11
9.801299470573216077e-11
9.644654663469157088e-11
9.420002869138154269e-11
9.240415136776165447e-11
9.051921922090290864e-11
8.787641147541847747e-11
8.580353129599208694e-11
8.292755774471596259e-11
8.069223024893994333e-11
7.761533024857943682e-11
7.524047878916320557e-11
7.199163210391232870e-11
6.949786111614756269e-11
6.610311380567582014e-11
6.263566098001165778e-11
5.999169602675400767e-11
5.641403571535891084e-11
5.278241033247322670e-11
5.002693943041512552e-11
4.631525098970766301e-11
4.256541537571721279e-11
3.878254727733536212e-11
3.497145180817602869e-11
3.209733139373757241e-11
2.822753946268544678e-11
2.388287382060793891e-11
1.889248785298376202e-11
1.326656347109780692e-11
7.015845550322978986e-12
1.515690498625285914e-13
-7.314607888152000543e-12
-1.537066531301275353e-11
-2.400427773166463083e-11
-3.320286565350570511e-11
-4.295364277130458789e-11
-5.324365910878532779e-11
-6.684455803218422088e-11
-7.829992866299967282e-11
-9.025177420281604113e-11
-1.026868489725985887e-10
-1.188900693081932503e-10
-1.323640598848440641e-10
-1.462784064874290831e-10
-1.642707066269053477e-10
-1.791282585417964984e-10
-1.943841004302923431e-10
-2.139946725839524555e-10
-2.301004683074368460e-10
-2.507341006549869266e-10
-2.676272709319357202e-10
-2.892068965625063851e-10
-3.093605204587888458e-10
-3.413770456121934068e-10
-3.797668168089625231e-10
-4.142577624718912495e-10
-4.611590969772661583e-10
-5.113073147870285969e-10
-5.531215695619031371e-10
-6.067685840234767548e-10
-6.611899390816868420e-10
-7.156380337243026786e-10
-7.694288510569890106e-10
-8.219376052168221730e-10
-8.725946777617618061e-10
-9.114372299784410614e-10
-9.574875537597081588e-10
-1.000353413507337672e-09
-1.047039086362677999e-09
-1.081572368008193370e-09
-1.111798987080857776e-09
-1.137442214966714662e-09
-1.158256302044447142e-09
-1.174024279016156844e-09
-1.186018890304269106e-09
-1.190050567727023995e-09
-1.188512156442590217e-09
-1.181286643207888809e-09
-1.161215351772418111e-09
-1.119618261854823287e-09
-1.040558342198432677e-09
-9.538199667955920470e-10
-8.287697386501137251e-10
-7.100468611670767937e-10
-5.536563046872993722e-10
-4.142667629717584321e-10
-2.391180160276286490e-10
-5.838218838702339042e-11
9.437493582899936793e-11
2.779138737103261835e-10
4.593590611959270839e-10
6.364351614260244011e-10
8.070690662782549777e-10
9.693758779709210629e-10
1.121645826991727315e-09
1.262332062321611427e-09
1.390039254506475074e-09
1.503512956366721102e-09
1.601629670053188084e-09
1.683387572782865584e-09
1.747897856943681904e-09
1.794376643363468660e-09
1.822137429415590698e-09
1.830076888301658154e-09
1.815441893938877359e-09
1.785356616041556506e-09
1.735587284108223203e-09
1.682120690926341940e-09
1.609149301979801329e-09
1.539043997183251414e-09
1.450169048678114380e-09
1.369224136850291638e-09
1.270712900138626727e-09
1.169287004254435436e-09
1.066371772129702979e-09
9.779666953956152020e-10
8.756675296509985357e-10
7.753237243548915752e-10
6.779450365447214646e-10
5.844508040792194046e-10
4.956761694655168210e-10
4.123778922528348627e-10
3.352397778053489294e-10
2.648777483003280706e-10
2.018445799771229552e-10
1.466343289778967517e-10
9.367738222790362055e-11
5.664548020919040432e-11
2.865151654984366358e-11
8.097887773887960143e-12
4.025551470645252625e-13
0.000000000000000000e+00
0.000000000000000000e+00
0.000000000000000000e+00
0.000000000000000000e+00
0.000000000000000000e+00
0.000000000000000000e+00
0.000000000000000000e+00
0.000000000000000000e+00
0.000000000000000000e+00
0.000000000000000000e+00
0.000000000000000000e+00
0.000000000000000000e+00
0.000000000000000000e+00
0.000000000000000000e+00
0.000000000000000000e+00
0.000000000000000000e+00
0.000000000000000000e+00
0.000000000000000000e+00
0.000000000000000000e+00
0.000000000000000000e+00
0.000000000000000000e+00
0.000000000000000000e+00
0.000000000000000000e+00
0.000000000000000000e+00
0.000000000000000000e+00
0.000000000000000000e+00
0.000000000000000000e+00
0.000000000000000000e+00
0.000000000000000000e+00
0.000000000000000000e+00
0.000000000000000000e+00
0.000000000000000000e+00
0.000000000000000000e+00
0.000000000000000000e+00
0.000000000000000000e+00
0.000000000000000000e+00
0.000000000000000000e+00
0.000000000000000000e+00
0.000000000000000000e+00
0.000000000000000000e+00
0.000000000000000000e+00
0.000000000000000000e+00
0.000000000000000000e+00
0.000000000000000000e+00
0.000000000000000000e+00
0.000000000000000000e+00
0.000000000000000000e+00
0.000000000000000000e+00
0.000000000000000000e+00
0.000000000000000000e+00
0.000000000000000000e+00
0.000000000000000000e+00
0.000000000000000000e+00
0.000000000000000000e+00
0.000000000000000000e+00
0.000000000000000000e+00
0.000000000000000000e+00
0.000000000000000000e+00
0.000000000000000000e+00
0.000000000000000000e+00
0.000000000000000000e+00
0.000000000000000000e+00
0.000000000000000000e+00
0.000000000000000000e+00
0.000000000000000000e+00
0.000000000000000000e+00
0.000000000000000000e+00
0.000000000000000000e+00
0.000000000000000000e+00
0.000000000000000000e+00
0.000000000000000000e+00
0.000000000000000000e+00
0.000000000000000000e+00
0.000000000000000000e+00
0.000000000000000000e+00
0.000000000000000000e+00
0.000000000000000000e+00
0.000000000000000000e+00
0.000000000000000000e+00
0.000000000000000000e+00
0.000000000000000000e+00
0.000000000000000000e+00
0.000000000000000000e+00
0.000000000000000000e+00
0.000000000000000000e+00
0.000000000000000000e+00
0.000000000000000000e+00
0.000000000000000000e+00
0.000000000000000000e+00
0.000000000000000000e+00
0.000000000000000000e+00
0.000000000000000000e+00
0.000000000000000000e+00
0.000000000000000000e+00
0.000000000000000000e+00
0.000000000000000000e+00
0.000000000000000000e+00
0.000000000000000000e+00
0.000000000000000000e+00
0.000000000000000000e+00
0.000000000000000000e+00
0.000000000000000000e+00
0.000000000000000000e+00
0.000000000000000000e+00
0.000000000000000000e+00
0.000000000000000000e+00
0.000000000000000000e+00
0.000000000000000000e+00
0.000000000000000000e+00
0.000000000000000000e+00
0.000000000000000000e+00
0.000000000000000000e+00
0.000000000000000000e+00
0.000000000000000000e+00
0.000000000000000000e+00
0.000000000000000000e+00
0.000000000000000000e+00
0.000000000000000000e+00
0.000000000000000000e+00
0.000000000000000000e+00
0.000000000000000000e+00
0.000000000000000000e+00
0.000000000000000000e+00
0.000000000000000000e+00
0.000000000000000000e+00
0.000000000000000000e+00
0.000000000000000000e+00
0.000000000000000000e+00
0.000000000000000000e+00
0.000000000000000000e+00
0.000000000000000000e+00
0.000000000000000000e+00
0.000000000000000000e+00
0.000000000000000000e+00
0.000000000000000000e+00
0.000000000000000000e+00
0.000000000000000000e+00
0.000000000000000000e+00
0.000000000000000000e+00
0.000000000000000000e+00
0.000000000000000000e+00
0.000000000000000000e+00
0.000000000000000000e+00
0.000000000000000000e+00
0.000000000000000000e+00
0.000000000000000000e+00
0.000000000000000000e+00
0.000000000000000000e+00
0.000000000000000000e+00
0.000000000000000000e+00
0.000000000000000000e+00
0.000000000000000000e+00
0.000000000000000000e+00
0.000000000000000000e+00
0.000000000000000000e+00
0.000000000000000000e+00
0.000000000000000000e+00
0.000000000000000000e+00
0.000000000000000000e+00
0.000000000000000000e+00
0.000000000000000000e+00
0.000000000000000000e+00
0.000000000000000000e+00
0.000000000000000000e+00
0.000000000000000000e+00
0.000000000000000000e+00
0.000000000000000000e+00
0.000000000000000000e+00
0.000000000000000000e+00
0.000000000000000000e+00
0.000000000000000000e+00
0.000000000000000000e+00
0.000000000000000000e+00
0.000000000000000000e+00
0.000000000000000000e+00
0.000000000000000000e+00
0.000000000000000000e+00
0.000000000000000000e+00
0.000000000000000000e+00
0.000000000000000000e+00
0.000000000000000000e+00
0.000000000000000000e+00
0.000000000000000000e+00
0.000000000000000000e+00
0.000000000000000000e+00
0.000000000000000000e+00
0.000000000000000000e+00
0.000000000000000000e+00
0.000000000000000000e+00
0.000000000000000000e+00
0.000000000000000000e+00
0.000000000000000000e+00
0.000000000000000000e+00
0.000000000000000000e+00
0.000000000000000000e+00
0.000000000000000000e+00
0.000000000000000000e+00
0.000000000000000000e+00
0.000000000000000000e+00
0.000000000000000000e+00
0.000000000000000000e+00
0.000000000000000000e+00
0.000000000000000000e+00
0.000000000000000000e+00
0.000000000000000000e+00
0.000000000000000000e+00
0.000000000000000000e+00
0.000000000000000000e+00
0.000000000000000000e+00
0.000000000000000000e+00
0.000000000000000000e+00
0.000000000000000000e+00
0.000000000000000000e+00
0.000000000000000000e+00
0.000000000000000000e+00
0.000000000000000000e+00
0.000000000000000000e+00
0.000000000000000000e+00
0.000000000000000000e+00
0.000000000000000000e+00
0.000000000000000000e+00
0.000000000000000000e+00
0.000000000000000000e+00
0.000000000000000000e+00
0.000000000000000000e+00
0.000000000000000000e+00
0.000000000000000000e+00
0.000000000000000000e+00
0.000000000000000000e+00
0.000000000000000000e+00
0.000000000000000000e+00
0.000000000000000000e+00
0.000000000000000000e+00
0.000000000000000000e+00
0.000000000000000000e+00
0.000000000000000000e+00
0.000000000000000000e+00
0.000000000000000000e+00
0.000000000000000000e+00
0.000000000000000000e+00
0.000000000000000000e+00
0.000000000000000000e+00
0.000000000000000000e+00
0.000000000000000000e+00
0.000000000000000000e+00
0.000000000000000000e+00
0.000000000000000000e+00
0.000000000000000000e+00
0.000000000000000000e+00
0.000000000000000000e+00
0.000000000000000000e+00
0.000000000000000000e+00
0.000000000000000000e+00
0.000000000000000000e+00
0.000000000000000000e+00
0.000000000000000000e+00
0.000000000000000000e+00
0.000000000000000000e+00
0.000000000000000000e+00
0.000000000000000000e+00
0.000000000000000000e+00
0.000000000000000000e+00
0.000000000000000000e+00
0.000000000000000000e+00
0.000000000000000000e+00
0.000000000000000000e+00
0.000000000000000000e+00
0.000000000000000000e+00
0.000000000000000000e+00
0.000000000000000000e+00
0.000000000000000000e+00
0.000000000000000000e+00
0.000000000000000000e+00
0.000000000000000000e+00
0.000000000000000000e+00
0.000000000000000000e+00
0.000000000000000000e+00
0.000000000000000000e+00
0.000000000000000000e+00
0.000000000000000000e+00
0.000000000000000000e+00
0.000000000000000000e+00
0.000000000000000000e+00
0.000000000000000000e+00
0.000000000000000000e+00
0.000000000000000000e+00
0.000000000000000000e+00
0.000000000000000000e+00
0.000000000000000000e+00
0.000000000000000000e+00
0.000000000000000000e+00
0.000000000000000000e+00
0.000000000000000000e+00
0.000000000000000000e+00
0.000000000000000000e+00
0.000000000000000000e+00
0.000000000000000000e+00
0.000000000000000000e+00
0.000000000000000000e+00
0.000000000000000000e+00
0.000000000000000000e+00
0.000000000000000000e+00
0.000000000000000000e+00
0.000000000000000000e+00
0.000000000000000000e+00
0.000000000000000000e+00
0.000000000000000000e+00
0.000000000000000000e+00
0.000000000000000000e+00
0.000000000000000000e+00
0.000000000000000000e+00
0.000000000000000000e+00
0.000000000000000000e+00
0.000000000000000000e+00
0.000000000000000000e+00
0.000000000000000000e+00
0.000000000000000000e+00
0.000000000000000000e+00
0.000000000000000000e+00
0.000000000000000000e+00
0.000000000000000000e+00
0.000000000000000000e+00
0.000000000000000000e+00
0.000000000000000000e+00
0.000000000000000000e+00
0.000000000000000000e+00
0.000000000000000000e+00
0.000000000000000000e+00
0.000000000000000000e+00
0.000000000000000000e+00
0.000000000000000000e+00
0.000000000000000000e+00
0.000000000000000000e+00
0.000000000000000000e+00
0.000000000000000000e+00
0.000000000000000000e+00
0.000000000000000000e+00
0.000000000000000000e+00
0.000000000000000000e+00
0.000000000000000000e+00
0.000000000000000000e+00
0.000000000000000000e+00
0.000000000000000000e+00
0.000000000000000000e+00
0.000000000000000000e+00
0.000000000000000000e+00
0.000000000000000000e+00
0.000000000000000000e+00
0.000000000000000000e+00
0.000000000000000000e+00
0.000000000000000000e+00
0.000000000000000000e+00
0.000000000000000000e+00
0.000000000000000000e+00
0.000000000000000000e+00
0.000000000000000000e+00
0.000000000000000000e+00
0.000000000000000000e+00
0.000000000000000000e+00
0.000000000000000000e+00
0.000000000000000000e+00
0.000000000000000000e+00
0.000000000000000000e+00
0.000000000000000000e+00
0.000000000000000000e+00
0.000000000000000000e+00
0.000000000000000000e+00
0.000000000000000000e+00
0.000000000000000000e+00
0.000000000000000000e+00
0.000000000000000000e+00
0.000000000000000000e+00
0.000000000000000000e+00
0.000000000000000000e+00
0.000000000000000000e+00
0.000000000000000000e+00
0.000000000000000000e+00
0.000000000000000000e+00
0.000000000000000000e+00
0.000000000000000000e+00
0.000000000000000000e+00
0.000000000000000000e+00
0.000000000000000000e+00
0.000000000000000000e+00
0.000000000000000000e+00
0.000000000000000000e+00
0.000000000000000000e+00
0.000000000000000000e+00
0.000000000000000000e+00
0.000000000000000000e+00
0.000000000000000000e+00
0.000000000000000000e+00
0.000000000000000000e+00
0.000000000000000000e+00
0.000000000000000000e+00
0.000000000000000000e+00
0.000000000000000000e+00
0.000000000000000000e+00
0.000000000000000000e+00
0.000000000000000000e+00
0.000000000000000000e+00
0.000000000000000000e+00
0.000000000000000000e+00
0.000000000000000000e+00
0.000000000000000000e+00
0.000000000000000000e+00
0.000000000000000000e+00
0.000000000000000000e+00
0.000000000000000000e+00
0.000000000000000000e+00
0.000000000000000000e+00
0.000000000000000000e+00
0.000000000000000000e+00
0.000000000000000000e+00
0.000000000000000000e+00
0.000000000000000000e+00
0.000000000000000000e+00
0.000000000000000000e+00
0.000000000000000000e+00
0.000000000000000000e+00
0.000000000000000000e+00
0.000000000000000000e+00
0.000000000000000000e+00
0.000000000000000000e+00
0.000000000000000000e+00
0.000000000000000000e+00
0.000000000000000000e+00
0.000000000000000000e+00
0.000000000000000000e+00
0.000000000000000000e+00
0.000000000000000000e+00
0.000000000000000000e+00
0.000000000000000000e+00
0.000000000000000000e+00
0.000000000000000000e+00
0.000000000000000000e+00
0.000000000000000000e+00
0.000000000000000000e+00
0.000000000000000000e+00
0.000000000000000000e+00
0.000000000000000000e+00
0.000000000000000000e+00
0.000000000000000000e+00
0.000000000000000000e+00
0.000000000000000000e+00
0.000000000000000000e+00
0.000000000000000000e+00
0.000000000000000000e+00
0.000000000000000000e+00
0.000000000000000000e+00
0.000000000000000000e+00
0.000000000000000000e+00
0.000000000000000000e+00
0.000000000000000000e+00
0.000000000000000000e+00
0.000000000000000000e+00
0.000000000000000000e+00
0.000000000000000000e+00
0.000000000000000000e+00
0.000000000000000000e+00
0.000000000000000000e+00
0.000000000000000000e+00
0.000000000000000000e+00
0.000000000000000000e+00
0.000000000000000000e+00
0.000000000000000000e+00
0.000000000000000000e+00
0.000000000000000000e+00
0.000000000000000000e+00
0.000000000000000000e+00
0.000000000000000000e+00
0.000000000000000000e+00
0.000000000000000000e+00
0.000000000000000000e+00
0.000000000000000000e+00
0.000000000000000000e+00
0.000000000000000000e+00
0.000000000000000000e+00
0.000000000000000000e+00
0.000000000000000000e+00
0.000000000000000000e+00
0.000000000000000000e+00
0.000000000000000000e+00
0.000000000000000000e+00
0.000000000000000000e+00
0.000000000000000000e+00
0.000000000000000000e+00
0.000000000000000000e+00
0.000000000000000000e+00
0.000000000000000000e+00
0.000000000000000000e+00
0.000000000000000000e+00
0.000000000000000000e+00
0.000000000000000000e+00
0.000000000000000000e+00
0.000000000000000000e+00
0.000000000000000000e+00
0.000000000000000000e+00
0.000000000000000000e+00
0.000000000000000000e+00
0.000000000000000000e+00
0.000000000000000000e+00
0.000000000000000000e+00
0.000000000000000000e+00
0.000000000000000000e+00
0.000000000000000000e+00
0.000000000000000000e+00
0.000000000000000000e+00
0.000000000000000000e+00
0.000000000000000000e+00
0.000000000000000000e+00
0.000000000000000000e+00
0.000000000000000000e+00
0.000000000000000000e+00
0.000000000000000000e+00
0.000000000000000000e+00
nan
