# bin_9_2
-1.101721999978274528e-07
6.100922804518572079e-08
-5.440092458092840899e-08
6.054354310038896776e-08
-5.109489802495727242e-08
6.000216104070775353e-08
-5.196663031447472535e-08
4.597362227141802692e-08
-4.771740061972144995e-08
2.390136301373604543e-08
-4.402303963307677151e-08
2.285568236038139476e-09
-2.733576936125220983e-08
-3.526374897243495473e-09
1.303158572293376689e-08
-3.407188431150165208e-08
-9.875650641361607148e-08
-1.186457848643839008e-07
-8.058657191245779640e-08
-2.461205119901399615e-08
1.790695803128753028e-08
3.186512493958295762e-08
2.144179253699092082e-08
5.003470657211268444e-09
-8.014122720190091636e-09
-1.241049055763056247e-08
1.249083423455661415e-08
6.184126763701390078e-08
1.101623737921890269e-07
1.416921166811154385e-07
1.472929715462585306e-07
1.089540147792138732e-07
3.664214128587258747e-08
-4.189664993058946376e-08
-1.079448271423869921e-07
-1.493318120782444928e-07
-1.586147700244521279e-07
-1.420124431790981885e-07
-1.147606250663874586e-07
-8.385413410701607553e-08
-5.435103301091425977e-08
-2.983018401974957457e-08
-1.274324723739760948e-08
-4.685973169856836500e-09
-1.859745876338346428e-09
3.282506017027605075e-10
1.972934979013648729e-09
3.155417771978773645e-09
3.945120565539192775e-09
4.401545827357176760e-09
4.575759316939279322e-09
4.511635308041505493e-09
4.336606083572507754e-09
4.153600683500659721e-09
3.964719192240117849e-09
3.771741555067962033e-09
3.576174190572810083e-09
3.379289566400369469e-09
3.182159864013184922e-09
2.985685666346224328e-09
2.790620445208293842e-09
2.463348096833617127e-09
1.932803773895745882e-09
1.281044111093394900e-09
5.755906584078365719e-10
-1.283499027784589343e-10
-7.859995070055701629e-10
-1.361404752209658052e-09
-1.826071937544597112e-09
-2.157804715393656646e-09
-2.339713749210462242e-09
-2.359372576990928903e-09
-2.263054579463435326e-09
-2.115200322683883941e-09
-1.931575262587729124e-09
-1.725601094073045621e-09
-1.508660836662329804e-09
-1.290364562563214058e-09
-1.078781009529932927e-09
-8.806395888932308975e-10
-7.015066748161668275e-10
-5.459395275238171076e-10
-4.176207469621545220e-10
-3.194757623411708902e-10
-2.537755274693971686e-10
-2.076490268951507623e-10
-1.667092062874008592e-10
-1.305434760218193047e-10
-9.877195444264283021e-11
-7.104469935910461667e-11
-4.703919382969184175e-11
-2.645806085449693684e-11
-9.026984339088853663e-12
5.507183882925645763e-12
1.737814903747462929e-11
2.680174657758107959e-11
3.397737801678070332e-11
3.908932241924409266e-11
4.230793520859866931e-11
4.379074477497736158e-11
4.368345630648947063e-11
4.190647358440584298e-11
3.854431562008207783e-11
3.394942950425232872e-11
2.843594210744410297e-11
2.228331611239764184e-11
1.573965943136205134e-11
9.024722035982623505e-12
2.332610715071717147e-12
-4.165750853599845377e-12
-1.032039212159443827e-11
-1.600027367229612120e-11
-2.109145332578819292e-11
-2.549542245236750868e-11
-2.912759637948471472e-11
-3.191594436926118925e-11
-3.379974607045040828e-11
-3.472846262800949585e-11
-3.466071178136239646e-11
-3.375345577467304579e-11
-3.226389159353074753e-11
-3.029932836444847661e-11
-2.795715478849337022e-11
-2.532564797433716385e-11
-2.248471657138694858e-11
-1.950658373947370303e-11
-1.645641500023865353e-11
-1.339289557017512363e-11
-1.036876137167109435e-11
-7.431287552226250528e-12
-4.622738009628237540e-12
-1.980779118952753018e-12
4.611394171471864651e-13
2.673433922931211689e-12
4.630063863957879548e-12
6.308234483200964073e-12
7.688122909017863482e-12
8.752625856709125495e-12
9.487127201902177938e-12
9.879283846764983146e-12
9.918828430393495024e-12
9.754359759789753541e-12
9.544829127382774667e-12
9.296560387235685040e-12
9.015393799516782928e-12
8.706719163866144321e-12
8.375506676359593538e-12
8.026335672927113491e-12
7.663421409781013385e-12
7.290640020093279451e-12
6.911551775748113156e-12
6.529422773406068445e-12
6.147245155284449514e-12
5.767755966918988406e-12
5.393454746666554342e-12
5.026619934788364835e-12
4.669324183564813983e-12
4.323448643998265604e-12
3.990696299213983169e-12
3.672604409640178981e-12
3.370556130397994393e-12
3.085791357033010154e-12
2.819416851745092513e-12
2.572415698592079629e-12
2.345656132738472245e-12
2.139899785666399155e-12
1.943539563020340394e-12
1.745372126842929000e-12
1.546615853872482949e-12
1.348395873822663526e-12
1.151749880335295911e-12
9.576335886398450703e-13
7.669258620358469451e-13
3.988959022448142501e-13
2.229890417285186821e-13
5.332973857780060979e-14
-1.095207243740236865e-13
-2.650530446145817138e-13
-4.128065827417267634e-13
-5.523662442182729332e-13
-6.833595479798506334e-13
-9.183538550504055749e-13
-1.021798975109457202e-12
-1.115561244404731282e-12
-1.199443063026151430e-12
-1.273275192497640328e-12
-1.336914851752545078e-12
-1.390243926849412660e-12
-1.465611205164125862e-12
-1.487521863425049419e-12
-1.498863960584803042e-12
-1.499619393683977496e-12
-1.463926199003678149e-12
-1.418140764002263884e-12
-1.354647685966221318e-12
-1.275538422110103504e-12
-1.182784313895280018e-12
-9.636624797488069102e-13
-8.406899945843485908e-13
-7.108738235424647113e-13
-4.364462956118925350e-13
-2.944874163922940416e-13
-1.509985019775510557e-13
-7.109520034292034806e-15
2.777022392065087400e-13
4.167078164246996771e-13
5.522723198052844049e-13
8.099031601440588743e-13
9.305165783870747903e-13
1.044777578539580088e-12
1.251870549261740405e-12
1.343625486022318194e-12
1.501162791388286699e-12
1.566101844097829261e-12
1.621316879199460276e-12
1.701255356347255627e-12
1.725393642009200890e-12
1.740752743651213307e-12
1.731548084632726167e-12
1.689707893585459592e-12
1.660595676371693193e-12
1.626696849064930201e-12
1.546418927917617859e-12
1.500922858011066174e-12
1.401263887371771709e-12
1.347859685188756693e-12
1.235658155614977072e-12
1.177510521905762492e-12
1.058622633763451391e-12
9.984365170776511755e-13
8.778573782098057619e-13
7.585491591860439110e-13
6.999048353228680413e-13
5.856002662621022431e-13
5.302932940625357736e-13
4.241774153446123675e-13
3.250258157357589359e-13
2.783913618359402899e-13
1.915933270728485480e-13
1.516422787011185744e-13
7.911457537894529598e-14
1.698084717668187386e-14
-1.000058028024810744e-14
-5.546670221775185982e-14
-8.923012529923428893e-14
-1.016013013332277489e-13
-1.223889924747026677e-13
-1.414308593877617000e-13
-1.588180998624640702e-13
-1.669184468317122327e-13
-1.819845696677237549e-13
-1.956041284493600451e-13
-2.078530185649831570e-13
-2.134861215921170441e-13
-2.238129468219734942e-13
-2.329424462655513727e-13
-2.409379190896360897e-13
-2.478594879492242243e-13
-2.509355197149453395e-13
-2.563524253086907381e-13
-2.608329160092549569e-13
-2.644272588375169790e-13
-2.671832288313910628e-13
-2.691462383039856465e-13
-2.703594588730326973e-13
-2.708639367002365777e-13
-2.706987013503835626e-13
-2.699008686531970357e-13
-2.685057379260563756e-13
-2.665468838925117980e-13
-2.640562436099897760e-13
-2.610641987000394732e-13
-2.570576041355858474e-13
-2.516380067536137358e-13
-2.449963140536206916e-13
-2.373102565424547160e-13
-2.287451938036121604e-13
-2.194548712931943314e-13
-2.095821309948419633e-13
-1.992595788558227145e-13
-1.886102117312268888e-13
-1.777480063818816249e-13
-1.667784729029641645e-13
-1.557991748036022920e-13
-1.395070996788698922e-13
-1.288824126088707378e-13
-1.185336511270045924e-13
-1.085282605693188991e-13
-9.892809021097041502e-14
-8.541008434186224782e-14
-7.705991764424265576e-14
-6.929221915350365968e-14
-6.214767772264469145e-14
-5.267870789154899467e-14
-4.724495997587518758e-14
-4.254751109463625309e-14
-3.693560173973588126e-14
-3.418159528249608446e-14
-3.215222625051304567e-14
-2.947195329886465067e-14
-2.783067003591400251e-14
-2.556877853827944780e-14
-2.418419858377580923e-14
-2.289074852530771031e-14
-2.110818767152074472e-14
-2.001656152992336543e-14
-1.851087788954507292e-14
-1.758762965813265722e-14
-1.631186543952255354e-14
-1.552771004690384245e-14
-1.444077361280177588e-14
-1.344959141888467832e-14
-1.283608231215429600e-14
-1.197850498524970286e-14
-1.144409597532196555e-14
-1.069127849796279504e-14
-9.989052603457129672e-15
-9.544886167845666892e-15
-8.908896604318312838e-15
-8.302882943334735924e-15
-7.912254743563686110e-15
-7.341858535546697190e-15
-6.785116394452494202e-15
-6.236852228361694420e-15
-5.873705120528881378e-15
-5.348275394451603074e-15
-4.858910860802429851e-15
-4.403687456616623735e-15
-3.980781147483642339e-15
-3.715939763272965194e-15
-3.343096424678403184e-15
-2.998154688098199890e-15
-2.679613038530757229e-15
-2.386047140034469190e-15
-2.116105710907063003e-15
-1.868506634347024211e-15
-1.642033290126678223e-15
-1.435531093762957315e-15
-1.247904230562214907e-15
-1.078112572741745251e-15
-9.251687685995433487e-16
-7.881354934188550718e-16
-6.661228524583351714e-16
-5.253505955692003562e-16
-4.351737155383853905e-16
-3.573631885768250343e-16
-2.912079629799627700e-16
-2.360327867155206773e-16
-1.911963860484261107e-16
-1.464488736181659343e-16
-1.234205800646134874e-16
-1.072176535039322431e-16
-8.758243427059068786e-17
-7.387625914386732923e-17
-6.100561593427451276e-17
-4.508668129524905780e-17
-3.403743971412229852e-17
-2.371698769805838010e-17
-1.103954876253973080e-17
-2.307573095156077102e-18
8.351025130671272770e-18
1.563998562156365975e-17
2.446487532806906179e-17
3.044336238350064550e-17
3.760327940298178831e-17
4.239212862483657601e-17
4.804094585102159405e-17
5.289012130837928563e-17
5.602848301419719853e-17
5.958159794373420459e-17
6.244942757410209398e-17
6.417333317285829970e-17
6.593148530447519880e-17
6.710352046173730063e-17
6.772215389058975584e-17
6.781846278656813662e-17
6.756573574294664679e-17
6.681822129607827156e-17
6.563679176711522574e-17
6.407671258354251281e-17
6.219158340515490745e-17
6.003116492379119099e-17
5.764162222373089206e-17
5.506575273462309771e-17
5.234319979103374189e-17
4.951065274227145643e-17
4.660203449092672667e-17
4.364867727808535585e-17
4.067948747714365722e-17
3.698610798664572494e-17
3.407545267562437711e-17
3.122795991535952204e-17
2.846383778037287889e-17
2.515394410191271844e-17
2.264258757836944433e-17
2.026899585085308021e-17
1.751640575635355213e-17
1.550072762090601843e-17
1.366258012777566553e-17
1.162930897833844851e-17
1.022470008624811103e-17
8.758793829311813024e-18
7.825911804295213921e-18
6.968821919117206511e-18
6.437447659698947655e-18
5.813226984974926023e-18
5.231472811372541096e-18
4.795284607226467117e-18
4.284944151803267617e-18
3.811652298032486462e-18
3.458505748710778272e-18
3.047512569560348909e-18
2.668835568275333575e-18
2.320932758301635426e-18
2.002333963290164500e-18
1.711637261292354079e-18
1.447505620108039285e-18
1.254468135643302000e-18
1.034979316287024294e-18
8.386306161095194793e-19
6.319864855751587627e-19
4.826820992969497657e-19
3.531162536097907504e-19
2.423258104533163831e-19
1.493912807033817645e-19
7.343475227323143560e-20
3.520229835348238152e-21
-3.798249460830929391e-20
-6.505940312709034224e-20
-7.843411887449271418e-20
-7.950497823287539216e-20
-7.794277118440738958e-20
-7.540958688296301364e-20
-7.282867335368732606e-20
-6.926100345022367590e-20
-6.596370972484212026e-20
-6.169813817744498529e-20
-5.794444732987914202e-20
-5.326994643611048945e-20
-4.847902954894595957e-20
-4.444641906058364366e-20
-3.961281764100429939e-20
-3.483904498516539940e-20
-3.017727980067282143e-20
-2.567504640026853523e-20
-2.137553763589968117e-20
-1.731791625509080904e-20
-1.353759615549173105e-20
-1.006650490782051616e-20
-6.933328819747199319e-21
-4.163741722930379623e-21
-1.780618581860878360e-21
1.957650541922822759e-22
1.747546806432149944e-21
2.859103545606748784e-21
3.581560408864342633e-21
3.701611113718928017e-21
3.640268473452747656e-21
3.538790859202541761e-21
3.429774681821430801e-21
3.280989030675101100e-21
3.138047206851408842e-21
2.956834853971284580e-21
2.791791518670268093e-21
2.590931171745624044e-21
2.384127955031676206e-21
2.174288043175649714e-21
1.994033739449036557e-21
1.785449961522186030e-21
1.580853082868562607e-21
1.382301956423296481e-21
1.191671074146997226e-21
1.010663257152397033e-21
8.408215069352540630e-22
6.835400744182238058e-22
5.400747995068291255e-22
4.115527701446777181e-22
2.989813464200980024e-22
1.910043170847836226e-22
1.154977968638547565e-22
5.841926003794870882e-23
1.651125903921630036e-23
8.207933347965823181e-25
0.000000000000000000e+00
0.000000000000000000e+00
0.000000000000000000e+00
0.000000000000000000e+00
0.000000000000000000e+00
0.000000000000000000e+00
0.000000000000000000e+00
0.000000000000000000e+00
0.000000000000000000e+00
0.000000000000000000e+00
0.000000000000000000e+00
0.000000000000000000e+00
0.000000000000000000e+00
0.000000000000000000e+00
0.000000000000000000e+00
0.000000000000000000e+00
0.000000000000000000e+00
0.000000000000000000e+00
0.000000000000000000e+00
0.000000000000000000e+00
0.000000000000000000e+00
0.000000000000000000e+00
0.000000000000000000e+00
0.000000000000000000e+00
0.000000000000000000e+00
0.000000000000000000e+00
0.000000000000000000e+00
0.000000000000000000e+00
0.000000000000000000e+00
0.000000000000000000e+00
0.000000000000000000e+00
0.000000000000000000e+00
0.000000000000000000e+00
0.000000000000000000e+00
0.000000000000000000e+00
0.000000000000000000e+00
0.000000000000000000e+00
0.000000000000000000e+00
0.000000000000000000e+00
0.000000000000000000e+00
0.000000000000000000e+00
0.000000000000000000e+00
0.000000000000000000e+00
0.000000000000000000e+00
0.000000000000000000e+00
0.000000000000000000e+00
0.000000000000000000e+00
0.000000000000000000e+00
0.000000000000000000e+00
0.000000000000000000e+00
0.000000000000000000e+00
0.000000000000000000e+00
0.000000000000000000e+00
0.000000000000000000e+00
0.000000000000000000e+00
0.000000000000000000e+00
0.000000000000000000e+00
0.000000000000000000e+00
0.000000000000000000e+00
0.000000000000000000e+00
0.000000000000000000e+00
0.000000000000000000e+00
0.000000000000000000e+00
0.000000000000000000e+00
0.000000000000000000e+00
0.000000000000000000e+00
0.000000000000000000e+00
0.000000000000000000e+00
0.000000000000000000e+00
0.000000000000000000e+00
0.000000000000000000e+00
0.000000000000000000e+00
0.000000000000000000e+00
0.000000000000000000e+00
0.000000000000000000e+00
0.000000000000000000e+00
0.000000000000000000e+00
0.000000000000000000e+00
0.000000000000000000e+00
0.000000000000000000e+00
0.000000000000000000e+00
0.000000000000000000e+00
0.000000000000000000e+00
0.000000000000000000e+00
0.000000000000000000e+00
0.000000000000000000e+00
0.000000000000000000e+00
0.000000000000000000e+00
0.000000000000000000e+00
0.000000000000000000e+00
0.000000000000000000e+00
0.000000000000000000e+00
0.000000000000000000e+00
0.000000000000000000e+00
0.000000000000000000e+00
0.000000000000000000e+00
0.000000000000000000e+00
0.000000000000000000e+00
0.000000000000000000e+00
0.000000000000000000e+00
0.000000000000000000e+00
0.000000000000000000e+00
0.000000000000000000e+00
0.000000000000000000e+00
0.000000000000000000e+00
0.000000000000000000e+00
0.000000000000000000e+00
0.000000000000000000e+00
0.000000000000000000e+00
0.000000000000000000e+00
0.000000000000000000e+00
0.000000000000000000e+00
0.000000000000000000e+00
0.000000000000000000e+00
0.000000000000000000e+00
0.000000000000000000e+00
0.000000000000000000e+00
0.000000000000000000e+00
0.000000000000000000e+00
0.000000000000000000e+00
0.000000000000000000e+00
0.000000000000000000e+00
0.000000000000000000e+00
0.000000000000000000e+00
0.000000000000000000e+00
0.000000000000000000e+00
0.000000000000000000e+00
0.000000000000000000e+00
0.000000000000000000e+00
0.000000000000000000e+00
0.000000000000000000e+00
0.000000000000000000e+00
0.000000000000000000e+00
0.000000000000000000e+00
0.000000000000000000e+00
0.000000000000000000e+00
0.000000000000000000e+00
0.000000000000000000e+00
0.000000000000000000e+00
0.000000000000000000e+00
0.000000000000000000e+00
0.000000000000000000e+00
0.000000000000000000e+00
0.000000000000000000e+00
0.000000000000000000e+00
0.000000000000000000e+00
0.000000000000000000e+00
0.000000000000000000e+00
0.000000000000000000e+00
0.000000000000000000e+00
0.000000000000000000e+00
0.000000000000000000e+00
0.000000000000000000e+00
0.000000000000000000e+00
0.000000000000000000e+00
0.000000000000000000e+00
0.000000000000000000e+00
0.000000000000000000e+00
0.000000000000000000e+00
0.000000000000000000e+00
0.000000000000000000e+00
0.000000000000000000e+00
0.000000000000000000e+00
0.000000000000000000e+00
0.000000000000000000e+00
0.000000000000000000e+00
0.000000000000000000e+00
0.000000000000000000e+00
0.000000000000000000e+00
0.000000000000000000e+00
0.000000000000000000e+00
0.000000000000000000e+00
0.000000000000000000e+00
0.000000000000000000e+00
0.000000000000000000e+00
0.000000000000000000e+00
0.000000000000000000e+00
0.000000000000000000e+00
0.000000000000000000e+00
0.000000000000000000e+00
0.000000000000000000e+00
0.000000000000000000e+00
0.000000000000000000e+00
0.000000000000000000e+00
0.000000000000000000e+00
0.000000000000000000e+00
0.000000000000000000e+00
0.000000000000000000e+00
0.000000000000000000e+00
0.000000000000000000e+00
0.000000000000000000e+00
0.000000000000000000e+00
0.000000000000000000e+00
0.000000000000000000e+00
0.000000000000000000e+00
0.000000000000000000e+00
0.000000000000000000e+00
0.000000000000000000e+00
0.000000000000000000e+00
0.000000000000000000e+00
0.000000000000000000e+00
0.000000000000000000e+00
0.000000000000000000e+00
0.000000000000000000e+00
0.000000000000000000e+00
0.000000000000000000e+00
0.000000000000000000e+00
0.000000000000000000e+00
0.000000000000000000e+00
0.000000000000000000e+00
0.000000000000000000e+00
0.000000000000000000e+00
0.000000000000000000e+00
0.000000000000000000e+00
0.000000000000000000e+00
0.000000000000000000e+00
0.000000000000000000e+00
0.000000000000000000e+00
0.000000000000000000e+00
0.000000000000000000e+00
0.000000000000000000e+00
0.000000000000000000e+00
0.000000000000000000e+00
0.000000000000000000e+00
0.000000000000000000e+00
0.000000000000000000e+00
0.000000000000000000e+00
0.000000000000000000e+00
0.000000000000000000e+00
0.000000000000000000e+00
0.000000000000000000e+00
0.000000000000000000e+00
0.000000000000000000e+00
0.000000000000000000e+00
0.000000000000000000e+00
0.000000000000000000e+00
0.000000000000000000e+00
0.000000000000000000e+00
0.000000000000000000e+00
0.000000000000000000e+00
0.000000000000000000e+00
0.000000000000000000e+00
0.000000000000000000e+00
0.000000000000000000e+00
0.000000000000000000e+00
0.000000000000000000e+00
0.000000000000000000e+00
0.000000000000000000e+00
0.000000000000000000e+00
0.000000000000000000e+00
0.000000000000000000e+00
0.000000000000000000e+00
0.000000000000000000e+00
0.000000000000000000e+00
0.000000000000000000e+00
0.000000000000000000e+00
0.000000000000000000e+00
0.000000000000000000e+00
0.000000000000000000e+00
0.000000000000000000e+00
0.000000000000000000e+00
0.000000000000000000e+00
0.000000000000000000e+00
0.000000000000000000e+00
0.000000000000000000e+00
0.000000000000000000e+00
0.000000000000000000e+00
0.000000000000000000e+00
0.000000000000000000e+00
0.000000000000000000e+00
0.000000000000000000e+00
0.000000000000000000e+00
0.000000000000000000e+00
0.000000000000000000e+00
0.000000000000000000e+00
0.000000000000000000e+00
0.000000000000000000e+00
0.000000000000000000e+00
0.000000000000000000e+00
0.000000000000000000e+00
0.000000000000000000e+00
0.000000000000000000e+00
0.000000000000000000e+00
0.000000000000000000e+00
0.000000000000000000e+00
0.000000000000000000e+00
0.000000000000000000e+00
0.000000000000000000e+00
0.000000000000000000e+00
0.000000000000000000e+00
0.000000000000000000e+00
0.000000000000000000e+00
0.000000000000000000e+00
0.000000000000000000e+00
0.000000000000000000e+00
0.000000000000000000e+00
0.000000000000000000e+00
0.000000000000000000e+00
0.000000000000000000e+00
0.000000000000000000e+00
0.000000000000000000e+00
0.000000000000000000e+00
0.000000000000000000e+00
0.000000000000000000e+00
0.000000000000000000e+00
0.000000000000000000e+00
0.000000000000000000e+00
0.000000000000000000e+00
0.000000000000000000e+00
0.000000000000000000e+00
0.000000000000000000e+00
0.000000000000000000e+00
0.000000000000000000e+00
0.000000000000000000e+00
0.000000000000000000e+00
0.000000000000000000e+00
0.000000000000000000e+00
0.000000000000000000e+00
0.000000000000000000e+00
0.000000000000000000e+00
0.000000000000000000e+00
0.000000000000000000e+00
0.000000000000000000e+00
0.000000000000000000e+00
0.000000000000000000e+00
0.000000000000000000e+00
0.000000000000000000e+00
0.000000000000000000e+00
0.000000000000000000e+00
0.000000000000000000e+00
0.000000000000000000e+00
0.000000000000000000e+00
0.000000000000000000e+00
0.000000000000000000e+00
0.000000000000000000e+00
0.000000000000000000e+00
0.000000000000000000e+00
0.000000000000000000e+00
0.000000000000000000e+00
0.000000000000000000e+00
0.000000000000000000e+00
0.000000000000000000e+00
0.000000000000000000e+00
0.000000000000000000e+00
0.000000000000000000e+00
0.000000000000000000e+00
0.000000000000000000e+00
0.000000000000000000e+00
0.000000000000000000e+00
0.000000000000000000e+00
0.000000000000000000e+00
0.000000000000000000e+00
0.000000000000000000e+00
0.000000000000000000e+00
0.000000000000000000e+00
0.000000000000000000e+00
0.000000000000000000e+00
0.000000000000000000e+00
0.000000000000000000e+00
0.000000000000000000e+00
0.000000000000000000e+00
0.000000000000000000e+00
0.000000000000000000e+00
0.000000000000000000e+00
0.000000000000000000e+00
0.000000000000000000e+00
0.000000000000000000e+00
0.000000000000000000e+00
0.000000000000000000e+00
0.000000000000000000e+00
0.000000000000000000e+00
0.000000000000000000e+00
0.000000000000000000e+00
0.000000000000000000e+00
0.000000000000000000e+00
0.000000000000000000e+00
0.000000000000000000e+00
0.000000000000000000e+00
0.000000000000000000e+00
0.000000000000000000e+00
0.000000000000000000e+00
0.000000000000000000e+00
0.000000000000000000e+00
0.000000000000000000e+00
0.000000000000000000e+00
0.000000000000000000e+00
0.000000000000000000e+00
0.000000000000000000e+00
0.000000000000000000e+00
0.000000000000000000e+00
0.000000000000000000e+00
0.000000000000000000e+00
0.000000000000000000e+00
0.000000000000000000e+00
0.000000000000000000e+00
0.000000000000000000e+00
0.000000000000000000e+00
0.000000000000000000e+00
0.000000000000000000e+00
0.000000000000000000e+00
0.000000000000000000e+00
0.000000000000000000e+00
0.000000000000000000e+00
0.000000000000000000e+00
0.000000000000000000e+00
0.000000000000000000e+00
0.000000000000000000e+00
0.000000000000000000e+00
0.000000000000000000e+00
0.000000000000000000e+00
0.000000000000000000e+00
0.000000000000000000e+00
0.000000000000000000e+00
0.000000000000000000e+00
0.000000000000000000e+00
0.000000000000000000e+00
0.000000000000000000e+00
0.000000000000000000e+00
0.000000000000000000e+00
0.000000000000000000e+00
0.000000000000000000e+00
0.000000000000000000e+00
0.000000000000000000e+00
0.000000000000000000e+00
0.000000000000000000e+00
0.000000000000000000e+00
0.000000000000000000e+00
0.000000000000000000e+00
0.000000000000000000e+00
0.000000000000000000e+00
0.000000000000000000e+00
0.000000000000000000e+00
0.000000000000000000e+00
0.000000000000000000e+00
0.000000000000000000e+00
0.000000000000000000e+00
0.000000000000000000e+00
0.000000000000000000e+00
0.000000000000000000e+00
0.000000000000000000e+00
0.000000000000000000e+00
0.000000000000000000e+00
0.000000000000000000e+00
0.000000000000000000e+00
0.000000000000000000e+00
0.000000000000000000e+00
0.000000000000000000e+00
0.000000000000000000e+00
0.000000000000000000e+00
0.000000000000000000e+00
0.000000000000000000e+00
0.000000000000000000e+00
0.000000000000000000e+00
0.000000000000000000e+00
0.000000000000000000e+00
0.000000000000000000e+00
0.000000000000000000e+00
0.000000000000000000e+00
0.000000000000000000e+00
0.000000000000000000e+00
0.000000000000000000e+00
0.000000000000000000e+00
0.000000000000000000e+00
0.000000000000000000e+00
0.000000000000000000e+00
0.000000000000000000e+00
0.000000000000000000e+00
0.000000000000000000e+00
0.000000000000000000e+00
0.000000000000000000e+00
0.000000000000000000e+00
0.000000000000000000e+00
0.000000000000000000e+00
0.000000000000000000e+00
0.000000000000000000e+00
0.000000000000000000e+00
0.000000000000000000e+00
0.000000000000000000e+00
0.000000000000000000e+00
0.000000000000000000e+00
0.000000000000000000e+00
0.000000000000000000e+00
0.000000000000000000e+00
0.000000000000000000e+00
0.000000000000000000e+00
0.000000000000000000e+00
0.000000000000000000e+00
0.000000000000000000e+00
0.000000000000000000e+00
0.000000000000000000e+00
0.000000000000000000e+00
0.000000000000000000e+00
0.000000000000000000e+00
0.000000000000000000e+00
0.000000000000000000e+00
0.000000000000000000e+00
0.000000000000000000e+00
0.000000000000000000e+00
0.000000000000000000e+00
0.000000000000000000e+00
0.000000000000000000e+00
0.000000000000000000e+00
0.000000000000000000e+00
0.000000000000000000e+00
0.000000000000000000e+00
0.000000000000000000e+00
0.000000000000000000e+00
0.000000000000000000e+00
0.000000000000000000e+00
0.000000000000000000e+00
0.000000000000000000e+00
0.000000000000000000e+00
0.000000000000000000e+00
0.000000000000000000e+00
0.000000000000000000e+00
0.000000000000000000e+00
nan
