# bin_19_14
-1.653496649403992189e-08
-1.376415503285932447e-08
-8.509214565368448363e-09
-7.166774668602399334e-09
-4.123388229647362917e-09
-4.680294046387586278e-09
-1.188478757868466272e-09
-1.936095602409310987e-09
2.882307894658473439e-10
-1.531368297003050125e-10
5.880941573602833471e-10
9.910787170585489878e-10
-1.769148041769691598e-10
-1.384118084741533379e-09
-1.844014517095424140e-09
-8.256441122808729513e-10
6.308131109781898936e-10
1.539248238757280917e-09
1.853432121010337852e-09
1.961949268641669022e-09
1.974500707784504485e-09
1.955587518866008566e-09
1.892735045244393793e-09
1.796947566387128837e-09
1.720291491971381587e-09
1.691406407871509795e-09
2.066747158342044972e-09
2.814839941144135867e-09
3.528161068784121380e-09
3.955621095073891271e-09
3.952653218939219309e-09
3.522067133129720828e-09
2.873630754591508316e-09
2.178279124893383222e-09
1.551913267704337597e-09
1.070448353431182871e-09
7.808580494086556410e-10
6.264210284843638204e-10
5.175404295542442649e-10
4.387401376675140200e-10
3.783230347220734851e-10
3.275219697225198952e-10
2.798414491922707819e-10
2.305458791156344218e-10
1.778356731083072875e-10
1.253324885495980924e-10
7.661887066973530987e-11
3.429952223033137788e-11
2.105610937883974713e-13
-2.441405980858623872e-11
-3.881008149776805811e-11
-4.257743785448627458e-11
-3.581295135026912083e-11
-2.151324426157417180e-11
-3.215051109839396131e-12
1.627024257530149221e-11
3.472874618915272751e-11
5.043834347508509956e-11
6.208117415657825852e-11
6.867111471604897853e-11
6.949364197386709563e-11
6.575012306045629711e-11
5.952759217933091457e-11
5.151701476458096866e-11
4.229665333355768570e-11
3.234864899899053484e-11
2.207316245030057941e-11
1.180044657661897897e-11
1.801163339341215468e-12
-7.704792016117110448e-12
-1.654073757779369455e-11
-2.456673483225911757e-11
-3.294825068335815509e-11
-4.247516259216703663e-11
-5.254871796911221515e-11
-6.266586829796336305e-11
-7.240644688421241724e-11
-8.142202673760232391e-11
-8.942623258490864367e-11
-9.618631278306342236e-11
-1.015158039774396795e-10
-1.052681444579428423e-10
-1.073311119184725374e-10
-1.076219782361516415e-10
-1.060832883855824571e-10
-1.011098117952155113e-10
-9.192559350709027423e-11
-7.961946379402878941e-11
-6.514150392790628182e-11
-4.931856194140852991e-11
-3.286804590675078086e-11
-1.641019249329978474e-11
-4.789847246483730603e-13
1.446812795181490827e-11
2.804157235139743337e-11
3.991193796886329498e-11
4.980310203009874944e-11
5.748610029744537643e-11
6.277366146829680758e-11
6.551533242659309804e-11
6.559312989249735912e-11
6.303283282739456240e-11
5.827852775622438829e-11
5.181854644680990803e-11
4.408811965976160198e-11
3.547444357489810663e-11
2.632126587978578978e-11
1.693303867632175743e-11
7.578680493709180431e-12
-1.505014640262301313e-12
-1.011028698447895466e-11
-1.805560909185033098e-11
-2.518314448644465833e-11
-3.135644221319092330e-11
-3.645834492765129758e-11
-4.038909040008415325e-11
-4.306458828517740830e-11
-4.441485578169771456e-11
-4.438259739709476038e-11
-4.363098111180830352e-11
-4.285720883373420800e-11
-4.206363649816056709e-11
-4.125245729770728128e-11
-4.042571266256873933e-11
-3.958530246253316596e-11
-3.873299448984712529e-11
-3.787043327717263481e-11
-3.699914830048533303e-11
-3.612056161274744923e-11
-3.523599495052046707e-11
-3.434667635232963013e-11
-3.345374632452550368e-11
-3.255826358758067263e-11
-3.166121043318909492e-11
-3.076349772018089849e-11
-2.986596953510447157e-11
-2.896940754134815290e-11
-2.807453503885452199e-11
-2.718202075480967576e-11
-2.629248238415711518e-11
-2.540648989737275711e-11
-2.430382566422683058e-11
-2.280268153506038468e-11
-2.095789228862593961e-11
-1.882011463962937749e-11
-1.643611305936963360e-11
-1.384902597622168771e-11
-1.109861375882878165e-11
-8.221489778944163375e-12
-5.251335753421076931e-12
-2.219102475181219117e-12
8.468030395899504998e-13
3.920343036826060221e-12
6.977686261443140039e-12
9.997056129222855982e-12
1.295858907685160370e-11
1.584420238827436873e-11
1.863747084628947965e-11
2.132351160522142413e-11
2.388887672382334004e-11
2.632145283761692803e-11
2.861036748691053966e-11
3.074590165097170602e-11
3.271940807054671759e-11
3.452323497024266917e-11
3.615065481945858622e-11
3.772555187146308597e-11
3.936301949819699359e-11
4.104485611893915621e-11
4.275420308650710163e-11
4.447546199296188402e-11
4.619421697376049541e-11
4.789716169852404203e-11
5.120753516826673019e-11
5.279330175735585933e-11
5.431981616316981887e-11
5.577836925292709565e-11
5.716100673589946644e-11
5.846048178094625441e-11
5.967021045525626378e-11
6.078422981325863375e-11
6.270415954730241479e-11
6.350090573679166545e-11
6.418354653999372408e-11
6.474867736981662054e-11
6.519331051270146625e-11
6.551484780427878763e-11
6.571105492197616938e-11
6.572021686852858181e-11
6.553031165756938381e-11
6.520931464483560489e-11
6.475647531461616072e-11
6.331415892787115832e-11
6.207566510430564531e-11
6.049873965435279135e-11
5.862386930210129189e-11
5.648921215132809927e-11
5.158222748800119691e-11
4.887560367979061608e-11
4.604080755937310602e-11
4.009766290920790384e-11
3.704062037705731689e-11
3.395818616462662090e-11
3.087220911497340824e-11
2.477017143741127002e-11
2.179116610786373881e-11
1.888285926761888702e-11
1.333967220914781857e-11
1.073285028259808166e-11
8.252950214334972971e-12
3.719684381955417510e-12
1.687094046582137721e-12
-1.863935036808148029e-12
-3.366125967474399660e-12
-4.676391312978520732e-12
-6.695759899115034762e-12
-7.393615506862285092e-12
-8.141565223700773991e-12
-8.183503844395763520e-12
-7.872254645299120021e-12
-7.600671486407869777e-12
-7.261644452797602671e-12
-6.408709074830090250e-12
-5.907689456231617983e-12
-4.786408384668472186e-12
-4.177204236644461022e-12
-2.887244176630253546e-12
-2.215940814196694870e-12
-8.425071851460590555e-13
-1.484236172411124064e-13
1.235946969663708699e-12
2.592848544584145783e-12
3.253284327238384786e-12
4.524193881103236783e-12
5.129572424051905321e-12
6.268550444778964251e-12
7.297930422706392979e-12
7.766792739389668091e-12
8.604450044029691232e-12
8.970213291554815011e-12
9.588803636585098434e-12
1.004885771585264981e-11
1.021678470228406852e-11
1.042386445100219002e-11
1.045403358869036065e-11
1.040108674647194524e-11
1.012073576547522723e-11
9.609821827890834061e-12
8.905616467764703040e-12
8.491841087846081094e-12
7.561005192573216593e-12
6.517254229530925768e-12
5.388159734260359030e-12
4.799581068078551126e-12
3.589102131073631142e-12
2.352349050942014956e-12
1.109424238923108864e-12
-1.213682903382191873e-13
-7.269544720163488330e-13
-1.908844503943675200e-12
-3.039878427515147330e-12
-4.107080124686057064e-12
-5.098754074645383661e-12
-6.004391517739733675e-12
-6.814583168322673003e-12
-7.520938010747186636e-12
-8.116007747319073083e-12
-8.593216498904197341e-12
-8.946795388291950280e-12
-9.171721663534952156e-12
-9.263662043515386757e-12
-9.218919991097300698e-12
-9.025260810611536080e-12
-8.686626766303688531e-12
-8.222943511404157855e-12
-7.652753557023350374e-12
-6.993301125128751735e-12
-6.260611805571448103e-12
-5.469567347861686188e-12
-4.633975896187384472e-12
-3.766637955542547748e-12
-2.879408357671668015e-12
-1.983254477720745885e-12
-1.088310935931035652e-12
2.315764124713177322e-13
1.084164568855262882e-12
1.905914372302761937e-12
2.689845394767251067e-12
3.429562836926808468e-12
4.443592532057856270e-12
5.048317601827910289e-12
5.590550065524590634e-12
6.066107875082518813e-12
6.646282663751734446e-12
6.939480781999604641e-12
7.154424196895579573e-12
7.324649729294729958e-12
7.333523764777742173e-12
7.266212576307730408e-12
7.133212753623335050e-12
7.033446181849816714e-12
6.868257282586773049e-12
6.748386741133569989e-12
6.621189524410721571e-12
6.417490471078731145e-12
6.273619425562676840e-12
6.046568173272073731e-12
5.888181719920822500e-12
5.640850297576198350e-12
5.469891351089974643e-12
5.205045061281434819e-12
4.930901109848132221e-12
4.743390418593196450e-12
4.455592976735452089e-12
4.259700577547227615e-12
3.960352294150935507e-12
3.654994100990379049e-12
3.448400153626168170e-12
3.134425022170828199e-12
2.816056442026249091e-12
2.601637252643162991e-12
2.277126310232936143e-12
1.949584400584179318e-12
1.619464921516532075e-12
1.398164215210857650e-12
1.016273704628233638e-12
5.400292014968539143e-13
-2.450667562265864118e-14
-6.715952123385856281e-13
-1.146155408955146174e-12
-1.918903560663513101e-12
-2.760354352440380043e-12
-3.665814034523305359e-12
-4.630839033531321854e-12
-5.651222612216349468e-12
-6.722982281369609589e-12
-7.842347918346855082e-12
-9.005750549649142120e-12
-1.020981175775329867e-11
-1.145133367495658911e-11
-1.272728952938839117e-11
-1.403481471056406692e-11
-1.537119832393563546e-11
-1.719352046169544760e-11
-1.858750257243785408e-11
-2.000231764362125223e-11
-2.143583399257598114e-11
-2.288603576420482254e-11
-2.435101698702307186e-11
-2.632421581231530395e-11
-2.781684600162617799e-11
-2.936996817597514544e-11
-3.176339217764436684e-11
-3.376841622628432337e-11
-3.591720002638287684e-11
-3.895394572053681855e-11
-4.132419484018032792e-11
-4.374526218143121313e-11
-4.701147000565095848e-11
-4.946136118017662982e-11
-5.269007645365888315e-11
-5.505947541484145806e-11
-5.811729083622680336e-11
-6.031480870582098307e-11
-6.309061336733534589e-11
-6.504045340135980651e-11
-6.744252131069383622e-11
-6.959641770763908476e-11
-7.103588077729486930e-11
-7.270505090776060486e-11
-7.407273320823045698e-11
-7.489155647215846052e-11
-7.569684985714785834e-11
-7.616433748831068257e-11
-7.628432474657349897e-11
-7.604875296810791817e-11
-7.563474127641538278e-11
-7.475402185069215028e-11
-7.334031107765379730e-11
-7.138837938035336190e-11
-6.896739571686211666e-11
-6.614167951926077844e-11
-6.297100518416751947e-11
-5.951088739161342094e-11
-5.581284850954208934e-11
-5.192466925411966873e-11
-4.789062369537177288e-11
-4.375169962285449912e-11
-3.954580521674502786e-11
-3.424735472606114527e-11
-3.001472502151567417e-11
-2.581932073857486013e-11
-2.168798462485477537e-11
-1.665127536205720095e-11
-1.275113389519009644e-11
-8.987902883703624844e-12
-4.504365629154648336e-12
-1.114187848843924512e-12
2.084949916161542716e-12
5.794825781938844798e-12
8.516883843741500752e-12
1.159475717470545034e-11
1.378593572479844306e-11
1.617265964333888868e-11
1.791927902690577021e-11
2.008653474818656802e-11
2.222280360312354531e-11
2.390080507527452037e-11
2.594963732577002897e-11
2.793439866320124220e-11
2.946952360134025139e-11
3.131517386474109436e-11
3.307202237731675562e-11
3.473294724777596273e-11
3.629162225251514210e-11
3.774245795628125004e-11
3.908054689605898011e-11
4.006694658256681184e-11
4.119170806554473114e-11
4.219318887701756947e-11
4.322839326428642740e-11
4.394962314019894825e-11
4.454035781684575471e-11
4.499921540520750176e-11
4.532517365277492368e-11
4.551754110390937893e-11
4.557151648673808191e-11
4.546901125799761055e-11
4.523262445955881163e-11
4.486278157769368914e-11
4.410574836448083041e-11
4.264812436023346567e-11
3.991922476017672183e-11
3.694415520230436850e-11
3.266959139445547171e-11
2.861986305151783819e-11
2.329266965142070143e-11
1.854917201142052098e-11
1.259278209087504955e-11
6.449499642595899606e-12
1.258808628534660876e-12
-4.976744328001003719e-12
-1.114071811569682884e-11
-1.715654715145625228e-11
-2.295447249414954122e-11
-2.847106998359302459e-11
-3.364880989713238072e-11
-3.843564596847902161e-11
-4.278463176772679700e-11
-4.665356258410314289e-11
-5.000464108491828963e-11
-5.280416514619320818e-11
-5.502223636341055696e-11
-5.663248785538076699e-11
-5.761183007107208695e-11
-5.793040709677605677e-11
-5.748128836380916033e-11
-5.652871558244121677e-11
-5.495289796465609824e-11
-5.326001609893570779e-11
-5.094956514793161407e-11
-4.872986136435301352e-11
-4.591586519052974404e-11
-4.335295318883345876e-11
-4.023384878598589150e-11
-3.702245921282383566e-11
-3.376391364629232825e-11
-3.096479475102909598e-11
-2.772575533854464523e-11
-2.454862737482166046e-11
-2.146538221385359305e-11
-1.850512831939131859e-11
-1.569430832638644300e-11
-1.305688307545638171e-11
-1.061450350098472263e-11
-8.386671191207080321e-12
-6.390888380990267427e-12
-4.642798084671675286e-12
-2.966052859629662580e-12
-1.793533130022909189e-12
-9.071764237459275827e-13
-2.563987444724540437e-13
-1.274587116668866441e-14
0.000000000000000000e+00
0.000000000000000000e+00
0.000000000000000000e+00
0.000000000000000000e+00
0.000000000000000000e+00
0.000000000000000000e+00
0.000000000000000000e+00
0.000000000000000000e+00
0.000000000000000000e+00
0.000000000000000000e+00
0.000000000000000000e+00
0.000000000000000000e+00
0.000000000000000000e+00
0.000000000000000000e+00
0.000000000000000000e+00
0.000000000000000000e+00
0.000000000000000000e+00
0.000000000000000000e+00
0.000000000000000000e+00
0.000000000000000000e+00
0.000000000000000000e+00
0.000000000000000000e+00
0.000000000000000000e+00
0.000000000000000000e+00
0.000000000000000000e+00
0.000000000000000000e+00
0.000000000000000000e+00
0.000000000000000000e+00
0.000000000000000000e+00
0.000000000000000000e+00
0.000000000000000000e+00
0.000000000000000000e+00
0.000000000000000000e+00
0.000000000000000000e+00
0.000000000000000000e+00
0.000000000000000000e+00
0.000000000000000000e+00
0.000000000000000000e+00
0.000000000000000000e+00
0.000000000000000000e+00
0.000000000000000000e+00
0.000000000000000000e+00
0.000000000000000000e+00
0.000000000000000000e+00
0.000000000000000000e+00
0.000000000000000000e+00
0.000000000000000000e+00
0.000000000000000000e+00
0.000000000000000000e+00
0.000000000000000000e+00
0.000000000000000000e+00
0.000000000000000000e+00
0.000000000000000000e+00
0.000000000000000000e+00
0.000000000000000000e+00
0.000000000000000000e+00
0.000000000000000000e+00
0.000000000000000000e+00
0.000000000000000000e+00
0.000000000000000000e+00
0.000000000000000000e+00
0.000000000000000000e+00
0.000000000000000000e+00
0.000000000000000000e+00
0.000000000000000000e+00
0.000000000000000000e+00
0.000000000000000000e+00
0.000000000000000000e+00
0.000000000000000000e+00
0.000000000000000000e+00
0.000000000000000000e+00
0.000000000000000000e+00
0.000000000000000000e+00
0.000000000000000000e+00
0.000000000000000000e+00
0.000000000000000000e+00
0.000000000000000000e+00
0.000000000000000000e+00
0.000000000000000000e+00
0.000000000000000000e+00
0.000000000000000000e+00
0.000000000000000000e+00
0.000000000000000000e+00
0.000000000000000000e+00
0.000000000000000000e+00
0.000000000000000000e+00
0.000000000000000000e+00
0.000000000000000000e+00
0.000000000000000000e+00
0.000000000000000000e+00
0.000000000000000000e+00
0.000000000000000000e+00
0.000000000000000000e+00
0.000000000000000000e+00
0.000000000000000000e+00
0.000000000000000000e+00
0.000000000000000000e+00
0.000000000000000000e+00
0.000000000000000000e+00
0.000000000000000000e+00
0.000000000000000000e+00
0.000000000000000000e+00
0.000000000000000000e+00
0.000000000000000000e+00
0.000000000000000000e+00
0.000000000000000000e+00
0.000000000000000000e+00
0.000000000000000000e+00
0.000000000000000000e+00
0.000000000000000000e+00
0.000000000000000000e+00
0.000000000000000000e+00
0.000000000000000000e+00
0.000000000000000000e+00
0.000000000000000000e+00
0.000000000000000000e+00
0.000000000000000000e+00
0.000000000000000000e+00
0.000000000000000000e+00
0.000000000000000000e+00
0.000000000000000000e+00
0.000000000000000000e+00
0.000000000000000000e+00
0.000000000000000000e+00
0.000000000000000000e+00
0.000000000000000000e+00
0.000000000000000000e+00
0.000000000000000000e+00
0.000000000000000000e+00
0.000000000000000000e+00
0.000000000000000000e+00
0.000000000000000000e+00
0.000000000000000000e+00
0.000000000000000000e+00
0.000000000000000000e+00
0.000000000000000000e+00
0.000000000000000000e+00
0.000000000000000000e+00
0.000000000000000000e+00
0.000000000000000000e+00
0.000000000000000000e+00
0.000000000000000000e+00
0.000000000000000000e+00
0.000000000000000000e+00
0.000000000000000000e+00
0.000000000000000000e+00
0.000000000000000000e+00
0.000000000000000000e+00
0.000000000000000000e+00
0.000000000000000000e+00
0.000000000000000000e+00
0.000000000000000000e+00
0.000000000000000000e+00
0.000000000000000000e+00
0.000000000000000000e+00
0.000000000000000000e+00
0.000000000000000000e+00
0.000000000000000000e+00
0.000000000000000000e+00
0.000000000000000000e+00
0.000000000000000000e+00
0.000000000000000000e+00
0.000000000000000000e+00
0.000000000000000000e+00
0.000000000000000000e+00
0.000000000000000000e+00
0.000000000000000000e+00
0.000000000000000000e+00
0.000000000000000000e+00
0.000000000000000000e+00
0.000000000000000000e+00
0.000000000000000000e+00
0.000000000000000000e+00
0.000000000000000000e+00
0.000000000000000000e+00
0.000000000000000000e+00
0.000000000000000000e+00
0.000000000000000000e+00
0.000000000000000000e+00
0.000000000000000000e+00
0.000000000000000000e+00
0.000000000000000000e+00
0.000000000000000000e+00
0.000000000000000000e+00
0.000000000000000000e+00
0.000000000000000000e+00
0.000000000000000000e+00
0.000000000000000000e+00
0.000000000000000000e+00
0.000000000000000000e+00
0.000000000000000000e+00
0.000000000000000000e+00
0.000000000000000000e+00
0.000000000000000000e+00
0.000000000000000000e+00
0.000000000000000000e+00
0.000000000000000000e+00
0.000000000000000000e+00
0.000000000000000000e+00
0.000000000000000000e+00
0.000000000000000000e+00
0.000000000000000000e+00
0.000000000000000000e+00
0.000000000000000000e+00
0.000000000000000000e+00
0.000000000000000000e+00
0.000000000000000000e+00
0.000000000000000000e+00
0.000000000000000000e+00
0.000000000000000000e+00
0.000000000000000000e+00
0.000000000000000000e+00
0.000000000000000000e+00
0.000000000000000000e+00
0.000000000000000000e+00
0.000000000000000000e+00
0.000000000000000000e+00
0.000000000000000000e+00
0.000000000000000000e+00
0.000000000000000000e+00
0.000000000000000000e+00
0.000000000000000000e+00
0.000000000000000000e+00
0.000000000000000000e+00
0.000000000000000000e+00
0.000000000000000000e+00
0.000000000000000000e+00
0.000000000000000000e+00
0.000000000000000000e+00
0.000000000000000000e+00
0.000000000000000000e+00
0.000000000000000000e+00
0.000000000000000000e+00
0.000000000000000000e+00
0.000000000000000000e+00
0.000000000000000000e+00
0.000000000000000000e+00
0.000000000000000000e+00
0.000000000000000000e+00
0.000000000000000000e+00
0.000000000000000000e+00
0.000000000000000000e+00
0.000000000000000000e+00
0.000000000000000000e+00
0.000000000000000000e+00
0.000000000000000000e+00
0.000000000000000000e+00
0.000000000000000000e+00
0.000000000000000000e+00
0.000000000000000000e+00
0.000000000000000000e+00
0.000000000000000000e+00
0.000000000000000000e+00
0.000000000000000000e+00
0.000000000000000000e+00
0.000000000000000000e+00
0.000000000000000000e+00
0.000000000000000000e+00
0.000000000000000000e+00
0.000000000000000000e+00
0.000000000000000000e+00
0.000000000000000000e+00
0.000000000000000000e+00
0.000000000000000000e+00
0.000000000000000000e+00
0.000000000000000000e+00
0.000000000000000000e+00
0.000000000000000000e+00
0.000000000000000000e+00
0.000000000000000000e+00
0.000000000000000000e+00
0.000000000000000000e+00
0.000000000000000000e+00
0.000000000000000000e+00
0.000000000000000000e+00
0.000000000000000000e+00
0.000000000000000000e+00
0.000000000000000000e+00
0.000000000000000000e+00
0.000000000000000000e+00
0.000000000000000000e+00
0.000000000000000000e+00
0.000000000000000000e+00
0.000000000000000000e+00
0.000000000000000000e+00
0.000000000000000000e+00
0.000000000000000000e+00
0.000000000000000000e+00
0.000000000000000000e+00
0.000000000000000000e+00
0.000000000000000000e+00
0.000000000000000000e+00
0.000000000000000000e+00
0.000000000000000000e+00
0.000000000000000000e+00
0.000000000000000000e+00
0.000000000000000000e+00
0.000000000000000000e+00
0.000000000000000000e+00
0.000000000000000000e+00
0.000000000000000000e+00
0.000000000000000000e+00
0.000000000000000000e+00
0.000000000000000000e+00
0.000000000000000000e+00
0.000000000000000000e+00
0.000000000000000000e+00
0.000000000000000000e+00
0.000000000000000000e+00
0.000000000000000000e+00
0.000000000000000000e+00
0.000000000000000000e+00
0.000000000000000000e+00
0.000000000000000000e+00
0.000000000000000000e+00
0.000000000000000000e+00
0.000000000000000000e+00
0.000000000000000000e+00
0.000000000000000000e+00
0.000000000000000000e+00
0.000000000000000000e+00
0.000000000000000000e+00
0.000000000000000000e+00
0.000000000000000000e+00
0.000000000000000000e+00
0.000000000000000000e+00
0.000000000000000000e+00
0.000000000000000000e+00
0.000000000000000000e+00
0.000000000000000000e+00
0.000000000000000000e+00
0.000000000000000000e+00
0.000000000000000000e+00
0.000000000000000000e+00
0.000000000000000000e+00
0.000000000000000000e+00
0.000000000000000000e+00
0.000000000000000000e+00
0.000000000000000000e+00
0.000000000000000000e+00
0.000000000000000000e+00
0.000000000000000000e+00
0.000000000000000000e+00
0.000000000000000000e+00
0.000000000000000000e+00
0.000000000000000000e+00
0.000000000000000000e+00
0.000000000000000000e+00
0.000000000000000000e+00
0.000000000000000000e+00
0.000000000000000000e+00
0.000000000000000000e+00
0.000000000000000000e+00
0.000000000000000000e+00
0.000000000000000000e+00
0.000000000000000000e+00
0.000000000000000000e+00
0.000000000000000000e+00
0.000000000000000000e+00
0.000000000000000000e+00
0.000000000000000000e+00
0.000000000000000000e+00
0.000000000000000000e+00
0.000000000000000000e+00
0.000000000000000000e+00
0.000000000000000000e+00
0.000000000000000000e+00
0.000000000000000000e+00
0.000000000000000000e+00
0.000000000000000000e+00
0.000000000000000000e+00
0.000000000000000000e+00
0.000000000000000000e+00
0.000000000000000000e+00
0.000000000000000000e+00
0.000000000000000000e+00
0.000000000000000000e+00
0.000000000000000000e+00
0.000000000000000000e+00
0.000000000000000000e+00
0.000000000000000000e+00
0.000000000000000000e+00
0.000000000000000000e+00
0.000000000000000000e+00
0.000000000000000000e+00
0.000000000000000000e+00
0.000000000000000000e+00
0.000000000000000000e+00
0.000000000000000000e+00
0.000000000000000000e+00
0.000000000000000000e+00
0.000000000000000000e+00
0.000000000000000000e+00
0.000000000000000000e+00
0.000000000000000000e+00
0.000000000000000000e+00
0.000000000000000000e+00
0.000000000000000000e+00
0.000000000000000000e+00
0.000000000000000000e+00
0.000000000000000000e+00
0.000000000000000000e+00
0.000000000000000000e+00
0.000000000000000000e+00
0.000000000000000000e+00
0.000000000000000000e+00
0.000000000000000000e+00
0.000000000000000000e+00
0.000000000000000000e+00
0.000000000000000000e+00
0.000000000000000000e+00
0.000000000000000000e+00
0.000000000000000000e+00
0.000000000000000000e+00
0.000000000000000000e+00
0.000000000000000000e+00
0.000000000000000000e+00
0.000000000000000000e+00
0.000000000000000000e+00
0.000000000000000000e+00
0.000000000000000000e+00
0.000000000000000000e+00
0.000000000000000000e+00
0.000000000000000000e+00
0.000000000000000000e+00
0.000000000000000000e+00
0.000000000000000000e+00
0.000000000000000000e+00
0.000000000000000000e+00
0.000000000000000000e+00
0.000000000000000000e+00
0.000000000000000000e+00
0.000000000000000000e+00
0.000000000000000000e+00
0.000000000000000000e+00
0.000000000000000000e+00
0.000000000000000000e+00
0.000000000000000000e+00
0.000000000000000000e+00
0.000000000000000000e+00
0.000000000000000000e+00
0.000000000000000000e+00
0.000000000000000000e+00
0.000000000000000000e+00
0.000000000000000000e+00
0.000000000000000000e+00
0.000000000000000000e+00
0.000000000000000000e+00
0.000000000000000000e+00
0.000000000000000000e+00
0.000000000000000000e+00
0.000000000000000000e+00
0.000000000000000000e+00
0.000000000000000000e+00
0.000000000000000000e+00
0.000000000000000000e+00
0.000000000000000000e+00
0.000000000000000000e+00
0.000000000000000000e+00
0.000000000000000000e+00
0.000000000000000000e+00
0.000000000000000000e+00
0.000000000000000000e+00
0.000000000000000000e+00
0.000000000000000000e+00
0.000000000000000000e+00
0.000000000000000000e+00
0.000000000000000000e+00
0.000000000000000000e+00
0.000000000000000000e+00
0.000000000000000000e+00
0.000000000000000000e+00
0.000000000000000000e+00
0.000000000000000000e+00
0.000000000000000000e+00
0.000000000000000000e+00
0.000000000000000000e+00
0.000000000000000000e+00
0.000000000000000000e+00
0.000000000000000000e+00
0.000000000000000000e+00
0.000000000000000000e+00
0.000000000000000000e+00
0.000000000000000000e+00
0.000000000000000000e+00
0.000000000000000000e+00
0.000000000000000000e+00
0.000000000000000000e+00
0.000000000000000000e+00
0.000000000000000000e+00
0.000000000000000000e+00
0.000000000000000000e+00
0.000000000000000000e+00
0.000000000000000000e+00
0.000000000000000000e+00
0.000000000000000000e+00
0.000000000000000000e+00
0.000000000000000000e+00
0.000000000000000000e+00
0.000000000000000000e+00
0.000000000000000000e+00
0.000000000000000000e+00
0.000000000000000000e+00
0.000000000000000000e+00
0.000000000000000000e+00
0.000000000000000000e+00
0.000000000000000000e+00
0.000000000000000000e+00
0.000000000000000000e+00
0.000000000000000000e+00
0.000000000000000000e+00
0.000000000000000000e+00
0.000000000000000000e+00
0.000000000000000000e+00
0.000000000000000000e+00
0.000000000000000000e+00
nan
