# bin_6_4
-2.603666034404600430e-05
-1.810850451516140541e-05
-1.250533754918485487e-05
-8.541632130212234236e-06
-5.853882381686525617e-06
-3.941707665364965377e-06
-2.678197469245092018e-06
-1.757693203362290745e-06
-1.158471162946252908e-06
-7.246616350569946040e-07
-4.671684197250274359e-07
-2.483201287758391702e-07
-1.426429593031312268e-07
-5.795705930396468476e-08
1.265585859100173423e-09
4.074195304043857386e-08
6.431510030400063693e-08
6.753496263163175081e-08
6.092372922423100187e-08
5.519195435255013496e-08
5.019274136208240979e-08
4.580840278902842690e-08
4.132359409042210014e-08
3.634185429679065204e-08
3.114843926713024935e-08
2.593536814555673418e-08
1.980902495080636816e-08
1.318855587450421124e-08
7.563740851344956016e-09
3.814359191565984379e-09
2.409187232820002117e-09
3.366435246820354064e-09
5.630623111799742912e-09
8.163213671003461891e-09
1.026273680551036568e-08
1.147221772046056226e-08
1.151130356071249479e-08
1.059352769228599362e-08
9.259360153312291125e-09
7.757590660327454264e-09
6.269514249331862132e-09
4.924727578475555540e-09
3.813301038217484649e-09
2.995176806224599668e-09
2.399489080162259738e-09
1.910001580767321510e-09
1.504261025365405847e-09
1.164035375551184582e-09
8.745373307500443227e-10
6.237943100228225774e-10
4.021360424555370453e-10
2.017768765376859901e-10
1.250735930331373373e-11
-1.659918702535501612e-10
-3.270015456464014418e-10
-4.655348238431612696e-10
-5.780074868543289507e-10
-6.619674893537375665e-10
-7.158730620769301774e-10
-7.389106111757578451e-10
-7.308452850982204604e-10
-6.658202667214752727e-10
-5.366365380417936359e-10
-3.677364336144728408e-10
-1.792702366571856382e-10
1.225045029058493448e-11
1.933974355998483208e-10
3.533536109239506917e-10
4.835108560861411891e-10
5.771274999444726898e-10
6.290363521329315377e-10
6.353957307693605859e-10
6.035017991071108369e-10
5.482512672233702836e-10
4.771248705399773868e-10
3.964794777310873888e-10
3.116950947780251384e-10
2.273028509445808158e-10
1.470965046226568063e-10
7.422965212978124336e-11
1.130051994593465969e-11
-3.957403756409754050e-11
-7.669393397565225373e-11
-9.871942861824769069e-11
-1.046218373369413503e-10
-9.154473369112911190e-11
-6.055057487019721825e-11
-1.621605860632916223e-11
3.746447316507203654e-11
9.701394181444224102e-11
1.594146642652878079e-10
2.220568805864814866e-10
2.826929475178487808e-10
3.393965557762884230e-10
3.905264052371301993e-10
4.346938387888210220e-10
4.707339940793621422e-10
4.976800835959628065e-10
5.147404584802518779e-10
5.212781509873236195e-10
5.167926252457012214e-10
5.018822516953958164e-10
4.786168553942015008e-10
4.486531090831168152e-10
4.134722516983121370e-10
3.743966252344141235e-10
3.326046547701517102e-10
2.891444237872300864e-10
2.449459812618461859e-10
2.008325030604482105e-10
1.575304177302686484e-10
1.156785956693940025e-10
7.583669073820643776e-11
3.849271450136450636e-11
4.069915349311327541e-12
-2.706697236308421234e-11
-5.460605039682698099e-11
-7.828309688120444119e-11
-9.787687682312176187e-11
-1.140163119112303900e-10
-1.277199891750575897e-10
-1.393543892315522901e-10
-1.492530441973908602e-10
-1.577192004807401073e-10
-1.650282661073317429e-10
-1.714300607020089849e-10
-1.771508846406043612e-10
-1.823954224314578650e-10
-1.873484940661119462e-10
-1.921766668813511233e-10
-1.970297393877078265e-10
-2.020421075321144208e-10
-2.073340229648620643e-10
-2.130127520647694135e-10
-2.191736437336770406e-10
-2.259011132951089679e-10
-2.332695492158201371e-10
-2.413441488073845849e-10
-2.501816885528581574e-10
-2.598312342362084008e-10
-2.703347956256309161e-10
-2.824207373668012464e-10
-2.964975721030720595e-10
-3.121497950587645850e-10
-3.289960978349635197e-10
-3.466869500474650492e-10
-3.649023501105641927e-10
-3.833497329249791070e-10
-4.017620231604964604e-10
-4.198958236810309731e-10
-4.375297294481002610e-10
-4.544627579643030232e-10
-4.705128879862291219e-10
-4.855156988514276340e-10
-4.993231033309734475e-10
-5.118021674416130625e-10
-5.228340111334837520e-10
-5.323127842139113357e-10
-5.401447122782310279e-10
-5.462472077973897003e-10
-5.505480418621273663e-10
-5.529845724069495604e-10
-5.535030250359999694e-10
-5.520578228494900364e-10
-5.486109619250278186e-10
-5.431314293448951088e-10
-5.237894152617058706e-10
-4.809248120560533166e-10
-4.176043786125484577e-10
-3.366895310569198716e-10
-2.408485219717817291e-10
-1.325678979664223889e-10
-1.416328006460659218e-11
2.445498093242596964e-10
3.809933109661006903e-10
5.198134177490067594e-10
6.594083677584961308e-10
7.982947135721587265e-10
9.351002566601438438e-10
1.068557392300505538e-09
1.197496840483524329e-09
1.437602082875526557e-09
1.546869472796846721e-09
1.647812182141319259e-09
1.739670496252384621e-09
1.821752324408820176e-09
1.893429063104317534e-09
1.954131696740916531e-09
2.040614682345903460e-09
2.065522902166275401e-09
2.077706406258759477e-09
2.076843016723262811e-09
2.040029476918014989e-09
2.014255985057691539e-09
1.985632485335199747e-09
1.954444429122433139e-09
1.920961590025245762e-09
1.848116883805940491e-09
1.809222964484038191e-09
1.768971523952863184e-09
1.685193618921236380e-09
1.642037584248126679e-09
1.598266003776040898e-09
1.554038215121283860e-09
1.464804631480573572e-09
1.420072160117937286e-09
1.375430996165069275e-09
1.286881645770050756e-09
1.243185056992109740e-09
1.200003682637664162e-09
1.115538376253539646e-09
1.074415739003457201e-09
9.947529605496063599e-10
9.563426352365849053e-10
9.189583948862551013e-10
8.474780727150221875e-10
8.134767899448948174e-10
7.491606769745291679e-10
7.189188126980117036e-10
6.577234335786978207e-10
6.258525899449354379e-10
5.933382175754967857e-10
5.269465559619964558e-10
4.933343137987200089e-10
4.258867248871698295e-10
3.922754110141244534e-10
3.257916802746214889e-10
2.931075218008488623e-10
2.292850298827674182e-10
1.983037676374834503e-10
1.385588314458631082e-10
8.219684276200636436e-11
5.542914398528435968e-11
4.976960705990004404e-12
-1.861529510149311034e-11
-6.232573112291347232e-11
-1.011637311830330634e-10
-1.186758301212707597e-10
-1.497492100607584801e-10
-1.632628137322041503e-10
-1.861411492980074551e-10
-2.033744595991764580e-10
-2.098388325595222793e-10
-2.184074153406541589e-10
-2.211068265508924032e-10
-2.202402198073153635e-10
-2.158104934882382086e-10
-2.091264491947270707e-10
-2.004358397904607114e-10
-1.954105019924546065e-10
-1.841352466608994531e-10
-1.713961417267967774e-10
-1.573826897551935637e-10
-1.499534027601522247e-10
-1.343530239501918567e-10
-1.178921661921449212e-10
-1.007148218141296329e-10
-8.295391000780763208e-11
-7.389331188192303258e-11
-5.548388792504945614e-11
-3.677955983003491424e-11
-1.788008663181961106e-11
1.122840763148207410e-12
2.014505061393432798e-11
3.910937818901789548e-11
5.794518786524080619e-11
7.658792711629244614e-11
9.497871019678928858e-11
1.130639294867555768e-10
1.307948926076760375e-10
1.481274835565903285e-10
1.650218462298241281e-10
1.827957595317645267e-10
2.025271741935677414e-10
2.238411079119255235e-10
2.463899348847849428e-10
2.698516740712895538e-10
2.939283833888357796e-10
3.183446530597304280e-10
3.428461917777806002e-10
3.671984997903872331e-10
3.911856233865402937e-10
4.146089856482309493e-10
4.372862886636873038e-10
4.695418908308200589e-10
4.896541909868245181e-10
5.084962601013275971e-10
5.259471713991931039e-10
5.418973304075135863e-10
5.627948413930166431e-10
5.745815404922610036e-10
5.845629949394259764e-10
5.926721809382587407e-10
6.011979688676394822e-10
6.043833331569806979e-10
6.055201354844548438e-10
6.033077731982763132e-10
5.991794091646391409e-10
5.920065885066145478e-10
5.661378925542035341e-10
5.393218060965937840e-10
4.870350953078113524e-10
4.453741652797033979e-10
3.991948647752098466e-10
3.230563291244995364e-10
2.687124892872182317e-10
1.833941028016413358e-10
1.248269998125690387e-10
3.578146991446668143e-11
-2.366122543521058614e-11
-1.118136338340508352e-10
-1.975189151663922211e-10
-2.526690508561813314e-10
-3.315623660684678322e-10
-3.811503830252716520e-10
-4.503148331947995464e-10
-5.124569030664884506e-10
-5.496012330882543569e-10
-5.983808162129860945e-10
-6.382916048890440503e-10
-6.597016397552114822e-10
-6.836656514598721792e-10
-6.974772226505504266e-10
-7.007760750001010437e-10
-6.969832618687641148e-10
-6.833162646879545743e-10
-6.618097794950346341e-10
-6.336324413128880661e-10
-5.998653451136739127e-10
-5.747452291734055017e-10
-5.338447277772667088e-10
-4.898522549852712574e-10
-4.435746465158505673e-10
-3.957551461937881141e-10
-3.470776236314372997e-10
-2.981705168632920903e-10
-2.496105184523729599e-10
-2.019260222760298201e-10
-1.556003469863539604e-10
-1.110747510181406202e-10
-6.875125297847543044e-11
-2.899527028984769899e-11
7.861911933068250498e-12
5.198229748653664287e-11
8.096200356562206739e-11
1.061565648257573502e-10
1.273577383936471754e-10
1.443806857066393538e-10
1.570623490746200185e-10
1.669740556405285362e-10
1.690031028316062407e-10
1.666836157097137658e-10
1.591032634653968624e-10
1.505895539547453701e-10
1.400077671764756749e-10
1.231946678226165943e-10
1.089145999519843962e-10
9.348788382602311970e-11
7.154454573331309940e-11
5.434104011468852332e-11
3.079324352149289171e-11
1.291653466180918944e-11
-1.088135391675512503e-11
-2.849779138761843736e-11
-5.140330944803558892e-11
-6.797443103347623623e-11
-8.902996500885994537e-11
-1.086613206464622916e-10
-1.223092517533557537e-10
-1.389032826187501502e-10
-1.534918085507404592e-10
-1.630147798655870612e-10
-1.736995749359767881e-10
-1.819618093257652206e-10
-1.876839751116219156e-10
-1.907645520310170626e-10
-1.912887100893417466e-10
-1.896088612075116338e-10
-1.865570966988024437e-10
-1.827375374675370875e-10
-1.781953777404102996e-10
-1.729735633990803628e-10
-1.671129063208007935e-10
-1.606521925088594967e-10
-1.536282843770814056e-10
-1.460762175295486803e-10
-1.380292923552038586e-10
-1.295191607369076672e-10
-1.205759081558593374e-10
-1.088311958397361404e-10
-9.901582938133381708e-11
-8.885521421501092473e-11
-7.837359823418756794e-11
-6.485517161543012448e-11
-5.373383354724194345e-11
-4.236230428528589013e-11
-2.782572564925807587e-11
-1.596120840665109949e-11
-3.906501181396524504e-12
1.140421442187288536e-11
2.382762020421441365e-11
3.955123938229393389e-11
5.226867602404436558e-11
6.831712360785726916e-11
8.594999764318532559e-11
1.200987159997719691e-10
1.657330156248994564e-10
2.091918057798150408e-10
2.706781598497798780e-10
3.385535837989434488e-10
3.964046273523606505e-10
4.719449117872112700e-10
5.498273739094242390e-10
6.288243690051865143e-10
7.078105181038141765e-10
7.857557568598214070e-10
8.617188449861962395e-10
9.204826357551861850e-10
9.907664817350513671e-10
1.056855169205140642e-09
1.129705274774654663e-09
1.184345207545160290e-09
1.232907952610180214e-09
1.274924928524695892e-09
1.309977697917657956e-09
1.337694446317979761e-09
1.360811359839732554e-09
1.371289076956800834e-09
1.373517289850852463e-09
1.367286471668259651e-09
1.339189989984668581e-09
1.260675418500877933e-09
1.101094250584320881e-09
9.213040679700398896e-10
6.584621795529929525e-10
4.067853088737459737e-10
7.340833164352761526e-11
-2.248719867250217041e-10
-6.006751946539154243e-10
-9.892428032426177443e-10
-1.318053949945668121e-09
-1.713399086892922860e-09
-2.104345629274353171e-09
-2.485808540813057156e-09
-2.853154336460964529e-09
-3.202169788065762640e-09
-3.529032720076389593e-09
-3.830284752367150200e-09
-4.102805857490172291e-09
-4.343790609123179429e-09
-4.550726007226045546e-09
-4.721370773510273402e-09
-4.853736018315817967e-09
-4.946067186922091708e-09
-4.996827199742216129e-09
-5.001734921935273675e-09
-4.958204527579204463e-09
-4.876037777113656736e-09
-4.740111351844794434e-09
-4.594087232166984562e-09
-4.394793015003424289e-09
-4.203326441046926584e-09
-3.960597564106414529e-09
-3.739526633855688073e-09
-3.470479818580612888e-09
-3.193472695485267002e-09
-2.912398004204130757e-09
-2.670952407301594926e-09
-2.391560272275976830e-09
-2.117508477286148946e-09
-1.851554798238593292e-09
-1.596210064672252835e-09
-1.353755157828139523e-09
-1.126256885041573763e-09
-9.155828064167659408e-10
-7.234150843727784043e-10
-5.512634216777569444e-10
-4.004771489873006306e-10
-2.558449390447953004e-10
-1.547060676399495597e-10
-7.825096443666716095e-11
-2.211636955077945611e-11
-1.099429708788498073e-12
0.000000000000000000e+00
0.000000000000000000e+00
0.000000000000000000e+00
0.000000000000000000e+00
0.000000000000000000e+00
0.000000000000000000e+00
0.000000000000000000e+00
0.000000000000000000e+00
0.000000000000000000e+00
0.000000000000000000e+00
0.000000000000000000e+00
0.000000000000000000e+00
0.000000000000000000e+00
0.000000000000000000e+00
0.000000000000000000e+00
0.000000000000000000e+00
0.000000000000000000e+00
0.000000000000000000e+00
0.000000000000000000e+00
0.000000000000000000e+00
0.000000000000000000e+00
0.000000000000000000e+00
0.000000000000000000e+00
0.000000000000000000e+00
0.000000000000000000e+00
0.000000000000000000e+00
0.000000000000000000e+00
0.000000000000000000e+00
0.000000000000000000e+00
0.000000000000000000e+00
0.000000000000000000e+00
0.000000000000000000e+00
0.000000000000000000e+00
0.000000000000000000e+00
0.000000000000000000e+00
0.000000000000000000e+00
0.000000000000000000e+00
0.000000000000000000e+00
0.000000000000000000e+00
0.000000000000000000e+00
0.000000000000000000e+00
0.000000000000000000e+00
0.000000000000000000e+00
0.000000000000000000e+00
0.000000000000000000e+00
0.000000000000000000e+00
0.000000000000000000e+00
0.000000000000000000e+00
0.000000000000000000e+00
0.000000000000000000e+00
0.000000000000000000e+00
0.000000000000000000e+00
0.000000000000000000e+00
0.000000000000000000e+00
0.000000000000000000e+00
0.000000000000000000e+00
0.000000000000000000e+00
0.000000000000000000e+00
0.000000000000000000e+00
0.000000000000000000e+00
0.000000000000000000e+00
0.000000000000000000e+00
0.000000000000000000e+00
0.000000000000000000e+00
0.000000000000000000e+00
0.000000000000000000e+00
0.000000000000000000e+00
0.000000000000000000e+00
0.000000000000000000e+00
0.000000000000000000e+00
0.000000000000000000e+00
0.000000000000000000e+00
0.000000000000000000e+00
0.000000000000000000e+00
0.000000000000000000e+00
0.000000000000000000e+00
0.000000000000000000e+00
0.000000000000000000e+00
0.000000000000000000e+00
0.000000000000000000e+00
0.000000000000000000e+00
0.000000000000000000e+00
0.000000000000000000e+00
0.000000000000000000e+00
0.000000000000000000e+00
0.000000000000000000e+00
0.000000000000000000e+00
0.000000000000000000e+00
0.000000000000000000e+00
0.000000000000000000e+00
0.000000000000000000e+00
0.000000000000000000e+00
0.000000000000000000e+00
0.000000000000000000e+00
0.000000000000000000e+00
0.000000000000000000e+00
0.000000000000000000e+00
0.000000000000000000e+00
0.000000000000000000e+00
0.000000000000000000e+00
0.000000000000000000e+00
0.000000000000000000e+00
0.000000000000000000e+00
0.000000000000000000e+00
0.000000000000000000e+00
0.000000000000000000e+00
0.000000000000000000e+00
0.000000000000000000e+00
0.000000000000000000e+00
0.000000000000000000e+00
0.000000000000000000e+00
0.000000000000000000e+00
0.000000000000000000e+00
0.000000000000000000e+00
0.000000000000000000e+00
0.000000000000000000e+00
0.000000000000000000e+00
0.000000000000000000e+00
0.000000000000000000e+00
0.000000000000000000e+00
0.000000000000000000e+00
0.000000000000000000e+00
0.000000000000000000e+00
0.000000000000000000e+00
0.000000000000000000e+00
0.000000000000000000e+00
0.000000000000000000e+00
0.000000000000000000e+00
0.000000000000000000e+00
0.000000000000000000e+00
0.000000000000000000e+00
0.000000000000000000e+00
0.000000000000000000e+00
0.000000000000000000e+00
0.000000000000000000e+00
0.000000000000000000e+00
0.000000000000000000e+00
0.000000000000000000e+00
0.000000000000000000e+00
0.000000000000000000e+00
0.000000000000000000e+00
0.000000000000000000e+00
0.000000000000000000e+00
0.000000000000000000e+00
0.000000000000000000e+00
0.000000000000000000e+00
0.000000000000000000e+00
0.000000000000000000e+00
0.000000000000000000e+00
0.000000000000000000e+00
0.000000000000000000e+00
0.000000000000000000e+00
0.000000000000000000e+00
0.000000000000000000e+00
0.000000000000000000e+00
0.000000000000000000e+00
0.000000000000000000e+00
0.000000000000000000e+00
0.000000000000000000e+00
0.000000000000000000e+00
0.000000000000000000e+00
0.000000000000000000e+00
0.000000000000000000e+00
0.000000000000000000e+00
0.000000000000000000e+00
0.000000000000000000e+00
0.000000000000000000e+00
0.000000000000000000e+00
0.000000000000000000e+00
0.000000000000000000e+00
0.000000000000000000e+00
0.000000000000000000e+00
0.000000000000000000e+00
0.000000000000000000e+00
0.000000000000000000e+00
0.000000000000000000e+00
0.000000000000000000e+00
0.000000000000000000e+00
0.000000000000000000e+00
0.000000000000000000e+00
0.000000000000000000e+00
0.000000000000000000e+00
0.000000000000000000e+00
0.000000000000000000e+00
0.000000000000000000e+00
0.000000000000000000e+00
0.000000000000000000e+00
0.000000000000000000e+00
0.000000000000000000e+00
0.000000000000000000e+00
0.000000000000000000e+00
0.000000000000000000e+00
0.000000000000000000e+00
0.000000000000000000e+00
0.000000000000000000e+00
0.000000000000000000e+00
0.000000000000000000e+00
0.000000000000000000e+00
0.000000000000000000e+00
0.000000000000000000e+00
0.000000000000000000e+00
0.000000000000000000e+00
0.000000000000000000e+00
0.000000000000000000e+00
0.000000000000000000e+00
0.000000000000000000e+00
0.000000000000000000e+00
0.000000000000000000e+00
0.000000000000000000e+00
0.000000000000000000e+00
0.000000000000000000e+00
0.000000000000000000e+00
0.000000000000000000e+00
0.000000000000000000e+00
0.000000000000000000e+00
0.000000000000000000e+00
0.000000000000000000e+00
0.000000000000000000e+00
0.000000000000000000e+00
0.000000000000000000e+00
0.000000000000000000e+00
0.000000000000000000e+00
0.000000000000000000e+00
0.000000000000000000e+00
0.000000000000000000e+00
0.000000000000000000e+00
0.000000000000000000e+00
0.000000000000000000e+00
0.000000000000000000e+00
0.000000000000000000e+00
0.000000000000000000e+00
0.000000000000000000e+00
0.000000000000000000e+00
0.000000000000000000e+00
0.000000000000000000e+00
0.000000000000000000e+00
0.000000000000000000e+00
0.000000000000000000e+00
0.000000000000000000e+00
0.000000000000000000e+00
0.000000000000000000e+00
0.000000000000000000e+00
0.000000000000000000e+00
0.000000000000000000e+00
0.000000000000000000e+00
0.000000000000000000e+00
0.000000000000000000e+00
0.000000000000000000e+00
0.000000000000000000e+00
0.000000000000000000e+00
0.000000000000000000e+00
0.000000000000000000e+00
0.000000000000000000e+00
0.000000000000000000e+00
0.000000000000000000e+00
0.000000000000000000e+00
0.000000000000000000e+00
0.000000000000000000e+00
0.000000000000000000e+00
0.000000000000000000e+00
0.000000000000000000e+00
0.000000000000000000e+00
0.000000000000000000e+00
0.000000000000000000e+00
0.000000000000000000e+00
0.000000000000000000e+00
0.000000000000000000e+00
0.000000000000000000e+00
0.000000000000000000e+00
0.000000000000000000e+00
0.000000000000000000e+00
0.000000000000000000e+00
0.000000000000000000e+00
0.000000000000000000e+00
0.000000000000000000e+00
0.000000000000000000e+00
0.000000000000000000e+00
0.000000000000000000e+00
0.000000000000000000e+00
0.000000000000000000e+00
0.000000000000000000e+00
0.000000000000000000e+00
0.000000000000000000e+00
0.000000000000000000e+00
0.000000000000000000e+00
0.000000000000000000e+00
0.000000000000000000e+00
0.000000000000000000e+00
0.000000000000000000e+00
0.000000000000000000e+00
0.000000000000000000e+00
0.000000000000000000e+00
0.000000000000000000e+00
0.000000000000000000e+00
0.000000000000000000e+00
0.000000000000000000e+00
0.000000000000000000e+00
0.000000000000000000e+00
0.000000000000000000e+00
0.000000000000000000e+00
0.000000000000000000e+00
0.000000000000000000e+00
0.000000000000000000e+00
0.000000000000000000e+00
0.000000000000000000e+00
0.000000000000000000e+00
0.000000000000000000e+00
0.000000000000000000e+00
0.000000000000000000e+00
0.000000000000000000e+00
0.000000000000000000e+00
0.000000000000000000e+00
0.000000000000000000e+00
0.000000000000000000e+00
0.000000000000000000e+00
0.000000000000000000e+00
0.000000000000000000e+00
0.000000000000000000e+00
0.000000000000000000e+00
0.000000000000000000e+00
0.000000000000000000e+00
0.000000000000000000e+00
0.000000000000000000e+00
0.000000000000000000e+00
0.000000000000000000e+00
0.000000000000000000e+00
0.000000000000000000e+00
0.000000000000000000e+00
0.000000000000000000e+00
0.000000000000000000e+00
0.000000000000000000e+00
0.000000000000000000e+00
0.000000000000000000e+00
0.000000000000000000e+00
0.000000000000000000e+00
0.000000000000000000e+00
0.000000000000000000e+00
0.000000000000000000e+00
0.000000000000000000e+00
0.000000000000000000e+00
0.000000000000000000e+00
0.000000000000000000e+00
0.000000000000000000e+00
0.000000000000000000e+00
0.000000000000000000e+00
0.000000000000000000e+00
0.000000000000000000e+00
0.000000000000000000e+00
0.000000000000000000e+00
0.000000000000000000e+00
0.000000000000000000e+00
0.000000000000000000e+00
0.000000000000000000e+00
0.000000000000000000e+00
0.000000000000000000e+00
0.000000000000000000e+00
0.000000000000000000e+00
0.000000000000000000e+00
0.000000000000000000e+00
0.000000000000000000e+00
0.000000000000000000e+00
0.000000000000000000e+00
0.000000000000000000e+00
0.000000000000000000e+00
0.000000000000000000e+00
0.000000000000000000e+00
0.000000000000000000e+00
0.000000000000000000e+00
0.000000000000000000e+00
0.000000000000000000e+00
0.000000000000000000e+00
0.000000000000000000e+00
0.000000000000000000e+00
0.000000000000000000e+00
0.000000000000000000e+00
0.000000000000000000e+00
0.000000000000000000e+00
0.000000000000000000e+00
0.000000000000000000e+00
0.000000000000000000e+00
0.000000000000000000e+00
0.000000000000000000e+00
0.000000000000000000e+00
0.000000000000000000e+00
0.000000000000000000e+00
0.000000000000000000e+00
0.000000000000000000e+00
0.000000000000000000e+00
0.000000000000000000e+00
0.000000000000000000e+00
0.000000000000000000e+00
0.000000000000000000e+00
0.000000000000000000e+00
0.000000000000000000e+00
0.000000000000000000e+00
0.000000000000000000e+00
0.000000000000000000e+00
0.000000000000000000e+00
0.000000000000000000e+00
0.000000000000000000e+00
0.000000000000000000e+00
0.000000000000000000e+00
0.000000000000000000e+00
0.000000000000000000e+00
0.000000000000000000e+00
0.000000000000000000e+00
0.000000000000000000e+00
0.000000000000000000e+00
0.000000000000000000e+00
0.000000000000000000e+00
0.000000000000000000e+00
0.000000000000000000e+00
0.000000000000000000e+00
0.000000000000000000e+00
0.000000000000000000e+00
0.000000000000000000e+00
0.000000000000000000e+00
0.000000000000000000e+00
0.000000000000000000e+00
0.000000000000000000e+00
0.000000000000000000e+00
0.000000000000000000e+00
0.000000000000000000e+00
0.000000000000000000e+00
0.000000000000000000e+00
0.000000000000000000e+00
0.000000000000000000e+00
0.000000000000000000e+00
0.000000000000000000e+00
0.000000000000000000e+00
0.000000000000000000e+00
0.000000000000000000e+00
0.000000000000000000e+00
0.000000000000000000e+00
0.000000000000000000e+00
0.000000000000000000e+00
0.000000000000000000e+00
0.000000000000000000e+00
0.000000000000000000e+00
0.000000000000000000e+00
0.000000000000000000e+00
0.000000000000000000e+00
0.000000000000000000e+00
0.000000000000000000e+00
0.000000000000000000e+00
0.000000000000000000e+00
0.000000000000000000e+00
0.000000000000000000e+00
0.000000000000000000e+00
0.000000000000000000e+00
0.000000000000000000e+00
0.000000000000000000e+00
0.000000000000000000e+00
0.000000000000000000e+00
0.000000000000000000e+00
0.000000000000000000e+00
0.000000000000000000e+00
0.000000000000000000e+00
0.000000000000000000e+00
0.000000000000000000e+00
0.000000000000000000e+00
0.000000000000000000e+00
0.000000000000000000e+00
0.000000000000000000e+00
0.000000000000000000e+00
0.000000000000000000e+00
0.000000000000000000e+00
0.000000000000000000e+00
0.000000000000000000e+00
0.000000000000000000e+00
0.000000000000000000e+00
0.000000000000000000e+00
0.000000000000000000e+00
0.000000000000000000e+00
0.000000000000000000e+00
0.000000000000000000e+00
0.000000000000000000e+00
0.000000000000000000e+00
0.000000000000000000e+00
0.000000000000000000e+00
0.000000000000000000e+00
0.000000000000000000e+00
0.000000000000000000e+00
0.000000000000000000e+00
0.000000000000000000e+00
0.000000000000000000e+00
0.000000000000000000e+00
0.000000000000000000e+00
0.000000000000000000e+00
0.000000000000000000e+00
0.000000000000000000e+00
0.000000000000000000e+00
0.000000000000000000e+00
0.000000000000000000e+00
0.000000000000000000e+00
0.000000000000000000e+00
0.000000000000000000e+00
0.000000000000000000e+00
0.000000000000000000e+00
0.000000000000000000e+00
0.000000000000000000e+00
0.000000000000000000e+00
0.000000000000000000e+00
0.000000000000000000e+00
0.000000000000000000e+00
0.000000000000000000e+00
0.000000000000000000e+00
0.000000000000000000e+00
0.000000000000000000e+00
0.000000000000000000e+00
0.000000000000000000e+00
0.000000000000000000e+00
0.000000000000000000e+00
0.000000000000000000e+00
0.000000000000000000e+00
0.000000000000000000e+00
nan
