# bin_14_14
4.462061810489005013e-06
4.575004558696489830e-06
4.673589247695749565e-06
4.802510151118521350e-06
4.913277474517175722e-06
5.049190224201841158e-06
5.158368141781569979e-06
5.291991739780557064e-06
5.402020395116786029e-06
5.524792513521624355e-06
5.627631573148956028e-06
5.743388463129679166e-06
5.827945611016834884e-06
5.923754969725883897e-06
6.023251240620635166e-06
6.108494893840131371e-06
6.180508396636840786e-06
6.259802238074069268e-06
6.330648188900557698e-06
6.385206542572214473e-06
6.436800229158237425e-06
6.491873087789039081e-06
6.540164597018152638e-06
6.576478352136576315e-06
6.608220837084622603e-06
6.639611628717475199e-06
6.665819759260771780e-06
6.683160456999290869e-06
6.694842866993516397e-06
6.702988656120871984e-06
6.708975388404098804e-06
6.710980718274361947e-06
6.707217007966239591e-06
6.698557192578552568e-06
6.685712730571115790e-06
6.669269656425841446e-06
6.649715627086469447e-06
6.626358782112227181e-06
6.598926795762510432e-06
6.568311720092426988e-06
6.535224336889738545e-06
6.500232115868320330e-06
6.463788865789728208e-06
6.426257987749251414e-06
6.388784398886935905e-06
6.351344966736701323e-06
6.312787895031067227e-06
6.272284847031855903e-06
6.229261052098633996e-06
6.183339771113336511e-06
6.134298137983437641e-06
6.082032035272041377e-06
6.027505193168396912e-06
5.971806051996233750e-06
5.915084464999144703e-06
5.857483166641356786e-06
5.799137153100661901e-06
5.740173349968569788e-06
5.680710496102191610e-06
5.620859188259164573e-06
5.560722043431880493e-06
5.500431337970475671e-06
5.440151068115317582e-06
5.380010283972602490e-06
5.320119737601797449e-06
5.260574223053225289e-06
5.201454607552801087e-06
5.142829597138186459e-06
5.084757273562038884e-06
5.027286433827289818e-06
4.970457759130423457e-06
4.914304836115831622e-06
4.858439392092609181e-06
4.802658585622599493e-06
4.747232777335662899e-06
4.692388714041447538e-06
4.638315304567005288e-06
4.585168646267100545e-06
4.533076402254860787e-06
4.482141615413056160e-06
4.432446033318691618e-06
4.384053008026146092e-06
4.337010025938686558e-06
4.291350915531292985e-06
4.247097774280406166e-06
4.203650680560554450e-06
4.160528344625832544e-06
4.117901799415234459e-06
4.075916417447279094e-06
4.034694926792865304e-06
3.994340084188267636e-06
3.954937045207744622e-06
3.916555466557675412e-06
3.879251371318603987e-06
3.843068804264450056e-06
3.808041301157166546e-06
3.774193193088177385e-06
3.741540764462060016e-06
3.710093281047082685e-06
3.679853902611736068e-06
3.650820492992578680e-06
3.622700208642991995e-06
3.595201163191904198e-06
3.568318063260378544e-06
3.542044361930145530e-06
3.516372441019191008e-06
3.491293773005983122e-06
3.466799064787265866e-06
3.442878385215585920e-06
3.419521278150785775e-06
3.396716862572127124e-06
3.374453921130717169e-06
3.352720978373954215e-06
3.331506369741971549e-06
3.310798302318839409e-06
3.290584908217087118e-06
3.270854291381105314e-06
3.251594568512257695e-06
3.232793904744599670e-06
3.214654339401866702e-06
3.197298310979030625e-06
3.180603701056415218e-06
3.164459680310026558e-06
3.148765783745455804e-06
3.133431061324455817e-06
3.118373297614129472e-06
3.103518294655137307e-06
3.088799212758450742e-06
3.074155964405251549e-06
3.059534656846542968e-06
3.044887079381936145e-06
3.030170231644862619e-06
3.015345889537499661e-06
3.000380205746018107e-06
2.985243342028169472e-06
2.969909130703213122e-06
2.954354762990871050e-06
2.938560502043473322e-06
2.922509418695585192e-06
2.906187148119525438e-06
2.889581665725213644e-06
2.873049656889382461e-06
2.856902293677152733e-06
2.841065902544295722e-06
2.825473080316662907e-06
2.810062241760415074e-06
2.794777199198018826e-06
2.779566771830717703e-06
2.764384422607484177e-06
2.749187920645201607e-06
2.733939027356230717e-06
2.718603204578912589e-06
2.703149343134724780e-06
2.687549510353836073e-06
2.671778715219595790e-06
2.655814689882558223e-06
2.639637686387107412e-06
2.623230287538798082e-06
2.606577230919190779e-06
2.589665245127387387e-06
2.572482897394449311e-06
2.555020451778757287e-06
2.537269737207394383e-06
2.519224024681575928e-06
2.500877913012870121e-06
2.482227222502161783e-06
2.463292170273381115e-06
2.444125193805198244e-06
2.424769059132476960e-06
2.405263684657298893e-06
2.385646307781214704e-06
2.365951641772205319e-06
2.346212023462919357e-06
2.306716221534606699e-06
2.287014041238945755e-06
2.267375154946214115e-06
2.247821949002588317e-06
2.228375155836564785e-06
2.209053951253769466e-06
2.189876046148028877e-06
2.170857772959189390e-06
2.133359044255779240e-06
2.114905071990584852e-06
2.096663838980854499e-06
2.078645919051805926e-06
2.060860932081173058e-06
2.043317601369172734e-06
2.026023807761311756e-06
1.992212446457976105e-06
1.975706873487071301e-06
1.959474915423806368e-06
1.943520951511774750e-06
1.912284443048956273e-06
1.896672383005384024e-06
1.881042170422281868e-06
1.865421492532331828e-06
1.849836256467762163e-06
1.818867393147219462e-06
1.803527496095676791e-06
1.788310665021106083e-06
1.758318172862383326e-06
1.743575348429395371e-06
1.729021396085568316e-06
1.714669877717257724e-06
1.686623273107253971e-06
1.672950356460362860e-06
1.659524315368625307e-06
1.633447735974888489e-06
1.620812717142921433e-06
1.608455696038251739e-06
1.584599119826717201e-06
1.573109770291902054e-06
1.551030222215165424e-06
1.540446968791131121e-06
1.530171891647839571e-06
1.510555098057759124e-06
1.501216779415982864e-06
1.483485984153580674e-06
1.475094749995514836e-06
1.459352669961310499e-06
1.451986474173798126e-06
1.444924511925123458e-06
1.431623016255691757e-06
1.425340980221365005e-06
1.413415511195617741e-06
1.407735349271932193e-06
1.396854877692139236e-06
1.391622908885223576e-06
1.381502090589222363e-06
1.376586033426418332e-06
1.366979637373225304e-06
1.357597523628830426e-06
1.352964009484845468e-06
1.343763707134195758e-06
1.339179098929220781e-06
1.329999970605246408e-06
1.320758115029199893e-06
1.316096641335675958e-06
1.306661912631425187e-06
1.301877453950467350e-06
1.292148835454809361e-06
1.282176882882711433e-06
1.277089338949387022e-06
1.266692831589839673e-06
1.255979608619950463e-06
1.250497033673845909e-06
1.239489880993861534e-06
1.228567281169053356e-06
1.217722812229038090e-06
1.212328036548763927e-06
1.201590031233988836e-06
1.190916640810284331e-06
1.180303354819217065e-06
1.175017965732000181e-06
1.164487355168124613e-06
1.154007465620458368e-06
1.143575210298286056e-06
1.133187836959241873e-06
1.128010205580871799e-06
1.117685659002300410e-06
1.107400400990369926e-06
1.097152645752825215e-06
1.086940833121767466e-06
1.076763609199238273e-06
1.066619808483800811e-06
1.056508437366313980e-06
1.046428658891772417e-06
1.036379778692007133e-06
1.026361232001401425e-06
1.016372571674471210e-06
1.006413457130382316e-06
9.964836441551652891e-07
9.865129599293125607e-07
9.764522991506475231e-07
9.663313525423407756e-07
9.561776159309347971e-07
9.460165273284287119e-07
9.358715955570889016e-07
9.257645209573213330e-07
9.157153086825784532e-07
9.057423750515045221e-07
8.958626473961438592e-07
8.860916578158828781e-07
8.764436312196880215e-07
8.622302696960130958e-07
8.529440387087462390e-07
8.438214131071396476e-07
8.348716889843272930e-07
8.261032522242460005e-07
8.133067730255541521e-07
8.050227894243244343e-07
7.969430914056162096e-07
7.890726456432597665e-07
7.776686535353620777e-07
7.703390459770037254e-07
7.632313931698377390e-07
7.529913148276474039e-07
7.464482768740501849e-07
7.401533552643136809e-07
7.313714570597256778e-07
7.259317586320254000e-07
7.183205814698111447e-07
7.135719447218238099e-07
7.090536785680145911e-07
7.026559838948481226e-07
6.986114365405456704e-07
6.928237457737686326e-07
6.891234128662014170e-07
6.837657342964337095e-07
6.802985613557960223e-07
6.752168082688468765e-07
6.702362085583601026e-07
6.669506741545153628e-07
6.620454616461255480e-07
6.587750530441064629e-07
6.538443997415565993e-07
6.488568451227255365e-07
6.454865573004021895e-07
6.403447562296184254e-07
6.350793096489353149e-07
6.314902374154423023e-07
6.259749264717624263e-07
6.202870827898051321e-07
6.144122380561783214e-07
6.103854826632029459e-07
6.042185859818393482e-07
5.979525056502795933e-07
5.916124156087679928e-07
5.852215305320348276e-07
5.809433536118246557e-07
5.745144876429535918e-07
5.680881213454428132e-07
5.616813405008599268e-07
5.553098123292182217e-07
5.489878806499062851e-07
5.427286548139776762e-07
5.365440928277446633e-07
5.304450790578787985e-07
5.244414968807177304e-07
5.185422966130109793e-07
5.127555590377716649e-07
5.070885548170632991e-07
5.015478000633334489e-07
4.943664681433073849e-07
4.891417800601996336e-07
4.840602550490525051e-07
4.791256987574147849e-07
4.743414034837946253e-07
4.697101846276618639e-07
4.637773860638208968e-07
4.595118665039011800e-07
4.553969140684161652e-07
4.500934349528401126e-07
4.462415940809157500e-07
4.424898862654730930e-07
4.376322216854701924e-07
4.340895794516689895e-07
4.306268513931797214e-07
4.261250086327272208e-07
4.228285090756730496e-07
4.185308354285293083e-07
4.153751926266221436e-07
4.112501117894718296e-07
4.082132328899461230e-07
4.042332692130419818e-07
4.012959455955537700e-07
3.974372307150668034e-07
3.936383220270986726e-07
3.908246300682463596e-07
3.871157255342613649e-07
3.834507079751874237e-07
3.807277629067121655e-07
3.771279242190136856e-07
3.735593679925107480e-07
3.700182104119446197e-07
3.665008992694801820e-07
3.638766025750688877e-07
3.603941824739748511e-07
3.569463648752292140e-07
3.535402747950983556e-07
3.501761166718658148e-07
3.468540337938223151e-07
3.435741130073023666e-07
3.403363891054134812e-07
3.371408489191567099e-07
3.339874351311077313e-07
3.308760498304004727e-07
3.278065578264515549e-07
3.247787897376388290e-07
3.210524453752214158e-07
3.181177789335039788e-07
3.152240832671095379e-07
3.123710735177969169e-07
3.088615579284010606e-07
3.060989438319278602e-07
3.033759541270498547e-07
3.000273866668833474e-07
2.973922093517788289e-07
2.947954339592621884e-07
2.916028564488899025e-07
2.890910073180640513e-07
2.860032738449880057e-07
2.835742291126055449e-07
2.805886401461114263e-07
2.782365658462921795e-07
2.753360003449074466e-07
2.724792847445967651e-07
2.702254027230357430e-07
2.674472733272057407e-07
2.647125310875616227e-07
2.625558122272977361e-07
2.598985235644463252e-07
2.572838458837326181e-07
2.547114413247516066e-07
2.521809451423145177e-07
2.496919685137722809e-07
2.472441011336239301e-07
2.453151179214224488e-07
2.429401537155696778e-07
2.406050553272211530e-07
2.378548953188459101e-07
2.356058256269610814e-07
2.333950743663885584e-07
2.312221386035738954e-07
2.290865086541425618e-07
2.269876693373029302e-07
2.245168940608820918e-07
2.224971608617004429e-07
2.205125456326833996e-07
2.185625216628144309e-07
2.162660010531263989e-07
2.143818340019332471e-07
2.121548952741113752e-07
2.103274576809120165e-07
2.081684561609758337e-07
2.063974593236384406e-07
2.043059102573076661e-07
2.025908446334768108e-07
2.005660213459639576e-07
1.985772144452063147e-07
1.969471690663114310e-07
1.950235836047237765e-07
1.931350892357012846e-07
1.912813176561240451e-07
1.894618826754524228e-07
1.876763823539374040e-07
1.859244009727193087e-07
1.842055108482311526e-07
1.825192740023963185e-07
1.808652436992510891e-07
1.792429658578341967e-07
1.776519803504531471e-07
1.760918221947663611e-07
1.745620226474967593e-07
1.730621102070165928e-07
1.713493547914272939e-07
1.699126010385671863e-07
1.685053292434996730e-07
1.668998350345945752e-07
1.655532147609448949e-07
1.640147247639583460e-07
1.627224987026251318e-07
1.612441340423731615e-07
1.600007465816900393e-07
1.585763993157118059e-07
1.571788513361433274e-07
1.558066285927356445e-07
1.546495439497599467e-07
1.533207501509235298e-07
1.520135537878015945e-07
1.507268028323913145e-07
1.494594166104243143e-07
1.482103814128222929e-07
1.469787463833554790e-07
1.457636196643164015e-07
1.445641647832844363e-07
1.433795972652325365e-07
1.422091814553101675e-07
1.408880091083559389e-07
1.397456506367061303e-07
1.386154174700599858e-07
1.373378489482134811e-07
1.362317474401602548e-07
1.349808605962455014e-07
1.338994513832347051e-07
1.326806577114317027e-07
1.316307715468423125e-07
1.304515487208234075e-07
1.292950110591088783e-07
1.281583400667119090e-07
1.271797901429515110e-07
1.260797560647523763e-07
1.249992070864995899e-07
1.239380273567687684e-07
1.228954730008034752e-07
1.218708540468029044e-07
1.208636036192504406e-07
1.198731790511897926e-07
1.187784235827342683e-07
1.178222186654451814e-07
1.168815475013004342e-07
1.158413550713282363e-07
1.149323624973603189e-07
1.140376811305751045e-07
1.130476624861057356e-07
1.120746224243027399e-07
1.112238391725258037e-07
1.102824827020097589e-07
1.093576764382310058e-07
1.085492054136325824e-07
1.076542288510319608e-07
1.067744149035783191e-07
1.059095305848684440e-07
1.050593424345712837e-07
1.042235984813566660e-07
1.034018542912476614e-07
1.025046805871190024e-07
1.017110613547987019e-07
1.009301421445473405e-07
1.000768927217660739e-07
9.932162419377873845e-08
9.857808330970505810e-08
9.776538154986200706e-08
9.696652429361267302e-08
9.625912463073727576e-08
9.548557439551203118e-08
9.472476692441742175e-08
9.397647259166392095e-08
9.331351876884161159e-08
9.258837634884228298e-08
9.187499253607478224e-08
9.110335609636971731e-08
9.041354553709904770e-08
8.973465594547110129e-08
8.906649590624452792e-08
8.834363338070820169e-08
8.769707469782930937e-08
8.706039803979139882e-08
8.637127304701348903e-08
8.569369345771193254e-08
8.508753162868871829e-08
8.443114163782310707e-08
8.378538648224394408e-08
8.315006808922530777e-08
8.252499123024224264e-08
8.190995969392391401e-08
8.130463182731919239e-08
8.070874312174291301e-08
8.012211111753832844e-08
7.954455676740358436e-08
7.892464418243601354e-08
7.836543952186069622e-08
7.776495090239810356e-08
7.722307733153972428e-08
7.664109708206858452e-08
7.606846654805795093e-08
7.555156707043103253e-08
7.499614491035470668e-08
7.444936240221941511e-08
7.391102703045709247e-08
7.338095153822212008e-08
7.285894623001707105e-08
7.230226969514925022e-08
7.179636805044391029e-08
7.129793243420999898e-08
7.076619985573644282e-08
7.028280627338158354e-08
6.976695130652866327e-08
6.925902801153868712e-08
6.875885642303233564e-08
6.830388852949931857e-08
6.781813707759017626e-08
6.733960889994439581e-08
6.686811239963894200e-08
6.636803255077572210e-08
6.591064865417971226e-08
6.545983209489228505e-08
6.498150304520838794e-08
6.454381635361070523e-08
6.407927515968648197e-08
6.362163987213145953e-08
6.320273728114446181e-08
6.275797087846825460e-08
6.231963083138370853e-08
6.188756578263159133e-08
6.146163157049422245e-08
6.101191829441939896e-08
6.059824400235932698e-08
6.019027834634227040e-08
5.975935673047177090e-08
5.936280073492033739e-08
5.894381680623679899e-08
5.853079116652232252e-08
5.812358849530465258e-08
5.772207211635775185e-08
5.732610539887697704e-08
5.693555644942939376e-08
5.655029790536271859e-08
5.617021659243381097e-08
5.577037966255970713e-08
5.540064066459067159e-08
5.501156853664492795e-08
5.465168000896924762e-08
5.427287537042407347e-08
5.389921138415197681e-08
5.353056296675522178e-08
5.316680782188262354e-08
5.280782813615326399e-08
5.243152358203739210e-08
5.208208329686671712e-08
5.171570777634994096e-08
5.137538720020989159e-08
5.101846379747768105e-08
5.066623406617191486e-08
5.031862306334311339e-08
4.997553149023064444e-08
4.963684599900246014e-08
4.930245766918291877e-08
4.895296701277365496e-08
4.862713760475005501e-08
4.828655404796204715e-08
4.796895358542869341e-08
4.763686232977698578e-08
4.730897472433699748e-08
4.698521394595734805e-08
4.666552629704059458e-08
4.634980726674391939e-08
4.602074188426085174e-08
4.571286705235279804e-08
4.539188622820370952e-08
4.509155598627547399e-08
4.477840926614423086e-08
4.446913148700557483e-08
4.416362119596565085e-08
4.386178820191992716e-08
4.354801738283509852e-08
4.325360419733637350e-08
4.294745293043500004e-08
4.266008513676064609e-08
4.236115706212774085e-08
4.206585971904741275e-08
4.177413398239875834e-08
4.148588307623437226e-08
4.120101459188533255e-08
4.090544647496002498e-08
4.062728858983483679e-08
4.033869476292900427e-08
4.005356191775749004e-08
3.977179714033321440e-08
3.949331175408150199e-08
3.921804925951408665e-08
3.894600270958320107e-08
3.866436342065442993e-08
3.839865076516942928e-08
3.812347325260928446e-08
3.785148852870280111e-08
3.758269704839058113e-08
3.731702835374335707e-08
3.705440144943138138e-08
3.678300536419655023e-08
3.652636701849629467e-08
3.626115518682072925e-08
3.599905007594687955e-08
3.573996988651970531e-08
3.548383657125600261e-08
3.523057573007143486e-08
3.498017470096780859e-08
3.472190829790522173e-08
3.446664579774350070e-08
3.422476459293179939e-08
3.397515846950284084e-08
3.371814649063708304e-08
3.347428902743667630e-08
3.323317395764529512e-08
3.298485223337975173e-08
3.273935296711903752e-08
3.249662426860129674e-08
3.225667926767484800e-08
3.201945378426912855e-08
3.178487757620132930e-08
3.154365667245059337e-08
3.131428724553931417e-08
3.107843290426875103e-08
3.084527353047770997e-08
3.061474074024994843e-08
3.037805142221931098e-08
3.015267499316016035e-08
2.992127564672631005e-08
2.969254160051497888e-08
2.946640704375047395e-08
2.924280909281246179e-08
2.902168762797370290e-08
2.879497288890669112e-08
2.857089260660784006e-08
2.835725096293402784e-08
2.813816363180793288e-08
2.791383837551280601e-08
2.769971060393065005e-08
2.748048968478868206e-08
2.727123959921643175e-08
2.705695540745064841e-08
2.684509611831234843e-08
2.662843577878631649e-08
2.642142666272034044e-08
2.620974328435038835e-08
2.600050656349572273e-08
2.579365929654731319e-08
2.558915050927551539e-08
2.538698618918021274e-08
2.518050930823338495e-08
2.497644045377324431e-08
2.477472348031817505e-08
2.457530477556521167e-08
2.437817698580404725e-08
2.417707402726470593e-08
2.398451224019860480e-08
2.378801565736007460e-08
2.358774685853798166e-08
2.339581785503837914e-08
2.320612077703126724e-08
2.301278270332113435e-08
2.282171606086479612e-08
2.263287153521968154e-08
2.244059132724560486e-08
2.225618535879608934e-08
2.206843342666484400e-08
2.188290912872447935e-08
2.169956584428213767e-08
2.151306563574339396e-08
2.133406209282978927e-08
2.115198951771460358e-08
2.097209872480137697e-08
2.078929738024170308e-08
2.061369778191252274e-08
2.043525507780199377e-08
2.025898929543712734e-08
2.008485538910332257e-08
1.990806024567598830e-08
1.973811742401102046e-08
1.956556476014018614e-08
1.939513481449216720e-08
1.922226226004592662e-08
1.905600239383663041e-08
1.888732491154932896e-08
1.872072105050623182e-08
1.855618010191105228e-08
1.838941167758138109e-08
1.822472949146974712e-08
1.806209102947592180e-08
1.790146107609053203e-08
1.774282973953169843e-08
1.758216999580485043e-08
1.742353398732011669e-08
1.726688154944172538e-08
1.710833221993673037e-08
1.695560578787008437e-08
1.680103559069824892e-08
1.664472744075414681e-08
1.649408598340065524e-08
1.634172426771542010e-08
1.619131856425188255e-08
1.604284395883293155e-08
1.589279669825153389e-08
1.574469717284954915e-08
1.559850835537392529e-08
1.545420309823041335e-08
1.530847004905988503e-08
1.516465057366928428e-08
1.502270843604617325e-08
1.488260838933237035e-08
1.474119836322699583e-08
1.460166334671039870e-08
1.446396906532673750e-08
1.432508133737329923e-08
1.418804475406457819e-08
1.405282603204463543e-08
1.391940495485898430e-08
1.378490790679304487e-08
1.365221990256894278e-08
1.352130657012593136e-08
1.338940515361983262e-08
1.325929673877441556e-08
1.313095243816323154e-08
1.300171923929098418e-08
1.287425502356641062e-08
1.274852609830560491e-08
1.262450660234615597e-08
1.249969205342815380e-08
1.237659789053157765e-08
1.225519162592306558e-08
1.213306326818031118e-08
1.201262858189620153e-08
1.189386327544935049e-08
1.177445605764917805e-08
1.165672001214728445e-08
1.154062369325733789e-08
1.142395161141116968e-08
1.130892717963392378e-08
1.119552041933512260e-08
1.108370119416097431e-08
1.097137446693236450e-08
1.085859921183077829e-08
1.074945089313433041e-08
1.063985829549027332e-08
1.053182737893386958e-08
1.042340655706630105e-08
1.031654426974660627e-08
1.021121417044698411e-08
1.010554903583185755e-08
1.000141394945850453e-08
9.896992570286739508e-09
9.795856931081392132e-09
9.694431321960410275e-09
9.592766573127689812e-09
9.492595265675057938e-09
9.393888848516112178e-09
9.296619438405805499e-09
9.199147754258271332e-09
9.101520395187400684e-09
9.006910785273163115e-09
8.910595727177931917e-09
8.817243110461047357e-09
8.723764762300241404e-09
8.631676896451926595e-09
8.539500966715756418e-09
8.448706311815665352e-09
8.359266291892987570e-09
8.269766895209571166e-09
8.181612827005404589e-09
8.093432119538777504e-09
8.006586351329274107e-09
7.921049694109381714e-09
7.835510614797780721e-09
7.751269560855162435e-09
7.667054167419125015e-09
7.584125167925915070e-09
7.501248093506276645e-09
7.420835797855602601e-09
7.339290422071254469e-09
7.259005612766323399e-09
7.179956685474207039e-09
7.102119532581836713e-09
7.024368365130136466e-09
6.946730907662946121e-09
6.870301624514584201e-09
6.795056683831417880e-09
6.719937637580825193e-09
6.645989043473604760e-09
6.572184586702520092e-09
6.499535214982674661e-09
6.427045913209189285e-09
6.355696613784524885e-09
6.284523098857881829e-09
6.214474230129603041e-09
6.145526784057873566e-09
6.076760669009430433e-09
6.008196905573293819e-09
5.941594387900046781e-09
5.874322981404072994e-09
5.808126798684378846e-09
5.742983397662951108e-09
5.678056146391257640e-09
5.614165422843260608e-09
5.550500696625619291e-09
5.487079035975895673e-09
5.425444700458700685e-09
5.363284026836937929e-09
5.302129302896142912e-09
5.241959781218418651e-09
5.182038970241690788e-09
5.123085476607528060e-09
5.064386127577772027e-09
5.005955140733201533e-09
4.948476835456596999e-09
4.891931389521963090e-09
4.835649583835513804e-09
4.779643973634892125e-09
4.724554913003934870e-09
4.669745597794327625e-09
4.615835293571751372e-09
4.562206904360959418e-09
4.509458751322393661e-09
4.456994353741518725e-09
4.405392881405557944e-09
4.354077039365680238e-09
4.303056377246883012e-09
4.252880421948126675e-09
4.202999509028775967e-09
4.153945794065385682e-09
4.105187467413913355e-09
4.056732882276307490e-09
4.009086521034278167e-09
3.962231184835112796e-09
3.915188299662371630e-09
3.869408317575535012e-09
3.823455720608415235e-09
3.778274520652329826e-09
3.733398527245010675e-09
3.689276219348338446e-09
3.645456997903596576e-09
3.602374196757982154e-09
3.559171274232688877e-09
3.517113554864895642e-09
3.474946642755314843e-09
3.433494738411287056e-09
3.392350152352571788e-09
3.351902792903663887e-09
3.311757887997880937e-09
3.271920071972759700e-09
3.232759960304195400e-09
3.193902841336933290e-09
3.155352447735463022e-09
3.117459555586111530e-09
3.079867960075739186e-09
3.042581266110248231e-09
3.005933114581932682e-09
2.969260185105875436e-09
2.933538505638488766e-09
2.897797009064213241e-09
2.862671179400222385e-09
2.827844704954136349e-09
2.793320041899832241e-09
2.759391063226985516e-09
2.725756990922170660e-09
2.692419986736212328e-09
2.659659573468292872e-09
2.627190317641055099e-09
2.595013332519927839e-09
2.563129737884756587e-09
2.531541017038284906e-09
2.500502737207639674e-09
2.469752882130282987e-09
2.439296591365784330e-09
2.409377879898297599e-09
2.379739950947179579e-09
2.350375853665709433e-09
2.321278799549838489e-09
2.292450427951152547e-09
2.264138501395903615e-09
2.235899574957937836e-09
2.208171125077858978e-09
2.180941021623467800e-09
2.153783566426213273e-09
2.126887087259588626e-09
2.100450981602831949e-09
2.074276985854845365e-09
2.048371937028575735e-09
2.022742021259668986e-09
1.997568087466598209e-09
1.972473417733539853e-09
1.947824055909714596e-09
1.923434830920381590e-09
1.899305289150109183e-09
1.875434402568821140e-09
1.851821032912988656e-09
1.828464517749465290e-09
1.805524211518948785e-09
1.782676224409090632e-09
1.760236795393474933e-09
1.738044323416014330e-09
1.716097930516394774e-09
1.694396698092133398e-09
1.672939640411572258e-09
1.651725554433040267e-09
1.630752559310521393e-09
1.610019436854469300e-09
1.589658644942055307e-09
1.569399319190330024e-09
1.549376203062817069e-09
1.529713715984361875e-09
1.510154970927631372e-09
1.490949456656030949e-09
1.471849582555356778e-09
1.453095756993119695e-09
1.434448489296014538e-09
1.416139028672094758e-09
1.397937026376329191e-09
1.380065731581783132e-09
1.362302958612918918e-09
1.344863383033778790e-09
1.327532100605403474e-09
1.310516359546972263e-09
1.293609519844681925e-09
1.276913352272079152e-09
1.260522032209801066e-09
1.244239186435092008e-09
1.228160915409992348e-09
1.212285465563956977e-09
1.196611065772817015e-09
1.181135854881331387e-09
1.165857457905791896e-09
1.150773904961216470e-09
1.135800450858520506e-09
1.121102501564903872e-09
1.106513639188989134e-09
1.092109554302142509e-09
1.077967513501595144e-09
1.063935674639464454e-09
1.050021655382789088e-09
nan
