# bin_18_18
1.216910486596106714e-06
1.238881456441242942e-06
1.251823982294315138e-06
1.276503765053869153e-06
1.294246168557213645e-06
1.320613028169321188e-06
1.341238324054154701e-06
1.367670166058287339e-06
1.387682575201836800e-06
1.414342411783023470e-06
1.437207906798250908e-06
1.458630002755581645e-06
1.484175419912504993e-06
1.506257733043627039e-06
1.528321631637699399e-06
1.547037941161288477e-06
1.563251996452495654e-06
1.584307846366161648e-06
1.604853829081004084e-06
1.621903591038834860e-06
1.639624593040076833e-06
1.659905886910989173e-06
1.679080029580254650e-06
1.695224955816878240e-06
1.710659358796839198e-06
1.726650838438076006e-06
1.740485308933007602e-06
1.751139512117026733e-06
1.760959455693579107e-06
1.771382048770806111e-06
1.783231221088854599e-06
1.794789008511675551e-06
1.804590372454892970e-06
1.813301286596172782e-06
1.821375018212428506e-06
1.829112448269476370e-06
1.836705783995939688e-06
1.842861997259815145e-06
1.846987748650077333e-06
1.850022735921030659e-06
1.852647793261361648e-06
1.855346918983600907e-06
1.858454791998585443e-06
1.862193234037800916e-06
1.866303664522255931e-06
1.870180414144257971e-06
1.873529514212554507e-06
1.876136860271376024e-06
1.877851475473043020e-06
1.878572135349971073e-06
1.878236667596604052e-06
1.876813385964899414e-06
1.874359882228410857e-06
1.871034777323335779e-06
1.866961678337716254e-06
1.862246794817934884e-06
1.856981542209322942e-06
1.851244729727901046e-06
1.845104403327995412e-06
1.838619401658786261e-06
1.831840672577626627e-06
1.824835845881335866e-06
1.817611388886588526e-06
1.810130360265623873e-06
1.802366252790706813e-06
1.794301174485009521e-06
1.785924320014883051e-06
1.777230685963790864e-06
1.768219991270558054e-06
1.758895770441541244e-06
1.749264612395284742e-06
1.739335522161456885e-06
1.729218902051352917e-06
1.719007988585925664e-06
1.708690665842238277e-06
1.698258479758265327e-06
1.687706051976262631e-06
1.677030577103785099e-06
1.666231391634114992e-06
1.655309604470762235e-06
1.644267780446475817e-06
1.633109669456800111e-06
1.621839974875122923e-06
1.610464155809167577e-06
1.598988258521229805e-06
1.587459298271067692e-06
1.575924108284920091e-06
1.564388635448239002e-06
1.552858582048048461e-06
1.541339400103629985e-06
1.529836288560123063e-06
1.518354192847072546e-06
1.506897806378396308e-06
1.495471573633756429e-06
1.484079694515659616e-06
1.472726129723115541e-06
1.461414606922396368e-06
1.450148627529475631e-06
1.438931473947821428e-06
1.427766217130069606e-06
1.416655724353457354e-06
1.405565364255202210e-06
1.394476338762483900e-06
1.383412880859340431e-06
1.372396469809033762e-06
1.361446093501518911e-06
1.350578486068827914e-06
1.339808343183796146e-06
1.329148517209308863e-06
1.318610194143903369e-06
1.308203054112253136e-06
1.297935416972739660e-06
1.287814374456910774e-06
1.277845910114784992e-06
1.268035008213895845e-06
1.258385752627123160e-06
1.248901416643131862e-06
1.239584544542489033e-06
1.230437025701018926e-06
1.221376160787545389e-06
1.212333982942611559e-06
1.203332201767995674e-06
1.194390254389786310e-06
1.185525497779408351e-06
1.176753385177821540e-06
1.168087627976155703e-06
1.159540344285184025e-06
1.151122195316524799e-06
1.142842510599235081e-06
1.134709402965497416e-06
1.126729874157463529e-06
1.118909911833222763e-06
1.111254578682537705e-06
1.103768094301826649e-06
1.096453910422200075e-06
1.089314780033776213e-06
1.082352820903379021e-06
1.075569573940742930e-06
1.068966056830115750e-06
1.062542813309219513e-06
1.056299958445745803e-06
1.050184229981554683e-06
1.044144791491255650e-06
1.038184777348194718e-06
1.032306918210860330e-06
1.026513573020342597e-06
1.020806758639602188e-06
1.015188177310485887e-06
1.009659242090786268e-06
1.004221100421076114e-06
9.988746559594998066e-07
9.936205888121360782e-07
9.884593742767660607e-07
9.833913002089339881e-07
9.784164831109467011e-07
9.735348830368392507e-07
9.687463173993695989e-07
9.640504737586353468e-07
9.594469216659980048e-07
9.549351236314954516e-07
9.505144452778880413e-07
9.461841647398398526e-07
9.419434813623915095e-07
9.377915237489702499e-07
9.337273572054663488e-07
9.297499906235275686e-07
9.258727389099069300e-07
9.221025139592363730e-07
9.184291981041716075e-07
9.148433297320844988e-07
9.113360646875894994e-07
9.078991399545197048e-07
9.045248394771410506e-07
8.979357907306405952e-07
8.947080649298649485e-07
8.915169529565718167e-07
8.883570270322811772e-07
8.852232394118765784e-07
8.821108999455446071e-07
8.790156549388849916e-07
8.759334672338051405e-07
8.697935862325074140e-07
8.667292377010640418e-07
8.636646036088505787e-07
8.605969685870621012e-07
8.575238361630251594e-07
8.544429155889194091e-07
8.513521094222782544e-07
8.451333474672688119e-07
8.420020612157051003e-07
8.388542082064674990e-07
8.356884946323525300e-07
8.293530175424334248e-07
8.262828328910227703e-07
8.232829417455959595e-07
8.203436998222284578e-07
8.174560496812586768e-07
8.118020476914999277e-07
8.090202483009444275e-07
8.062590920771929279e-07
8.007729313665560302e-07
7.980360798121118256e-07
7.952961338560703480e-07
7.925481159744423504e-07
7.870096515586456603e-07
7.842108938141881487e-07
7.813874082205534086e-07
7.756527775876086219e-07
7.727355337485984726e-07
7.697813372115141665e-07
7.637524139873961118e-07
7.606733634458331627e-07
7.543766959222371757e-07
7.511558487994862723e-07
7.478847754651621264e-07
7.411871937270386768e-07
7.377586512099225975e-07
7.307379293248609537e-07
7.271444471252095449e-07
7.198587883710076168e-07
7.161874538311492083e-07
7.125001301403923255e-07
7.050859607058168106e-07
7.013631026787163349e-07
6.938951436871763333e-07
6.901535128358142113e-07
6.826630352586081562e-07
6.789172010272253380e-07
6.714313525962370317e-07
6.676939462425847693e-07
6.602362287520626240e-07
6.528087137660425921e-07
6.491088587400478225e-07
6.417416656636985744e-07
6.380760708571463004e-07
6.307849113906137582e-07
6.235520115435870311e-07
6.199590959731628765e-07
6.128233901358204820e-07
6.092817206638803955e-07
6.022533123069216273e-07
5.953012160588789616e-07
5.918548324000201511e-07
5.850232611430213054e-07
5.782754925650532105e-07
5.749337776447640372e-07
5.682333846170395669e-07
5.614750561536141711e-07
5.546860218977527157e-07
5.512878401446066905e-07
5.444986167623065651e-07
5.377366742413304879e-07
5.310216095382404289e-07
5.276872761174322781e-07
5.210753055085728424e-07
5.145514902219609773e-07
5.081295918719469754e-07
5.018219745774042451e-07
4.987145288358120481e-07
4.925987139348384411e-07
4.866226433606634571e-07
4.807945647054462996e-07
4.751217427413719413e-07
4.696105343324504916e-07
4.642664580359339203e-07
4.590942587740813919e-07
4.540979679286012211e-07
4.492809591839110178e-07
4.446460004212209581e-07
4.401953019431923481e-07
4.359305612883803972e-07
4.318530048757237900e-07
4.279694720052362292e-07
4.242752501620357743e-07
4.207546834784154313e-07
4.173931008221502720e-07
4.141767576610096448e-07
4.110927814164446884e-07
4.081291200870939656e-07
4.052744939373629973e-07
4.025183500599060650e-07
3.998508196334522430e-07
3.972626777091570746e-07
3.947453053695638365e-07
3.910844814199238704e-07
3.887099866272474785e-07
3.863803720464949842e-07
3.840893342301567583e-07
3.818310039866252051e-07
3.784929962294361438e-07
3.762933801806423975e-07
3.741089931260472966e-07
3.719356240946693672e-07
3.686877778575843679e-07
3.665255246283047441e-07
3.643618792178070066e-07
3.611074095245827047e-07
3.589278830823175689e-07
3.567556684264314136e-07
3.537023772405568714e-07
3.518001957313841306e-07
3.491121404172831197e-07
3.474115019694400648e-07
3.457700335174370940e-07
3.433946655732179413e-07
3.418540527864284696e-07
3.395840470705027778e-07
3.380853753717643322e-07
3.358395337703209005e-07
3.343331558584357709e-07
3.320432572198593757e-07
3.296989425457251906e-07
3.280967222507715690e-07
3.256220838765511048e-07
3.239182947143674808e-07
3.212715187116386135e-07
3.185047025227728630e-07
3.165881309692132651e-07
3.135981784078175755e-07
3.104627025605125614e-07
3.082879175985554922e-07
3.048943631455589296e-07
3.013383823513813255e-07
2.976154709696470207e-07
2.950389624442117850e-07
2.911540185176007378e-07
2.873423223612853168e-07
2.836023365929504612e-07
2.799325544597065844e-07
2.775243047402873754e-07
2.739682626968343182e-07
2.704785539812779444e-07
2.670537817162139529e-07
2.636925781931628282e-07
2.603936044856492140e-07
2.571555500437728219e-07
2.539771322730843494e-07
2.508570961003171941e-07
2.477942135282803213e-07
2.447872831819969941e-07
2.418351298479699901e-07
2.389366040082715516e-07
2.360905813709840544e-07
2.323756592402521832e-07
2.296479099947250598e-07
2.269690924360332534e-07
2.243381861273647112e-07
2.217541933427904754e-07
2.192161386012322644e-07
2.159018795026469610e-07
2.134673414914908489e-07
2.111133082597258431e-07
2.082734336720737762e-07
2.063520612792861684e-07
2.045891164238143153e-07
2.024556302703004998e-07
2.009978229317670797e-07
1.996455947090866134e-07
1.979832214538733282e-07
1.968253844520543178e-07
1.953777935426571182e-07
1.943501281210819348e-07
1.930381569010937345e-07
1.920858395035245210e-07
1.908420436272284861e-07
1.899184690259058684e-07
1.886856520019023379e-07
1.874369244052905233e-07
1.864813242260599892e-07
1.851713531235885070e-07
1.838096206147354063e-07
1.827479006824332673e-07
1.812706269730736755e-07
1.797149401732355082e-07
1.780730699756298016e-07
1.763381489347116385e-07
1.749722343858075877e-07
1.730637504024491100e-07
1.711261216669304844e-07
1.691921878655088408e-07
1.672653337664408588e-07
1.653486681058087557e-07
1.634450417610240657e-07
1.615570647544156277e-07
1.596871221645997420e-07
1.578373890179035442e-07
1.560098442270901373e-07
1.542062836399772443e-07
1.524283322562279762e-07
1.502441244005475127e-07
1.485289267249805973e-07
1.468435729731773790e-07
1.451890811879094617e-07
1.431657261086139347e-07
1.415837960162864387e-07
1.400352603321468838e-07
1.381474092192786461e-07
1.366759570243169944e-07
1.352394370122579775e-07
1.334933711040144404e-07
1.321364659905287249e-07
1.304905306823095659e-07
1.292140545059847583e-07
1.276688570147340461e-07
1.264801707173237344e-07
1.250608529378292972e-07
1.237089171578890883e-07
1.226714665414300476e-07
1.214246264175864591e-07
1.202279777501909083e-07
1.193032041984211920e-07
1.181837361523420816e-07
1.171004953023537495e-07
1.160491672366601380e-07
1.150257550255977973e-07
1.140265584783838043e-07
1.130481547490817234e-07
1.122782683599736508e-07
1.113294826694275341e-07
1.103932313781718010e-07
1.092827347968628825e-07
1.083654536018439678e-07
1.074533146962799062e-07
1.065443893716594218e-07
1.056369100069985826e-07
1.047292594055998185e-07
1.036377827076279021e-07
1.027247411559457554e-07
1.018072518990893459e-07
1.008842276322355908e-07
9.976946767539660795e-08
9.884126649785768695e-08
9.773138726939281135e-08
9.681097305792937782e-08
9.571324363028749910e-08
9.480510491977906264e-08
9.372446377383121981e-08
9.283236647890700000e-08
9.177294156667320269e-08
9.072657211926394456e-08
8.986523197656241192e-08
8.884509898312002396e-08
8.784036394524769233e-08
8.685168587704398427e-08
8.587964639087918083e-08
8.492475535748674725e-08
8.398745618071798260e-08
8.306813071354426865e-08
8.216710383997756009e-08
8.128464774581503089e-08
8.042098589947818445e-08
7.957629676270689889e-08
7.875071724947017584e-08
7.794434595016102884e-08
7.715724613694507048e-08
7.626335938389970176e-08
7.551801910360355555e-08
7.478895919206691022e-08
7.395637317496350319e-08
7.325753759477964804e-08
7.245880095752765701e-08
7.178782704080328614e-08
7.102031950983199213e-08
7.037507187726872731e-08
6.963642406035389517e-08
6.891241441395060783e-08
6.820245372319180004e-08
6.760467342117079507e-08
6.691934281184322986e-08
6.624653932554444038e-08
6.558578182170548634e-08
6.493661346354627807e-08
6.429860036502342608e-08
6.367133031847915459e-08
6.305441159784638783e-08
6.244747183261475692e-08
6.185015694808776111e-08
6.126213016776340310e-08
6.060106243465421679e-08
6.003187958872773764e-08
5.947102885934708506e-08
5.883990762331275525e-08
5.829600365049830687e-08
5.768501409898390084e-08
5.716108712127573826e-08
5.657195000360635118e-08
5.606275084782586624e-08
5.548565486230435595e-08
5.491266418752401096e-08
5.434656004861649716e-08
5.385621010062747120e-08
5.330045486371645225e-08
5.274861437661986660e-08
5.219953737270070946e-08
5.165186958258910841e-08
5.110768043443707157e-08
5.056949307358788257e-08
5.003961695491783978e-08
4.945582322302917098e-08
4.894473090209855832e-08
4.844054799675560404e-08
4.788376546277387823e-08
4.739986555824999528e-08
4.692783492092823567e-08
4.641118104028757293e-08
4.590758444062320689e-08
4.546993736203735916e-08
4.498782898330869365e-08
4.451558331278210526e-08
4.410419975258987508e-08
4.365204682018098456e-08
4.320927882835810343e-08
4.277395344330402815e-08
4.234428191347425011e-08
4.191892934654341356e-08
4.149915786287957082e-08
4.103952330040103450e-08
4.063173194485054846e-08
4.022931302260247164e-08
3.978817921470751899e-08
3.939560784986592966e-08
3.900772577784997220e-08
3.858328657081598025e-08
3.816676447086529554e-08
3.779946387015594603e-08
3.739918293149575215e-08
3.700619316145089134e-08
3.662063860148072089e-08
3.628009730629424644e-08
3.590898646736969498e-08
3.554565466504446590e-08
3.515464931265712914e-08
3.480632186194424814e-08
3.446412401560611545e-08
3.412746019115192320e-08
3.376308273085728540e-08
3.343768431119732061e-08
3.311761477871344210e-08
3.277128962745399460e-08
3.243058194582759770e-08
3.212537910617484856e-08
3.179437468170117535e-08
3.146854853820297140e-08
3.114818254681285310e-08
3.083352754402542081e-08
3.052479006241053528e-08
3.022152532602452494e-08
2.992347327026026592e-08
2.963066156276268175e-08
2.934310881901724132e-08
2.903542460878955629e-08
2.875890763480687671e-08
2.846304295688619700e-08
2.819676886759369577e-08
2.791128038060652320e-08
2.763062028113701380e-08
2.737736034298652332e-08
2.710552328788021243e-08
2.683829314645019922e-08
2.657562351241499165e-08
2.631746589286407296e-08
2.606374317678859586e-08
2.579359144784029646e-08
2.554853747754937104e-08
2.530764161544893030e-08
2.505137152987139254e-08
2.481914712549240714e-08
2.457205023136831942e-08
2.432945544457282112e-08
2.409127368497660346e-08
2.387525466692796635e-08
2.364531441326102070e-08
2.341953446954490006e-08
2.319778902944842977e-08
2.296333704261088918e-08
2.274952906468698368e-08
2.253934331597348904e-08
2.231692001642365938e-08
2.211396842453145906e-08
2.189917857134931945e-08
2.168821335064810236e-08
2.149566447684124569e-08
2.129181895267978133e-08
2.109150206227595466e-08
2.089464237339697284e-08
2.070117505036983734e-08
2.049758055369849701e-08
2.031093335507068345e-08
2.012742768769689394e-08
1.993421985016955197e-08
1.975701266020777046e-08
1.957042782676112247e-08
1.938717117169366285e-08
1.920712976216701819e-08
1.903021479221598028e-08
1.885636910034068304e-08
1.868553622533591723e-08
1.851766043129553316e-08
1.835265532912136324e-08
1.817971111848344696e-08
1.802039332487966040e-08
1.785340325813085599e-08
1.769956368638095881e-08
1.753829171190469730e-08
1.737983070770270727e-08
1.722412211721139528e-08
1.707111167797292674e-08
1.692074607405457671e-08
1.676381585532986759e-08
1.661869129214971583e-08
1.646716562427547557e-08
1.632701268263555356e-08
1.618065746340805040e-08
1.603687965498686226e-08
1.589559660068240347e-08
1.575674263121454128e-08
1.562026493327827706e-08
1.548611195878870694e-08
1.534654555076612966e-08
1.521700384640380444e-08
1.508217807957822872e-08
1.495700195314139637e-08
1.482669939664854158e-08
1.469864795314205969e-08
1.457278676286564618e-08
1.444904776462951007e-08
1.432738556854276005e-08
1.420116894822716930e-08
1.408363899448875497e-08
1.396168403606488916e-08
1.384807645692601441e-08
1.373014753188356940e-08
1.361421983353755413e-08
1.350025082082612546e-08
1.338819684578919033e-08
1.327224568952114388e-08
1.316394630453500518e-08
1.305185692498001314e-08
1.294714831707768904e-08
1.283875827188700037e-08
1.273218730176768292e-08
1.262738619438471935e-08
1.252431685558880720e-08
1.242294210781083611e-08
1.231828273827881746e-08
1.222025965557101390e-08
1.211901941037344418e-08
1.201946629958245382e-08
1.192156279506829500e-08
1.182527233767481859e-08
1.173055440595987224e-08
1.163736122769351349e-08
1.154132899619917910e-08
1.145115459179739820e-08
1.135821543158291619e-08
1.126680435876069029e-08
1.117687387114289205e-08
1.108838950720964154e-08
1.100131997196680087e-08
1.091177238467071927e-08
1.082750202134166296e-08
1.074080387359072904e-08
1.065550410104036525e-08
1.057157231030189060e-08
1.048897887678226481e-08
1.040769490918647430e-08
1.032768381975640328e-08
1.024551437411063346e-08
1.016466426926591497e-08
1.008839428994035121e-08
1.001004515428616403e-08
9.929740968004014069e-09
9.853869413834858609e-09
9.779166791384150913e-09
9.702567303229035483e-09
9.627180930902556669e-09
9.552978917059952752e-09
9.479927641931290324e-09
9.408000092940622908e-09
9.337170763619757251e-09
9.264646641058051454e-09
9.195981360520216969e-09
9.125652430903557183e-09
9.056400940544910113e-09
8.988201580187167035e-09
8.918466497043346129e-09
8.852336711586757494e-09
8.784698798726473247e-09
8.718090022959861629e-09
8.652485951612878656e-09
8.587862932966169774e-09
8.524198065465205502e-09
8.459163149956450334e-09
8.395109713310694579e-09
8.334251452187797065e-09
8.272058300033538810e-09
8.208607349596071816e-09
8.148252705491599865e-09
8.086661174146035933e-09
8.028059580646225213e-09
7.968240927481890975e-09
7.909292660293372376e-09
7.849206147241132670e-09
7.791967964972518434e-09
7.733609844863974870e-09
7.676099298261950201e-09
7.619416106713947654e-09
7.563540882941404951e-09
7.508456913420699574e-09
7.452348833635904824e-09
7.397046089894481496e-09
7.342529172154933813e-09
7.288779261213938568e-09
7.235781002663645563e-09
7.181844539523529539e-09
7.130322585330423582e-09
7.077872725261003734e-09
7.024545789067416070e-09
6.973558145115278337e-09
6.923269458933140385e-09
6.872123183321882217e-09
6.821683825327006355e-09
6.771933878947222542e-09
6.721381301509513842e-09
6.672988896674901226e-09
6.623806836649280025e-09
6.575294458314375031e-09
6.527435050975788599e-09
6.478833923304942379e-09
6.432259172225364519e-09
6.384956106519006935e-09
6.338287426685000455e-09
6.290930389255989285e-09
6.245500399338189041e-09
6.199392621146034461e-09
6.153901326255409147e-09
6.109010679329029044e-09
6.063482992006827553e-09
6.019764286412687861e-09
5.975415969426288690e-09
5.931651592409705063e-09
5.887296543668768964e-09
5.844670635873826027e-09
5.801455184015079248e-09
5.758798689185279378e-09
5.716694983607809339e-09
5.674043800094979311e-09
5.631945988750208573e-09
5.590387593567216788e-09
5.549356904215438338e-09
5.508849391953827933e-09
5.467834161704477255e-09
5.427343018723701888e-09
5.387362835867254835e-09
5.346900788786362897e-09
5.307926503519256473e-09
5.268481181629247476e-09
5.228588602418529290e-09
5.190135674364358326e-09
5.151234070247629689e-09
5.112822487223457285e-09
5.074893770443586026e-09
5.036549303668131732e-09
4.998685255768142550e-09
4.961289436811434141e-09
4.924355000793796224e-09
4.887035265222393723e-09
4.850182222902805340e-09
4.813783795710346259e-09
4.777828424010498579e-09
4.741505500041270429e-09
4.705635574064141226e-09
4.670207663863192848e-09
4.634437495220563659e-09
4.599105720023959921e-09
4.564202489144651142e-09
4.529726850349753945e-09
4.494934268433034649e-09
4.460567805504700608e-09
4.426616797831052999e-09
4.392361899985681611e-09
4.358527831476408095e-09
4.325108032082698384e-09
4.291408731540058202e-09
4.258120178944580146e-09
4.225232441652037271e-09
4.192741746590875482e-09
4.159993210150364740e-09
4.127644033619504121e-09
4.095684596965205320e-09
4.063477916008349328e-09
4.031661097588907121e-09
4.000232506300606519e-09
3.968577900676747181e-09
3.937307749587535931e-09
3.906412824152407907e-09
3.875302481843124598e-09
3.844573958817649076e-09
3.814219022643805997e-09
3.784228602464585709e-09
3.754038226243711801e-09
3.723659992339214762e-09
3.694198062919024392e-09
3.664554746204047066e-09
3.635270009899878310e-09
3.605812311226350403e-09
3.576708716518831726e-09
3.547957456588308531e-09
3.519050374834158846e-09
3.490495339565441302e-09
3.461792032348455137e-09
3.433922051799046591e-09
3.405903466842705725e-09
3.377752150896012076e-09
3.349945999946478068e-09
3.322477042542242765e-09
3.295337622323272886e-09
3.268070617483295270e-09
3.240691756671251803e-09
3.214091642484726357e-09
3.186940906658775844e-09
3.160554096235274668e-09
3.134059669715804119e-09
3.107891843618030546e-09
3.081630307567775676e-09
3.055692436820077361e-09
3.030071152822059852e-09
3.004360548609354215e-09
2.978968247203454511e-09
2.953500089575433807e-09
2.928348152052516294e-09
2.903505499228511647e-09
2.878590242001646302e-09
2.853984138397285801e-09
2.829318180124504812e-09
2.804960544954493122e-09
2.780547667273096996e-09
2.756790971233721612e-09
2.732629059334426339e-09
2.708773756921127616e-09
2.685218425646006833e-09
2.661956496917525818e-09
2.638650751558396294e-09
2.615308444821923461e-09
2.592263283862498396e-09
2.569509463924578088e-09
2.546726285024231272e-09
2.524230005354832359e-09
2.501708345934111499e-09
2.479474014373151900e-09
2.457223446113645110e-09
2.435257118926513246e-09
2.413277944117903291e-09
2.391578816951198215e-09
2.370157136506328744e-09
2.348728981817713287e-09
2.327299563789264054e-09
2.306419847585350539e-09
2.285265333142844188e-09
2.264385417552662642e-09
2.243777118020794890e-09
2.223175818260511716e-09
2.202841908463362131e-09
2.182517575301866825e-09
2.162208410030038518e-09
2.142413500189895984e-09
2.122390125546860464e-09
2.102630935868248822e-09
2.083130547895337150e-09
2.063651042717867425e-09
2.044429529439934946e-09
2.025234257916717088e-09
2.006069081637642993e-09
1.987158731460440228e-09
1.968498159834186320e-09
1.949869683457515937e-09
1.931277897278613966e-09
1.912935672070479973e-09
1.894631325588582546e-09
1.876572050420110656e-09
1.858553573993935025e-09
1.840779011456937885e-09
1.823047795262598026e-09
1.805556118163875143e-09
1.788108782707395113e-09
1.770709756659635767e-09
1.753549057059133411e-09
1.736439313366680804e-09
1.719563641575865391e-09
1.702739697842225508e-09
1.685970695687165006e-09
1.669433889311709891e-09
1.653124903464033557e-09
1.636703029218621203e-09
1.620675248916695698e-09
1.604539851528524386e-09
1.588630048198213206e-09
1.572782821538170856e-09
1.557157213116351680e-09
1.541594336798479481e-09
1.526248819045295324e-09
1.510817037668797626e-09
1.495752396539206256e-09
1.480606277165150392e-09
1.465674801108569100e-09
1.450811836760055968e-09
1.436159859882194517e-09
1.421577659599832234e-09
1.407067035044425294e-09
1.392763678069884377e-09
1.378531436944444861e-09
1.364372322054011377e-09
1.350417153559143830e-09
1.336535518735679784e-09
1.322728938842698506e-09
1.309121671904495595e-09
1.295467868039981164e-09
1.282132825072851314e-09
1.268754970326618675e-09
1.255572417161424122e-09
1.242467199925364412e-09
1.229440587996320183e-09
1.216605163488440826e-09
1.203848223428093159e-09
1.191170904862375687e-09
1.178680252281741308e-09
1.166268192197198035e-09
1.153936134401361426e-09
1.141685351922331327e-09
1.129516769559439395e-09
1.117529581977635152e-09
1.105623343410556390e-09
1.093799081922796144e-09
1.082151901201359916e-09
1.070585732555269402e-09
1.059101309263350208e-09
1.047699317799837380e-09
1.036380489131334009e-09
1.025232862224000505e-09
1.014081483832638440e-09
1.003099794038721826e-09
9.922844056672178284e-10
9.814681582266045853e-10
9.707362426199501446e-10
9.601685672381872886e-10
9.496836189719685282e-10
9.392817740842995168e-10
9.289633758035224261e-10
9.188035640761311044e-10
9.086521982587636540e-10
8.986577604235501048e-10
8.887458390186718342e-10
8.789166616228937349e-10
8.691704773914522061e-10
8.595075294854415683e-10
8.499279771535491698e-10
8.404978338454254529e-10
8.310843860346849493e-10
8.218184721478698650e-10
8.126342955974891199e-10
8.035319267886861634e-10
7.945114067251150832e-10
7.855727477100407973e-10
7.767159241967036337e-10
7.679408484419512386e-10
7.592474608909153918e-10
7.506918903321981768e-10
7.421607247209463530e-10
7.337109465011115554e-10
7.253958869673523779e-10
7.171073833661196137e-10
7.089515463187014382e-10
7.008236216349305059e-10
6.928262978366830582e-10
6.848580231088166986e-10
6.770181186065985472e-10
6.692083292891078637e-10
6.615248139146705366e-10
6.538724208681066796e-10
6.463441114523663773e-10
6.388476545296681213e-10
6.314730536729801518e-10
6.241311122901579659e-10
6.168662528678590734e-10
6.097199882078049421e-10
6.026072308874137504e-10
5.955702066696641958e-10
5.886085028739419839e-10
5.817216944086209065e-10
5.749093255176767432e-10
5.681708106188819585e-10
5.615056743633564342e-10
5.548767347879988660e-10
5.483575849695416093e-10
5.418746746559879419e-10
5.354598611191971097e-10
5.291490584533072173e-10
5.228772028292086351e-10
5.166501225203031970e-10
nan
