# bin_13_11
-1.098160988202316220e-06
-9.766161787524857785e-07
-8.438293018919368754e-07
-7.395594825036599385e-07
-6.297274837415148136e-07
-5.521875523783188325e-07
-4.622089694442657896e-07
-4.089398957322317635e-07
-3.363155736468970794e-07
-2.987612646672322998e-07
-2.421954019769862554e-07
-2.168620831491916816e-07
-1.731545666345459494e-07
-1.479346123976566136e-07
-1.286422313615352469e-07
-1.129108933147018368e-07
-9.991310337546273857e-08
-8.839036699821685724e-08
-7.525379577659520034e-08
-6.099993064463713879e-08
-4.852779418513287779e-08
-3.922588705684272379e-08
-3.215232024413761813e-08
-2.628202963210011302e-08
-2.191741056529334331e-08
-1.914519538185280859e-08
-1.742902371552367477e-08
-1.608069137399357167e-08
-1.491732676613831486e-08
-1.381894345521823468e-08
-1.270911421576829572e-08
-1.086221722789367971e-08
-8.129414808136786502e-09
-5.134760260622890658e-09
-2.305495184026045189e-09
7.463116537183495162e-11
1.826153342837140099e-09
3.251874867391700015e-09
4.621741383053739634e-09
5.806784716888948090e-09
6.720385354758535516e-09
7.307648466146151565e-09
7.537307459679324573e-09
7.395548721970523977e-09
6.724112671440646250e-09
5.578966386279234139e-09
4.221934458079812843e-09
2.852583603522562284e-09
1.620909078313858884e-09
6.374883889335485047e-10
-1.838015927274071236e-11
-2.921465743168062135e-10
-3.538141272698716574e-10
-4.009627861570425883e-10
-4.355079451334786974e-10
-4.591219347244874370e-10
-4.732664617877339752e-10
-4.792203973190509199e-10
-4.781036313983368028e-10
-4.708975949527961482e-10
-4.584629497008891086e-10
-4.284496872362770960e-10
-3.742588163009865683e-10
-3.040960684186890932e-10
-2.247606043379685185e-10
-1.418568418170230872e-10
-5.997467422518456484e-11
1.715705544621268591e-11
8.653974426352649540e-11
1.457934526718503855e-10
1.930616731315468492e-10
2.269300076000356493e-10
2.520334894844103556e-10
2.738259151340837285e-10
2.924165978743738807e-10
3.079218221699001964e-10
3.204627000074810526e-10
3.301633907412046286e-10
3.371496286649487668e-10
3.415475110685236843e-10
3.434825066981825441e-10
3.430786505956858484e-10
3.404578964109079728e-10
3.357396016200662625e-10
3.290401247588842150e-10
3.150509115572398125e-10
2.904216711598870385e-10
2.579136559654889731e-10
2.199361041116426723e-10
1.785856091545394064e-10
1.356811188565836548e-10
9.279506492999347512e-11
5.128106508237280105e-11
1.229858590738222675e-11
-2.316509097542274418e-11
-5.427529749085626326e-11
-8.033253569854046128e-11
-1.007569267089167318e-10
-1.150743434360192338e-10
-1.229040426029666422e-10
-1.239476324421635017e-10
-1.199342857011465453e-10
-1.131978274183407270e-10
-1.043486407969608714e-10
-9.393068182976657741e-11
-8.242781882938542422e-11
-7.026957085043664425e-11
-5.783630401942884058e-11
-4.546393869636263431e-11
-3.344821496469534517e-11
-2.204855910688914081e-11
-1.149158940407032190e-11
-1.974295740881807716e-12
6.333075951463026429e-12
1.328440646559463647e-11
1.875532811530341601e-11
2.264106884764844862e-11
2.485449517652018470e-11
2.532433543521620128e-11
2.383380314417828658e-11
2.041189001990627206e-11
1.534659494271118936e-11
8.900570001711073896e-12
1.313141430185900819e-12
-7.197831508764611390e-12
-1.643424614603476309e-11
-2.621618219394828922e-11
-3.638045243415732875e-11
-4.677926802489938661e-11
-5.727900903789926828e-11
-6.775909164474133290e-11
-7.811092410823596845e-11
-8.823694440327235635e-11
-9.804973290030397367e-11
-1.074711940986946631e-10
-1.164318019018986011e-10
-1.248699033864045823e-10
-1.327310764358476856e-10
-1.399675369944073566e-10
-1.465375920429244939e-10
-1.524051347202813631e-10
-1.581733771479254708e-10
-1.643796955711909770e-10
-1.709014336161251360e-10
-1.776263640967032357e-10
-1.844519422980894651e-10
-1.912846118281923224e-10
-1.980391592175465183e-10
-2.046381137392805685e-10
-2.110111891890781188e-10
-2.170947646116176879e-10
-2.228314011869036780e-10
-2.281693926987182325e-10
-2.330623471997516701e-10
-2.374687976651721766e-10
-2.413518395896560945e-10
-2.446787936335103825e-10
-2.474208915623747540e-10
-2.495529838531860887e-10
-2.510532674573741463e-10
-2.519030323215451854e-10
-2.520864253668582753e-10
-2.515902307215767878e-10
-2.504036650875670701e-10
-2.485181872012735727e-10
-2.459273204235247469e-10
-2.424777194137514586e-10
-2.380956868450607820e-10
-2.328900976757394628e-10
-2.269627501816318359e-10
-2.204087797514588619e-10
-2.133170483706811862e-10
-2.057705112833790191e-10
-1.896173585300728205e-10
-1.811501273316431692e-10
-1.725074539984835432e-10
-1.637475538743611653e-10
-1.549245283231252039e-10
-1.460886060165244768e-10
-1.372863703437049796e-10
-1.285609737661410481e-10
-1.114973539828362870e-10
-1.032300426063553390e-10
-9.518174301575720180e-11
-8.738126291107009519e-11
-7.985503111002244372e-11
-7.262723966731906825e-11
-6.571997793611099336e-11
-5.294563917247389632e-11
-4.711333019607841029e-11
-4.167130582560798754e-11
-3.663290186075666335e-11
-2.770538475426638146e-11
-2.360422376126250824e-11
-1.969167815206207372e-11
-1.595368586359734726e-11
-1.237693357217499877e-11
-5.657419959462504255e-12
-2.491452887389452948e-12
5.597506342732663525e-13
6.357663578712434084e-12
9.122915465128625569e-12
1.181054176805066109e-11
1.442857497571678535e-11
1.948575331312383407e-11
2.193879030394239797e-11
2.435005919936081606e-11
2.907087463740371823e-11
3.139135119003173591e-11
3.369195350035901137e-11
3.825196354772615940e-11
4.051988249161481786e-11
4.505086224035720728e-11
4.732091723160974813e-11
4.959830026770681697e-11
5.418663728558582518e-11
5.650289351861324256e-11
6.119146619472292111e-11
6.356802665111318132e-11
6.848566537154403000e-11
7.103385670497044360e-11
7.362779771458985086e-11
7.891464366044705765e-11
8.158966139249834216e-11
8.696170407691764220e-11
8.964358355720265825e-11
9.496428155898473143e-11
9.759034772881332400e-11
1.027447265328325274e-10
1.052623746050074034e-10
1.101542749526174092e-10
1.148259585797621531e-10
1.170693495047636220e-10
1.213536875192269723e-10
1.233883170787495114e-10
1.272283261285835326e-10
1.307461159616635338e-10
1.323786697177613292e-10
1.353815874428768883e-10
1.367486281530171712e-10
1.392066757589630822e-10
1.412886809291848790e-10
1.421861440148387923e-10
1.436899694393863975e-10
1.448015483687951112e-10
1.452090740663920529e-10
1.458352718363174180e-10
1.462890868178757050e-10
1.465805039186170660e-10
1.466682873816322826e-10
1.467336747674985570e-10
1.466593653637162551e-10
1.464536094269586612e-10
1.463038974972212346e-10
1.459154951303580447e-10
1.454144188612670158e-10
1.448074964770852757e-10
1.441011979808173767e-10
1.437127115152023957e-10
1.428687447458766089e-10
1.419401356792110390e-10
1.409322471177627664e-10
1.398501626937873896e-10
1.386987016820228644e-10
1.374824329732758644e-10
1.362056882601596306e-10
1.348725744829416149e-10
1.334869855802965974e-10
1.320526135868364630e-10
1.305729591165596519e-10
1.290513412688305211e-10
1.274909069911440015e-10
1.254183300049777375e-10
1.224464300027029630e-10
1.187005729221098841e-10
1.142974075864630584e-10
1.093454007706428401e-10
1.039453394946610806e-10
9.819080263066267118e-11
9.216860376943656034e-11
8.595920716233046715e-11
7.963711843358516111e-11
7.327125164571287775e-11
6.692527419610896910e-11
5.757083420251315380e-11
5.152156579181420062e-11
4.567821175967311561e-11
4.008456954137491188e-11
3.478074795302167344e-11
2.744771127521784972e-11
2.302175560637941775e-11
1.900016268645940803e-11
1.540910649554651407e-11
1.088072986759318504e-11
8.464009451250021857e-12
6.550187424961367383e-12
4.656438253021197718e-12
4.064868077346310657e-12
3.956134203361299742e-12
3.926077462425428454e-12
3.925170204617249518e-12
3.948124493641804041e-12
3.977270003267927739e-12
4.015722513638877468e-12
4.087786362487721753e-12
4.143514685096623359e-12
4.235620258762681903e-12
4.301076455853709259e-12
4.402774976319339217e-12
4.471539855500795969e-12
4.573965672678667936e-12
4.673155366302689428e-12
4.736277293247498625e-12
4.824812726926002284e-12
4.878864671419002596e-12
4.951121470932996936e-12
5.011320871163371324e-12
5.044014670933572338e-12
5.080904415360226588e-12
5.102154008034508598e-12
5.107104954594900201e-12
5.100013392500637728e-12
5.074771721326476339e-12
5.030669701193065699e-12
4.990489782537089952e-12
4.895548495728400965e-12
4.749720464462903981e-12
4.560542261482709176e-12
4.334986782966456972e-12
4.167610911248099677e-12
3.895508021960583706e-12
3.603142152052790420e-12
3.295720015001843329e-12
2.978038749099631459e-12
2.654513059831437307e-12
2.329200593047016790e-12
2.005825658006179831e-12
1.687801410953291551e-12
1.378250602080342329e-12
1.080024981523015570e-12
7.957234533549411048e-13
5.277090603591609967e-13
2.781248766222092916e-13
-2.266302048083808930e-14
-2.220353418207141296e-13
-3.972386039857297769e-13
-5.469228611309218697e-13
-6.698890698274406674e-13
-7.650786359921379226e-13
-8.472037837437748884e-13
-8.741813199596029825e-13
-8.772799120529045612e-13
-8.772912554468259107e-13
-8.760108374372063681e-13
-8.737703900565882261e-13
-8.694984848593939317e-13
-8.654768945682794221e-13
-8.608707892056565169e-13
-8.539874623358069996e-13
-8.483852648084915282e-13
-8.404874342955209077e-13
-8.343422681047091079e-13
-8.259872957225584320e-13
-8.196842626934774987e-13
-8.113447212615420305e-13
-8.052094911007169702e-13
-7.972838863531296651e-13
-7.897484985062085316e-13
-7.844123939367637461e-13
-7.777897258392366322e-13
-7.718032328228877217e-13
-7.677746479778337308e-13
-7.630705324731335567e-13
-7.591823601633396271e-13
-7.561617063770282208e-13
-7.540536745772592141e-13
-7.530953114065201530e-13
-7.773988492559873311e-13
-1.343685719097627959e-12
-2.581428168437711642e-12
-4.394633778368035485e-12
-6.694221315840830705e-12
-9.397581370647417637e-12
-1.242816485888150427e-11
-1.571509755650721718e-11
-1.919281895429993443e-11
-2.280074384364591463e-11
-2.648294515228127768e-11
-3.018785665059782849e-11
-3.477896053949599952e-11
-3.836715345814195384e-11
-4.183733125315865715e-11
-4.515355461833998098e-11
-4.903255108956611193e-11
-5.188659902309607429e-11
-5.449014049491871773e-11
-5.735569803069178145e-11
-5.931074931373741766e-11
-6.094498059823224821e-11
-6.251060997753460411e-11
-6.336296461012505287e-11
-6.390657423200126115e-11
-6.391008177574364350e-11
-6.335920424240655235e-11
-6.240909926193634173e-11
-6.055751722583989150e-11
-5.807189171341680756e-11
-5.569639452578459143e-11
-5.232381582398480534e-11
-4.858611328538634143e-11
-4.538851460184404394e-11
-4.119630900729026506e-11
-3.685298474329183005e-11
-3.242357680643800450e-11
-2.796776391673204121e-11
-2.354023104234751906e-11
-1.919100795928942797e-11
-1.579885491100700915e-11
-1.170300359623574758e-11
-7.803392652244157408e-12
-3.432014172899479061e-12
-8.286345434825169286e-14
2.969230542012912203e-12
5.699042866466486896e-12
8.083984698102138229e-12
1.010391937508265108e-11
1.202104052685259512e-11
1.317807795748631448e-11
1.392021658835414626e-11
1.423586633917689817e-11
1.390029377626022834e-11
1.247018967684229482e-11
9.436060760676952615e-12
5.963493056510132566e-12
8.460346555853501216e-13
-4.077631095137794083e-12
-1.061989862087170477e-11
-1.648589025654839500e-11
-2.388732199628987481e-11
-3.154855583567489448e-11
-3.803586839447180803e-11
-4.583884670808240441e-11
-5.355621035908403150e-11
-6.108561186356659338e-11
-6.833378804067269108e-11
-7.521593050609445962e-11
-8.165509820610048273e-11
-8.758166911736983021e-11
-9.293282844366870007e-11
-9.765209083062740769e-11
-1.016888542958042177e-10
-1.049979837339541051e-10
-1.075394220080846696e-10
-1.092778267763157209e-10
-1.101822313337393981e-10
-1.101476003324508931e-10
-1.091589622358006900e-10
-1.073499934526016162e-10
-1.043574610872585882e-10
-1.011426196508548823e-10
-9.675499308076014615e-11
-9.253969853216276123e-11
-8.719582210187275825e-11
-8.232876323158154748e-11
-7.640547568163987977e-11
-7.030693538931837994e-11
-6.411884422842851002e-11
-5.880322026663275638e-11
-5.265217196949209968e-11
-4.661869566298848487e-11
-4.076350605833564402e-11
-3.514188113878284560e-11
-2.980403638613750654e-11
-2.479547426860350927e-11
-2.015731066225153183e-11
-1.592657976019631456e-11
-1.213651891409177444e-11
-8.816834751258136885e-12
-5.632637355733879291e-12
-3.405981681720504164e-12
-1.722759524006039450e-12
-4.869101173938929823e-13
-2.420485185611577287e-14
0.000000000000000000e+00
0.000000000000000000e+00
0.000000000000000000e+00
0.000000000000000000e+00
0.000000000000000000e+00
0.000000000000000000e+00
0.000000000000000000e+00
0.000000000000000000e+00
0.000000000000000000e+00
0.000000000000000000e+00
0.000000000000000000e+00
0.000000000000000000e+00
0.000000000000000000e+00
0.000000000000000000e+00
0.000000000000000000e+00
0.000000000000000000e+00
0.000000000000000000e+00
0.000000000000000000e+00
0.000000000000000000e+00
0.000000000000000000e+00
0.000000000000000000e+00
0.000000000000000000e+00
0.000000000000000000e+00
0.000000000000000000e+00
0.000000000000000000e+00
0.000000000000000000e+00
0.000000000000000000e+00
0.000000000000000000e+00
0.000000000000000000e+00
0.000000000000000000e+00
0.000000000000000000e+00
0.000000000000000000e+00
0.000000000000000000e+00
0.000000000000000000e+00
0.000000000000000000e+00
0.000000000000000000e+00
0.000000000000000000e+00
0.000000000000000000e+00
0.000000000000000000e+00
0.000000000000000000e+00
0.000000000000000000e+00
0.000000000000000000e+00
0.000000000000000000e+00
0.000000000000000000e+00
0.000000000000000000e+00
0.000000000000000000e+00
0.000000000000000000e+00
0.000000000000000000e+00
0.000000000000000000e+00
0.000000000000000000e+00
0.000000000000000000e+00
0.000000000000000000e+00
0.000000000000000000e+00
0.000000000000000000e+00
0.000000000000000000e+00
0.000000000000000000e+00
0.000000000000000000e+00
0.000000000000000000e+00
0.000000000000000000e+00
0.000000000000000000e+00
0.000000000000000000e+00
0.000000000000000000e+00
0.000000000000000000e+00
0.000000000000000000e+00
0.000000000000000000e+00
0.000000000000000000e+00
0.000000000000000000e+00
0.000000000000000000e+00
0.000000000000000000e+00
0.000000000000000000e+00
0.000000000000000000e+00
0.000000000000000000e+00
0.000000000000000000e+00
0.000000000000000000e+00
0.000000000000000000e+00
0.000000000000000000e+00
0.000000000000000000e+00
0.000000000000000000e+00
0.000000000000000000e+00
0.000000000000000000e+00
0.000000000000000000e+00
0.000000000000000000e+00
0.000000000000000000e+00
0.000000000000000000e+00
0.000000000000000000e+00
0.000000000000000000e+00
0.000000000000000000e+00
0.000000000000000000e+00
0.000000000000000000e+00
0.000000000000000000e+00
0.000000000000000000e+00
0.000000000000000000e+00
0.000000000000000000e+00
0.000000000000000000e+00
0.000000000000000000e+00
0.000000000000000000e+00
0.000000000000000000e+00
0.000000000000000000e+00
0.000000000000000000e+00
0.000000000000000000e+00
0.000000000000000000e+00
0.000000000000000000e+00
0.000000000000000000e+00
0.000000000000000000e+00
0.000000000000000000e+00
0.000000000000000000e+00
0.000000000000000000e+00
0.000000000000000000e+00
0.000000000000000000e+00
0.000000000000000000e+00
0.000000000000000000e+00
0.000000000000000000e+00
0.000000000000000000e+00
0.000000000000000000e+00
0.000000000000000000e+00
0.000000000000000000e+00
0.000000000000000000e+00
0.000000000000000000e+00
0.000000000000000000e+00
0.000000000000000000e+00
0.000000000000000000e+00
0.000000000000000000e+00
0.000000000000000000e+00
0.000000000000000000e+00
0.000000000000000000e+00
0.000000000000000000e+00
0.000000000000000000e+00
0.000000000000000000e+00
0.000000000000000000e+00
0.000000000000000000e+00
0.000000000000000000e+00
0.000000000000000000e+00
0.000000000000000000e+00
0.000000000000000000e+00
0.000000000000000000e+00
0.000000000000000000e+00
0.000000000000000000e+00
0.000000000000000000e+00
0.000000000000000000e+00
0.000000000000000000e+00
0.000000000000000000e+00
0.000000000000000000e+00
0.000000000000000000e+00
0.000000000000000000e+00
0.000000000000000000e+00
0.000000000000000000e+00
0.000000000000000000e+00
0.000000000000000000e+00
0.000000000000000000e+00
0.000000000000000000e+00
0.000000000000000000e+00
0.000000000000000000e+00
0.000000000000000000e+00
0.000000000000000000e+00
0.000000000000000000e+00
0.000000000000000000e+00
0.000000000000000000e+00
0.000000000000000000e+00
0.000000000000000000e+00
0.000000000000000000e+00
0.000000000000000000e+00
0.000000000000000000e+00
0.000000000000000000e+00
0.000000000000000000e+00
0.000000000000000000e+00
0.000000000000000000e+00
0.000000000000000000e+00
0.000000000000000000e+00
0.000000000000000000e+00
0.000000000000000000e+00
0.000000000000000000e+00
0.000000000000000000e+00
0.000000000000000000e+00
0.000000000000000000e+00
0.000000000000000000e+00
0.000000000000000000e+00
0.000000000000000000e+00
0.000000000000000000e+00
0.000000000000000000e+00
0.000000000000000000e+00
0.000000000000000000e+00
0.000000000000000000e+00
0.000000000000000000e+00
0.000000000000000000e+00
0.000000000000000000e+00
0.000000000000000000e+00
0.000000000000000000e+00
0.000000000000000000e+00
0.000000000000000000e+00
0.000000000000000000e+00
0.000000000000000000e+00
0.000000000000000000e+00
0.000000000000000000e+00
0.000000000000000000e+00
0.000000000000000000e+00
0.000000000000000000e+00
0.000000000000000000e+00
0.000000000000000000e+00
0.000000000000000000e+00
0.000000000000000000e+00
0.000000000000000000e+00
0.000000000000000000e+00
0.000000000000000000e+00
0.000000000000000000e+00
0.000000000000000000e+00
0.000000000000000000e+00
0.000000000000000000e+00
0.000000000000000000e+00
0.000000000000000000e+00
0.000000000000000000e+00
0.000000000000000000e+00
0.000000000000000000e+00
0.000000000000000000e+00
0.000000000000000000e+00
0.000000000000000000e+00
0.000000000000000000e+00
0.000000000000000000e+00
0.000000000000000000e+00
0.000000000000000000e+00
0.000000000000000000e+00
0.000000000000000000e+00
0.000000000000000000e+00
0.000000000000000000e+00
0.000000000000000000e+00
0.000000000000000000e+00
0.000000000000000000e+00
0.000000000000000000e+00
0.000000000000000000e+00
0.000000000000000000e+00
0.000000000000000000e+00
0.000000000000000000e+00
0.000000000000000000e+00
0.000000000000000000e+00
0.000000000000000000e+00
0.000000000000000000e+00
0.000000000000000000e+00
0.000000000000000000e+00
0.000000000000000000e+00
0.000000000000000000e+00
0.000000000000000000e+00
0.000000000000000000e+00
0.000000000000000000e+00
0.000000000000000000e+00
0.000000000000000000e+00
0.000000000000000000e+00
0.000000000000000000e+00
0.000000000000000000e+00
0.000000000000000000e+00
0.000000000000000000e+00
0.000000000000000000e+00
0.000000000000000000e+00
0.000000000000000000e+00
0.000000000000000000e+00
0.000000000000000000e+00
0.000000000000000000e+00
0.000000000000000000e+00
0.000000000000000000e+00
0.000000000000000000e+00
0.000000000000000000e+00
0.000000000000000000e+00
0.000000000000000000e+00
0.000000000000000000e+00
0.000000000000000000e+00
0.000000000000000000e+00
0.000000000000000000e+00
0.000000000000000000e+00
0.000000000000000000e+00
0.000000000000000000e+00
0.000000000000000000e+00
0.000000000000000000e+00
0.000000000000000000e+00
0.000000000000000000e+00
0.000000000000000000e+00
0.000000000000000000e+00
0.000000000000000000e+00
0.000000000000000000e+00
0.000000000000000000e+00
0.000000000000000000e+00
0.000000000000000000e+00
0.000000000000000000e+00
0.000000000000000000e+00
0.000000000000000000e+00
0.000000000000000000e+00
0.000000000000000000e+00
0.000000000000000000e+00
0.000000000000000000e+00
0.000000000000000000e+00
0.000000000000000000e+00
0.000000000000000000e+00
0.000000000000000000e+00
0.000000000000000000e+00
0.000000000000000000e+00
0.000000000000000000e+00
0.000000000000000000e+00
0.000000000000000000e+00
0.000000000000000000e+00
0.000000000000000000e+00
0.000000000000000000e+00
0.000000000000000000e+00
0.000000000000000000e+00
0.000000000000000000e+00
0.000000000000000000e+00
0.000000000000000000e+00
0.000000000000000000e+00
0.000000000000000000e+00
0.000000000000000000e+00
0.000000000000000000e+00
0.000000000000000000e+00
0.000000000000000000e+00
0.000000000000000000e+00
0.000000000000000000e+00
0.000000000000000000e+00
0.000000000000000000e+00
0.000000000000000000e+00
0.000000000000000000e+00
0.000000000000000000e+00
0.000000000000000000e+00
0.000000000000000000e+00
0.000000000000000000e+00
0.000000000000000000e+00
0.000000000000000000e+00
0.000000000000000000e+00
0.000000000000000000e+00
0.000000000000000000e+00
0.000000000000000000e+00
0.000000000000000000e+00
0.000000000000000000e+00
0.000000000000000000e+00
0.000000000000000000e+00
0.000000000000000000e+00
0.000000000000000000e+00
0.000000000000000000e+00
0.000000000000000000e+00
0.000000000000000000e+00
0.000000000000000000e+00
0.000000000000000000e+00
0.000000000000000000e+00
0.000000000000000000e+00
0.000000000000000000e+00
0.000000000000000000e+00
0.000000000000000000e+00
0.000000000000000000e+00
0.000000000000000000e+00
0.000000000000000000e+00
0.000000000000000000e+00
0.000000000000000000e+00
0.000000000000000000e+00
0.000000000000000000e+00
0.000000000000000000e+00
0.000000000000000000e+00
0.000000000000000000e+00
0.000000000000000000e+00
0.000000000000000000e+00
0.000000000000000000e+00
0.000000000000000000e+00
0.000000000000000000e+00
0.000000000000000000e+00
0.000000000000000000e+00
0.000000000000000000e+00
0.000000000000000000e+00
0.000000000000000000e+00
0.000000000000000000e+00
0.000000000000000000e+00
0.000000000000000000e+00
0.000000000000000000e+00
0.000000000000000000e+00
0.000000000000000000e+00
0.000000000000000000e+00
0.000000000000000000e+00
0.000000000000000000e+00
0.000000000000000000e+00
0.000000000000000000e+00
0.000000000000000000e+00
0.000000000000000000e+00
0.000000000000000000e+00
0.000000000000000000e+00
0.000000000000000000e+00
0.000000000000000000e+00
0.000000000000000000e+00
0.000000000000000000e+00
0.000000000000000000e+00
0.000000000000000000e+00
0.000000000000000000e+00
0.000000000000000000e+00
0.000000000000000000e+00
0.000000000000000000e+00
0.000000000000000000e+00
0.000000000000000000e+00
0.000000000000000000e+00
0.000000000000000000e+00
0.000000000000000000e+00
0.000000000000000000e+00
0.000000000000000000e+00
0.000000000000000000e+00
0.000000000000000000e+00
0.000000000000000000e+00
0.000000000000000000e+00
0.000000000000000000e+00
0.000000000000000000e+00
0.000000000000000000e+00
0.000000000000000000e+00
0.000000000000000000e+00
0.000000000000000000e+00
0.000000000000000000e+00
0.000000000000000000e+00
0.000000000000000000e+00
0.000000000000000000e+00
0.000000000000000000e+00
0.000000000000000000e+00
0.000000000000000000e+00
0.000000000000000000e+00
0.000000000000000000e+00
0.000000000000000000e+00
0.000000000000000000e+00
0.000000000000000000e+00
0.000000000000000000e+00
0.000000000000000000e+00
0.000000000000000000e+00
0.000000000000000000e+00
0.000000000000000000e+00
0.000000000000000000e+00
0.000000000000000000e+00
0.000000000000000000e+00
0.000000000000000000e+00
0.000000000000000000e+00
0.000000000000000000e+00
0.000000000000000000e+00
0.000000000000000000e+00
0.000000000000000000e+00
0.000000000000000000e+00
0.000000000000000000e+00
0.000000000000000000e+00
0.000000000000000000e+00
0.000000000000000000e+00
0.000000000000000000e+00
0.000000000000000000e+00
0.000000000000000000e+00
0.000000000000000000e+00
0.000000000000000000e+00
0.000000000000000000e+00
0.000000000000000000e+00
0.000000000000000000e+00
0.000000000000000000e+00
0.000000000000000000e+00
0.000000000000000000e+00
0.000000000000000000e+00
0.000000000000000000e+00
0.000000000000000000e+00
0.000000000000000000e+00
0.000000000000000000e+00
0.000000000000000000e+00
0.000000000000000000e+00
0.000000000000000000e+00
0.000000000000000000e+00
0.000000000000000000e+00
0.000000000000000000e+00
0.000000000000000000e+00
0.000000000000000000e+00
0.000000000000000000e+00
0.000000000000000000e+00
0.000000000000000000e+00
0.000000000000000000e+00
0.000000000000000000e+00
0.000000000000000000e+00
0.000000000000000000e+00
0.000000000000000000e+00
0.000000000000000000e+00
0.000000000000000000e+00
0.000000000000000000e+00
0.000000000000000000e+00
0.000000000000000000e+00
0.000000000000000000e+00
0.000000000000000000e+00
0.000000000000000000e+00
0.000000000000000000e+00
0.000000000000000000e+00
0.000000000000000000e+00
0.000000000000000000e+00
0.000000000000000000e+00
0.000000000000000000e+00
0.000000000000000000e+00
0.000000000000000000e+00
0.000000000000000000e+00
0.000000000000000000e+00
0.000000000000000000e+00
0.000000000000000000e+00
0.000000000000000000e+00
0.000000000000000000e+00
0.000000000000000000e+00
0.000000000000000000e+00
0.000000000000000000e+00
0.000000000000000000e+00
0.000000000000000000e+00
0.000000000000000000e+00
0.000000000000000000e+00
0.000000000000000000e+00
0.000000000000000000e+00
0.000000000000000000e+00
0.000000000000000000e+00
0.000000000000000000e+00
0.000000000000000000e+00
0.000000000000000000e+00
0.000000000000000000e+00
0.000000000000000000e+00
0.000000000000000000e+00
0.000000000000000000e+00
0.000000000000000000e+00
0.000000000000000000e+00
0.000000000000000000e+00
0.000000000000000000e+00
0.000000000000000000e+00
0.000000000000000000e+00
0.000000000000000000e+00
0.000000000000000000e+00
0.000000000000000000e+00
0.000000000000000000e+00
nan
