# bin_17_15
-1.926813285845391594e-07
-1.735746901972110593e-07
-1.571151397865193144e-07
-1.389419817420235314e-07
-1.241688868630452201e-07
-1.094215380757655920e-07
-9.805198324539469734e-08
-8.600812338730181269e-08
-7.849797420395055596e-08
-6.742351572679132281e-08
-6.111450746669776329e-08
-5.150459100209738819e-08
-4.666665523929896662e-08
-4.047566370094013206e-08
-3.514912448338666066e-08
-3.018259770582857812e-08
-2.573812622001216166e-08
-2.227034204119059356e-08
-1.967039980895765979e-08
-1.758435917595437825e-08
-1.586676659934099591e-08
-1.441829595406732781e-08
-1.319040952840542773e-08
-1.213596008417281298e-08
-1.120082551853953403e-08
-1.034888183410838651e-08
-9.377103915724658999e-09
-8.275259005084425604e-09
-7.232166628655853361e-09
-6.363333095052640969e-09
-5.734369233732736062e-09
-5.275921884598354737e-09
-4.884532272142154456e-09
-4.549255562634471130e-09
-4.261102075016835544e-09
-4.012655224249693216e-09
-3.797770744638531292e-09
-3.765007959781898963e-09
-3.952963560006420269e-09
-4.225986445376998304e-09
-4.485826762779592847e-09
-4.662804908843959488e-09
-4.709017935070211444e-09
-4.593103603552979062e-09
-4.196547515708487374e-09
-3.536062653412230771e-09
-2.761020452488867125e-09
-1.985139187906306548e-09
-1.293760527451328910e-09
-7.496721362080850377e-10
-3.977736011919851219e-10
-2.688197175956011316e-10
-2.598049895137550298e-10
-2.525674816850330621e-10
-2.464910259441143896e-10
-2.410812500124514404e-10
-2.359443572145479192e-10
-2.307695605952483191e-10
-2.253145241986105848e-10
-2.193932839527046175e-10
-2.128662170591563041e-10
-2.016523843481080291e-10
-1.837475545870071275e-10
-1.617637533377107351e-10
-1.378531297269645125e-10
-1.137780197979938101e-10
-9.097048628761644377e-11
-7.058296127693783326e-11
-5.353135535407234946e-11
-4.053177876582720485e-11
-3.213183853767303756e-11
-2.873732422513327442e-11
-3.644999044451424816e-11
-5.793652590359483987e-11
-8.889745853411291663e-11
-1.256773722961049206e-10
-1.651807400360884482e-10
-2.047986406876107863e-10
-2.423449086294610553e-10
-2.760004660405744766e-10
-3.042647622104510722e-10
-3.259133916254203155e-10
-3.399610891387435049e-10
-3.456294089024640201e-10
-3.423184867239074026e-10
-3.339732226186320919e-10
-3.249412240672966230e-10
-3.153355889057224774e-10
-3.052572854799507070e-10
-2.947963851776528884e-10
-2.840331663546143764e-10
-2.730391037879434817e-10
-2.618777561391873051e-10
-2.506055624665085509e-10
-2.392725575585514217e-10
-2.279230147504455435e-10
-2.165960239046157220e-10
-2.053260113784326047e-10
-1.941432080423725643e-10
-1.830740707433943554e-10
-1.721416620174458362e-10
-1.611445949449050878e-10
-1.499397013021552256e-10
-1.386258134531332331e-10
-1.272904226830573465e-10
-1.160107764620826492e-10
-1.048548711528952171e-10
-9.388235044827814073e-11
-8.314531876196445576e-11
-7.268907784942806182e-11
-6.255279409109271279e-11
-5.277010311722566836e-11
-4.336965778096918242e-11
-3.437562488462817925e-11
-2.580813552640222762e-11
-1.768369345313408891e-11
-1.001554537319424960e-11
-2.814016796748930110e-12
3.913183376428260636e-12
1.056472884832883152e-11
1.746188116878499925e-11
2.449188071872019671e-11
3.155349319941766859e-11
3.855603333689669004e-11
4.541846950506661227e-11
5.206860236276024023e-11
5.844231121781320231e-11
6.448286239098537712e-11
7.014027435954955587e-11
7.537073492007646337e-11
8.013606602694235617e-11
8.440323234160619822e-11
8.814388987148082095e-11
9.133397138962601252e-11
9.395330561054306752e-11
9.598526735578294194e-11
9.741645617829501430e-11
9.823640112867781704e-11
9.843728954170339687e-11
9.801371789943918135e-11
9.696246298962806038e-11
9.411874868060121741e-11
8.861443185454707882e-11
8.086665934282016265e-11
7.125973340094700798e-11
6.014739362192040407e-11
4.785494076993031473e-11
3.468121390649367440e-11
2.090043131852422552e-11
6.763904964762412812e-12
-7.498362572686555805e-12
-2.167619031670338506e-11
-3.557783260690780222e-11
-4.902868716821060489e-11
-6.187009093486199168e-11
-7.395819751296474325e-11
-8.516293061128727855e-11
-9.536700818248629972e-11
-1.044650323975900002e-10
-1.123626409281386646e-10
-1.189757153352917682e-10
-1.242296426655105469e-10
-1.280586266300552946e-10
-1.304050450024658718e-10
-1.312188501058381815e-10
-1.304570094817697958e-10
-1.283187036754441360e-10
-1.251231827399771821e-10
-1.210053933069449607e-10
-1.160913023493528156e-10
-1.104984281558685543e-10
-1.043363399013562745e-10
-9.770712774624952657e-11
-8.342092594067507112e-11
-7.593457516592284165e-11
-6.832313946497441600e-11
-6.065745408695472938e-11
-5.300317040850693792e-11
-4.542106431359335666e-11
-3.796732669534227245e-11
-3.069383714652541448e-11
-1.687509652582127067e-11
-1.041429555621125804e-11
-4.303087709728205702e-12
1.424620358198371473e-12
6.737892344084104247e-12
1.160858151211743610e-11
1.601116025813549333e-11
2.332201677363229419e-11
2.619093417174707280e-11
2.851274284689293066e-11
3.027277638953759597e-11
3.232092341629408918e-11
3.312247293827397045e-11
3.386510284607451463e-11
3.455103251048675456e-11
3.518240061755196920e-11
3.628962203982811294e-11
3.676937669173183692e-11
3.720237806016905405e-11
3.793517496054802808e-11
3.823834031717507760e-11
3.850149677091741619e-11
3.872618252832067530e-11
3.906602305073632375e-11
3.918398855146009424e-11
3.926910867308480599e-11
3.934590375342030857e-11
3.934001256513519424e-11
3.930614697121122922e-11
3.915890365320263247e-11
3.904763529530453381e-11
3.875480457962516165e-11
3.857513788018362055e-11
3.837451245975462232e-11
3.791382406695394919e-11
3.765540599844725265e-11
3.708632219011873416e-11
3.677713578996184877e-11
3.539299742793781037e-11
3.418978491150318290e-11
3.268928887891607628e-11
2.891746862249681938e-11
2.670296785218248821e-11
2.174843963306051879e-11
1.905716112565316430e-11
1.335933098876983043e-11
1.039445313652110909e-11
4.328969140221963203e-12
1.263838561414785053e-12
-4.849506350747071639e-12
-1.084151120048648055e-11
-1.375800211087754758e-11
-1.937053966454511458e-11
-2.204412335865388551e-11
-2.707466352578424768e-11
-3.162178738928573714e-11
-3.369322279856658778e-11
-3.739475623118792605e-11
-3.901148889359632270e-11
-4.174688518686252657e-11
-4.378312191935800909e-11
-4.452737798891259274e-11
-4.544800166196499667e-11
-4.558846694459369269e-11
-4.535869086713620734e-11
-4.454386944454640932e-11
-4.345271681660979359e-11
-4.212610164899592971e-11
-4.138637132002254753e-11
-3.977614027409510918e-11
-3.801889061809921033e-11
-3.614508374501054979e-11
-3.517329856535742147e-11
-3.317632423027939843e-11
-3.112834172525983004e-11
-2.905177354481414013e-11
-2.696710219133909842e-11
-2.592763243032012888e-11
-2.386530576791108093e-11
-2.183848011853526982e-11
-1.986187706152209208e-11
-1.794882977354147443e-11
-1.611138315942706256e-11
-1.436038705338418802e-11
-1.270558298083307025e-11
-1.115568493484915352e-11
-9.718454587735332760e-12
-8.400771327400786630e-12
-7.208697479766901644e-12
-6.147539052148406693e-12
-5.221902308293778422e-12
-4.411794155436436264e-12
-3.687667953193560375e-12
-3.039823539917981700e-12
-2.459216106326383011e-12
-1.937416332864050045e-12
-1.466572958994078756e-12
-1.039377629926767096e-12
-6.490318766676010466e-13
-2.892160948858132610e-13
4.593960294984035500e-14
3.618827794106919729e-13
6.636644174336870011e-13
1.099922242376342299e-12
1.386010007212271638e-12
1.672828182907437719e-12
1.963922510693933742e-12
2.262558572072325882e-12
2.731153910876194341e-12
3.061245668649860084e-12
3.408342567994108446e-12
3.774648846058264276e-12
4.364465797157384414e-12
4.787176268260068225e-12
5.235338599600914622e-12
5.958348663014205828e-12
6.475991377374582842e-12
7.029159512645663387e-12
7.982818275769751661e-12
8.692287552618241624e-12
9.843006545123362058e-12
1.065489618974508732e-11
1.149296536533934370e-11
1.278255307498188084e-11
1.365366686057531644e-11
1.496124816668257297e-11
1.582492246007884658e-11
1.709477418933235800e-11
1.791698780404104297e-11
1.910243648652274137e-11
2.021816228895727581e-11
2.091704969469344921e-11
2.188965375521651788e-11
2.248318442009638776e-11
2.328440510528958670e-11
2.397153941378257295e-11
2.436268355725519487e-11
2.484429994552170620e-11
2.519491399984812392e-11
2.535350961334511974e-11
2.547565732520346885e-11
2.545586245024489023e-11
2.529129924028928680e-11
2.510004359768995456e-11
2.475199669764478502e-11
2.438126151769495266e-11
2.398939723648093688e-11
2.357787983905057470e-11
2.329330962297140217e-11
2.285210507457675014e-11
2.239480978699665358e-11
2.192263100057996067e-11
2.143671152967959975e-11
2.093813316520206501e-11
2.042791988745217619e-11
1.990704090063384338e-11
1.937641349963322237e-11
1.883690577902912683e-11
1.828933919364003328e-11
1.773449097932569098e-11
1.717309644221102135e-11
1.660585112398477132e-11
1.584155461193306859e-11
1.526315411133190505e-11
1.468095960520305597e-11
1.409551662866270665e-11
1.350734068478747168e-11
1.291691877450170118e-11
1.212698708326210709e-11
1.153306907630400472e-11
1.092059507165408160e-11
9.995404494404487646e-12
9.230325194964804962e-12
8.416083040902765330e-12
7.270962319092432856e-12
6.379351145640521622e-12
5.469040015609816508e-12
4.239634986407441663e-12
3.315148389399659398e-12
2.091781528063092087e-12
1.189038573314928418e-12
1.557870308072657081e-14
-8.353435639727348895e-13
-1.922295222741242042e-12
-2.696403322034091006e-12
-3.666567287952036277e-12
-4.558545951896645055e-12
-5.171878950949408434e-12
-5.910305975263579189e-12
-6.552839514849975587e-12
-6.968777414688994792e-12
-7.431879688908076534e-12
-7.786934753074865542e-12
-8.030671680891525561e-12
-8.160355003588040217e-12
-8.181402783850734651e-12
-8.109968412236243201e-12
-8.002610911169779765e-12
-7.891857915918964326e-12
-7.777965130020288626e-12
-7.661174765280674341e-12
-7.541716245602012510e-12
-7.419806872039806021e-12
-7.295652451389848534e-12
-7.169447890450432382e-12
-7.041377757971524564e-12
-6.911616816175128086e-12
-6.780330523612861682e-12
-6.614315446684382457e-12
-6.480157074458113551e-12
-6.344952418805582986e-12
-6.208832408496307389e-12
-6.037583221241833378e-12
-5.899846315327306605e-12
-5.761572550403547325e-12
-5.588132127392544347e-12
-5.449019293745542530e-12
-5.309684818250103216e-12
-5.135335306547843711e-12
-4.995808586135070289e-12
-4.821464909851897131e-12
-4.682127717845360121e-12
-4.508236707371814128e-12
-4.220974273614068962e-12
-3.479384881909749092e-12
-2.369421335387676146e-12
-1.254225176225767809e-12
3.797324789310838267e-13
2.234920947215792530e-12
3.847959606266875281e-12
5.990198972180434799e-12
8.236236991140903250e-12
1.055030404541152363e-11
1.289953268436022677e-11
1.525376229750584319e-11
1.758535666140765811e-11
1.941727010338056456e-11
2.164588954463078489e-11
2.378651353529656878e-11
2.621177254878688769e-11
2.809267487649929442e-11
2.982933364605174755e-11
3.140758718690253958e-11
3.281470909758462162e-11
3.403930889064231056e-11
3.525369411114491878e-11
3.604264811683333168e-11
3.662056350652495336e-11
3.698071366352838497e-11
3.715340780082823242e-11
3.723817634341173369e-11
3.730642279967280613e-11
3.733678368637997854e-11
3.734308723790085563e-11
3.732449141447088649e-11
3.727508870714214692e-11
3.721249161041760029e-11
3.711305351219892694e-11
3.698852829198583473e-11
3.686664677776082353e-11
3.669985949453953481e-11
3.651192592539989454e-11
3.630410567104146176e-11
3.607759546290768118e-11
3.583353237639215309e-11
3.557299686835597404e-11
3.529701564934282247e-11
3.500656440021431525e-11
3.470257034230937815e-11
3.438591466965562960e-11
3.405743485122366567e-11
3.371792681071520684e-11
3.336814699090921401e-11
3.300881430915487458e-11
3.257842871019909799e-11
3.219746682215054688e-11
3.166389439542170678e-11
3.078121871241907488e-11
2.983297086939281279e-11
2.853879897525694756e-11
2.729545803838658674e-11
2.571923121704452337e-11
2.428364623814793857e-11
2.253651663503454927e-11
2.073769458044770698e-11
1.891245865144719287e-11
1.734456516250730236e-11
1.553025537600698240e-11
1.375062455850944085e-11
1.202358108748437785e-11
1.036542972614326825e-11
8.790982005086399131e-12
7.313659307041445403e-12
5.945589147958844018e-12
4.697695112853271625e-12
3.579780872492704916e-12
2.600608677158297391e-12
1.661399583395529127e-12
1.004626463534502759e-12
5.081441915589848459e-13
1.436187375645222599e-13
7.139449648571681881e-15
0.000000000000000000e+00
0.000000000000000000e+00
0.000000000000000000e+00
0.000000000000000000e+00
0.000000000000000000e+00
0.000000000000000000e+00
0.000000000000000000e+00
0.000000000000000000e+00
0.000000000000000000e+00
0.000000000000000000e+00
0.000000000000000000e+00
0.000000000000000000e+00
0.000000000000000000e+00
0.000000000000000000e+00
0.000000000000000000e+00
0.000000000000000000e+00
0.000000000000000000e+00
0.000000000000000000e+00
0.000000000000000000e+00
0.000000000000000000e+00
0.000000000000000000e+00
0.000000000000000000e+00
0.000000000000000000e+00
0.000000000000000000e+00
0.000000000000000000e+00
0.000000000000000000e+00
0.000000000000000000e+00
0.000000000000000000e+00
0.000000000000000000e+00
0.000000000000000000e+00
0.000000000000000000e+00
0.000000000000000000e+00
0.000000000000000000e+00
0.000000000000000000e+00
0.000000000000000000e+00
0.000000000000000000e+00
0.000000000000000000e+00
0.000000000000000000e+00
0.000000000000000000e+00
0.000000000000000000e+00
0.000000000000000000e+00
0.000000000000000000e+00
0.000000000000000000e+00
0.000000000000000000e+00
0.000000000000000000e+00
0.000000000000000000e+00
0.000000000000000000e+00
0.000000000000000000e+00
0.000000000000000000e+00
0.000000000000000000e+00
0.000000000000000000e+00
0.000000000000000000e+00
0.000000000000000000e+00
0.000000000000000000e+00
0.000000000000000000e+00
0.000000000000000000e+00
0.000000000000000000e+00
0.000000000000000000e+00
0.000000000000000000e+00
0.000000000000000000e+00
0.000000000000000000e+00
0.000000000000000000e+00
0.000000000000000000e+00
0.000000000000000000e+00
0.000000000000000000e+00
0.000000000000000000e+00
0.000000000000000000e+00
0.000000000000000000e+00
0.000000000000000000e+00
0.000000000000000000e+00
0.000000000000000000e+00
0.000000000000000000e+00
0.000000000000000000e+00
0.000000000000000000e+00
0.000000000000000000e+00
0.000000000000000000e+00
0.000000000000000000e+00
0.000000000000000000e+00
0.000000000000000000e+00
0.000000000000000000e+00
0.000000000000000000e+00
0.000000000000000000e+00
0.000000000000000000e+00
0.000000000000000000e+00
0.000000000000000000e+00
0.000000000000000000e+00
0.000000000000000000e+00
0.000000000000000000e+00
0.000000000000000000e+00
0.000000000000000000e+00
0.000000000000000000e+00
0.000000000000000000e+00
0.000000000000000000e+00
0.000000000000000000e+00
0.000000000000000000e+00
0.000000000000000000e+00
0.000000000000000000e+00
0.000000000000000000e+00
0.000000000000000000e+00
0.000000000000000000e+00
0.000000000000000000e+00
0.000000000000000000e+00
0.000000000000000000e+00
0.000000000000000000e+00
0.000000000000000000e+00
0.000000000000000000e+00
0.000000000000000000e+00
0.000000000000000000e+00
0.000000000000000000e+00
0.000000000000000000e+00
0.000000000000000000e+00
0.000000000000000000e+00
0.000000000000000000e+00
0.000000000000000000e+00
0.000000000000000000e+00
0.000000000000000000e+00
0.000000000000000000e+00
0.000000000000000000e+00
0.000000000000000000e+00
0.000000000000000000e+00
0.000000000000000000e+00
0.000000000000000000e+00
0.000000000000000000e+00
0.000000000000000000e+00
0.000000000000000000e+00
0.000000000000000000e+00
0.000000000000000000e+00
0.000000000000000000e+00
0.000000000000000000e+00
0.000000000000000000e+00
0.000000000000000000e+00
0.000000000000000000e+00
0.000000000000000000e+00
0.000000000000000000e+00
0.000000000000000000e+00
0.000000000000000000e+00
0.000000000000000000e+00
0.000000000000000000e+00
0.000000000000000000e+00
0.000000000000000000e+00
0.000000000000000000e+00
0.000000000000000000e+00
0.000000000000000000e+00
0.000000000000000000e+00
0.000000000000000000e+00
0.000000000000000000e+00
0.000000000000000000e+00
0.000000000000000000e+00
0.000000000000000000e+00
0.000000000000000000e+00
0.000000000000000000e+00
0.000000000000000000e+00
0.000000000000000000e+00
0.000000000000000000e+00
0.000000000000000000e+00
0.000000000000000000e+00
0.000000000000000000e+00
0.000000000000000000e+00
0.000000000000000000e+00
0.000000000000000000e+00
0.000000000000000000e+00
0.000000000000000000e+00
0.000000000000000000e+00
0.000000000000000000e+00
0.000000000000000000e+00
0.000000000000000000e+00
0.000000000000000000e+00
0.000000000000000000e+00
0.000000000000000000e+00
0.000000000000000000e+00
0.000000000000000000e+00
0.000000000000000000e+00
0.000000000000000000e+00
0.000000000000000000e+00
0.000000000000000000e+00
0.000000000000000000e+00
0.000000000000000000e+00
0.000000000000000000e+00
0.000000000000000000e+00
0.000000000000000000e+00
0.000000000000000000e+00
0.000000000000000000e+00
0.000000000000000000e+00
0.000000000000000000e+00
0.000000000000000000e+00
0.000000000000000000e+00
0.000000000000000000e+00
0.000000000000000000e+00
0.000000000000000000e+00
0.000000000000000000e+00
0.000000000000000000e+00
0.000000000000000000e+00
0.000000000000000000e+00
0.000000000000000000e+00
0.000000000000000000e+00
0.000000000000000000e+00
0.000000000000000000e+00
0.000000000000000000e+00
0.000000000000000000e+00
0.000000000000000000e+00
0.000000000000000000e+00
0.000000000000000000e+00
0.000000000000000000e+00
0.000000000000000000e+00
0.000000000000000000e+00
0.000000000000000000e+00
0.000000000000000000e+00
0.000000000000000000e+00
0.000000000000000000e+00
0.000000000000000000e+00
0.000000000000000000e+00
0.000000000000000000e+00
0.000000000000000000e+00
0.000000000000000000e+00
0.000000000000000000e+00
0.000000000000000000e+00
0.000000000000000000e+00
0.000000000000000000e+00
0.000000000000000000e+00
0.000000000000000000e+00
0.000000000000000000e+00
0.000000000000000000e+00
0.000000000000000000e+00
0.000000000000000000e+00
0.000000000000000000e+00
0.000000000000000000e+00
0.000000000000000000e+00
0.000000000000000000e+00
0.000000000000000000e+00
0.000000000000000000e+00
0.000000000000000000e+00
0.000000000000000000e+00
0.000000000000000000e+00
0.000000000000000000e+00
0.000000000000000000e+00
0.000000000000000000e+00
0.000000000000000000e+00
0.000000000000000000e+00
0.000000000000000000e+00
0.000000000000000000e+00
0.000000000000000000e+00
0.000000000000000000e+00
0.000000000000000000e+00
0.000000000000000000e+00
0.000000000000000000e+00
0.000000000000000000e+00
0.000000000000000000e+00
0.000000000000000000e+00
0.000000000000000000e+00
0.000000000000000000e+00
0.000000000000000000e+00
0.000000000000000000e+00
0.000000000000000000e+00
0.000000000000000000e+00
0.000000000000000000e+00
0.000000000000000000e+00
0.000000000000000000e+00
0.000000000000000000e+00
0.000000000000000000e+00
0.000000000000000000e+00
0.000000000000000000e+00
0.000000000000000000e+00
0.000000000000000000e+00
0.000000000000000000e+00
0.000000000000000000e+00
0.000000000000000000e+00
0.000000000000000000e+00
0.000000000000000000e+00
0.000000000000000000e+00
0.000000000000000000e+00
0.000000000000000000e+00
0.000000000000000000e+00
0.000000000000000000e+00
0.000000000000000000e+00
0.000000000000000000e+00
0.000000000000000000e+00
0.000000000000000000e+00
0.000000000000000000e+00
0.000000000000000000e+00
0.000000000000000000e+00
0.000000000000000000e+00
0.000000000000000000e+00
0.000000000000000000e+00
0.000000000000000000e+00
0.000000000000000000e+00
0.000000000000000000e+00
0.000000000000000000e+00
0.000000000000000000e+00
0.000000000000000000e+00
0.000000000000000000e+00
0.000000000000000000e+00
0.000000000000000000e+00
0.000000000000000000e+00
0.000000000000000000e+00
0.000000000000000000e+00
0.000000000000000000e+00
0.000000000000000000e+00
0.000000000000000000e+00
0.000000000000000000e+00
0.000000000000000000e+00
0.000000000000000000e+00
0.000000000000000000e+00
0.000000000000000000e+00
0.000000000000000000e+00
0.000000000000000000e+00
0.000000000000000000e+00
0.000000000000000000e+00
0.000000000000000000e+00
0.000000000000000000e+00
0.000000000000000000e+00
0.000000000000000000e+00
0.000000000000000000e+00
0.000000000000000000e+00
0.000000000000000000e+00
0.000000000000000000e+00
0.000000000000000000e+00
0.000000000000000000e+00
0.000000000000000000e+00
0.000000000000000000e+00
0.000000000000000000e+00
0.000000000000000000e+00
0.000000000000000000e+00
0.000000000000000000e+00
0.000000000000000000e+00
0.000000000000000000e+00
0.000000000000000000e+00
0.000000000000000000e+00
0.000000000000000000e+00
0.000000000000000000e+00
0.000000000000000000e+00
0.000000000000000000e+00
0.000000000000000000e+00
0.000000000000000000e+00
0.000000000000000000e+00
0.000000000000000000e+00
0.000000000000000000e+00
0.000000000000000000e+00
0.000000000000000000e+00
0.000000000000000000e+00
0.000000000000000000e+00
0.000000000000000000e+00
0.000000000000000000e+00
0.000000000000000000e+00
0.000000000000000000e+00
0.000000000000000000e+00
0.000000000000000000e+00
0.000000000000000000e+00
0.000000000000000000e+00
0.000000000000000000e+00
0.000000000000000000e+00
0.000000000000000000e+00
0.000000000000000000e+00
0.000000000000000000e+00
0.000000000000000000e+00
0.000000000000000000e+00
0.000000000000000000e+00
0.000000000000000000e+00
0.000000000000000000e+00
0.000000000000000000e+00
0.000000000000000000e+00
0.000000000000000000e+00
0.000000000000000000e+00
0.000000000000000000e+00
0.000000000000000000e+00
0.000000000000000000e+00
0.000000000000000000e+00
0.000000000000000000e+00
0.000000000000000000e+00
0.000000000000000000e+00
0.000000000000000000e+00
0.000000000000000000e+00
0.000000000000000000e+00
0.000000000000000000e+00
0.000000000000000000e+00
0.000000000000000000e+00
0.000000000000000000e+00
0.000000000000000000e+00
0.000000000000000000e+00
0.000000000000000000e+00
0.000000000000000000e+00
0.000000000000000000e+00
0.000000000000000000e+00
0.000000000000000000e+00
0.000000000000000000e+00
0.000000000000000000e+00
0.000000000000000000e+00
0.000000000000000000e+00
0.000000000000000000e+00
0.000000000000000000e+00
0.000000000000000000e+00
0.000000000000000000e+00
0.000000000000000000e+00
0.000000000000000000e+00
0.000000000000000000e+00
0.000000000000000000e+00
0.000000000000000000e+00
0.000000000000000000e+00
0.000000000000000000e+00
0.000000000000000000e+00
0.000000000000000000e+00
0.000000000000000000e+00
0.000000000000000000e+00
0.000000000000000000e+00
0.000000000000000000e+00
0.000000000000000000e+00
0.000000000000000000e+00
0.000000000000000000e+00
0.000000000000000000e+00
0.000000000000000000e+00
0.000000000000000000e+00
0.000000000000000000e+00
0.000000000000000000e+00
0.000000000000000000e+00
0.000000000000000000e+00
0.000000000000000000e+00
0.000000000000000000e+00
0.000000000000000000e+00
0.000000000000000000e+00
0.000000000000000000e+00
0.000000000000000000e+00
0.000000000000000000e+00
0.000000000000000000e+00
0.000000000000000000e+00
0.000000000000000000e+00
0.000000000000000000e+00
0.000000000000000000e+00
0.000000000000000000e+00
0.000000000000000000e+00
0.000000000000000000e+00
0.000000000000000000e+00
0.000000000000000000e+00
0.000000000000000000e+00
0.000000000000000000e+00
0.000000000000000000e+00
0.000000000000000000e+00
0.000000000000000000e+00
0.000000000000000000e+00
0.000000000000000000e+00
0.000000000000000000e+00
0.000000000000000000e+00
0.000000000000000000e+00
0.000000000000000000e+00
0.000000000000000000e+00
0.000000000000000000e+00
0.000000000000000000e+00
0.000000000000000000e+00
0.000000000000000000e+00
0.000000000000000000e+00
0.000000000000000000e+00
0.000000000000000000e+00
0.000000000000000000e+00
0.000000000000000000e+00
0.000000000000000000e+00
0.000000000000000000e+00
0.000000000000000000e+00
0.000000000000000000e+00
0.000000000000000000e+00
0.000000000000000000e+00
0.000000000000000000e+00
0.000000000000000000e+00
0.000000000000000000e+00
0.000000000000000000e+00
0.000000000000000000e+00
0.000000000000000000e+00
0.000000000000000000e+00
0.000000000000000000e+00
0.000000000000000000e+00
0.000000000000000000e+00
0.000000000000000000e+00
0.000000000000000000e+00
0.000000000000000000e+00
0.000000000000000000e+00
0.000000000000000000e+00
0.000000000000000000e+00
0.000000000000000000e+00
0.000000000000000000e+00
0.000000000000000000e+00
0.000000000000000000e+00
0.000000000000000000e+00
0.000000000000000000e+00
0.000000000000000000e+00
0.000000000000000000e+00
0.000000000000000000e+00
0.000000000000000000e+00
0.000000000000000000e+00
0.000000000000000000e+00
0.000000000000000000e+00
0.000000000000000000e+00
0.000000000000000000e+00
0.000000000000000000e+00
0.000000000000000000e+00
0.000000000000000000e+00
0.000000000000000000e+00
0.000000000000000000e+00
0.000000000000000000e+00
0.000000000000000000e+00
0.000000000000000000e+00
0.000000000000000000e+00
0.000000000000000000e+00
0.000000000000000000e+00
0.000000000000000000e+00
0.000000000000000000e+00
0.000000000000000000e+00
0.000000000000000000e+00
0.000000000000000000e+00
0.000000000000000000e+00
0.000000000000000000e+00
0.000000000000000000e+00
0.000000000000000000e+00
0.000000000000000000e+00
0.000000000000000000e+00
0.000000000000000000e+00
0.000000000000000000e+00
0.000000000000000000e+00
0.000000000000000000e+00
0.000000000000000000e+00
nan
