# bin_18_14
-3.508671234896976830e-08
-2.682604774483450784e-08
-2.138511982145283428e-08
-1.499215461612340036e-08
-1.175065873408025734e-08
-7.689996651419545623e-09
-7.167900726919299994e-09
-4.170156906931920611e-09
-3.654465932781068033e-09
-1.243023795866380665e-09
-2.685596983973545396e-09
1.907695804772094076e-10
-1.250606136343448574e-09
-1.801600811965314499e-09
-1.792609715107075995e-09
-1.184480086746009626e-09
-4.518835395057305770e-10
-1.401407277681619801e-10
-1.441060028566675201e-10
-1.681167781761483422e-10
-1.949823416987867065e-10
-2.154940514721140483e-10
-2.275272236727325711e-10
-2.369761877679152879e-10
-2.483277278307402777e-10
-2.639735586541594696e-10
-2.768300455098107038e-10
-2.862543874823503146e-10
-2.999594648901465489e-10
-3.224501597663559057e-10
-3.560817426023755246e-10
-5.213802818865058648e-10
-8.357535971899621422e-10
-1.182141566875503678e-09
-1.481325175806314366e-09
-1.681555314891478089e-09
-1.750945112404422310e-09
-1.739549724887097261e-09
-1.713471808101763262e-09
-1.675787745360636318e-09
-1.629019484902709608e-09
-1.575236291848090903e-09
-1.516136751444974201e-09
-1.453115113279218960e-09
-1.318337965860065955e-09
-1.087119814603176819e-09
-8.137594011296285590e-10
-5.396016438350706504e-10
-2.956810051104498975e-10
-1.048367166594413229e-10
1.659215913824627258e-11
5.740681977529865967e-11
5.251387829673340663e-11
4.365343307565120872e-11
3.271502435678475164e-11
2.120009261346235506e-11
1.029041831614424872e-11
9.047113294225683471e-13
-6.254545005343536051e-12
-1.066228000540742151e-11
-1.193865108611423503e-11
-7.019083987428490373e-12
4.938209875250840245e-12
2.128353637150562713e-11
3.983188246056876946e-11
5.879220727628610429e-11
7.670734793817882803e-11
9.240290004081573371e-11
1.049436977325203218e-10
1.135967382454793318e-10
1.177995787304304646e-10
1.171333858145214367e-10
1.116299967955924243e-10
1.023871362576051577e-10
9.053746203851309005e-11
7.704540669375829814e-11
6.272906999403962631e-11
4.827928741266386626e-11
3.427625074653812545e-11
2.120400449178957638e-11
9.463096801040227792e-12
-6.183744153587810721e-13
-8.775112420658060649e-12
-1.479618984627307242e-11
-1.851767845572754096e-11
-2.087091182858167612e-11
-2.289492249870284123e-11
-2.461687141066531290e-11
-2.606173638574424242e-11
-2.725249822133619395e-11
-2.821030962405657039e-11
-2.895464869470331624e-11
-2.950345849719113165e-11
-2.987327407917501958e-11
-3.007933816669947308e-11
-3.013570662646788158e-11
-3.005534467518484187e-11
-2.985021471410977242e-11
-2.953135657692719424e-11
-2.910896089893974318e-11
-2.859243624425464009e-11
-2.773101526138443870e-11
-2.635249865368397919e-11
-2.457330242461398585e-11
-2.249716675742261243e-11
-2.021636593441866043e-11
-1.781280352462157437e-11
-1.535900410442106977e-11
-1.291901161303698726e-11
-1.054920340861997552e-11
-8.299028167091379666e-12
-6.211674941477796808e-12
-4.324679963197298802e-12
-2.670477108596230652e-12
-1.276897365242998194e-12
-1.676221053306944447e-13
6.374054987733633830e-13
1.121607005301418508e-12
1.271429648664485564e-12
2.586795778884534293e-13
-2.509928860077214379e-12
-6.716995343270936907e-12
-1.207439348451082150e-11
-1.832088584902510982e-11
-2.521993263407436545e-11
-3.255767769384133232e-11
-4.014109704073544930e-11
-4.779629626613196557e-11
-5.536694451294760178e-11
-6.271283371151417316e-11
-6.970855276972538574e-11
-7.624226729816619236e-11
-8.221459625957194839e-11
-8.753757766733370357e-11
-9.213371612687573696e-11
-9.593510562293090609e-11
-9.888262151063340984e-11
-1.009251761741175781e-10
-1.020190332775146537e-10
-1.021271759540103981e-10
-1.012187246627540775e-10
-9.959093665722396036e-11
-9.759290467518148836e-11
-9.527290938234793045e-11
-9.267561325542289534e-11
-8.984230606750983841e-11
-8.681113360615075059e-11
-8.361731081882024890e-11
-8.029332049072972437e-11
-7.686909847699053181e-11
-7.337220643497299756e-11
-6.982799293250006286e-11
-6.625974374285377494e-11
-6.268882207796620327e-11
-5.913479945619396407e-11
-5.561557785038093845e-11
-5.214750371510187421e-11
-4.874547444878057062e-11
-4.542303780645178808e-11
-4.219248474206629091e-11
-3.906493612513547418e-11
-3.605042374497746426e-11
-3.315796598666992671e-11
-3.039563853579660195e-11
-2.777064044409231277e-11
-2.528935586493876112e-11
-2.280782670788212881e-11
-2.019850382067911888e-11
-1.749017489959265231e-11
-1.470955581989043244e-11
-1.188141698857918267e-11
-9.028702099220749506e-12
-6.172639761288096093e-12
-5.274351584945801922e-13
2.226911768954325992e-12
4.914835416219229272e-12
7.522228194754544529e-12
1.003615463980757103e-11
1.244477877656577001e-11
1.473729578356230425e-11
1.690386769381237017e-11
2.082429916961457273e-11
2.256279015527330944e-11
2.414449486866661837e-11
2.556357026171477219e-11
2.681482654000306507e-11
2.789368510953657302e-11
2.879613899228883891e-11
3.005844148459955071e-11
3.041280967191047612e-11
3.057974823318202332e-11
3.055759120618285311e-11
2.986995843603791787e-11
2.908437774813059446e-11
2.802213901083127199e-11
2.671515208730974615e-11
2.519350351023942852e-11
2.161799804600783074e-11
1.961600236075799779e-11
1.750322915763388089e-11
1.303305509031513856e-11
1.071623335559962317e-11
8.369924116079052481e-12
6.011434355335460808e-12
1.321768271718622316e-12
-9.800044114556032804e-13
-3.235048151290227450e-12
-7.556170828824181760e-12
-9.599907862673384018e-12
-1.155214864289452120e-11
-1.514558566484461256e-11
-1.677016135311833366e-11
-1.963809201800106887e-11
-2.086838639883305217e-11
-2.195507582160479295e-11
-2.367711368390073599e-11
-2.430333687593798155e-11
-2.506654139884154399e-11
-2.519683383961734566e-11
-2.524295799914742858e-11
-2.523578275867289997e-11
-2.521075162380473645e-11
-2.511353992601489406e-11
-2.504437695293386081e-11
-2.487194008178598940e-11
-2.477126407036853410e-11
-2.454701731715120125e-11
-2.442567627662165452e-11
-2.416971708020999836e-11
-2.403700567527301434e-11
-2.376652126507061593e-11
-2.349462817241927866e-11
-2.335999735837253547e-11
-2.309671031230630586e-11
-2.296928116327253571e-11
-2.272566270909115020e-11
-2.250040691097999431e-11
-2.239581974986535418e-11
-2.220479447735835746e-11
-2.211910620318507639e-11
-2.196907338344900871e-11
-2.184949893285515421e-11
-2.180180592673308843e-11
-2.173178447440728539e-11
-2.169694370170127783e-11
-2.169316479003266060e-11
-2.172208542802754382e-11
-2.180127108209288581e-11
-2.192479960143858847e-11
-2.200146406781224736e-11
-2.218136599706121604e-11
-2.239268205115029666e-11
-2.263091498949782919e-11
-2.275881511435127520e-11
-2.302974087565731463e-11
-2.331780150163491674e-11
-2.361960925372442972e-11
-2.393204569513088527e-11
-2.409134420464244276e-11
-2.441442033428007898e-11
-2.474138852508100495e-11
-2.506993481366207520e-11
-2.539794042804686179e-11
-2.572346827476724465e-11
-2.604475034075908905e-11
-2.636017594623353623e-11
-2.666828078938633206e-11
-2.696773672811469335e-11
-2.725734224789762065e-11
-2.753601356866838756e-11
-2.780277634690263705e-11
-2.805675793228424265e-11
-2.828144168462881294e-11
-2.846564408166076182e-11
-2.861617290864696292e-11
-2.873934065616809334e-11
-2.884099557921150392e-11
-2.892655082960836116e-11
-2.900101178550167508e-11
-2.906900169317320571e-11
-2.913478572879944377e-11
-2.920229358049837617e-11
-2.927514064433471670e-11
-2.935664792172486130e-11
-2.950173725211030687e-11
-2.961765797003030502e-11
-2.975180364692809011e-11
-2.990638584119690743e-11
-3.008341133112367473e-11
-3.039495223871248596e-11
-3.063563892230523852e-11
-3.090436380464298090e-11
-3.120236466276348672e-11
-3.170662066474798936e-11
-3.208232248778473994e-11
-3.249058004505530767e-11
-3.316545041386116654e-11
-3.365781420157837203e-11
-3.421732130816287738e-11
-3.552720410827488610e-11
-3.669857580138666987e-11
-3.882369837247806983e-11
-4.044314976317715724e-11
-4.219296794427023069e-11
-4.500709092102291072e-11
-4.697531376351931052e-11
-5.001195298621845376e-11
-5.206364563138602103e-11
-5.513648503872335188e-11
-5.715750124836018215e-11
-6.010935993908075085e-11
-6.292389732571567376e-11
-6.470280795114128373e-11
-6.719637032821688819e-11
-6.872703980759670581e-11
-7.080192494541596388e-11
-7.258619593430781622e-11
-7.360162785747915147e-11
-7.484687067451303873e-11
-7.574088717567574272e-11
-7.613304172748705127e-11
-7.640411633200724052e-11
-7.628286350329222645e-11
-7.575805684681883119e-11
-7.517935143136946718e-11
-7.402952372176873921e-11
-7.261820827220304146e-11
-7.098006552661356596e-11
-6.914723862126350857e-11
-6.783199936329693378e-11
-6.573980630372351985e-11
-6.352755142461310916e-11
-6.121947222848640263e-11
-5.883796819710270673e-11
-5.640372065353053719e-11
-5.393580488313850003e-11
-5.145179503139354279e-11
-4.896786225985789123e-11
-4.649886660801568327e-11
-4.405844297729903010e-11
-4.165908162473842712e-11
-3.931220352684783350e-11
-3.702823094949003202e-11
-3.409706251867879598e-11
-3.199527712797125792e-11
-2.998474293672662915e-11
-2.807226635436854540e-11
-2.626396248528805454e-11
-2.456530178163150229e-11
-2.247931191772242515e-11
-2.105445998528264132e-11
-1.974917987558556834e-11
-1.816590321174973932e-11
-1.708116797833825907e-11
-1.607303715357648614e-11
-1.483154590193304617e-11
-1.396594187567522216e-11
-1.314733157489244348e-11
-1.211578956929439831e-11
-1.137792404990651482e-11
-1.042943477562734283e-11
-9.736788082557147778e-12
-8.827726522719015940e-12
-8.150210484155020283e-12
-7.243724213730104575e-12
-6.555993797477993753e-12
-5.621136348275262114e-12
-4.658181691263741271e-12
-3.912953493647255121e-12
-2.883137269778792164e-12
-1.806331339084403478e-12
-9.645505390127395355e-13
2.073614955544643311e-13
1.439912589858032776e-12
2.736976576027798930e-12
4.101917294491742919e-12
5.171924531777057867e-12
6.667845460830396834e-12
8.353153684277203272e-12
1.023961689864400558e-11
1.228828452269361488e-11
1.446313950193123148e-11
1.673090847809196738e-11
1.906088411339033494e-11
2.142475876377765374e-11
2.379646875168944851e-11
2.615204854083019864e-11
2.846949416381251397e-11
3.072863529816611870e-11
3.344260770022229116e-11
3.550551181281799326e-11
3.745582370891208466e-11
3.927991721876271459e-11
4.136385091196352916e-11
4.286064121182894419e-11
4.419535708545077670e-11
4.562262076350738337e-11
4.656218519263722012e-11
4.731468665322008356e-11
4.798340585605445665e-11
4.829475215114239500e-11
4.839747057806207409e-11
4.824621042098800006e-11
4.776069574487671573e-11
4.711748791487870629e-11
4.599603712205086395e-11
4.456374173728024571e-11
4.322225206911417930e-11
4.133355105263259349e-11
3.924327195156203544e-11
3.744860395689342681e-11
3.507854107230902183e-11
3.259480373341884449e-11
3.002433813486377924e-11
2.739199433386219211e-11
2.472066486524523008e-11
2.203141431052458667e-11
1.988017351920834561e-11
1.720637208523122403e-11
1.456490695682455655e-11
1.145908184920572560e-11
8.940269421222965594e-12
6.497797586794156303e-12
4.142921271229509032e-12
1.885843274697260622e-12
-2.642146772352965859e-13
-2.691381964270519628e-12
-4.577950575296501260e-12
-6.333834665924521019e-12
-7.953254636994748665e-12
-9.748564196713075268e-12
-1.128536112427167447e-11
-1.319466785535001026e-11
-1.482275433232666150e-11
-1.680053098203195272e-11
-1.845406563925602997e-11
-2.042757212558847194e-11
-2.205083177341369081e-11
-2.395867730410067954e-11
-2.580842992889690611e-11
-2.729548169469263279e-11
-2.900373338898658450e-11
-3.061806922882924460e-11
-3.212819625077974114e-11
-3.352490648196051196e-11
-3.479999792834225877e-11
-3.594620096641815403e-11
-3.695710976357764114e-11
-3.782711837955822556e-11
-3.855136122636477544e-11
-3.912565758716524483e-11
-3.954645991604333948e-11
-3.981080566026754817e-11
-3.991627236502591481e-11
-3.986093583751457543e-11
-3.959120861809355695e-11
-3.918122139070584522e-11
-3.853191504946113104e-11
-3.745778361101746336e-11
-3.630385715847706842e-11
-3.472897439574736926e-11
-3.321594802069941582e-11
-3.129783153066285809e-11
-2.955086264040771905e-11
-2.742477389696819596e-11
-2.523578041022706597e-11
-2.301464377797372352e-11
-2.110666815223482827e-11
-1.889882758487415188e-11
-1.673318798846578240e-11
-1.463154213653020595e-11
-1.261373135822044276e-11
-1.069777986217349146e-11
-8.900020180725727213e-12
-7.235210334748740351e-12
-5.716643276921202134e-12
-4.356249131961437775e-12
-3.164690715986076280e-12
-2.021763552238930016e-12
-1.222533812990123518e-12
-6.183626239246997402e-13
-1.747701949178678344e-13
-8.688023776312677589e-15
0.000000000000000000e+00
0.000000000000000000e+00
0.000000000000000000e+00
0.000000000000000000e+00
0.000000000000000000e+00
0.000000000000000000e+00
0.000000000000000000e+00
0.000000000000000000e+00
0.000000000000000000e+00
0.000000000000000000e+00
0.000000000000000000e+00
0.000000000000000000e+00
0.000000000000000000e+00
0.000000000000000000e+00
0.000000000000000000e+00
0.000000000000000000e+00
0.000000000000000000e+00
0.000000000000000000e+00
0.000000000000000000e+00
0.000000000000000000e+00
0.000000000000000000e+00
0.000000000000000000e+00
0.000000000000000000e+00
0.000000000000000000e+00
0.000000000000000000e+00
0.000000000000000000e+00
0.000000000000000000e+00
0.000000000000000000e+00
0.000000000000000000e+00
0.000000000000000000e+00
0.000000000000000000e+00
0.000000000000000000e+00
0.000000000000000000e+00
0.000000000000000000e+00
0.000000000000000000e+00
0.000000000000000000e+00
0.000000000000000000e+00
0.000000000000000000e+00
0.000000000000000000e+00
0.000000000000000000e+00
0.000000000000000000e+00
0.000000000000000000e+00
0.000000000000000000e+00
0.000000000000000000e+00
0.000000000000000000e+00
0.000000000000000000e+00
0.000000000000000000e+00
0.000000000000000000e+00
0.000000000000000000e+00
0.000000000000000000e+00
0.000000000000000000e+00
0.000000000000000000e+00
0.000000000000000000e+00
0.000000000000000000e+00
0.000000000000000000e+00
0.000000000000000000e+00
0.000000000000000000e+00
0.000000000000000000e+00
0.000000000000000000e+00
0.000000000000000000e+00
0.000000000000000000e+00
0.000000000000000000e+00
0.000000000000000000e+00
0.000000000000000000e+00
0.000000000000000000e+00
0.000000000000000000e+00
0.000000000000000000e+00
0.000000000000000000e+00
0.000000000000000000e+00
0.000000000000000000e+00
0.000000000000000000e+00
0.000000000000000000e+00
0.000000000000000000e+00
0.000000000000000000e+00
0.000000000000000000e+00
0.000000000000000000e+00
0.000000000000000000e+00
0.000000000000000000e+00
0.000000000000000000e+00
0.000000000000000000e+00
0.000000000000000000e+00
0.000000000000000000e+00
0.000000000000000000e+00
0.000000000000000000e+00
0.000000000000000000e+00
0.000000000000000000e+00
0.000000000000000000e+00
0.000000000000000000e+00
0.000000000000000000e+00
0.000000000000000000e+00
0.000000000000000000e+00
0.000000000000000000e+00
0.000000000000000000e+00
0.000000000000000000e+00
0.000000000000000000e+00
0.000000000000000000e+00
0.000000000000000000e+00
0.000000000000000000e+00
0.000000000000000000e+00
0.000000000000000000e+00
0.000000000000000000e+00
0.000000000000000000e+00
0.000000000000000000e+00
0.000000000000000000e+00
0.000000000000000000e+00
0.000000000000000000e+00
0.000000000000000000e+00
0.000000000000000000e+00
0.000000000000000000e+00
0.000000000000000000e+00
0.000000000000000000e+00
0.000000000000000000e+00
0.000000000000000000e+00
0.000000000000000000e+00
0.000000000000000000e+00
0.000000000000000000e+00
0.000000000000000000e+00
0.000000000000000000e+00
0.000000000000000000e+00
0.000000000000000000e+00
0.000000000000000000e+00
0.000000000000000000e+00
0.000000000000000000e+00
0.000000000000000000e+00
0.000000000000000000e+00
0.000000000000000000e+00
0.000000000000000000e+00
0.000000000000000000e+00
0.000000000000000000e+00
0.000000000000000000e+00
0.000000000000000000e+00
0.000000000000000000e+00
0.000000000000000000e+00
0.000000000000000000e+00
0.000000000000000000e+00
0.000000000000000000e+00
0.000000000000000000e+00
0.000000000000000000e+00
0.000000000000000000e+00
0.000000000000000000e+00
0.000000000000000000e+00
0.000000000000000000e+00
0.000000000000000000e+00
0.000000000000000000e+00
0.000000000000000000e+00
0.000000000000000000e+00
0.000000000000000000e+00
0.000000000000000000e+00
0.000000000000000000e+00
0.000000000000000000e+00
0.000000000000000000e+00
0.000000000000000000e+00
0.000000000000000000e+00
0.000000000000000000e+00
0.000000000000000000e+00
0.000000000000000000e+00
0.000000000000000000e+00
0.000000000000000000e+00
0.000000000000000000e+00
0.000000000000000000e+00
0.000000000000000000e+00
0.000000000000000000e+00
0.000000000000000000e+00
0.000000000000000000e+00
0.000000000000000000e+00
0.000000000000000000e+00
0.000000000000000000e+00
0.000000000000000000e+00
0.000000000000000000e+00
0.000000000000000000e+00
0.000000000000000000e+00
0.000000000000000000e+00
0.000000000000000000e+00
0.000000000000000000e+00
0.000000000000000000e+00
0.000000000000000000e+00
0.000000000000000000e+00
0.000000000000000000e+00
0.000000000000000000e+00
0.000000000000000000e+00
0.000000000000000000e+00
0.000000000000000000e+00
0.000000000000000000e+00
0.000000000000000000e+00
0.000000000000000000e+00
0.000000000000000000e+00
0.000000000000000000e+00
0.000000000000000000e+00
0.000000000000000000e+00
0.000000000000000000e+00
0.000000000000000000e+00
0.000000000000000000e+00
0.000000000000000000e+00
0.000000000000000000e+00
0.000000000000000000e+00
0.000000000000000000e+00
0.000000000000000000e+00
0.000000000000000000e+00
0.000000000000000000e+00
0.000000000000000000e+00
0.000000000000000000e+00
0.000000000000000000e+00
0.000000000000000000e+00
0.000000000000000000e+00
0.000000000000000000e+00
0.000000000000000000e+00
0.000000000000000000e+00
0.000000000000000000e+00
0.000000000000000000e+00
0.000000000000000000e+00
0.000000000000000000e+00
0.000000000000000000e+00
0.000000000000000000e+00
0.000000000000000000e+00
0.000000000000000000e+00
0.000000000000000000e+00
0.000000000000000000e+00
0.000000000000000000e+00
0.000000000000000000e+00
0.000000000000000000e+00
0.000000000000000000e+00
0.000000000000000000e+00
0.000000000000000000e+00
0.000000000000000000e+00
0.000000000000000000e+00
0.000000000000000000e+00
0.000000000000000000e+00
0.000000000000000000e+00
0.000000000000000000e+00
0.000000000000000000e+00
0.000000000000000000e+00
0.000000000000000000e+00
0.000000000000000000e+00
0.000000000000000000e+00
0.000000000000000000e+00
0.000000000000000000e+00
0.000000000000000000e+00
0.000000000000000000e+00
0.000000000000000000e+00
0.000000000000000000e+00
0.000000000000000000e+00
0.000000000000000000e+00
0.000000000000000000e+00
0.000000000000000000e+00
0.000000000000000000e+00
0.000000000000000000e+00
0.000000000000000000e+00
0.000000000000000000e+00
0.000000000000000000e+00
0.000000000000000000e+00
0.000000000000000000e+00
0.000000000000000000e+00
0.000000000000000000e+00
0.000000000000000000e+00
0.000000000000000000e+00
0.000000000000000000e+00
0.000000000000000000e+00
0.000000000000000000e+00
0.000000000000000000e+00
0.000000000000000000e+00
0.000000000000000000e+00
0.000000000000000000e+00
0.000000000000000000e+00
0.000000000000000000e+00
0.000000000000000000e+00
0.000000000000000000e+00
0.000000000000000000e+00
0.000000000000000000e+00
0.000000000000000000e+00
0.000000000000000000e+00
0.000000000000000000e+00
0.000000000000000000e+00
0.000000000000000000e+00
0.000000000000000000e+00
0.000000000000000000e+00
0.000000000000000000e+00
0.000000000000000000e+00
0.000000000000000000e+00
0.000000000000000000e+00
0.000000000000000000e+00
0.000000000000000000e+00
0.000000000000000000e+00
0.000000000000000000e+00
0.000000000000000000e+00
0.000000000000000000e+00
0.000000000000000000e+00
0.000000000000000000e+00
0.000000000000000000e+00
0.000000000000000000e+00
0.000000000000000000e+00
0.000000000000000000e+00
0.000000000000000000e+00
0.000000000000000000e+00
0.000000000000000000e+00
0.000000000000000000e+00
0.000000000000000000e+00
0.000000000000000000e+00
0.000000000000000000e+00
0.000000000000000000e+00
0.000000000000000000e+00
0.000000000000000000e+00
0.000000000000000000e+00
0.000000000000000000e+00
0.000000000000000000e+00
0.000000000000000000e+00
0.000000000000000000e+00
0.000000000000000000e+00
0.000000000000000000e+00
0.000000000000000000e+00
0.000000000000000000e+00
0.000000000000000000e+00
0.000000000000000000e+00
0.000000000000000000e+00
0.000000000000000000e+00
0.000000000000000000e+00
0.000000000000000000e+00
0.000000000000000000e+00
0.000000000000000000e+00
0.000000000000000000e+00
0.000000000000000000e+00
0.000000000000000000e+00
0.000000000000000000e+00
0.000000000000000000e+00
0.000000000000000000e+00
0.000000000000000000e+00
0.000000000000000000e+00
0.000000000000000000e+00
0.000000000000000000e+00
0.000000000000000000e+00
0.000000000000000000e+00
0.000000000000000000e+00
0.000000000000000000e+00
0.000000000000000000e+00
0.000000000000000000e+00
0.000000000000000000e+00
0.000000000000000000e+00
0.000000000000000000e+00
0.000000000000000000e+00
0.000000000000000000e+00
0.000000000000000000e+00
0.000000000000000000e+00
0.000000000000000000e+00
0.000000000000000000e+00
0.000000000000000000e+00
0.000000000000000000e+00
0.000000000000000000e+00
0.000000000000000000e+00
0.000000000000000000e+00
0.000000000000000000e+00
0.000000000000000000e+00
0.000000000000000000e+00
0.000000000000000000e+00
0.000000000000000000e+00
0.000000000000000000e+00
0.000000000000000000e+00
0.000000000000000000e+00
0.000000000000000000e+00
0.000000000000000000e+00
0.000000000000000000e+00
0.000000000000000000e+00
0.000000000000000000e+00
0.000000000000000000e+00
0.000000000000000000e+00
0.000000000000000000e+00
0.000000000000000000e+00
0.000000000000000000e+00
0.000000000000000000e+00
0.000000000000000000e+00
0.000000000000000000e+00
0.000000000000000000e+00
0.000000000000000000e+00
0.000000000000000000e+00
0.000000000000000000e+00
0.000000000000000000e+00
0.000000000000000000e+00
0.000000000000000000e+00
0.000000000000000000e+00
0.000000000000000000e+00
0.000000000000000000e+00
0.000000000000000000e+00
0.000000000000000000e+00
0.000000000000000000e+00
0.000000000000000000e+00
0.000000000000000000e+00
0.000000000000000000e+00
0.000000000000000000e+00
0.000000000000000000e+00
0.000000000000000000e+00
0.000000000000000000e+00
0.000000000000000000e+00
0.000000000000000000e+00
0.000000000000000000e+00
0.000000000000000000e+00
0.000000000000000000e+00
0.000000000000000000e+00
0.000000000000000000e+00
0.000000000000000000e+00
0.000000000000000000e+00
0.000000000000000000e+00
0.000000000000000000e+00
0.000000000000000000e+00
0.000000000000000000e+00
0.000000000000000000e+00
0.000000000000000000e+00
0.000000000000000000e+00
0.000000000000000000e+00
0.000000000000000000e+00
0.000000000000000000e+00
0.000000000000000000e+00
0.000000000000000000e+00
0.000000000000000000e+00
0.000000000000000000e+00
0.000000000000000000e+00
0.000000000000000000e+00
0.000000000000000000e+00
0.000000000000000000e+00
0.000000000000000000e+00
0.000000000000000000e+00
0.000000000000000000e+00
0.000000000000000000e+00
0.000000000000000000e+00
0.000000000000000000e+00
0.000000000000000000e+00
0.000000000000000000e+00
0.000000000000000000e+00
0.000000000000000000e+00
0.000000000000000000e+00
0.000000000000000000e+00
0.000000000000000000e+00
0.000000000000000000e+00
0.000000000000000000e+00
0.000000000000000000e+00
0.000000000000000000e+00
0.000000000000000000e+00
0.000000000000000000e+00
0.000000000000000000e+00
0.000000000000000000e+00
0.000000000000000000e+00
0.000000000000000000e+00
0.000000000000000000e+00
0.000000000000000000e+00
0.000000000000000000e+00
0.000000000000000000e+00
0.000000000000000000e+00
0.000000000000000000e+00
0.000000000000000000e+00
0.000000000000000000e+00
0.000000000000000000e+00
0.000000000000000000e+00
0.000000000000000000e+00
0.000000000000000000e+00
0.000000000000000000e+00
0.000000000000000000e+00
0.000000000000000000e+00
0.000000000000000000e+00
0.000000000000000000e+00
0.000000000000000000e+00
0.000000000000000000e+00
0.000000000000000000e+00
0.000000000000000000e+00
0.000000000000000000e+00
0.000000000000000000e+00
0.000000000000000000e+00
0.000000000000000000e+00
0.000000000000000000e+00
0.000000000000000000e+00
0.000000000000000000e+00
0.000000000000000000e+00
0.000000000000000000e+00
0.000000000000000000e+00
0.000000000000000000e+00
0.000000000000000000e+00
0.000000000000000000e+00
0.000000000000000000e+00
0.000000000000000000e+00
0.000000000000000000e+00
0.000000000000000000e+00
0.000000000000000000e+00
0.000000000000000000e+00
0.000000000000000000e+00
0.000000000000000000e+00
0.000000000000000000e+00
0.000000000000000000e+00
0.000000000000000000e+00
0.000000000000000000e+00
0.000000000000000000e+00
0.000000000000000000e+00
0.000000000000000000e+00
0.000000000000000000e+00
0.000000000000000000e+00
0.000000000000000000e+00
0.000000000000000000e+00
0.000000000000000000e+00
0.000000000000000000e+00
0.000000000000000000e+00
0.000000000000000000e+00
0.000000000000000000e+00
0.000000000000000000e+00
0.000000000000000000e+00
0.000000000000000000e+00
0.000000000000000000e+00
0.000000000000000000e+00
0.000000000000000000e+00
0.000000000000000000e+00
0.000000000000000000e+00
0.000000000000000000e+00
0.000000000000000000e+00
0.000000000000000000e+00
0.000000000000000000e+00
0.000000000000000000e+00
0.000000000000000000e+00
0.000000000000000000e+00
0.000000000000000000e+00
0.000000000000000000e+00
0.000000000000000000e+00
0.000000000000000000e+00
nan
