# bin_19_18
-2.479137360364350702e-07
-2.440810440372262786e-07
-2.265563846958604598e-07
-2.206652313555132426e-07
-2.019780090660046884e-07
-1.960473073070009611e-07
-1.763384726863083318e-07
-1.712111544449370764e-07
-1.523949930122338923e-07
-1.461705398105339677e-07
-1.299538141474151397e-07
-1.217285093085974854e-07
-1.079300557604867358e-07
-9.773502981641594279e-08
-8.782317485067078257e-08
-7.715956154081562747e-08
-6.725200100438394072e-08
-5.819195161870279222e-08
-4.931705454821834644e-08
-4.036232582099253601e-08
-3.174010925328294510e-08
-2.367396628969995192e-08
-1.653594921248709569e-08
-1.008961169158213527e-08
-3.804227682434015978e-09
2.613945531305621669e-09
9.065282609403592224e-09
1.524095496305219736e-08
2.104361966825972919e-08
2.641966250481469173e-08
3.134522445259041536e-08
3.562961172623910115e-08
3.934150512006120963e-08
4.277270687690169886e-08
4.612216139721646064e-08
4.952158826532861656e-08
5.305422688746499202e-08
5.690094563026289601e-08
6.091827812069447165e-08
6.476905453916102148e-08
6.821687697472257659e-08
7.110170973596606991e-08
7.332116790976216472e-08
7.481615358402348529e-08
7.552282271971127932e-08
7.562649122379453467e-08
7.540843509202773324e-08
7.508417870783982090e-08
7.481683670444295921e-08
7.472779570991242482e-08
7.490527936121086183e-08
7.541122444116779787e-08
7.619346301986379423e-08
7.711090988669908546e-08
7.808919828660252685e-08
7.906925786687854277e-08
8.000462871058785873e-08
8.085923849811126333e-08
8.160556082053986267e-08
8.222308780971358127e-08
8.269706245591654516e-08
8.307700891765492732e-08
8.341381656156233253e-08
8.370010451777506279e-08
8.393041081907203511e-08
8.410086512101642415e-08
8.420891321884489686e-08
8.425308511480634018e-08
8.423279974755753960e-08
8.414820061941219646e-08
8.400001748991385763e-08
8.378945007954846521e-08
8.354213755550388898e-08
8.327837510903813779e-08
8.299260816403486684e-08
8.268042459135336481e-08
8.233838846581365655e-08
8.196389651501293143e-08
8.155505413250650112e-08
8.111056827470653463e-08
8.062965494082641784e-08
8.011195925884308423e-08
7.955748647651923442e-08
7.896654239237434238e-08
7.833968196324875904e-08
7.769248262042491916e-08
7.703907432434419810e-08
7.637822622897609721e-08
7.570897632812727475e-08
7.503059534338877670e-08
7.434255501644536286e-08
7.364450027009709648e-08
7.293622476949436412e-08
7.221764947344079654e-08
7.148880381639518240e-08
7.074980920602880362e-08
7.000086455975443303e-08
6.924223363730253749e-08
6.847423395582414482e-08
6.769722709971632195e-08
6.691161025987710517e-08
6.612210506577886987e-08
6.533356007385477462e-08
6.454654905997519424e-08
6.376160045443406659e-08
6.297920044478247512e-08
6.219979586408475142e-08
6.142379688006893533e-08
6.065157949947962005e-08
5.988348790086506809e-08
5.911983660804218759e-08
5.836091251556613872e-08
5.760697677668991815e-08
5.685826656352071388e-08
5.611499670836116197e-08
5.537736123456214328e-08
5.464553478460078455e-08
5.391967395253376030e-08
5.319991852745339868e-08
5.248214288091269547e-08
5.176362407445839028e-08
5.104642708596501623e-08
5.033240913058706120e-08
4.962323693299950842e-08
4.892040258784032913e-08
4.822523812758832119e-08
4.753892890652094127e-08
4.686252589980367388e-08
4.619695700806359107e-08
4.554303744990919453e-08
4.490147931769570456e-08
4.427290036532854278e-08
4.365783209098472459e-08
4.305672717225515002e-08
4.246996630631767792e-08
4.189786450329747331e-08
4.134067687691347908e-08
4.079860397281275015e-08
4.027179667162247517e-08
3.976036070067378246e-08
3.926436078554361187e-08
3.877859072649407845e-08
3.829830278410930503e-08
3.782416589513216785e-08
3.735678001302791361e-08
3.689668129888518761e-08
3.644434693910218251e-08
3.600019961728409989e-08
3.556461166566922340e-08
3.513790891946371115e-08
3.472037429568334250e-08
3.431225111646283519e-08
3.391374619528568954e-08
3.352503270320028860e-08
3.314625283081036586e-08
3.277752026065075526e-08
3.241892246347475224e-08
3.207052283097914134e-08
3.173236265657047410e-08
3.140446297492504529e-08
3.108682627030890936e-08
3.077943806289940391e-08
3.048226838167855901e-08
3.019527313185013232e-08
2.991839536415907860e-08
2.965156645296262812e-08
2.939247830922185749e-08
2.913890134838150323e-08
2.889086848200559223e-08
2.864840245206236930e-08
2.841151661644168176e-08
2.818021568222627007e-08
2.795449639015373776e-08
2.751975365418712140e-08
2.731068939945312684e-08
2.710712624076388046e-08
2.690902985831048513e-08
2.671636121280422166e-08
2.652907696686515330e-08
2.634712987795066796e-08
2.617046916466608952e-08
2.583278807033550732e-08
2.567165139000983657e-08
2.551556905904170026e-08
2.536447727912394951e-08
2.521831044083728901e-08
2.507700134598985462e-08
2.494048141433359237e-08
2.468152894822396397e-08
2.455895400434721162e-08
2.444088372406994462e-08
2.432724523757493621e-08
2.411465445315146655e-08
2.401848482676123777e-08
2.392875569402122318e-08
2.384480583911238202e-08
2.376601152556495772e-08
2.362157073823125079e-08
2.355484766337291984e-08
2.349112360686261601e-08
2.337084868350375976e-08
2.331345319697933220e-08
2.325736478409898952e-08
2.320222247825732072e-08
2.309344284717432797e-08
2.303919077573501736e-08
2.298465322067921651e-08
2.287369854516984349e-08
2.281681200126464473e-08
2.275869941214257693e-08
2.263802458738784669e-08
2.257511072669504325e-08
2.244334613277942465e-08
2.237421711059660097e-08
2.230275627040352864e-08
2.215239787741383160e-08
2.207330315625936673e-08
2.190685497775209300e-08
2.181935461200726004e-08
2.164685530047624137e-08
2.156415354454496112e-08
2.148338257763172340e-08
2.132643167148951833e-08
2.124969096003665712e-08
2.109838937407209627e-08
2.102335476320836590e-08
2.087343141115664441e-08
2.079814476932463748e-08
2.064601202026019321e-08
2.056883405043289799e-08
2.041149943007978470e-08
2.024929303341513110e-08
2.016605729186564825e-08
1.999477863451157685e-08
1.990654087122888986e-08
1.972443231559367370e-08
1.953430498012593960e-08
1.943606561362953489e-08
1.923294542141227164e-08
1.912796355719037840e-08
1.891093834091897542e-08
1.868425701871523560e-08
1.856721980616360466e-08
1.832563308942057036e-08
1.807390980112084424e-08
1.794421333979559830e-08
1.767939704471879328e-08
1.740977097264961535e-08
1.713660644590497717e-08
1.699906516072022663e-08
1.672274540388999070e-08
1.644561540182769227e-08
1.616860555099655731e-08
1.603041382850582661e-08
1.575515083793693436e-08
1.548198788351087617e-08
1.521159326047029110e-08
1.494457223592717222e-08
1.481249987305114990e-08
1.455154748280618232e-08
1.429523549274058412e-08
1.404398271113859675e-08
1.379816320716896719e-08
1.355810962431691458e-08
1.332411626219759760e-08
1.309644194321684240e-08
1.287531267932290657e-08
1.266092415296738620e-08
1.245344402535442580e-08
1.225301408409955224e-08
1.205975224153520906e-08
1.187375439408350177e-08
1.169245204201628673e-08
1.151337278203068901e-08
1.133672561184299902e-08
1.116269986978433041e-08
1.099146655561715651e-08
1.082317956693338524e-08
1.065797685664149794e-08
1.049598151667440692e-08
1.033730279270086308e-08
1.018203703429963305e-08
1.003026858475478908e-08
9.882070614351482466e-09
9.666602972475001622e-09
9.527584905862752818e-09
9.392316256092376840e-09
9.260828885819111110e-09
9.133147208097491438e-09
8.948796901227575111e-09
8.830692192493776945e-09
8.716427509005095832e-09
8.605999996979997765e-09
8.447535333191113135e-09
8.346657342748140021e-09
8.249570746337450123e-09
8.111000975670969737e-09
8.023290018709819512e-09
7.940307172627404656e-09
7.835418829385313171e-09
7.777965093022616414e-09
7.707847691261787780e-09
7.670381241676558078e-09
7.639269165783812495e-09
7.602660408229381283e-09
7.583807452681765153e-09
7.562029109327175590e-09
7.550859279485641950e-09
7.537569841541532722e-09
7.530182668477320395e-09
7.519988343681823351e-09
7.509411257331560686e-09
7.501409633815742658e-09
7.486977009295368105e-09
7.475199155971233759e-09
7.453459558302640820e-09
7.425924767293809438e-09
7.403890718118353595e-09
7.364707652816450282e-09
7.317506492765724465e-09
7.281255246336683704e-09
7.219265792073801862e-09
7.147680329253260111e-09
7.066046198605252765e-09
7.005847528720674726e-09
6.911051655690604474e-09
6.814643899099538583e-09
6.717080470208122318e-09
6.618781456486289020e-09
6.553032251482293138e-09
6.454350310216335942e-09
6.355894389554213729e-09
6.257971724194697676e-09
6.160863467222526556e-09
6.064826455706828378e-09
5.970094860147943886e-09
5.876881725629340732e-09
5.785380411973564122e-09
5.695765939685433322e-09
5.608196247988407772e-09
5.522813370818202184e-09
5.439744536228698334e-09
5.359103194286010055e-09
5.255529705556928894e-09
5.180923387222979257e-09
5.109035101756571858e-09
5.039928929833694487e-09
4.973659629665649226e-09
4.910273309265623988e-09
4.830307597793310118e-09
4.773783576576964761e-09
4.719827323127260820e-09
4.649745774489085994e-09
4.598431900527065835e-09
4.548149996195684957e-09
4.482657574580805503e-09
4.434661187670808488e-09
4.387594722011251277e-09
4.326237519728244967e-09
4.281233318856370705e-09
4.222530412017547966e-09
4.179448351300460652e-09
4.123220984810518874e-09
4.081932770582561303e-09
4.028017187055921519e-09
3.988405221597200242e-09
3.936651230317109559e-09
3.886069778987642863e-09
3.848877293168347599e-09
3.800245796503201378e-09
3.752673656830421526e-09
3.717667053260965938e-09
3.671859284441016772e-09
3.627011486842520586e-09
3.583090556844792648e-09
3.540064876910557029e-09
3.508364901484091867e-09
3.466844576121270828e-09
3.426369655378345631e-09
3.386966019221260317e-09
3.348564452767422113e-09
3.311100032809539011e-09
3.274511868266946967e-09
3.238742856735245764e-09
3.203739456085920738e-09
3.169451470139938883e-09
3.135831847506373143e-09
3.102836492739268866e-09
3.070424089023599781e-09
3.030669631051878069e-09
2.999431080105625696e-09
2.968658445552341131e-09
2.938320479891118537e-09
2.900964915555313595e-09
2.871500922076006434e-09
2.842383312183513545e-09
2.806437750848459612e-09
2.778015932602914207e-09
2.749869640341683274e-09
2.715045710944404270e-09
2.687452527170103620e-09
2.653267142864060302e-09
2.626145639775130630e-09
2.592504825876912551e-09
2.565887598532687656e-09
2.533130762767247119e-09
2.500934325003856833e-09
2.475572577148487032e-09
2.444354781731112766e-09
2.413664498728168764e-09
2.389484552492075679e-09
2.359715782446727888e-09
2.330443893373813115e-09
2.301658459016500715e-09
2.273349311526356100e-09
2.245506534340576584e-09
2.218120455260371898e-09
2.196534066791045249e-09
2.169946424727116875e-09
2.143789642114753148e-09
2.112957857475405574e-09
2.087718278514853555e-09
2.062882132647822916e-09
2.038441280317431138e-09
2.014387777630376263e-09
1.990713871033403478e-09
1.962795606412116057e-09
1.939930423818804357e-09
1.917421245780067141e-09
1.895261063450995132e-09
1.869122441577533482e-09
1.847721442339505733e-09
1.822489488596777409e-09
1.801829013722133782e-09
1.777465640477408408e-09
1.757512723769194026e-09
1.733979462637110643e-09
1.714702927590632469e-09
1.691963388087829969e-09
1.669642150555391292e-09
1.651353471478773363e-09
1.629773499422075507e-09
1.608584395764436147e-09
1.587777010519092426e-09
1.567342456292935786e-09
1.547272099385886246e-09
1.527557551236920280e-09
1.508190660201559496e-09
1.489163503646378955e-09
1.470468380346771908e-09
1.452097803174883078e-09
1.434044492065239916e-09
1.416301367246204963e-09
1.398861542725938865e-09
1.381718320022089676e-09
1.362084080716577355e-09
1.345419426877549149e-09
1.322645227708539539e-09
1.285307068755284626e-09
1.245373686397458560e-09
1.191016908870712116e-09
1.138887451099673963e-09
1.072884138244268160e-09
1.012826879383146048e-09
9.397896852118304716e-10
8.646386050668456174e-10
7.884225001608368159e-10
7.229776902598990806e-10
6.472721968838809280e-10
5.730362357765487812e-10
5.010126599197858866e-10
4.318777439078284039e-10
3.662457680014104868e-10
3.046732991069797510e-10
2.476631891702451955e-10
1.956683100245663869e-10
1.490950423934447118e-10
1.083065355052466310e-10
6.918704443189165985e-11
4.183420597565271802e-11
2.115882110827880397e-11
5.979866629419403582e-12
2.972523130891438844e-13
0.000000000000000000e+00
0.000000000000000000e+00
0.000000000000000000e+00
0.000000000000000000e+00
0.000000000000000000e+00
0.000000000000000000e+00
0.000000000000000000e+00
0.000000000000000000e+00
0.000000000000000000e+00
0.000000000000000000e+00
0.000000000000000000e+00
0.000000000000000000e+00
0.000000000000000000e+00
0.000000000000000000e+00
0.000000000000000000e+00
0.000000000000000000e+00
0.000000000000000000e+00
0.000000000000000000e+00
0.000000000000000000e+00
0.000000000000000000e+00
0.000000000000000000e+00
0.000000000000000000e+00
0.000000000000000000e+00
0.000000000000000000e+00
0.000000000000000000e+00
0.000000000000000000e+00
0.000000000000000000e+00
0.000000000000000000e+00
0.000000000000000000e+00
0.000000000000000000e+00
0.000000000000000000e+00
0.000000000000000000e+00
0.000000000000000000e+00
0.000000000000000000e+00
0.000000000000000000e+00
0.000000000000000000e+00
0.000000000000000000e+00
0.000000000000000000e+00
0.000000000000000000e+00
0.000000000000000000e+00
0.000000000000000000e+00
0.000000000000000000e+00
0.000000000000000000e+00
0.000000000000000000e+00
0.000000000000000000e+00
0.000000000000000000e+00
0.000000000000000000e+00
0.000000000000000000e+00
0.000000000000000000e+00
0.000000000000000000e+00
0.000000000000000000e+00
0.000000000000000000e+00
0.000000000000000000e+00
0.000000000000000000e+00
0.000000000000000000e+00
0.000000000000000000e+00
0.000000000000000000e+00
0.000000000000000000e+00
0.000000000000000000e+00
0.000000000000000000e+00
0.000000000000000000e+00
0.000000000000000000e+00
0.000000000000000000e+00
0.000000000000000000e+00
0.000000000000000000e+00
0.000000000000000000e+00
0.000000000000000000e+00
0.000000000000000000e+00
0.000000000000000000e+00
0.000000000000000000e+00
0.000000000000000000e+00
0.000000000000000000e+00
0.000000000000000000e+00
0.000000000000000000e+00
0.000000000000000000e+00
0.000000000000000000e+00
0.000000000000000000e+00
0.000000000000000000e+00
0.000000000000000000e+00
0.000000000000000000e+00
0.000000000000000000e+00
0.000000000000000000e+00
0.000000000000000000e+00
0.000000000000000000e+00
0.000000000000000000e+00
0.000000000000000000e+00
0.000000000000000000e+00
0.000000000000000000e+00
0.000000000000000000e+00
0.000000000000000000e+00
0.000000000000000000e+00
0.000000000000000000e+00
0.000000000000000000e+00
0.000000000000000000e+00
0.000000000000000000e+00
0.000000000000000000e+00
0.000000000000000000e+00
0.000000000000000000e+00
0.000000000000000000e+00
0.000000000000000000e+00
0.000000000000000000e+00
0.000000000000000000e+00
0.000000000000000000e+00
0.000000000000000000e+00
0.000000000000000000e+00
0.000000000000000000e+00
0.000000000000000000e+00
0.000000000000000000e+00
0.000000000000000000e+00
0.000000000000000000e+00
0.000000000000000000e+00
0.000000000000000000e+00
0.000000000000000000e+00
0.000000000000000000e+00
0.000000000000000000e+00
0.000000000000000000e+00
0.000000000000000000e+00
0.000000000000000000e+00
0.000000000000000000e+00
0.000000000000000000e+00
0.000000000000000000e+00
0.000000000000000000e+00
0.000000000000000000e+00
0.000000000000000000e+00
0.000000000000000000e+00
0.000000000000000000e+00
0.000000000000000000e+00
0.000000000000000000e+00
0.000000000000000000e+00
0.000000000000000000e+00
0.000000000000000000e+00
0.000000000000000000e+00
0.000000000000000000e+00
0.000000000000000000e+00
0.000000000000000000e+00
0.000000000000000000e+00
0.000000000000000000e+00
0.000000000000000000e+00
0.000000000000000000e+00
0.000000000000000000e+00
0.000000000000000000e+00
0.000000000000000000e+00
0.000000000000000000e+00
0.000000000000000000e+00
0.000000000000000000e+00
0.000000000000000000e+00
0.000000000000000000e+00
0.000000000000000000e+00
0.000000000000000000e+00
0.000000000000000000e+00
0.000000000000000000e+00
0.000000000000000000e+00
0.000000000000000000e+00
0.000000000000000000e+00
0.000000000000000000e+00
0.000000000000000000e+00
0.000000000000000000e+00
0.000000000000000000e+00
0.000000000000000000e+00
0.000000000000000000e+00
0.000000000000000000e+00
0.000000000000000000e+00
0.000000000000000000e+00
0.000000000000000000e+00
0.000000000000000000e+00
0.000000000000000000e+00
0.000000000000000000e+00
0.000000000000000000e+00
0.000000000000000000e+00
0.000000000000000000e+00
0.000000000000000000e+00
0.000000000000000000e+00
0.000000000000000000e+00
0.000000000000000000e+00
0.000000000000000000e+00
0.000000000000000000e+00
0.000000000000000000e+00
0.000000000000000000e+00
0.000000000000000000e+00
0.000000000000000000e+00
0.000000000000000000e+00
0.000000000000000000e+00
0.000000000000000000e+00
0.000000000000000000e+00
0.000000000000000000e+00
0.000000000000000000e+00
0.000000000000000000e+00
0.000000000000000000e+00
0.000000000000000000e+00
0.000000000000000000e+00
0.000000000000000000e+00
0.000000000000000000e+00
0.000000000000000000e+00
0.000000000000000000e+00
0.000000000000000000e+00
0.000000000000000000e+00
0.000000000000000000e+00
0.000000000000000000e+00
0.000000000000000000e+00
0.000000000000000000e+00
0.000000000000000000e+00
0.000000000000000000e+00
0.000000000000000000e+00
0.000000000000000000e+00
0.000000000000000000e+00
0.000000000000000000e+00
0.000000000000000000e+00
0.000000000000000000e+00
0.000000000000000000e+00
0.000000000000000000e+00
0.000000000000000000e+00
0.000000000000000000e+00
0.000000000000000000e+00
0.000000000000000000e+00
0.000000000000000000e+00
0.000000000000000000e+00
0.000000000000000000e+00
0.000000000000000000e+00
0.000000000000000000e+00
0.000000000000000000e+00
0.000000000000000000e+00
0.000000000000000000e+00
0.000000000000000000e+00
0.000000000000000000e+00
0.000000000000000000e+00
0.000000000000000000e+00
0.000000000000000000e+00
0.000000000000000000e+00
0.000000000000000000e+00
0.000000000000000000e+00
0.000000000000000000e+00
0.000000000000000000e+00
0.000000000000000000e+00
0.000000000000000000e+00
0.000000000000000000e+00
0.000000000000000000e+00
0.000000000000000000e+00
0.000000000000000000e+00
0.000000000000000000e+00
0.000000000000000000e+00
0.000000000000000000e+00
0.000000000000000000e+00
0.000000000000000000e+00
0.000000000000000000e+00
0.000000000000000000e+00
0.000000000000000000e+00
0.000000000000000000e+00
0.000000000000000000e+00
0.000000000000000000e+00
0.000000000000000000e+00
0.000000000000000000e+00
0.000000000000000000e+00
0.000000000000000000e+00
0.000000000000000000e+00
0.000000000000000000e+00
0.000000000000000000e+00
0.000000000000000000e+00
0.000000000000000000e+00
0.000000000000000000e+00
0.000000000000000000e+00
0.000000000000000000e+00
0.000000000000000000e+00
0.000000000000000000e+00
0.000000000000000000e+00
0.000000000000000000e+00
0.000000000000000000e+00
0.000000000000000000e+00
0.000000000000000000e+00
0.000000000000000000e+00
0.000000000000000000e+00
0.000000000000000000e+00
0.000000000000000000e+00
0.000000000000000000e+00
0.000000000000000000e+00
0.000000000000000000e+00
0.000000000000000000e+00
0.000000000000000000e+00
0.000000000000000000e+00
0.000000000000000000e+00
0.000000000000000000e+00
0.000000000000000000e+00
0.000000000000000000e+00
0.000000000000000000e+00
0.000000000000000000e+00
0.000000000000000000e+00
0.000000000000000000e+00
0.000000000000000000e+00
0.000000000000000000e+00
0.000000000000000000e+00
0.000000000000000000e+00
0.000000000000000000e+00
0.000000000000000000e+00
0.000000000000000000e+00
0.000000000000000000e+00
0.000000000000000000e+00
0.000000000000000000e+00
0.000000000000000000e+00
0.000000000000000000e+00
0.000000000000000000e+00
0.000000000000000000e+00
0.000000000000000000e+00
0.000000000000000000e+00
0.000000000000000000e+00
0.000000000000000000e+00
0.000000000000000000e+00
0.000000000000000000e+00
0.000000000000000000e+00
0.000000000000000000e+00
0.000000000000000000e+00
0.000000000000000000e+00
0.000000000000000000e+00
0.000000000000000000e+00
0.000000000000000000e+00
0.000000000000000000e+00
0.000000000000000000e+00
0.000000000000000000e+00
0.000000000000000000e+00
0.000000000000000000e+00
0.000000000000000000e+00
0.000000000000000000e+00
0.000000000000000000e+00
0.000000000000000000e+00
0.000000000000000000e+00
0.000000000000000000e+00
0.000000000000000000e+00
0.000000000000000000e+00
0.000000000000000000e+00
0.000000000000000000e+00
0.000000000000000000e+00
0.000000000000000000e+00
0.000000000000000000e+00
0.000000000000000000e+00
0.000000000000000000e+00
0.000000000000000000e+00
0.000000000000000000e+00
0.000000000000000000e+00
0.000000000000000000e+00
0.000000000000000000e+00
0.000000000000000000e+00
0.000000000000000000e+00
0.000000000000000000e+00
0.000000000000000000e+00
0.000000000000000000e+00
0.000000000000000000e+00
0.000000000000000000e+00
0.000000000000000000e+00
0.000000000000000000e+00
0.000000000000000000e+00
0.000000000000000000e+00
0.000000000000000000e+00
0.000000000000000000e+00
0.000000000000000000e+00
0.000000000000000000e+00
0.000000000000000000e+00
0.000000000000000000e+00
0.000000000000000000e+00
0.000000000000000000e+00
0.000000000000000000e+00
0.000000000000000000e+00
0.000000000000000000e+00
0.000000000000000000e+00
0.000000000000000000e+00
0.000000000000000000e+00
0.000000000000000000e+00
0.000000000000000000e+00
0.000000000000000000e+00
0.000000000000000000e+00
0.000000000000000000e+00
0.000000000000000000e+00
0.000000000000000000e+00
0.000000000000000000e+00
0.000000000000000000e+00
0.000000000000000000e+00
0.000000000000000000e+00
0.000000000000000000e+00
0.000000000000000000e+00
0.000000000000000000e+00
0.000000000000000000e+00
0.000000000000000000e+00
0.000000000000000000e+00
0.000000000000000000e+00
0.000000000000000000e+00
0.000000000000000000e+00
0.000000000000000000e+00
0.000000000000000000e+00
0.000000000000000000e+00
0.000000000000000000e+00
0.000000000000000000e+00
0.000000000000000000e+00
0.000000000000000000e+00
0.000000000000000000e+00
0.000000000000000000e+00
0.000000000000000000e+00
0.000000000000000000e+00
0.000000000000000000e+00
0.000000000000000000e+00
0.000000000000000000e+00
0.000000000000000000e+00
0.000000000000000000e+00
0.000000000000000000e+00
0.000000000000000000e+00
0.000000000000000000e+00
0.000000000000000000e+00
0.000000000000000000e+00
0.000000000000000000e+00
0.000000000000000000e+00
0.000000000000000000e+00
0.000000000000000000e+00
0.000000000000000000e+00
0.000000000000000000e+00
0.000000000000000000e+00
0.000000000000000000e+00
0.000000000000000000e+00
0.000000000000000000e+00
0.000000000000000000e+00
0.000000000000000000e+00
0.000000000000000000e+00
0.000000000000000000e+00
0.000000000000000000e+00
0.000000000000000000e+00
0.000000000000000000e+00
0.000000000000000000e+00
0.000000000000000000e+00
0.000000000000000000e+00
0.000000000000000000e+00
0.000000000000000000e+00
0.000000000000000000e+00
0.000000000000000000e+00
0.000000000000000000e+00
0.000000000000000000e+00
0.000000000000000000e+00
0.000000000000000000e+00
0.000000000000000000e+00
0.000000000000000000e+00
0.000000000000000000e+00
0.000000000000000000e+00
0.000000000000000000e+00
0.000000000000000000e+00
0.000000000000000000e+00
0.000000000000000000e+00
0.000000000000000000e+00
0.000000000000000000e+00
0.000000000000000000e+00
0.000000000000000000e+00
0.000000000000000000e+00
0.000000000000000000e+00
0.000000000000000000e+00
0.000000000000000000e+00
0.000000000000000000e+00
0.000000000000000000e+00
0.000000000000000000e+00
0.000000000000000000e+00
0.000000000000000000e+00
0.000000000000000000e+00
0.000000000000000000e+00
0.000000000000000000e+00
0.000000000000000000e+00
0.000000000000000000e+00
0.000000000000000000e+00
0.000000000000000000e+00
0.000000000000000000e+00
0.000000000000000000e+00
0.000000000000000000e+00
0.000000000000000000e+00
0.000000000000000000e+00
0.000000000000000000e+00
0.000000000000000000e+00
0.000000000000000000e+00
0.000000000000000000e+00
0.000000000000000000e+00
0.000000000000000000e+00
0.000000000000000000e+00
0.000000000000000000e+00
0.000000000000000000e+00
0.000000000000000000e+00
0.000000000000000000e+00
0.000000000000000000e+00
0.000000000000000000e+00
0.000000000000000000e+00
0.000000000000000000e+00
0.000000000000000000e+00
0.000000000000000000e+00
0.000000000000000000e+00
0.000000000000000000e+00
0.000000000000000000e+00
0.000000000000000000e+00
0.000000000000000000e+00
0.000000000000000000e+00
0.000000000000000000e+00
0.000000000000000000e+00
0.000000000000000000e+00
0.000000000000000000e+00
0.000000000000000000e+00
0.000000000000000000e+00
0.000000000000000000e+00
0.000000000000000000e+00
0.000000000000000000e+00
0.000000000000000000e+00
0.000000000000000000e+00
0.000000000000000000e+00
0.000000000000000000e+00
0.000000000000000000e+00
0.000000000000000000e+00
0.000000000000000000e+00
0.000000000000000000e+00
0.000000000000000000e+00
0.000000000000000000e+00
0.000000000000000000e+00
0.000000000000000000e+00
0.000000000000000000e+00
0.000000000000000000e+00
0.000000000000000000e+00
0.000000000000000000e+00
0.000000000000000000e+00
0.000000000000000000e+00
0.000000000000000000e+00
nan
