# bin_16_8
-2.135903939849717052e-08
-2.084341580390940310e-09
-9.513682183931450446e-09
3.332154313557959708e-09
-5.665731573792141897e-09
3.499378384326076215e-09
-2.501918462928633936e-09
4.290880492779288275e-09
-6.896445972192807145e-10
1.117661673166666836e-09
-1.326811377544714981e-09
-2.314403789717693926e-09
1.660046686955233996e-09
3.443962637134816695e-09
3.672912983920828168e-09
1.236375338685263571e-09
-2.311133925694876455e-09
-4.503583841704185640e-09
-5.336871530688938868e-09
-5.693735433579188112e-09
-5.664766835852948257e-09
-5.330227752445984046e-09
-3.717182147056025366e-09
-1.203428841012654412e-09
7.908597507467808487e-10
1.483160990918896062e-09
1.041684699248181243e-09
2.662393568986463997e-10
-4.866420220426426889e-10
-9.966655702907868105e-10
-1.136397491299031018e-09
-7.232110021185468979e-10
9.009639347003350173e-11
9.788800887011521333e-10
1.724069428179387846e-09
2.183155626725265894e-09
2.268922233116421017e-09
2.144054982431667510e-09
2.010619175036562186e-09
1.871573220955534076e-09
1.729269950969124134e-09
1.585574711430893655e-09
1.441959692957425996e-09
1.299579535934046010e-09
1.144737828872549072e-09
9.742337998900354643e-10
8.017206894270317088e-10
6.374662164641159554e-10
4.890521406356647276e-10
3.619332283372953412e-10
2.598844633649166560e-10
1.853591955272066144e-10
1.334766463992489106e-10
9.536677414300240416e-11
6.728670303577711020e-11
4.618531759150939407e-11
2.958633483447076360e-11
1.549117033421370868e-11
2.298130863655911110e-12
-1.126489728398720167e-11
-2.619658187657687051e-11
-4.290206124657900169e-11
-6.045094660755677864e-11
-7.783158311221297643e-11
-9.422922479086201842e-11
-1.089948900540540254e-10
-1.216189878445063039e-10
-1.317089681192331242e-10
-1.389703719397257730e-10
-1.431907572620556417e-10
-1.442260602835835987e-10
-1.419890219473867990e-10
-1.354818739205537641e-10
-1.247597297366168040e-10
-1.111801736688136407e-10
-9.589670665845790572e-11
-7.988544602387956971e-11
-6.396837069631810882e-11
-4.883357300177680537e-11
-3.505291354406688667e-11
-2.309742077659226895e-11
-1.335072990348560253e-11
-6.120815590912328480e-12
-1.650238562658095927e-12
-1.250966326656284550e-13
-4.860590630813224961e-13
-1.523507381574735579e-12
-3.165779965640435064e-12
-5.347667502974597769e-12
-8.009823192597101591e-12
-1.109823009303968885e-11
-1.456371967972824706e-11
-1.836153633630834014e-11
-2.245094308803116731e-11
-2.679486439957201048e-11
-3.135956231353686064e-11
-3.611434260697823587e-11
-4.103128799806890788e-11
-4.608501574935200035e-11
-5.125245729263175698e-11
-5.651265774794776324e-11
-6.253608775581677594e-11
-6.974870901911776217e-11
-7.779692599861081630e-11
-8.636728599849608724e-11
-9.518258292152459924e-11
-1.039983338408548808e-10
-1.125995915758612293e-10
-1.207980602742341581e-10
-1.284294844002972832e-10
-1.353512845579960284e-10
-1.414404162786276074e-10
-1.465914303155982705e-10
-1.507147151438754564e-10
-1.537349042892955454e-10
-1.555894328379374866e-10
-1.562272290207490853e-10
-1.556075281533959019e-10
-1.536987974533549657e-10
-1.498141540538801714e-10
-1.435925538994320592e-10
-1.354655296861865358e-10
-1.258247104015162640e-10
-1.150250750089388461e-10
-1.033879418333759998e-10
-9.120371591946528719e-11
-7.873441465903492851e-11
-6.621599019290625151e-11
-5.386046546847561294e-11
-4.185789936144003916e-11
-3.037819493284898137e-11
-1.957276367805862310e-11
-9.576057520274739310e-12
-5.069792975130656621e-13
7.529818421594313058e-12
1.444273718932306033e-11
2.015213095135696740e-11
2.458929118431077850e-11
2.769551197188331282e-11
2.942122866760975462e-11
2.972522431652092587e-11
8.770622851505476866e-12
-4.918167945750023745e-11
-1.383797550440579000e-10
-2.535240985357049584e-10
-3.897362044224775307e-10
-5.425293211887261182e-10
-7.077812253498441368e-10
-8.817088707079484002e-10
-1.060844779058977438e-09
-1.242015048628674433e-09
-1.422318865762489005e-09
-1.599109413909270392e-09
-1.769976081783958956e-09
-1.932727879826097964e-09
-2.085377980737790705e-09
-2.226129306036603874e-09
-2.353361086234598500e-09
-2.465616327496269042e-09
-2.561590122467840169e-09
-2.640118747443383863e-09
-2.700169492167484723e-09
-2.740831172396233849e-09
-2.761305278875564916e-09
-2.760897719667552417e-09
-2.739011115784930025e-09
-2.696204527566402349e-09
-2.635100584571523493e-09
-2.558136583738947032e-09
-2.467586196990354817e-09
-2.365569184223648932e-09
-2.254060530571581858e-09
-2.134899043406857921e-09
-1.880339972721444701e-09
-1.748009573213041013e-09
-1.614174622020020059e-09
-1.480105289775107249e-09
-1.346977521336606566e-09
-1.215878669307216192e-09
-1.087812800084229582e-09
-9.637056920104366353e-10
-7.307074116138119982e-10
-6.233173873757499951e-10
-5.228965393487339413e-10
-4.300446232701811587e-10
-3.453075809016494535e-10
-2.691808373160622286e-10
-2.021124088292152518e-10
-9.672292824905701281e-11
-5.908640123952730684e-11
-3.188229713751020640e-11
-1.536231537048530524e-11
-9.709037427239848916e-12
-9.788965553415926245e-12
-9.975553568357607489e-12
-1.025913031513366260e-11
-1.063054774937035005e-11
-1.160277490220119370e-11
-1.218767875672613808e-11
-1.282856621871635759e-11
-1.425110254508662551e-11
-1.502010412442609311e-11
-1.581975767768138987e-11
-1.664460517577806367e-11
-1.834961422915221991e-11
-1.922037817486550428e-11
-2.009751197817942983e-11
-2.185502954339306385e-11
-2.272808492103294906e-11
-2.359282971122214407e-11
-2.528512763209123679e-11
-2.610704158482455974e-11
-2.768967257783976856e-11
-2.844580933437047601e-11
-2.917570392637121061e-11
-3.054928141253605715e-11
-3.118956417009344473e-11
-3.236957285757630011e-11
-3.290663608057295831e-11
-3.403010641464264884e-11
-3.464745948702606144e-11
-3.529449132908787060e-11
-3.665710077778234177e-11
-3.736310146236119263e-11
-3.880243482901650173e-11
-3.952765024920156759e-11
-4.097052854137620094e-11
-4.168134817015234564e-11
-4.306607392602244767e-11
-4.373424825618859252e-11
-4.500914043361533048e-11
-4.618645889068290138e-11
-4.673320574874247920e-11
-4.773339997080675181e-11
-4.818342971890100049e-11
-4.897567432828418323e-11
-4.961517266782649429e-11
-4.987464132839384570e-11
-5.026782055510301461e-11
-5.039970773852086187e-11
-5.053011022750480022e-11
-5.047824593525194502e-11
-5.038255285773323728e-11
-5.004936927693779621e-11
-4.952475439605525836e-11
-4.918996972599427889e-11
-4.802683672879225141e-11
-4.606560912469192686e-11
-4.343584032861795493e-11
-4.190783187865006717e-11
-3.849528944187894363e-11
-3.469356667633938965e-11
-3.059848400388027212e-11
-2.846863810462707898e-11
-2.409556255781746933e-11
-1.963439193999481249e-11
-1.515497307907525044e-11
-1.072089917174463476e-11
-8.539141541263102679e-12
-4.279748653731657154e-12
-2.002170500093189768e-13
3.654386259824600636e-12
7.243446966761838546e-12
1.053047710358375245e-11
1.348281146498109474e-11
1.607132518683707653e-11
1.827017098479691518e-11
2.005653466312918297e-11
2.141040760718878404e-11
2.231437506712329991e-11
2.275341912753591048e-11
2.271473533820478892e-11
2.242095028745718357e-11
2.210473440449115389e-11
2.176970389744058995e-11
2.141921946729964460e-11
2.105640207020931342e-11
2.068414771212611554e-11
2.030514133754143902e-11
1.992186986977581012e-11
1.953663445652288001e-11
1.915156197074198194e-11
1.876861581367372775e-11
1.838960606366378717e-11
1.783208011259196381e-11
1.746990878482506908e-11
1.711693429374908891e-11
1.677438677609358501e-11
1.644338886614223257e-11
1.597075698496414573e-11
1.567289922700452838e-11
1.538976801719618972e-11
1.512208050182995051e-11
1.475089181953598840e-11
1.452447144113436042e-11
1.431544606012153394e-11
1.403541921722559149e-11
1.387158304959061092e-11
1.384020336353099002e-11
1.526382011143569678e-11
1.716922131644690660e-11
2.123556991182132628e-11
2.462973844858504530e-11
2.847931657047817710e-11
3.494941181444920633e-11
3.962840978626049393e-11
4.703983964990537448e-11
5.215911443326373385e-11
5.997341482282380754e-11
6.520231858386322409e-11
7.296305944831293241e-11
8.050278225364371292e-11
8.534447062862147196e-11
9.224557637410258774e-11
9.656055709118579828e-11
1.025345020613532217e-10
1.078348490824399397e-10
1.109563196279624453e-10
1.149697126889570067e-10
1.181265384986840449e-10
1.197284227844610411e-10
1.213419647259022347e-10
1.219714647073085564e-10
1.215810626350742881e-10
1.207390647017803586e-10
1.169504633030572983e-10
1.092277821811664931e-10
9.815026962548217012e-11
8.425384870144732874e-11
7.366976383131654291e-11
5.615742629745448781e-11
3.706468884202993042e-11
1.679172771706052891e-11
-4.292758989469970815e-12
-2.584946478300566271e-11
-4.756652422907213541e-11
-6.915768929922717171e-11
-9.036062408655409542e-11
-1.109353099804745573e-10
-1.306625539456038326e-10
-1.493425930630929837e-10
-1.667937889686928000e-10
-1.828514062627568599e-10
-2.018384204903630749e-10
-2.140902495981294048e-10
-2.245073213928539805e-10
-2.329858432776342797e-10
-2.394336170852116308e-10
-2.437692356861492453e-10
-2.461424906667361814e-10
-2.452882424980697905e-10
-2.406178318712856116e-10
-2.217055670236304396e-10
-1.989550738421270389e-10
-1.699351855253607239e-10
-1.230346536326332690e-10
-8.278148471506929677e-11
-3.903442557647755094e-11
2.349692295513008257e-11
7.268890854598984281e-11
1.401765688963751081e-10
1.914884521657508784e-10
2.598514947266460981e-10
3.104703245535132525e-10
3.762657141812586700e-10
4.238253669736518606e-10
4.841665405183572672e-10
5.402843865810335368e-10
5.791761094778725342e-10
6.262595078013814928e-10
6.673662328749319796e-10
6.939653737008998276e-10
7.234236768086135586e-10
7.456465618005071692e-10
7.602791287139484251e-10
7.670146210416989708e-10
7.667243635124153654e-10
7.584133528641849421e-10
7.283611740155586194e-10
6.743155925618946838e-10
5.997268506141750752e-10
5.077966164287804492e-10
4.014937901186522910e-10
2.835693068041990887e-10
1.565700032748898926e-10
2.285160963972282777e-11
-1.154090768087044755e-10
-2.562027822349807328e-10
-3.976770617786139372e-10
-5.728917410160724444e-10
-7.098695370895414074e-10
-8.424735744406366775e-10
-9.694133722732383045e-10
-1.118335424152125062e-09
-1.228374226527079502e-09
-1.329282915292409632e-09
-1.441266464148411973e-09
-1.518587998285381365e-09
-1.584256989317986585e-09
-1.649024433593218240e-09
-1.686323145119006551e-09
-1.714026983665079213e-09
-1.720556263302712558e-09
-1.708601828017870482e-09
-1.683989822522101933e-09
-1.637915993298150244e-09
-1.577230552283354234e-09
-1.519769717928256268e-09
-1.438665883679310745e-09
-1.349170385368549664e-09
-1.272814481388607299e-09
-1.172902387069920147e-09
-1.069547901367235921e-09
-9.642549471288136809e-10
-8.584035124563265553e-10
-7.532580402283032946e-10
-6.499752629870773448e-10
-5.694032384722213733e-10
-4.720722017112561373e-10
-3.793301572534534942e-10
-2.752324676823677554e-10
-1.953304622509070999e-10
-1.223474695463845139e-10
-5.686632564823707455e-11
5.911199306250118037e-13
4.955974706546728453e-11
9.653973282562324855e-11
1.254501986002368018e-10
1.447199563965446400e-10
1.540815963973614005e-10
1.535156337613653243e-10
1.502393783454638976e-10
1.447662036566837669e-10
1.391042907421205166e-10
1.312064337486126013e-10
1.238635458676500593e-10
1.143255717735742716e-10
1.059077471539815427e-10
9.540330203297699739e-11
8.462030158109430296e-11
7.553534471165012424e-11
6.463977184766766570e-11
5.387659798052018064e-11
4.336750837921076445e-11
3.322334400990689740e-11
2.354485376545335178e-11
1.442339643752822923e-11
5.941595868775396106e-12
-1.826047523814352171e-12
-8.812585890477874604e-12
-1.495809100179754981e-11
-2.020915665455326412e-11
-2.451843405166513929e-11
-2.784419794432411208e-11
-3.014994147888107965e-11
-3.150878886796411403e-11
-3.151388085842085928e-11
-3.099163673349786063e-11
-3.012770118029359931e-11
-2.919958563274294921e-11
-2.793289036421777135e-11
-2.671594685846427473e-11
-2.517318498443236922e-11
-2.376807897913750820e-11
-2.205804276849819355e-11
-2.029741159130414321e-11
-1.851092733393207138e-11
-1.697632186692206067e-11
-1.520053177859426523e-11
-1.345868438841359339e-11
-1.176830786022800824e-11
-1.014536079003853283e-11
-8.604340244128261059e-12
-7.158382655203875177e-12
-5.819358059342506651e-12
-4.597958122400998977e-12
-3.503778372942626638e-12
-2.545395029492192931e-12
-1.626126329085519118e-12
-9.832971908604400729e-13
-4.973557578346995182e-13
-1.405695612529179927e-13
-6.987871650347734806e-15
0.000000000000000000e+00
0.000000000000000000e+00
0.000000000000000000e+00
0.000000000000000000e+00
0.000000000000000000e+00
0.000000000000000000e+00
0.000000000000000000e+00
0.000000000000000000e+00
0.000000000000000000e+00
0.000000000000000000e+00
0.000000000000000000e+00
0.000000000000000000e+00
0.000000000000000000e+00
0.000000000000000000e+00
0.000000000000000000e+00
0.000000000000000000e+00
0.000000000000000000e+00
0.000000000000000000e+00
0.000000000000000000e+00
0.000000000000000000e+00
0.000000000000000000e+00
0.000000000000000000e+00
0.000000000000000000e+00
0.000000000000000000e+00
0.000000000000000000e+00
0.000000000000000000e+00
0.000000000000000000e+00
0.000000000000000000e+00
0.000000000000000000e+00
0.000000000000000000e+00
0.000000000000000000e+00
0.000000000000000000e+00
0.000000000000000000e+00
0.000000000000000000e+00
0.000000000000000000e+00
0.000000000000000000e+00
0.000000000000000000e+00
0.000000000000000000e+00
0.000000000000000000e+00
0.000000000000000000e+00
0.000000000000000000e+00
0.000000000000000000e+00
0.000000000000000000e+00
0.000000000000000000e+00
0.000000000000000000e+00
0.000000000000000000e+00
0.000000000000000000e+00
0.000000000000000000e+00
0.000000000000000000e+00
0.000000000000000000e+00
0.000000000000000000e+00
0.000000000000000000e+00
0.000000000000000000e+00
0.000000000000000000e+00
0.000000000000000000e+00
0.000000000000000000e+00
0.000000000000000000e+00
0.000000000000000000e+00
0.000000000000000000e+00
0.000000000000000000e+00
0.000000000000000000e+00
0.000000000000000000e+00
0.000000000000000000e+00
0.000000000000000000e+00
0.000000000000000000e+00
0.000000000000000000e+00
0.000000000000000000e+00
0.000000000000000000e+00
0.000000000000000000e+00
0.000000000000000000e+00
0.000000000000000000e+00
0.000000000000000000e+00
0.000000000000000000e+00
0.000000000000000000e+00
0.000000000000000000e+00
0.000000000000000000e+00
0.000000000000000000e+00
0.000000000000000000e+00
0.000000000000000000e+00
0.000000000000000000e+00
0.000000000000000000e+00
0.000000000000000000e+00
0.000000000000000000e+00
0.000000000000000000e+00
0.000000000000000000e+00
0.000000000000000000e+00
0.000000000000000000e+00
0.000000000000000000e+00
0.000000000000000000e+00
0.000000000000000000e+00
0.000000000000000000e+00
0.000000000000000000e+00
0.000000000000000000e+00
0.000000000000000000e+00
0.000000000000000000e+00
0.000000000000000000e+00
0.000000000000000000e+00
0.000000000000000000e+00
0.000000000000000000e+00
0.000000000000000000e+00
0.000000000000000000e+00
0.000000000000000000e+00
0.000000000000000000e+00
0.000000000000000000e+00
0.000000000000000000e+00
0.000000000000000000e+00
0.000000000000000000e+00
0.000000000000000000e+00
0.000000000000000000e+00
0.000000000000000000e+00
0.000000000000000000e+00
0.000000000000000000e+00
0.000000000000000000e+00
0.000000000000000000e+00
0.000000000000000000e+00
0.000000000000000000e+00
0.000000000000000000e+00
0.000000000000000000e+00
0.000000000000000000e+00
0.000000000000000000e+00
0.000000000000000000e+00
0.000000000000000000e+00
0.000000000000000000e+00
0.000000000000000000e+00
0.000000000000000000e+00
0.000000000000000000e+00
0.000000000000000000e+00
0.000000000000000000e+00
0.000000000000000000e+00
0.000000000000000000e+00
0.000000000000000000e+00
0.000000000000000000e+00
0.000000000000000000e+00
0.000000000000000000e+00
0.000000000000000000e+00
0.000000000000000000e+00
0.000000000000000000e+00
0.000000000000000000e+00
0.000000000000000000e+00
0.000000000000000000e+00
0.000000000000000000e+00
0.000000000000000000e+00
0.000000000000000000e+00
0.000000000000000000e+00
0.000000000000000000e+00
0.000000000000000000e+00
0.000000000000000000e+00
0.000000000000000000e+00
0.000000000000000000e+00
0.000000000000000000e+00
0.000000000000000000e+00
0.000000000000000000e+00
0.000000000000000000e+00
0.000000000000000000e+00
0.000000000000000000e+00
0.000000000000000000e+00
0.000000000000000000e+00
0.000000000000000000e+00
0.000000000000000000e+00
0.000000000000000000e+00
0.000000000000000000e+00
0.000000000000000000e+00
0.000000000000000000e+00
0.000000000000000000e+00
0.000000000000000000e+00
0.000000000000000000e+00
0.000000000000000000e+00
0.000000000000000000e+00
0.000000000000000000e+00
0.000000000000000000e+00
0.000000000000000000e+00
0.000000000000000000e+00
0.000000000000000000e+00
0.000000000000000000e+00
0.000000000000000000e+00
0.000000000000000000e+00
0.000000000000000000e+00
0.000000000000000000e+00
0.000000000000000000e+00
0.000000000000000000e+00
0.000000000000000000e+00
0.000000000000000000e+00
0.000000000000000000e+00
0.000000000000000000e+00
0.000000000000000000e+00
0.000000000000000000e+00
0.000000000000000000e+00
0.000000000000000000e+00
0.000000000000000000e+00
0.000000000000000000e+00
0.000000000000000000e+00
0.000000000000000000e+00
0.000000000000000000e+00
0.000000000000000000e+00
0.000000000000000000e+00
0.000000000000000000e+00
0.000000000000000000e+00
0.000000000000000000e+00
0.000000000000000000e+00
0.000000000000000000e+00
0.000000000000000000e+00
0.000000000000000000e+00
0.000000000000000000e+00
0.000000000000000000e+00
0.000000000000000000e+00
0.000000000000000000e+00
0.000000000000000000e+00
0.000000000000000000e+00
0.000000000000000000e+00
0.000000000000000000e+00
0.000000000000000000e+00
0.000000000000000000e+00
0.000000000000000000e+00
0.000000000000000000e+00
0.000000000000000000e+00
0.000000000000000000e+00
0.000000000000000000e+00
0.000000000000000000e+00
0.000000000000000000e+00
0.000000000000000000e+00
0.000000000000000000e+00
0.000000000000000000e+00
0.000000000000000000e+00
0.000000000000000000e+00
0.000000000000000000e+00
0.000000000000000000e+00
0.000000000000000000e+00
0.000000000000000000e+00
0.000000000000000000e+00
0.000000000000000000e+00
0.000000000000000000e+00
0.000000000000000000e+00
0.000000000000000000e+00
0.000000000000000000e+00
0.000000000000000000e+00
0.000000000000000000e+00
0.000000000000000000e+00
0.000000000000000000e+00
0.000000000000000000e+00
0.000000000000000000e+00
0.000000000000000000e+00
0.000000000000000000e+00
0.000000000000000000e+00
0.000000000000000000e+00
0.000000000000000000e+00
0.000000000000000000e+00
0.000000000000000000e+00
0.000000000000000000e+00
0.000000000000000000e+00
0.000000000000000000e+00
0.000000000000000000e+00
0.000000000000000000e+00
0.000000000000000000e+00
0.000000000000000000e+00
0.000000000000000000e+00
0.000000000000000000e+00
0.000000000000000000e+00
0.000000000000000000e+00
0.000000000000000000e+00
0.000000000000000000e+00
0.000000000000000000e+00
0.000000000000000000e+00
0.000000000000000000e+00
0.000000000000000000e+00
0.000000000000000000e+00
0.000000000000000000e+00
0.000000000000000000e+00
0.000000000000000000e+00
0.000000000000000000e+00
0.000000000000000000e+00
0.000000000000000000e+00
0.000000000000000000e+00
0.000000000000000000e+00
0.000000000000000000e+00
0.000000000000000000e+00
0.000000000000000000e+00
0.000000000000000000e+00
0.000000000000000000e+00
0.000000000000000000e+00
0.000000000000000000e+00
0.000000000000000000e+00
0.000000000000000000e+00
0.000000000000000000e+00
0.000000000000000000e+00
0.000000000000000000e+00
0.000000000000000000e+00
0.000000000000000000e+00
0.000000000000000000e+00
0.000000000000000000e+00
0.000000000000000000e+00
0.000000000000000000e+00
0.000000000000000000e+00
0.000000000000000000e+00
0.000000000000000000e+00
0.000000000000000000e+00
0.000000000000000000e+00
0.000000000000000000e+00
0.000000000000000000e+00
0.000000000000000000e+00
0.000000000000000000e+00
0.000000000000000000e+00
0.000000000000000000e+00
0.000000000000000000e+00
0.000000000000000000e+00
0.000000000000000000e+00
0.000000000000000000e+00
0.000000000000000000e+00
0.000000000000000000e+00
0.000000000000000000e+00
0.000000000000000000e+00
0.000000000000000000e+00
0.000000000000000000e+00
0.000000000000000000e+00
0.000000000000000000e+00
0.000000000000000000e+00
0.000000000000000000e+00
0.000000000000000000e+00
0.000000000000000000e+00
0.000000000000000000e+00
0.000000000000000000e+00
0.000000000000000000e+00
0.000000000000000000e+00
0.000000000000000000e+00
0.000000000000000000e+00
0.000000000000000000e+00
0.000000000000000000e+00
0.000000000000000000e+00
0.000000000000000000e+00
0.000000000000000000e+00
0.000000000000000000e+00
0.000000000000000000e+00
0.000000000000000000e+00
0.000000000000000000e+00
0.000000000000000000e+00
0.000000000000000000e+00
0.000000000000000000e+00
0.000000000000000000e+00
0.000000000000000000e+00
0.000000000000000000e+00
0.000000000000000000e+00
0.000000000000000000e+00
0.000000000000000000e+00
0.000000000000000000e+00
0.000000000000000000e+00
0.000000000000000000e+00
0.000000000000000000e+00
0.000000000000000000e+00
0.000000000000000000e+00
0.000000000000000000e+00
0.000000000000000000e+00
0.000000000000000000e+00
0.000000000000000000e+00
0.000000000000000000e+00
0.000000000000000000e+00
0.000000000000000000e+00
0.000000000000000000e+00
0.000000000000000000e+00
0.000000000000000000e+00
0.000000000000000000e+00
0.000000000000000000e+00
0.000000000000000000e+00
0.000000000000000000e+00
0.000000000000000000e+00
0.000000000000000000e+00
0.000000000000000000e+00
0.000000000000000000e+00
0.000000000000000000e+00
0.000000000000000000e+00
0.000000000000000000e+00
0.000000000000000000e+00
0.000000000000000000e+00
0.000000000000000000e+00
0.000000000000000000e+00
0.000000000000000000e+00
0.000000000000000000e+00
0.000000000000000000e+00
0.000000000000000000e+00
0.000000000000000000e+00
0.000000000000000000e+00
0.000000000000000000e+00
0.000000000000000000e+00
0.000000000000000000e+00
0.000000000000000000e+00
0.000000000000000000e+00
0.000000000000000000e+00
0.000000000000000000e+00
0.000000000000000000e+00
0.000000000000000000e+00
0.000000000000000000e+00
0.000000000000000000e+00
0.000000000000000000e+00
0.000000000000000000e+00
0.000000000000000000e+00
0.000000000000000000e+00
0.000000000000000000e+00
0.000000000000000000e+00
0.000000000000000000e+00
0.000000000000000000e+00
0.000000000000000000e+00
0.000000000000000000e+00
0.000000000000000000e+00
0.000000000000000000e+00
0.000000000000000000e+00
0.000000000000000000e+00
0.000000000000000000e+00
0.000000000000000000e+00
0.000000000000000000e+00
0.000000000000000000e+00
0.000000000000000000e+00
0.000000000000000000e+00
0.000000000000000000e+00
0.000000000000000000e+00
0.000000000000000000e+00
0.000000000000000000e+00
0.000000000000000000e+00
0.000000000000000000e+00
0.000000000000000000e+00
0.000000000000000000e+00
0.000000000000000000e+00
0.000000000000000000e+00
0.000000000000000000e+00
0.000000000000000000e+00
0.000000000000000000e+00
0.000000000000000000e+00
0.000000000000000000e+00
0.000000000000000000e+00
0.000000000000000000e+00
0.000000000000000000e+00
0.000000000000000000e+00
0.000000000000000000e+00
0.000000000000000000e+00
0.000000000000000000e+00
0.000000000000000000e+00
0.000000000000000000e+00
0.000000000000000000e+00
0.000000000000000000e+00
0.000000000000000000e+00
0.000000000000000000e+00
0.000000000000000000e+00
0.000000000000000000e+00
0.000000000000000000e+00
0.000000000000000000e+00
0.000000000000000000e+00
0.000000000000000000e+00
0.000000000000000000e+00
0.000000000000000000e+00
0.000000000000000000e+00
0.000000000000000000e+00
0.000000000000000000e+00
0.000000000000000000e+00
0.000000000000000000e+00
0.000000000000000000e+00
0.000000000000000000e+00
0.000000000000000000e+00
0.000000000000000000e+00
0.000000000000000000e+00
0.000000000000000000e+00
0.000000000000000000e+00
0.000000000000000000e+00
0.000000000000000000e+00
0.000000000000000000e+00
0.000000000000000000e+00
0.000000000000000000e+00
0.000000000000000000e+00
0.000000000000000000e+00
0.000000000000000000e+00
0.000000000000000000e+00
0.000000000000000000e+00
0.000000000000000000e+00
0.000000000000000000e+00
0.000000000000000000e+00
0.000000000000000000e+00
0.000000000000000000e+00
0.000000000000000000e+00
0.000000000000000000e+00
0.000000000000000000e+00
0.000000000000000000e+00
0.000000000000000000e+00
0.000000000000000000e+00
0.000000000000000000e+00
0.000000000000000000e+00
0.000000000000000000e+00
0.000000000000000000e+00
0.000000000000000000e+00
0.000000000000000000e+00
0.000000000000000000e+00
0.000000000000000000e+00
0.000000000000000000e+00
0.000000000000000000e+00
0.000000000000000000e+00
0.000000000000000000e+00
0.000000000000000000e+00
0.000000000000000000e+00
0.000000000000000000e+00
0.000000000000000000e+00
0.000000000000000000e+00
0.000000000000000000e+00
0.000000000000000000e+00
0.000000000000000000e+00
0.000000000000000000e+00
0.000000000000000000e+00
0.000000000000000000e+00
0.000000000000000000e+00
0.000000000000000000e+00
0.000000000000000000e+00
0.000000000000000000e+00
0.000000000000000000e+00
0.000000000000000000e+00
0.000000000000000000e+00
0.000000000000000000e+00
0.000000000000000000e+00
0.000000000000000000e+00
0.000000000000000000e+00
0.000000000000000000e+00
0.000000000000000000e+00
0.000000000000000000e+00
nan
