# bin_15_6
-2.728444413055166011e-08
9.390004513475187244e-09
-1.993242802774297288e-08
1.320907162916505566e-08
-1.684393133981145652e-08
1.221416889752307081e-08
-1.309277815330158200e-08
1.102208475439605707e-08
-1.243510941037145718e-08
6.055130215033430693e-09
-6.011212134158845893e-09
8.980630846083926283e-11
-2.266814677969717566e-09
2.469211830902202669e-09
5.703835121795735696e-09
-3.373143036230046804e-10
-8.378801437505975036e-09
-1.106609999684708867e-08
-8.703817980475501399e-09
-5.017838522478280406e-09
-1.082452058458288982e-09
2.510024608487914300e-09
6.224662324230732583e-09
9.884992955911408934e-09
1.262766147317153531e-08
1.401127596539190054e-08
1.438703769870786331e-08
1.434626939520311650e-08
1.399840528206248502e-08
1.342698684946452794e-08
1.269593263979704234e-08
8.820629261113775515e-09
1.346118530220429537e-09
-6.798485934825280790e-09
-1.363688221169581815e-08
-1.788372176585433225e-08
-1.875263674533292299e-08
-1.667543085250795003e-08
-1.320844493049506489e-08
-9.294435509848943654e-09
-5.613620509090821278e-09
-2.645858910169299992e-09
-7.184653105108913504e-10
-4.304444825309222228e-11
-4.680554646569003677e-11
-5.847767891000632860e-11
-7.381015011907629160e-11
-8.956153323374872846e-11
-1.032940184624635803e-10
-1.132088237353678055e-10
-1.180142754036326873e-10
-1.168199513811406775e-10
-1.122032947361002199e-10
-1.073348862209503805e-10
-1.024230953955993380e-10
-9.763166448154738838e-11
-9.308767731018376817e-11
-8.888814079833593454e-11
-8.510542615262949265e-11
-8.179177112685908519e-11
-7.898300770500675239e-11
-8.194113024434708160e-11
-9.347084821304146512e-11
-1.103880713460291899e-10
-1.300662723661338329e-10
-1.503516842528267906e-10
-1.694912253086164891e-10
-1.860711857158086167e-10
-1.989650269219885099e-10
-2.072889088831684926e-10
-2.103637795765108965e-10
-2.076830441028522834e-10
-1.836493154806155420e-10
-1.299364086915798480e-10
-5.588348353607949513e-11
3.057058085581575994e-11
1.227041404736925119e-10
2.148534150618588671e-10
3.022736321167617746e-10
3.810179690641147727e-10
4.478319530213932972e-10
5.000612991935555943e-10
5.355714440961661812e-10
5.526772655339760168e-10
5.500816835293299322e-10
5.315565956982937787e-10
5.033022844374459979e-10
4.676785993826923250e-10
4.267493235730637522e-10
3.823150414500419890e-10
3.359423735750274485e-10
2.889899940273163845e-10
2.426317964002080712e-10
1.978775306266699400e-10
1.555911946842941382e-10
1.165074318193983845e-10
8.124615466237279207e-11
5.032559193844249571e-11
2.417393094280471927e-11
3.139709143336098964e-12
-1.249890915102912337e-11
-2.429694636481007362e-11
-3.416081495092654099e-11
-4.236513841940681034e-11
-4.915735039732214836e-11
-5.476019014288627422e-11
-5.937396638393394202e-11
-6.317861192736023813e-11
-6.633554918998634855e-11
-6.898938475403167925e-11
-7.126944922342745632e-11
-7.329119702537857251e-11
-7.515747934290150695e-11
-7.695970205901011581e-11
-7.877887942469850572e-11
-8.068659311577130585e-11
-8.274586540452737565e-11
-8.501195432954966335e-11
-8.753307798992994211e-11
-9.033280422424791731e-11
-9.335014097859550296e-11
-9.650784185150110454e-11
-9.973643496338194194e-11
-1.029735675886262137e-10
-1.061634049821995056e-10
-1.092560787823822331e-10
-1.122071807842902704e-10
-1.149772982528481794e-10
-1.175315872827691320e-10
-1.198393810203683609e-10
-1.218738298407819904e-10
-1.236115708272059596e-10
-1.250324241286000221e-10
-1.261191139811741888e-10
-1.268570123689010683e-10
-1.272339034711101913e-10
-1.272397672025136851e-10
-1.268665802942925222e-10
-1.261081334954318851e-10
-1.249598635925262288e-10
-1.234186990548654463e-10
-1.206000087612946497e-10
-1.158377631376326744e-10
-1.094386324870743154e-10
-1.016851225792862038e-10
-9.283725391500411997e-11
-8.313412464683825987e-11
-7.279536552635171256e-11
-6.202249461268771794e-11
-5.100017889424438830e-11
-3.989740943781960535e-11
-2.886859618521246010e-11
-1.805458806200975676e-11
-7.583623643826866642e-12
2.427782761372351644e-12
1.187401511269546578e-11
2.065958554421171428e-11
2.869841631149362159e-11
3.591317018722925854e-11
4.223462597507628625e-11
4.760109605007242368e-11
5.195788305494965984e-11
5.525677308604151457e-11
5.745556289158015000e-11
5.851761878009285542e-11
5.841146509857519847e-11
5.731837999679097621e-11
5.550478717618528257e-11
5.306555661416274530e-11
5.008919827833147161e-11
4.665823949563780349e-11
4.284957995760139970e-11
3.873482573972714100e-11
2.984885692619638503e-11
2.519712396518569817e-11
2.047880021266925866e-11
1.574338512725773500e-11
1.103671458754840497e-11
6.401179793379703062e-12
1.875933445957939161e-12
-2.502916033040860095e-12
-1.069112485412676910e-11
-1.444189429245184971e-11
-1.792877155017595343e-11
-2.112832749244574688e-11
-2.401922618979463078e-11
-2.658209677510401771e-11
-2.879941265706085115e-11
-3.213581870129041300e-11
-3.322808458823454864e-11
-3.392095064622421327e-11
-3.420452877746929888e-11
-3.371302682419776806e-11
-3.333410289580611953e-11
-3.293452094860893772e-11
-3.251534610284279980e-11
-3.207760038045081244e-11
-3.115027937717425804e-11
-3.066254809776112072e-11
-3.015993709428332406e-11
-2.911336803215697188e-11
-2.857097332534923832e-11
-2.801682824222771411e-11
-2.745163760335611224e-11
-2.629079730649588678e-11
-2.569641901687809039e-11
-2.509354004010508513e-11
-2.386454848729775077e-11
-2.323951274081304471e-11
-2.260813176535767993e-11
-2.132825423861962424e-11
-2.068066883226721213e-11
-1.937234379795665628e-11
-1.871240727931856162e-11
-1.804912923536898263e-11
-1.671397799082243948e-11
-1.604278243739178577e-11
-1.469474034523998699e-11
-1.401848951407104267e-11
-1.188560575979316924e-11
-1.029019120501243793e-11
-8.388989856534059295e-12
-3.799591090874670102e-12
-1.172572787496598699e-12
4.604445263430367280e-12
7.702028216427452566e-12
1.419418982482219254e-11
1.754402605934551651e-11
2.434801374961128399e-11
2.776414269068880914e-11
3.453719578502980270e-11
4.112566127495670368e-11
4.431434338732158941e-11
5.041508856784360633e-11
5.330322361808167624e-11
5.870050103580501679e-11
6.352744044026040068e-11
6.570494756975036979e-11
6.954884407804237097e-11
7.120114290992122460e-11
7.393490080445656034e-11
7.587081046966550797e-11
7.652738825562506982e-11
7.719686334578519430e-11
7.698441192723444933e-11
7.653983752091447470e-11
7.528740656388495987e-11
7.377701227421247658e-11
7.202611631413404113e-11
7.106566540774104558e-11
6.898461330369080347e-11
6.670251737431163357e-11
6.423362478888826901e-11
6.293336114659583451e-11
6.020924296340467722e-11
5.733053190600486995e-11
5.430885827125485445e-11
5.115519741586169320e-11
4.953213158481353770e-11
4.619972592353363693e-11
4.276014194318350417e-11
3.922233818267220158e-11
3.559476735078180593e-11
3.188540429970198141e-11
2.810177237238708657e-11
2.425096822504726501e-11
2.033968521926674596e-11
1.637423547197574420e-11
1.236057064562229169e-11
8.304301555472528132e-12
4.210716665921991817e-12
8.479954299678614522e-14
-5.309856106824227861e-12
-1.314229999190691401e-11
-2.330960165104347148e-11
-3.571254553620717323e-11
-5.025549675376197483e-11
-6.684627174048242299e-11
-8.539601369720283046e-11
-1.058190726082554213e-10
-1.280328896802390885e-10
-1.519578860388745345e-10
-1.775173555280273088e-10
-2.046373614599355030e-10
-2.480881868023335475e-10
-2.788033480290345596e-10
-3.108406738288920010e-10
-3.441375111927275813e-10
-3.786334730647643616e-10
-4.324990356718781226e-10
-4.697427637499175975e-10
-5.079909644918050243e-10
-5.471924883700827656e-10
-6.076749172096830427e-10
-6.490479895481040842e-10
-6.912095528715254389e-10
-7.558360332338600651e-10
-7.997828243746427445e-10
-8.498536625645733849e-10
-9.950400517527292584e-10
-1.137134708866608367e-09
-1.406934259368260012e-09
-1.618472744884227411e-09
-1.850800526650582272e-09
-2.230390804355400851e-09
-2.499292959865952810e-09
-2.918675050385749651e-09
-3.204792530596549789e-09
-3.637204806334705977e-09
-3.924121580769522296e-09
-4.346928507830425383e-09
-4.754625500598460171e-09
-5.014966811381626293e-09
-5.384140866476121595e-09
-5.613826623222009601e-09
-5.930276959347256498e-09
-6.209340402587432234e-09
-6.372760991953727287e-09
-6.581490116680362802e-09
-6.743915404201758421e-09
-6.825178269264598536e-09
-6.904842723736055980e-09
-6.932064873793925223e-09
-6.905139946289513843e-09
-6.856395838833149352e-09
-6.723527710267674176e-09
-6.516400219338201851e-09
-6.246091232820918105e-09
-5.922848724991100861e-09
-5.682654546165541631e-09
-5.291881179561144304e-09
-4.871851113998658979e-09
-4.430212317775139898e-09
-3.974009904645472356e-09
-3.509726118989862464e-09
-3.043317713400568993e-09
-2.580250894253563396e-09
-2.125533998403070580e-09
-1.683748052642495572e-09
-1.259075356935670511e-09
-8.553262225731965484e-10
-4.759639872867296850e-10
-1.241284208995998950e-10
2.973019129601411223e-10
5.743546992851060907e-10
8.154809289039935127e-10
1.018707238426677039e-09
1.182282128328742941e-09
1.304660572433509710e-09
1.401435988444705229e-09
1.422734695834254904e-09
1.407269194034698292e-09
1.371863337725206007e-09
1.337451970112555971e-09
1.297263047106068784e-09
1.236069223407224661e-09
1.185429738801788134e-09
1.131490932694803470e-09
1.055542789028474382e-09
9.963271530673632789e-10
9.154055276740722261e-10
8.538910082559100339e-10
7.716541950520821774e-10
7.103649143180030172e-10
6.299056903503771437e-10
5.709695042877563522e-10
4.948869672422763905e-10
4.223042167846345089e-10
3.705484210168131849e-10
3.055779540445780440e-10
2.456962566207985836e-10
2.044055282217020320e-10
1.545127487681346780e-10
1.108577292581180071e-10
7.376669910750465284e-11
4.352296460933782948e-11
2.548172526483777316e-11
7.626655946688822486e-12
-6.553990922204019018e-12
-1.869989705593910937e-11
-2.904805620574833490e-11
-3.781895804146970915e-11
-4.521762466914602949e-11
-5.143458180504538710e-11
-5.664676889689175125e-11
-6.101839218552461931e-11
-6.470172442452030271e-11
-6.783785471988071821e-11
-7.055739171498850289e-11
-7.355410653443120831e-11
-7.576397544584222618e-11
-7.791704629325982719e-11
-8.010626748214130213e-11
-8.302322202667370554e-11
-8.559583257606692352e-11
-8.845767026103053909e-11
-9.253930534384200138e-11
-9.627893433204480694e-11
-1.004971583117262995e-10
-1.065147800677929529e-10
-1.119763752050818087e-10
-1.196745179257096128e-10
-1.265705200192580298e-10
-1.361603686005898163e-10
-1.468812490529308526e-10
-1.669940187302096503e-10
-1.935546174738395985e-10
-2.187681987819023142e-10
-2.544562372733374763e-10
-2.939699895635270616e-10
-3.277939771985516535e-10
-3.722137952297168965e-10
-4.183677086053566931e-10
-4.656188750788136593e-10
-5.133822628266806489e-10
-5.611211611982033976e-10
-6.083439214862921648e-10
-6.454470197097167225e-10
-6.906340742779691174e-10
-7.341429436474790464e-10
-7.836527548248933577e-10
-8.222949472906834205e-10
-8.582601625705662008e-10
-8.912972314490849609e-10
-9.211805926849113871e-10
-9.477085184838141797e-10
-9.748615114418144657e-10
-9.934043827832224370e-10
-1.008087799818039189e-09
-1.018793222719126129e-09
-1.026823127640941961e-09
-1.032017376191356504e-09
-1.037084548933171209e-09
-1.040382699278445091e-09
-1.043288372570619677e-09
-1.044875863404975025e-09
-1.045832286971995314e-09
-1.045877831692529160e-09
-1.045078154381777850e-09
-1.043395755982107557e-09
-1.041355377300611779e-09
-1.038181917257596105e-09
-1.034260194490319476e-09
-1.029633227279864952e-09
-1.024341907975199824e-09
-1.018425111156980521e-09
-1.011919795902416591e-09
-1.004861102499367292e-09
-9.972824439356016968e-10
-9.892155924684391134e-10
-9.806907615607030034e-10
-9.717366834509328849e-10
-9.623806826090611067e-10
-9.526487453131198184e-10
-9.425655855679677084e-10
-9.303892856292670520e-10
-9.195329228729225598e-10
-9.042945373246273557e-10
-8.790860525943354552e-10
-8.520048814102093330e-10
-8.150444065042752876e-10
-7.795356215391978400e-10
-7.345198920675165264e-10
-6.935207768585806813e-10
-6.436242058189164711e-10
-5.922513412790089661e-10
-5.401241184140140851e-10
-4.953463819976052534e-10
-4.435312006917936225e-10
-3.927064219510497223e-10
-3.433834941688012694e-10
-2.960280678465429590e-10
-2.510631480020403361e-10
-2.088720381838842393e-10
-1.698010901796452697e-10
-1.341622725088435643e-10
-1.022355698698391780e-10
-7.427122485645071008e-11
-4.744819284753620097e-11
-2.869129778165791885e-11
-1.451217626175740419e-11
-4.101631915998451809e-12
-2.038967549628972886e-13
0.000000000000000000e+00
0.000000000000000000e+00
0.000000000000000000e+00
0.000000000000000000e+00
0.000000000000000000e+00
0.000000000000000000e+00
0.000000000000000000e+00
0.000000000000000000e+00
0.000000000000000000e+00
0.000000000000000000e+00
0.000000000000000000e+00
0.000000000000000000e+00
0.000000000000000000e+00
0.000000000000000000e+00
0.000000000000000000e+00
0.000000000000000000e+00
0.000000000000000000e+00
0.000000000000000000e+00
0.000000000000000000e+00
0.000000000000000000e+00
0.000000000000000000e+00
0.000000000000000000e+00
0.000000000000000000e+00
0.000000000000000000e+00
0.000000000000000000e+00
0.000000000000000000e+00
0.000000000000000000e+00
0.000000000000000000e+00
0.000000000000000000e+00
0.000000000000000000e+00
0.000000000000000000e+00
0.000000000000000000e+00
0.000000000000000000e+00
0.000000000000000000e+00
0.000000000000000000e+00
0.000000000000000000e+00
0.000000000000000000e+00
0.000000000000000000e+00
0.000000000000000000e+00
0.000000000000000000e+00
0.000000000000000000e+00
0.000000000000000000e+00
0.000000000000000000e+00
0.000000000000000000e+00
0.000000000000000000e+00
0.000000000000000000e+00
0.000000000000000000e+00
0.000000000000000000e+00
0.000000000000000000e+00
0.000000000000000000e+00
0.000000000000000000e+00
0.000000000000000000e+00
0.000000000000000000e+00
0.000000000000000000e+00
0.000000000000000000e+00
0.000000000000000000e+00
0.000000000000000000e+00
0.000000000000000000e+00
0.000000000000000000e+00
0.000000000000000000e+00
0.000000000000000000e+00
0.000000000000000000e+00
0.000000000000000000e+00
0.000000000000000000e+00
0.000000000000000000e+00
0.000000000000000000e+00
0.000000000000000000e+00
0.000000000000000000e+00
0.000000000000000000e+00
0.000000000000000000e+00
0.000000000000000000e+00
0.000000000000000000e+00
0.000000000000000000e+00
0.000000000000000000e+00
0.000000000000000000e+00
0.000000000000000000e+00
0.000000000000000000e+00
0.000000000000000000e+00
0.000000000000000000e+00
0.000000000000000000e+00
0.000000000000000000e+00
0.000000000000000000e+00
0.000000000000000000e+00
0.000000000000000000e+00
0.000000000000000000e+00
0.000000000000000000e+00
0.000000000000000000e+00
0.000000000000000000e+00
0.000000000000000000e+00
0.000000000000000000e+00
0.000000000000000000e+00
0.000000000000000000e+00
0.000000000000000000e+00
0.000000000000000000e+00
0.000000000000000000e+00
0.000000000000000000e+00
0.000000000000000000e+00
0.000000000000000000e+00
0.000000000000000000e+00
0.000000000000000000e+00
0.000000000000000000e+00
0.000000000000000000e+00
0.000000000000000000e+00
0.000000000000000000e+00
0.000000000000000000e+00
0.000000000000000000e+00
0.000000000000000000e+00
0.000000000000000000e+00
0.000000000000000000e+00
0.000000000000000000e+00
0.000000000000000000e+00
0.000000000000000000e+00
0.000000000000000000e+00
0.000000000000000000e+00
0.000000000000000000e+00
0.000000000000000000e+00
0.000000000000000000e+00
0.000000000000000000e+00
0.000000000000000000e+00
0.000000000000000000e+00
0.000000000000000000e+00
0.000000000000000000e+00
0.000000000000000000e+00
0.000000000000000000e+00
0.000000000000000000e+00
0.000000000000000000e+00
0.000000000000000000e+00
0.000000000000000000e+00
0.000000000000000000e+00
0.000000000000000000e+00
0.000000000000000000e+00
0.000000000000000000e+00
0.000000000000000000e+00
0.000000000000000000e+00
0.000000000000000000e+00
0.000000000000000000e+00
0.000000000000000000e+00
0.000000000000000000e+00
0.000000000000000000e+00
0.000000000000000000e+00
0.000000000000000000e+00
0.000000000000000000e+00
0.000000000000000000e+00
0.000000000000000000e+00
0.000000000000000000e+00
0.000000000000000000e+00
0.000000000000000000e+00
0.000000000000000000e+00
0.000000000000000000e+00
0.000000000000000000e+00
0.000000000000000000e+00
0.000000000000000000e+00
0.000000000000000000e+00
0.000000000000000000e+00
0.000000000000000000e+00
0.000000000000000000e+00
0.000000000000000000e+00
0.000000000000000000e+00
0.000000000000000000e+00
0.000000000000000000e+00
0.000000000000000000e+00
0.000000000000000000e+00
0.000000000000000000e+00
0.000000000000000000e+00
0.000000000000000000e+00
0.000000000000000000e+00
0.000000000000000000e+00
0.000000000000000000e+00
0.000000000000000000e+00
0.000000000000000000e+00
0.000000000000000000e+00
0.000000000000000000e+00
0.000000000000000000e+00
0.000000000000000000e+00
0.000000000000000000e+00
0.000000000000000000e+00
0.000000000000000000e+00
0.000000000000000000e+00
0.000000000000000000e+00
0.000000000000000000e+00
0.000000000000000000e+00
0.000000000000000000e+00
0.000000000000000000e+00
0.000000000000000000e+00
0.000000000000000000e+00
0.000000000000000000e+00
0.000000000000000000e+00
0.000000000000000000e+00
0.000000000000000000e+00
0.000000000000000000e+00
0.000000000000000000e+00
0.000000000000000000e+00
0.000000000000000000e+00
0.000000000000000000e+00
0.000000000000000000e+00
0.000000000000000000e+00
0.000000000000000000e+00
0.000000000000000000e+00
0.000000000000000000e+00
0.000000000000000000e+00
0.000000000000000000e+00
0.000000000000000000e+00
0.000000000000000000e+00
0.000000000000000000e+00
0.000000000000000000e+00
0.000000000000000000e+00
0.000000000000000000e+00
0.000000000000000000e+00
0.000000000000000000e+00
0.000000000000000000e+00
0.000000000000000000e+00
0.000000000000000000e+00
0.000000000000000000e+00
0.000000000000000000e+00
0.000000000000000000e+00
0.000000000000000000e+00
0.000000000000000000e+00
0.000000000000000000e+00
0.000000000000000000e+00
0.000000000000000000e+00
0.000000000000000000e+00
0.000000000000000000e+00
0.000000000000000000e+00
0.000000000000000000e+00
0.000000000000000000e+00
0.000000000000000000e+00
0.000000000000000000e+00
0.000000000000000000e+00
0.000000000000000000e+00
0.000000000000000000e+00
0.000000000000000000e+00
0.000000000000000000e+00
0.000000000000000000e+00
0.000000000000000000e+00
0.000000000000000000e+00
0.000000000000000000e+00
0.000000000000000000e+00
0.000000000000000000e+00
0.000000000000000000e+00
0.000000000000000000e+00
0.000000000000000000e+00
0.000000000000000000e+00
0.000000000000000000e+00
0.000000000000000000e+00
0.000000000000000000e+00
0.000000000000000000e+00
0.000000000000000000e+00
0.000000000000000000e+00
0.000000000000000000e+00
0.000000000000000000e+00
0.000000000000000000e+00
0.000000000000000000e+00
0.000000000000000000e+00
0.000000000000000000e+00
0.000000000000000000e+00
0.000000000000000000e+00
0.000000000000000000e+00
0.000000000000000000e+00
0.000000000000000000e+00
0.000000000000000000e+00
0.000000000000000000e+00
0.000000000000000000e+00
0.000000000000000000e+00
0.000000000000000000e+00
0.000000000000000000e+00
0.000000000000000000e+00
0.000000000000000000e+00
0.000000000000000000e+00
0.000000000000000000e+00
0.000000000000000000e+00
0.000000000000000000e+00
0.000000000000000000e+00
0.000000000000000000e+00
0.000000000000000000e+00
0.000000000000000000e+00
0.000000000000000000e+00
0.000000000000000000e+00
0.000000000000000000e+00
0.000000000000000000e+00
0.000000000000000000e+00
0.000000000000000000e+00
0.000000000000000000e+00
0.000000000000000000e+00
0.000000000000000000e+00
0.000000000000000000e+00
0.000000000000000000e+00
0.000000000000000000e+00
0.000000000000000000e+00
0.000000000000000000e+00
0.000000000000000000e+00
0.000000000000000000e+00
0.000000000000000000e+00
0.000000000000000000e+00
0.000000000000000000e+00
0.000000000000000000e+00
0.000000000000000000e+00
0.000000000000000000e+00
0.000000000000000000e+00
0.000000000000000000e+00
0.000000000000000000e+00
0.000000000000000000e+00
0.000000000000000000e+00
0.000000000000000000e+00
0.000000000000000000e+00
0.000000000000000000e+00
0.000000000000000000e+00
0.000000000000000000e+00
0.000000000000000000e+00
0.000000000000000000e+00
0.000000000000000000e+00
0.000000000000000000e+00
0.000000000000000000e+00
0.000000000000000000e+00
0.000000000000000000e+00
0.000000000000000000e+00
0.000000000000000000e+00
0.000000000000000000e+00
0.000000000000000000e+00
0.000000000000000000e+00
0.000000000000000000e+00
0.000000000000000000e+00
0.000000000000000000e+00
0.000000000000000000e+00
0.000000000000000000e+00
0.000000000000000000e+00
0.000000000000000000e+00
0.000000000000000000e+00
0.000000000000000000e+00
0.000000000000000000e+00
0.000000000000000000e+00
0.000000000000000000e+00
0.000000000000000000e+00
0.000000000000000000e+00
0.000000000000000000e+00
0.000000000000000000e+00
0.000000000000000000e+00
0.000000000000000000e+00
0.000000000000000000e+00
0.000000000000000000e+00
0.000000000000000000e+00
0.000000000000000000e+00
0.000000000000000000e+00
0.000000000000000000e+00
0.000000000000000000e+00
0.000000000000000000e+00
0.000000000000000000e+00
0.000000000000000000e+00
0.000000000000000000e+00
0.000000000000000000e+00
0.000000000000000000e+00
0.000000000000000000e+00
0.000000000000000000e+00
0.000000000000000000e+00
0.000000000000000000e+00
0.000000000000000000e+00
0.000000000000000000e+00
0.000000000000000000e+00
0.000000000000000000e+00
0.000000000000000000e+00
0.000000000000000000e+00
0.000000000000000000e+00
0.000000000000000000e+00
0.000000000000000000e+00
0.000000000000000000e+00
0.000000000000000000e+00
0.000000000000000000e+00
0.000000000000000000e+00
0.000000000000000000e+00
0.000000000000000000e+00
0.000000000000000000e+00
0.000000000000000000e+00
0.000000000000000000e+00
0.000000000000000000e+00
0.000000000000000000e+00
0.000000000000000000e+00
0.000000000000000000e+00
0.000000000000000000e+00
0.000000000000000000e+00
0.000000000000000000e+00
0.000000000000000000e+00
0.000000000000000000e+00
0.000000000000000000e+00
0.000000000000000000e+00
0.000000000000000000e+00
0.000000000000000000e+00
0.000000000000000000e+00
0.000000000000000000e+00
0.000000000000000000e+00
0.000000000000000000e+00
0.000000000000000000e+00
0.000000000000000000e+00
0.000000000000000000e+00
0.000000000000000000e+00
0.000000000000000000e+00
0.000000000000000000e+00
0.000000000000000000e+00
0.000000000000000000e+00
0.000000000000000000e+00
0.000000000000000000e+00
0.000000000000000000e+00
0.000000000000000000e+00
0.000000000000000000e+00
0.000000000000000000e+00
0.000000000000000000e+00
0.000000000000000000e+00
0.000000000000000000e+00
0.000000000000000000e+00
0.000000000000000000e+00
0.000000000000000000e+00
0.000000000000000000e+00
0.000000000000000000e+00
0.000000000000000000e+00
0.000000000000000000e+00
0.000000000000000000e+00
0.000000000000000000e+00
0.000000000000000000e+00
0.000000000000000000e+00
0.000000000000000000e+00
0.000000000000000000e+00
0.000000000000000000e+00
0.000000000000000000e+00
0.000000000000000000e+00
0.000000000000000000e+00
0.000000000000000000e+00
0.000000000000000000e+00
0.000000000000000000e+00
0.000000000000000000e+00
0.000000000000000000e+00
0.000000000000000000e+00
0.000000000000000000e+00
0.000000000000000000e+00
0.000000000000000000e+00
0.000000000000000000e+00
0.000000000000000000e+00
0.000000000000000000e+00
0.000000000000000000e+00
0.000000000000000000e+00
0.000000000000000000e+00
0.000000000000000000e+00
0.000000000000000000e+00
0.000000000000000000e+00
0.000000000000000000e+00
0.000000000000000000e+00
0.000000000000000000e+00
0.000000000000000000e+00
0.000000000000000000e+00
0.000000000000000000e+00
0.000000000000000000e+00
0.000000000000000000e+00
0.000000000000000000e+00
0.000000000000000000e+00
0.000000000000000000e+00
0.000000000000000000e+00
0.000000000000000000e+00
0.000000000000000000e+00
0.000000000000000000e+00
0.000000000000000000e+00
0.000000000000000000e+00
0.000000000000000000e+00
0.000000000000000000e+00
0.000000000000000000e+00
0.000000000000000000e+00
0.000000000000000000e+00
0.000000000000000000e+00
0.000000000000000000e+00
0.000000000000000000e+00
0.000000000000000000e+00
0.000000000000000000e+00
0.000000000000000000e+00
0.000000000000000000e+00
0.000000000000000000e+00
0.000000000000000000e+00
0.000000000000000000e+00
0.000000000000000000e+00
0.000000000000000000e+00
0.000000000000000000e+00
0.000000000000000000e+00
0.000000000000000000e+00
0.000000000000000000e+00
0.000000000000000000e+00
0.000000000000000000e+00
0.000000000000000000e+00
0.000000000000000000e+00
0.000000000000000000e+00
0.000000000000000000e+00
0.000000000000000000e+00
0.000000000000000000e+00
0.000000000000000000e+00
0.000000000000000000e+00
0.000000000000000000e+00
0.000000000000000000e+00
0.000000000000000000e+00
0.000000000000000000e+00
0.000000000000000000e+00
0.000000000000000000e+00
0.000000000000000000e+00
0.000000000000000000e+00
0.000000000000000000e+00
0.000000000000000000e+00
0.000000000000000000e+00
0.000000000000000000e+00
0.000000000000000000e+00
0.000000000000000000e+00
0.000000000000000000e+00
0.000000000000000000e+00
0.000000000000000000e+00
0.000000000000000000e+00
0.000000000000000000e+00
0.000000000000000000e+00
0.000000000000000000e+00
0.000000000000000000e+00
0.000000000000000000e+00
0.000000000000000000e+00
0.000000000000000000e+00
0.000000000000000000e+00
0.000000000000000000e+00
nan
