# bin_21_12
-2.379750185823634566e-09
5.352178560352703004e-10
-1.468496573979230369e-09
1.019413868166550214e-09
-1.702769407206523558e-09
1.802470256257480877e-09
-1.472812240603939304e-09
1.509406583313242711e-09
-1.791869818961921792e-09
1.347048787456201658e-09
-1.232317175175187827e-09
2.083899338327626262e-09
-9.750092193685218069e-10
-7.035417646617156340e-10
-4.043182792476194126e-10
-1.371090515739068855e-10
7.576098949517143454e-11
1.444693645362635056e-10
2.354006828373758888e-12
-2.321752410545655434e-10
-4.064706219120603645e-10
-4.467140143663300705e-10
-2.725094384554124770e-10
8.706443154490839487e-12
2.306208626771021523e-10
3.015262935946100370e-10
2.349967707842887187e-11
-5.146689605250592647e-10
-1.040788329682001876e-09
-1.386504564902046396e-09
-1.454255417030870108e-09
-1.365795667295733706e-09
-1.282134392673548563e-09
-1.203135376087681726e-09
-1.128624307511319744e-09
-1.058403695054088518e-09
-9.922635386076239308e-10
-8.658711758858090976e-10
-6.608287962973331057e-10
-4.316978771317256709e-10
-2.177975058833653186e-10
-4.681890033734752265e-11
6.239567957935782365e-11
9.771263694297280646e-11
9.245831770024049434e-11
8.562853124171670662e-11
7.754871234037075939e-11
6.849111522952989382e-11
5.868348488394710283e-11
4.831624384046133680e-11
3.754846499698870208e-11
2.651284828932581287e-11
1.107733150686588956e-11
-1.027604046985170075e-11
-3.413911152596850046e-11
-5.782183391018501272e-11
-7.922436641766838316e-11
-9.673143670526830420e-11
-1.091249996852908104e-10
-1.155119607000750615e-10
-1.152643255279811069e-10
-1.108866550638278595e-10
-1.053333857704819655e-10
-9.879856852016141095e-11
-9.145120754543765851e-11
-8.343846209314037120e-11
-7.488841998953818644e-11
-6.591250394266253432e-11
-5.660756219129135894e-11
-4.705768738142454106e-11
-3.733580105492474408e-11
-2.750503566261530811e-11
-1.627364420521885305e-11
-3.004921881888098109e-12
1.138329214358917020e-11
2.611755394159093135e-11
4.054958570991217781e-11
5.413955824666570138e-11
6.644154783015534795e-11
7.709087767146494576e-11
8.579309444975564856e-11
9.231436487950763274e-11
9.647310670345973864e-11
9.813269371764949020e-11
9.719509605564912887e-11
9.296198628621532678e-11
8.541607830309294657e-11
7.541624098856704999e-11
6.371186439972027969e-11
5.095510355209971728e-11
3.771176289943143420e-11
2.447097757770132007e-11
1.165382866666917877e-11
-3.789866990510486947e-13
-1.132032388580299151e-11
-2.091050405248365232e-11
-2.893188924042586645e-11
-3.520404596319367588e-11
-3.957943245855251208e-11
-4.193955219894182861e-11
-4.219152279560072911e-11
-4.076686541002441940e-11
-3.829799116472995244e-11
-3.499279413818448018e-11
-3.103711151868968719e-11
-2.659680488997391941e-11
-2.181964545042086290e-11
-1.683702233369006812e-11
-1.176549122582856929e-11
-6.708178716091637871e-12
-1.756056250758432480e-12
3.010903840375265893e-12
7.522679025638499274e-12
1.171824386017806501e-11
1.554470478118187102e-11
1.895651420520644519e-11
2.191475652629329712e-11
2.438649933391180840e-11
2.634420381633341118e-11
2.790672764435438249e-11
2.923060188415715892e-11
3.034640785358741417e-11
3.128209424497988577e-11
3.206318573976000403e-11
3.271297493104018281e-11
3.325269894784845523e-11
3.370170205172705219e-11
3.407758536502572022e-11
3.439634478915428122e-11
3.467249807933591602e-11
3.491920195909492879e-11
3.514836008200872105e-11
3.537072257941362656e-11
3.559597787012146075e-11
3.583283735118322239e-11
3.608911353680011222e-11
3.637179216514390803e-11
3.668709874968351167e-11
3.704056001223260766e-11
3.743706059897791330e-11
3.788089544791407110e-11
3.840304144037752500e-11
3.901712107934760745e-11
3.970236070255078436e-11
4.043971663558632709e-11
4.121175224775224740e-11
4.200252363015277532e-11
4.279747327098133653e-11
4.358333115053674177e-11
4.434802272234687215e-11
4.508058328707000222e-11
4.577107830293145651e-11
4.641052921058555924e-11
4.699084438173258237e-11
4.750475482979028519e-11
4.794575434761402321e-11
4.830804376188698198e-11
4.858647901651077081e-11
4.877652281829337173e-11
4.887419959758107435e-11
4.887605355435843561e-11
4.877910957685807939e-11
4.858083683498404031e-11
4.827911486497479134e-11
4.787220197478455242e-11
4.735870581174719361e-11
4.678941959517840474e-11
4.621624846287422028e-11
4.563969225572831487e-11
4.506022388955915895e-11
4.447829071428539292e-11
4.389431580180961260e-11
4.330869916660131834e-11
4.213403238087265247e-11
4.154567708861840541e-11
4.095707181717866998e-11
4.036851749744945230e-11
3.978029810818191946e-11
3.919268151886501328e-11
3.860592028976962741e-11
3.802025243146209758e-11
3.685308041159611753e-11
3.627198583347328239e-11
3.569280506141716407e-11
3.511571347706110670e-11
3.454087573173686758e-11
3.396844627668496912e-11
3.339856986703234255e-11
3.226700957494726603e-11
3.170557091751698925e-11
3.114717660062194513e-11
3.059192963177065373e-11
2.948478813280968535e-11
2.891961040317046376e-11
2.834373971116582955e-11
2.775658604935566337e-11
2.715761857207211903e-11
2.592239327313698453e-11
2.528533826684378791e-11
2.463486885102311999e-11
2.329258706349246944e-11
2.260032329578006122e-11
2.189373736997860783e-11
2.117269114284765094e-11
1.968681832165938885e-11
1.892186257742268053e-11
1.814218450593013124e-11
1.653867455014215960e-11
1.571490260537769453e-11
1.487652525121350658e-11
1.315627789317541881e-11
1.227460934899280417e-11
1.046879297183021074e-11
9.544927509621926013e-12
8.607297673949157261e-12
6.691426672020696163e-12
5.713548602243565473e-12
3.718873576236557800e-12
2.702483534392522792e-12
1.202527136943208634e-13
-1.532911633866882915e-12
-3.393067475112373735e-12
-7.638812468562012152e-12
-9.979599838601776620e-12
-1.499337148447386758e-11
-1.762804953171812418e-11
-2.306455205948217319e-11
-2.583375548694791651e-11
-3.139892608642318083e-11
-3.416724668186086010e-11
-3.961185079911816240e-11
-4.485718561803668428e-11
-4.737884971959069404e-11
-5.217289387193925408e-11
-5.442804595363911425e-11
-5.861545381336624954e-11
-6.232578709512874052e-11
-6.398628769704588223e-11
-6.689009944403016521e-11
-6.812343591828409319e-11
-7.013074557673577642e-11
-7.149985508540144706e-11
-7.193660930852333686e-11
-7.230009304549002924e-11
-7.196740557698046796e-11
-7.153486650443601342e-11
-7.011822262185484927e-11
-6.803464186299358494e-11
-6.539362813461924421e-11
-6.389584378309285991e-11
-6.060463963586253735e-11
-5.699207911820981565e-11
-5.313911585368061313e-11
-5.114588678810788571e-11
-4.706919900873960427e-11
-4.292547698474777224e-11
-3.877369417198384396e-11
-3.466753240230602968e-11
-3.264698293739829432e-11
-2.869926728614876897e-11
-2.491067576178909300e-11
-2.131921554758738715e-11
-1.795912693620865059e-11
-1.486115962149592787e-11
-1.205282969993196750e-11
-9.558658754052280344e-12
-7.400396288131135302e-12
-5.597226692541994684e-12
-4.165961826539853655e-12
-3.121220229311675743e-12
-2.475593895391176804e-12
-2.239803482445119676e-12
-2.655372391844027429e-12
-3.880286862191037565e-12
-5.804654036853081569e-12
-8.326197966788471679e-12
-1.134979254923212083e-11
-1.478702306066090435e-11
-1.855577446435020104e-11
-2.257984479501084922e-11
-2.678858203648951619e-11
-3.111654301394183794e-11
-3.550317291991221455e-11
-3.989250418484111587e-11
-4.636966377081305196e-11
-5.054848634331370154e-11
-5.456631330547511478e-11
-5.838455398527223170e-11
-6.196784446095724311e-11
-6.683228806796103576e-11
-6.969287560669566485e-11
-7.221734720016878750e-11
-7.438253271371717251e-11
-7.691148365179236250e-11
-7.809154423665182190e-11
-7.884807391559073322e-11
-7.915838280333096404e-11
-7.879806432684724461e-11
-7.798784588753078945e-11
-7.614143820455404741e-11
-7.455814056179869738e-11
-7.174128900760521829e-11
-6.961557283441252738e-11
-6.732650562391800571e-11
-6.364712065895517191e-11
-6.106789535195006908e-11
-5.706902117603339191e-11
-5.434836112758237539e-11
-5.023568582323624333e-11
-4.749982658283700478e-11
-4.344750499397136882e-11
-3.950338244205082526e-11
-3.695768491694289381e-11
-3.329675557323680904e-11
-3.097824021780913840e-11
-2.771015486415693546e-11
-2.472226757639742556e-11
-2.290034762720675884e-11
-2.044162822527091275e-11
-1.833227058517037559e-11
-1.713021058169098592e-11
-1.564663848667161012e-11
-1.456030164571473975e-11
-1.388457347242026688e-11
-1.366781510920628779e-11
-1.385242158123664350e-11
-1.470378192170809549e-11
-1.612479815628355217e-11
-1.802562499328342847e-11
-1.951811611721153375e-11
-2.203716422070476712e-11
-2.482834690990201306e-11
-2.782454465700195339e-11
-3.096390821423017190e-11
-3.418950944683275762e-11
-3.744901492545758254e-11
-4.069438074595576631e-11
-4.388156715306185060e-11
-4.697027164469558850e-11
-4.992367932645478855e-11
-5.270822937180039542e-11
-5.529339652302179662e-11
-5.765148664183489980e-11
-6.039942976582054160e-11
-6.213446871140898629e-11
-6.356819760271825758e-11
-6.468313126614583489e-11
-6.546372713790521122e-11
-6.589625078732882783e-11
-6.591089983164872276e-11
-6.548707312798320199e-11
-6.475930260705876759e-11
-6.371505953812007109e-11
-6.290229745994863412e-11
-6.206933113809875344e-11
-6.093467569783650684e-11
-6.007080399626170379e-11
-5.919997926907321368e-11
-5.803391515874718819e-11
-5.715970234691283657e-11
-5.599999748823317712e-11
-5.513806840772290012e-11
-5.400388021684103378e-11
-5.316738199512257791e-11
-5.207472568191308696e-11
-5.127460646859150075e-11
-5.023676132499926617e-11
-4.923526963819940007e-11
-4.850992039232615012e-11
-4.757941973942494974e-11
-4.669308681895969119e-11
-4.605866617588390417e-11
-4.525478056147807518e-11
-4.450046409282928874e-11
-4.379718113211474890e-11
-4.314616274121080934e-11
-4.269281667826233726e-11
-4.242992319153207780e-11
-4.866080837642621650e-11
-6.292326540533168846e-11
-8.407077184701875534e-11
-1.110393341282883995e-10
-1.428422413547580311e-10
-1.785651518561787304e-10
-2.173614905305061662e-10
-2.584481365849991703e-10
-3.011013826840843207e-10
-3.446531478222274366e-10
-3.884874274524763401e-10
-4.428177709029780875e-10
-4.852829085911170712e-10
-5.263493663204941844e-10
-5.655877569752694964e-10
-6.114701985483654614e-10
-6.452120918953589446e-10
-6.759722514085215827e-10
-7.097920786051498876e-10
-7.328293414848283852e-10
-7.520445601709292906e-10
-7.703779759648949729e-10
-7.802760110191302807e-10
-7.864288661917095469e-10
-7.862090271626121333e-10
-7.793147708089993077e-10
-7.627557179168772742e-10
-7.213587611433922564e-10
-6.601591564360667960e-10
-5.990841453634918241e-10
-5.100788805326013669e-10
-4.095605570258174545e-10
-3.225662833976262992e-10
-2.075752711578973916e-10
-8.767061296165684837e-11
3.514151910879062505e-11
1.590198345449910534e-10
2.822767713432895803e-10
4.033680800387625127e-10
4.977296540415813003e-10
6.114519044312511871e-10
7.193666637736094096e-10
8.396807453694383513e-10
9.311497523852529046e-10
1.013694859535091801e-09
1.086535589935851165e-09
1.148972656712443524e-09
1.200382302028287657e-09
1.246742971422622827e-09
1.272035490647406196e-09
1.284752640595441733e-09
1.284533956638011637e-09
1.267490509027209886e-09
1.242825670314632087e-09
1.202979135244127768e-09
1.162461017140661130e-09
1.106517562303173479e-09
1.054854087649656817e-09
9.880550773460147874e-10
9.292947385873199857e-10
8.561400598764295161e-10
7.811791779038608957e-10
7.180911431714249030e-10
6.424776625166660532e-10
5.678023792554879186e-10
4.948777782881264442e-10
4.244438606309305279e-10
3.571731727007771931e-10
2.936754995500122742e-10
2.345022450372081752e-10
1.801505202735713591e-10
1.310669601636623588e-10
8.765128645222303516e-11
5.025963438756346076e-11
1.920765890717654138e-11
-5.226564863774238489e-12
-2.279983304342658019e-11
-3.435086893219445468e-11
-3.647444813137232729e-11
-3.586999810086052325e-11
-3.487007134903437230e-11
-3.379586209657378049e-11
-3.232977764072261271e-11
-3.092127632097621948e-11
-2.913566990181635325e-11
-2.750938761879780786e-11
-2.553017638334422048e-11
-2.349240608017061050e-11
-2.142471319030493484e-11
-1.964854706972952850e-11
-1.759323170695630655e-11
-1.557720192721134681e-11
-1.362074498441881001e-11
-1.174233150061042028e-11
-9.958740510224228958e-12
-8.285176238203007284e-12
-6.735377170681094039e-12
-5.321717937539381640e-12
-4.055304489531657429e-12
-2.946063018838172683e-12
-1.882093186547032937e-12
-1.138076980962489515e-12
-5.756440113954887631e-13
-1.626964699715557410e-13
-8.087825273068219649e-15
0.000000000000000000e+00
0.000000000000000000e+00
0.000000000000000000e+00
0.000000000000000000e+00
0.000000000000000000e+00
0.000000000000000000e+00
0.000000000000000000e+00
0.000000000000000000e+00
0.000000000000000000e+00
0.000000000000000000e+00
0.000000000000000000e+00
0.000000000000000000e+00
0.000000000000000000e+00
0.000000000000000000e+00
0.000000000000000000e+00
0.000000000000000000e+00
0.000000000000000000e+00
0.000000000000000000e+00
0.000000000000000000e+00
0.000000000000000000e+00
0.000000000000000000e+00
0.000000000000000000e+00
0.000000000000000000e+00
0.000000000000000000e+00
0.000000000000000000e+00
0.000000000000000000e+00
0.000000000000000000e+00
0.000000000000000000e+00
0.000000000000000000e+00
0.000000000000000000e+00
0.000000000000000000e+00
0.000000000000000000e+00
0.000000000000000000e+00
0.000000000000000000e+00
0.000000000000000000e+00
0.000000000000000000e+00
0.000000000000000000e+00
0.000000000000000000e+00
0.000000000000000000e+00
0.000000000000000000e+00
0.000000000000000000e+00
0.000000000000000000e+00
0.000000000000000000e+00
0.000000000000000000e+00
0.000000000000000000e+00
0.000000000000000000e+00
0.000000000000000000e+00
0.000000000000000000e+00
0.000000000000000000e+00
0.000000000000000000e+00
0.000000000000000000e+00
0.000000000000000000e+00
0.000000000000000000e+00
0.000000000000000000e+00
0.000000000000000000e+00
0.000000000000000000e+00
0.000000000000000000e+00
0.000000000000000000e+00
0.000000000000000000e+00
0.000000000000000000e+00
0.000000000000000000e+00
0.000000000000000000e+00
0.000000000000000000e+00
0.000000000000000000e+00
0.000000000000000000e+00
0.000000000000000000e+00
0.000000000000000000e+00
0.000000000000000000e+00
0.000000000000000000e+00
0.000000000000000000e+00
0.000000000000000000e+00
0.000000000000000000e+00
0.000000000000000000e+00
0.000000000000000000e+00
0.000000000000000000e+00
0.000000000000000000e+00
0.000000000000000000e+00
0.000000000000000000e+00
0.000000000000000000e+00
0.000000000000000000e+00
0.000000000000000000e+00
0.000000000000000000e+00
0.000000000000000000e+00
0.000000000000000000e+00
0.000000000000000000e+00
0.000000000000000000e+00
0.000000000000000000e+00
0.000000000000000000e+00
0.000000000000000000e+00
0.000000000000000000e+00
0.000000000000000000e+00
0.000000000000000000e+00
0.000000000000000000e+00
0.000000000000000000e+00
0.000000000000000000e+00
0.000000000000000000e+00
0.000000000000000000e+00
0.000000000000000000e+00
0.000000000000000000e+00
0.000000000000000000e+00
0.000000000000000000e+00
0.000000000000000000e+00
0.000000000000000000e+00
0.000000000000000000e+00
0.000000000000000000e+00
0.000000000000000000e+00
0.000000000000000000e+00
0.000000000000000000e+00
0.000000000000000000e+00
0.000000000000000000e+00
0.000000000000000000e+00
0.000000000000000000e+00
0.000000000000000000e+00
0.000000000000000000e+00
0.000000000000000000e+00
0.000000000000000000e+00
0.000000000000000000e+00
0.000000000000000000e+00
0.000000000000000000e+00
0.000000000000000000e+00
0.000000000000000000e+00
0.000000000000000000e+00
0.000000000000000000e+00
0.000000000000000000e+00
0.000000000000000000e+00
0.000000000000000000e+00
0.000000000000000000e+00
0.000000000000000000e+00
0.000000000000000000e+00
0.000000000000000000e+00
0.000000000000000000e+00
0.000000000000000000e+00
0.000000000000000000e+00
0.000000000000000000e+00
0.000000000000000000e+00
0.000000000000000000e+00
0.000000000000000000e+00
0.000000000000000000e+00
0.000000000000000000e+00
0.000000000000000000e+00
0.000000000000000000e+00
0.000000000000000000e+00
0.000000000000000000e+00
0.000000000000000000e+00
0.000000000000000000e+00
0.000000000000000000e+00
0.000000000000000000e+00
0.000000000000000000e+00
0.000000000000000000e+00
0.000000000000000000e+00
0.000000000000000000e+00
0.000000000000000000e+00
0.000000000000000000e+00
0.000000000000000000e+00
0.000000000000000000e+00
0.000000000000000000e+00
0.000000000000000000e+00
0.000000000000000000e+00
0.000000000000000000e+00
0.000000000000000000e+00
0.000000000000000000e+00
0.000000000000000000e+00
0.000000000000000000e+00
0.000000000000000000e+00
0.000000000000000000e+00
0.000000000000000000e+00
0.000000000000000000e+00
0.000000000000000000e+00
0.000000000000000000e+00
0.000000000000000000e+00
0.000000000000000000e+00
0.000000000000000000e+00
0.000000000000000000e+00
0.000000000000000000e+00
0.000000000000000000e+00
0.000000000000000000e+00
0.000000000000000000e+00
0.000000000000000000e+00
0.000000000000000000e+00
0.000000000000000000e+00
0.000000000000000000e+00
0.000000000000000000e+00
0.000000000000000000e+00
0.000000000000000000e+00
0.000000000000000000e+00
0.000000000000000000e+00
0.000000000000000000e+00
0.000000000000000000e+00
0.000000000000000000e+00
0.000000000000000000e+00
0.000000000000000000e+00
0.000000000000000000e+00
0.000000000000000000e+00
0.000000000000000000e+00
0.000000000000000000e+00
0.000000000000000000e+00
0.000000000000000000e+00
0.000000000000000000e+00
0.000000000000000000e+00
0.000000000000000000e+00
0.000000000000000000e+00
0.000000000000000000e+00
0.000000000000000000e+00
0.000000000000000000e+00
0.000000000000000000e+00
0.000000000000000000e+00
0.000000000000000000e+00
0.000000000000000000e+00
0.000000000000000000e+00
0.000000000000000000e+00
0.000000000000000000e+00
0.000000000000000000e+00
0.000000000000000000e+00
0.000000000000000000e+00
0.000000000000000000e+00
0.000000000000000000e+00
0.000000000000000000e+00
0.000000000000000000e+00
0.000000000000000000e+00
0.000000000000000000e+00
0.000000000000000000e+00
0.000000000000000000e+00
0.000000000000000000e+00
0.000000000000000000e+00
0.000000000000000000e+00
0.000000000000000000e+00
0.000000000000000000e+00
0.000000000000000000e+00
0.000000000000000000e+00
0.000000000000000000e+00
0.000000000000000000e+00
0.000000000000000000e+00
0.000000000000000000e+00
0.000000000000000000e+00
0.000000000000000000e+00
0.000000000000000000e+00
0.000000000000000000e+00
0.000000000000000000e+00
0.000000000000000000e+00
0.000000000000000000e+00
0.000000000000000000e+00
0.000000000000000000e+00
0.000000000000000000e+00
0.000000000000000000e+00
0.000000000000000000e+00
0.000000000000000000e+00
0.000000000000000000e+00
0.000000000000000000e+00
0.000000000000000000e+00
0.000000000000000000e+00
0.000000000000000000e+00
0.000000000000000000e+00
0.000000000000000000e+00
0.000000000000000000e+00
0.000000000000000000e+00
0.000000000000000000e+00
0.000000000000000000e+00
0.000000000000000000e+00
0.000000000000000000e+00
0.000000000000000000e+00
0.000000000000000000e+00
0.000000000000000000e+00
0.000000000000000000e+00
0.000000000000000000e+00
0.000000000000000000e+00
0.000000000000000000e+00
0.000000000000000000e+00
0.000000000000000000e+00
0.000000000000000000e+00
0.000000000000000000e+00
0.000000000000000000e+00
0.000000000000000000e+00
0.000000000000000000e+00
0.000000000000000000e+00
0.000000000000000000e+00
0.000000000000000000e+00
0.000000000000000000e+00
0.000000000000000000e+00
0.000000000000000000e+00
0.000000000000000000e+00
0.000000000000000000e+00
0.000000000000000000e+00
0.000000000000000000e+00
0.000000000000000000e+00
0.000000000000000000e+00
0.000000000000000000e+00
0.000000000000000000e+00
0.000000000000000000e+00
0.000000000000000000e+00
0.000000000000000000e+00
0.000000000000000000e+00
0.000000000000000000e+00
0.000000000000000000e+00
0.000000000000000000e+00
0.000000000000000000e+00
0.000000000000000000e+00
0.000000000000000000e+00
0.000000000000000000e+00
0.000000000000000000e+00
0.000000000000000000e+00
0.000000000000000000e+00
0.000000000000000000e+00
0.000000000000000000e+00
0.000000000000000000e+00
0.000000000000000000e+00
0.000000000000000000e+00
0.000000000000000000e+00
0.000000000000000000e+00
0.000000000000000000e+00
0.000000000000000000e+00
0.000000000000000000e+00
0.000000000000000000e+00
0.000000000000000000e+00
0.000000000000000000e+00
0.000000000000000000e+00
0.000000000000000000e+00
0.000000000000000000e+00
0.000000000000000000e+00
0.000000000000000000e+00
0.000000000000000000e+00
0.000000000000000000e+00
0.000000000000000000e+00
0.000000000000000000e+00
0.000000000000000000e+00
0.000000000000000000e+00
0.000000000000000000e+00
0.000000000000000000e+00
0.000000000000000000e+00
0.000000000000000000e+00
0.000000000000000000e+00
0.000000000000000000e+00
0.000000000000000000e+00
0.000000000000000000e+00
0.000000000000000000e+00
0.000000000000000000e+00
0.000000000000000000e+00
0.000000000000000000e+00
0.000000000000000000e+00
0.000000000000000000e+00
0.000000000000000000e+00
0.000000000000000000e+00
0.000000000000000000e+00
0.000000000000000000e+00
0.000000000000000000e+00
0.000000000000000000e+00
0.000000000000000000e+00
0.000000000000000000e+00
0.000000000000000000e+00
0.000000000000000000e+00
0.000000000000000000e+00
0.000000000000000000e+00
0.000000000000000000e+00
0.000000000000000000e+00
0.000000000000000000e+00
0.000000000000000000e+00
0.000000000000000000e+00
0.000000000000000000e+00
0.000000000000000000e+00
0.000000000000000000e+00
0.000000000000000000e+00
0.000000000000000000e+00
0.000000000000000000e+00
0.000000000000000000e+00
0.000000000000000000e+00
0.000000000000000000e+00
0.000000000000000000e+00
0.000000000000000000e+00
0.000000000000000000e+00
0.000000000000000000e+00
0.000000000000000000e+00
0.000000000000000000e+00
0.000000000000000000e+00
0.000000000000000000e+00
0.000000000000000000e+00
0.000000000000000000e+00
0.000000000000000000e+00
0.000000000000000000e+00
0.000000000000000000e+00
0.000000000000000000e+00
0.000000000000000000e+00
0.000000000000000000e+00
0.000000000000000000e+00
0.000000000000000000e+00
0.000000000000000000e+00
0.000000000000000000e+00
0.000000000000000000e+00
0.000000000000000000e+00
0.000000000000000000e+00
0.000000000000000000e+00
0.000000000000000000e+00
0.000000000000000000e+00
0.000000000000000000e+00
0.000000000000000000e+00
0.000000000000000000e+00
0.000000000000000000e+00
0.000000000000000000e+00
0.000000000000000000e+00
0.000000000000000000e+00
0.000000000000000000e+00
0.000000000000000000e+00
0.000000000000000000e+00
0.000000000000000000e+00
0.000000000000000000e+00
0.000000000000000000e+00
0.000000000000000000e+00
0.000000000000000000e+00
0.000000000000000000e+00
0.000000000000000000e+00
0.000000000000000000e+00
0.000000000000000000e+00
0.000000000000000000e+00
0.000000000000000000e+00
0.000000000000000000e+00
0.000000000000000000e+00
0.000000000000000000e+00
0.000000000000000000e+00
0.000000000000000000e+00
0.000000000000000000e+00
0.000000000000000000e+00
0.000000000000000000e+00
0.000000000000000000e+00
0.000000000000000000e+00
0.000000000000000000e+00
0.000000000000000000e+00
0.000000000000000000e+00
0.000000000000000000e+00
0.000000000000000000e+00
0.000000000000000000e+00
0.000000000000000000e+00
0.000000000000000000e+00
0.000000000000000000e+00
0.000000000000000000e+00
0.000000000000000000e+00
0.000000000000000000e+00
0.000000000000000000e+00
0.000000000000000000e+00
0.000000000000000000e+00
0.000000000000000000e+00
0.000000000000000000e+00
0.000000000000000000e+00
0.000000000000000000e+00
0.000000000000000000e+00
0.000000000000000000e+00
0.000000000000000000e+00
0.000000000000000000e+00
0.000000000000000000e+00
0.000000000000000000e+00
0.000000000000000000e+00
0.000000000000000000e+00
0.000000000000000000e+00
0.000000000000000000e+00
0.000000000000000000e+00
0.000000000000000000e+00
0.000000000000000000e+00
0.000000000000000000e+00
0.000000000000000000e+00
0.000000000000000000e+00
0.000000000000000000e+00
0.000000000000000000e+00
0.000000000000000000e+00
0.000000000000000000e+00
0.000000000000000000e+00
0.000000000000000000e+00
0.000000000000000000e+00
0.000000000000000000e+00
0.000000000000000000e+00
0.000000000000000000e+00
0.000000000000000000e+00
0.000000000000000000e+00
0.000000000000000000e+00
0.000000000000000000e+00
0.000000000000000000e+00
0.000000000000000000e+00
0.000000000000000000e+00
0.000000000000000000e+00
0.000000000000000000e+00
0.000000000000000000e+00
0.000000000000000000e+00
0.000000000000000000e+00
0.000000000000000000e+00
0.000000000000000000e+00
0.000000000000000000e+00
0.000000000000000000e+00
0.000000000000000000e+00
0.000000000000000000e+00
0.000000000000000000e+00
0.000000000000000000e+00
0.000000000000000000e+00
0.000000000000000000e+00
0.000000000000000000e+00
0.000000000000000000e+00
0.000000000000000000e+00
0.000000000000000000e+00
0.000000000000000000e+00
0.000000000000000000e+00
0.000000000000000000e+00
0.000000000000000000e+00
0.000000000000000000e+00
0.000000000000000000e+00
0.000000000000000000e+00
0.000000000000000000e+00
0.000000000000000000e+00
0.000000000000000000e+00
0.000000000000000000e+00
0.000000000000000000e+00
0.000000000000000000e+00
0.000000000000000000e+00
0.000000000000000000e+00
0.000000000000000000e+00
0.000000000000000000e+00
0.000000000000000000e+00
0.000000000000000000e+00
0.000000000000000000e+00
0.000000000000000000e+00
0.000000000000000000e+00
0.000000000000000000e+00
nan
