# bin_19_15
-2.730778829492237407e-08
-1.970199073525508491e-08
-1.719003228608896196e-08
-1.154528934238947406e-08
-1.059794633478532812e-08
-6.613662811482380032e-09
-6.131706809394136287e-09
-5.027814356290013698e-09
-1.998854407919323514e-09
-4.402593702413281378e-09
9.645273476812029346e-11
-4.022232155179396305e-09
2.343405638779109842e-09
4.228433046831012951e-09
4.302291242047161774e-09
6.565885284657228291e-10
-4.145075227450077178e-09
-5.804291018690634319e-09
-5.247855964731374986e-09
-4.765666646796795099e-09
-4.345180424838767830e-09
-3.976387615013747309e-09
-2.887312174543823851e-09
-1.218624389473308451e-09
1.087111235488441728e-10
5.874379183355396532e-10
-2.814483008048345567e-10
-1.991280554569312558e-09
-3.664668881744161500e-09
-4.758856121680792880e-09
-4.959230102329796048e-09
-4.164586413087248896e-09
-2.766189434597500950e-09
-1.184801715920644134e-09
2.918321954747213018e-10
1.472882983960397075e-09
2.237900620045311886e-09
2.722044635973030246e-09
3.107894156267029466e-09
3.390644091932473418e-09
3.569594744516155816e-09
3.646923447739105199e-09
3.626771537833777461e-09
3.514567707895099269e-09
3.202463257413083384e-09
2.675835650146932500e-09
2.054900851406802063e-09
1.431224515311806040e-09
8.735656538629882328e-10
4.325530666059672046e-10
1.444331282982387373e-10
3.407679112042527932e-11
2.074606516491177665e-11
1.104906850876567035e-11
4.001244192684574630e-12
-1.200265719437591508e-12
-5.207308339616255771e-12
-8.546215736121441181e-12
-1.163901751246987495e-11
-1.482111261360008634e-11
-1.835600817929592254e-11
-2.233365843685148180e-11
-2.650519781555878036e-11
-3.062141721414368724e-11
-3.448180627343616652e-11
-3.792683897733486611e-11
-4.083144191441530060e-11
-4.309946008745144419e-11
-4.465896532938523382e-11
-4.545827739737914099e-11
-4.546258859839669017e-11
-4.465110010213753235e-11
-3.943440225742554195e-11
-2.775655066348917077e-11
-1.165052338707688445e-11
7.155516408715713056e-12
2.719837498158988642e-11
4.724513593407476024e-11
6.626293393089042958e-11
8.339260273251586469e-11
9.792568804365387218e-11
1.092843856904272114e-10
1.170040255340532394e-10
1.207177728433519201e-10
1.201432628778216896e-10
1.139815501290930052e-10
1.021599117144764976e-10
8.613826453555751127e-11
6.719054417797559259e-11
4.642550053109377610e-11
2.480518487856732900e-11
3.161393500833545342e-12
-1.778969912129282925e-11
-3.743451229864630349e-11
-5.525045548483340220e-11
-7.079558946650356077e-11
-8.369941154225626830e-11
-9.365464020896129124e-11
-1.004098892422770649e-10
-1.037631336828641604e-10
-1.035558813442145352e-10
-1.001359774636015559e-10
-9.432567154672108471e-11
-8.666024144283203726e-11
-7.761671807040058397e-11
-6.761944405608538886e-11
-5.704510531744102685e-11
-4.622728733454089696e-11
-3.546060251424719894e-11
-2.500443029224610838e-11
-1.508630737476909207e-11
-5.905001735305175780e-12
2.366699400585793780e-12
9.579460372510346574e-12
1.560510219932026905e-11
2.033451990633107967e-11
2.367579215158120589e-11
2.555246518244669398e-11
2.590199489954550987e-11
2.495991883023342741e-11
2.311503166292946916e-11
2.053204110015765026e-11
1.736044664009369436e-11
1.373577905262116948e-11
9.780739192826650274e-12
5.606244633872180917e-12
1.312391848494100814e-12
-3.010659013609318119e-12
-7.281870323546092078e-12
-1.142857827815137272e-11
-1.538580395325963202e-11
-1.909561920905409777e-11
-2.250656297158769810e-11
-2.557310379684722404e-11
-2.825514497156434162e-11
-3.051756872166361189e-11
-3.232981638769245439e-11
-3.366550168949475094e-11
-3.450205444213891382e-11
-3.482039230384066354e-11
-3.460461833630064897e-11
-3.407368716312400474e-11
-3.346513193224846931e-11
-3.279229942335651733e-11
-3.206747438363396803e-11
-3.130195355949315400e-11
-3.050611459206064231e-11
-2.968948014622284949e-11
-2.886077761496456078e-11
-2.802799471493239840e-11
-2.719843126541759767e-11
-2.637874742109930723e-11
-2.557500860876942442e-11
-2.479272739972164406e-11
-2.403690253240062312e-11
-2.331205528415478551e-11
-2.262226337640164190e-11
-2.197119258410504567e-11
-2.136212620808060846e-11
-2.079799255721221500e-11
-2.028139057709573863e-11
-1.981461375186012873e-11
-1.939967239688776894e-11
-1.903831445180086351e-11
-1.873204487535323985e-11
-1.848214373671153611e-11
-1.827006938652051028e-11
-1.807525149908958051e-11
-1.789586227470872352e-11
-1.773019279806478632e-11
-1.757664605323570758e-11
-1.743373035078665328e-11
-1.730005314163627765e-11
-1.705530511130148876e-11
-1.694189417018366395e-11
-1.683303145945318023e-11
-1.672773930156384025e-11
-1.662510893977314990e-11
-1.652429647499631097e-11
-1.642451903744033457e-11
-1.632505117903199220e-11
-1.612440931201693173e-11
-1.602204188227457863e-11
-1.591759132116936838e-11
-1.581057202995499414e-11
-1.570053814293124750e-11
-1.558708114052702879e-11
-1.546982759840744786e-11
-1.522260005804683583e-11
-1.509203617916654408e-11
-1.495649232996866346e-11
-1.481574103347981602e-11
-1.443722126226660307e-11
-1.405003914194539431e-11
-1.352530873130335974e-11
-1.287932055030946451e-11
-1.212742923293524470e-11
-1.036295781747610172e-11
-9.376821613591121654e-12
-8.337753259273036311e-12
-6.145491057444756476e-12
-5.012954000310072215e-12
-3.868866129179039277e-12
-2.722026659399899888e-12
-4.525359336944689418e-13
6.551871481083888236e-13
1.735752952355504672e-12
3.790694108504175034e-12
4.753758423344751445e-12
5.667000477500516361e-12
7.325556396207419786e-12
8.062487577815378406e-12
9.333061037355850864e-12
9.860141362480027312e-12
1.031116070142232965e-11
1.097475217290802257e-11
1.118277341072621131e-11
1.134150466934237538e-11
1.128890765352640834e-11
1.077140262117375958e-11
1.029256655572834778e-11
9.685677657760001288e-12
8.139709084725331825e-12
7.225030294682257117e-12
5.168819905847837881e-12
4.048223129513158085e-12
1.670469997919903746e-12
4.312113335902108794e-13
-2.106754634256712399e-12
-3.390224978247750305e-12
-5.951051019826437187e-12
-8.461291098089756850e-12
-9.682832057004284943e-12
-1.203236907083103821e-11
-1.315071433805941673e-11
-1.525253515378273933e-11
-1.714821177375334138e-11
-1.800978784636019176e-11
-1.954447685336703761e-11
-2.021184473888594389e-11
-2.133372975213451541e-11
-2.215673531635671797e-11
-2.245113626387110383e-11
-2.279706051415992742e-11
-2.280926203553888811e-11
-2.268701015863272422e-11
-2.231637381630850305e-11
-2.187244449085478184e-11
-2.136314624445104926e-11
-2.108630251019831922e-11
-2.049256750433944842e-11
-1.985085439635119978e-11
-1.916724823118619676e-11
-1.881151351005786566e-11
-1.807550569668407277e-11
-1.731092322870806182e-11
-1.652241099839194862e-11
-1.571426291911035550e-11
-1.530407715274247645e-11
-1.447381629104126450e-11
-1.363326977985571700e-11
-1.278567874222057009e-11
-1.193402768016374168e-11
-1.108106173699725012e-11
-1.022930281057213043e-11
-9.381064596758354955e-12
-8.538466636644500715e-12
-7.703447435642737179e-12
-6.877776717768976846e-12
-6.063066873836194185e-12
-5.260783658108196235e-12
-4.472256184084080910e-12
-3.699703294687847686e-12
-2.943111567326705564e-12
-2.200481252278318995e-12
-1.469959805182923296e-12
-7.498325005516760290e-13
-3.851363504615392926e-14
6.654617177000747102e-13
1.363445436343522747e-12
2.056683598389054180e-12
2.746323275012144598e-12
3.433418903034376667e-12
4.118938261001518723e-12
5.146180641703256642e-12
5.831474305103014169e-12
6.517974342112081642e-12
7.206323115583202757e-12
7.897103165995837483e-12
8.938969603136470164e-12
9.638018835315812526e-12
1.034112196387906133e-11
1.104863779393235597e-11
1.211887024180246058e-11
1.283872590559681774e-11
1.356394573541751115e-11
1.466225280027634219e-11
1.540167407581334561e-11
1.615777820928915994e-11
1.743481942543584087e-11
1.837371517012229711e-11
1.988317292053933046e-11
2.094064961841925500e-11
2.202699790261847511e-11
2.368983501252523942e-11
2.480773608276834275e-11
2.647835091586181497e-11
2.757710908257599141e-11
2.918578090551221748e-11
3.022286751551371202e-11
3.171130884672706992e-11
3.310382926071246663e-11
3.397117940970051739e-11
3.517035964901988043e-11
3.589647602719786802e-11
3.686726915264571760e-11
3.768711933913678635e-11
3.814543927061638569e-11
3.869480131923031448e-11
3.907245108332192911e-11
3.922593836555711478e-11
3.930508816548625029e-11
3.919927821380793970e-11
3.890514615662165419e-11
3.860312033482604476e-11
3.787076800862439010e-11
3.674882640993364770e-11
3.529549652713024940e-11
3.356461850510599080e-11
3.228124243979703944e-11
3.019649080232176670e-11
2.795857934489943494e-11
2.560768606117443101e-11
2.318082118094928738e-11
2.071203729023894759e-11
1.823262574823081577e-11
1.577130032377947344e-11
1.335436890875455603e-11
1.100589410515410344e-11
8.747843426982760381e-12
6.600229806134539771e-12
4.581243043582047515e-12
2.707372802744399485e-12
4.601622697610918092e-13
-1.019679134938122749e-12
-2.310293878545076445e-12
-3.401320885582397429e-12
-4.283564782043068812e-12
-4.948915021799394494e-12
-5.486520904137502540e-12
-5.619781290596091036e-12
-5.428589297972884044e-12
-4.285156597885009382e-12
-2.831110175658670573e-12
-9.402693148570485282e-13
2.153093181653611315e-12
4.827505102080948419e-12
7.746102493105166575e-12
1.193183790915083797e-11
1.523229671590081188e-11
1.976729920861680015e-11
2.321883973256441472e-11
2.781985125169497422e-11
3.122721579355150058e-11
3.565522849214580828e-11
3.885415576646328857e-11
4.290876471531262988e-11
4.667315980019037483e-11
4.927648208174377337e-11
5.241885780483321450e-11
5.514924581892005924e-11
5.690522355570893984e-11
5.883201145760329059e-11
6.025935201686173554e-11
6.116257583551401014e-11
6.152035386867659468e-11
6.141965021355188540e-11
6.078620362343651808e-11
5.970841685897705711e-11
5.828431923565461554e-11
5.656512549131602402e-11
5.459834834609030716e-11
5.242803414382682650e-11
5.009498353968226067e-11
4.763695821960198814e-11
4.508887456890891674e-11
4.248298514374363654e-11
3.984904874026136214e-11
3.721448980197353700e-11
3.395866992254400251e-11
3.141188978435454761e-11
2.893923858861678206e-11
2.655977817242741852e-11
2.374288461121924586e-11
2.163443988257197778e-11
1.967030474430798746e-11
1.743739985439123359e-11
1.584275892052442865e-11
1.442951648357394038e-11
1.293172436325855920e-11
1.195816098374994940e-11
1.103336795333590177e-11
1.053451634466947137e-11
1.022050758194999195e-11
1.030548532351180845e-11
1.091729445991673875e-11
1.201371804082983202e-11
1.318804212592168603e-11
1.496747247187718645e-11
1.703132409313677595e-11
1.884588667278328468e-11
2.127069338213270253e-11
2.382048177309160316e-11
2.644676740682191171e-11
2.910504207364190366e-11
3.175450498997074820e-11
3.435781175585375362e-11
3.638419182916310968e-11
3.882045369926037286e-11
4.112244554126697019e-11
4.367085506151151427e-11
4.558860966307838278e-11
4.729661806896863939e-11
4.877595993785863093e-11
5.000967392997876976e-11
5.098262124225532828e-11
5.178712926118674381e-11
5.214127809880870952e-11
5.219702968934978386e-11
5.194559979734813509e-11
5.125611987974056829e-11
5.048694947558538777e-11
4.938363779258728691e-11
4.833351732478591198e-11
4.693973811180732045e-11
4.568380433821363731e-11
4.408337134212360617e-11
4.268649704815062673e-11
4.095167379924119901e-11
3.917032137121294848e-11
3.766260137459929145e-11
3.583900858246807371e-11
3.401342240380950160e-11
3.219911644173050881e-11
3.040822720003548392e-11
2.865183177567641495e-11
2.694002040322231921e-11
2.528196420158204941e-11
2.368597844823676226e-11
2.215958168314128540e-11
2.070955092308620504e-11
1.934197324754636065e-11
1.806229399873250046e-11
1.687536182161906196e-11
1.578547075401787050e-11
1.464159470194801711e-11
1.377295455474635508e-11
1.294911453399854703e-11
1.200564468094258144e-11
1.121452973842052169e-11
1.031475862067252463e-11
9.565389649268942074e-12
8.718822977169777043e-12
8.018533796713046310e-12
7.232846027167199018e-12
6.482553901417020882e-12
5.769199273575917779e-12
5.188171283031788467e-12
4.546822482003777043e-12
3.945747246420660093e-12
3.385784759797859898e-12
2.867625232270354189e-12
2.391821726129862061e-12
1.958801148987327721e-12
1.568874472864383758e-12
1.222246233300539150e-12
9.190233586614315908e-13
6.592233762300832259e-13
4.153941074823618460e-13
2.483313304378284182e-13
1.242464457612296733e-13
3.470268973672332888e-14
1.708153312464423313e-15
0.000000000000000000e+00
0.000000000000000000e+00
0.000000000000000000e+00
0.000000000000000000e+00
0.000000000000000000e+00
0.000000000000000000e+00
0.000000000000000000e+00
0.000000000000000000e+00
0.000000000000000000e+00
0.000000000000000000e+00
0.000000000000000000e+00
0.000000000000000000e+00
0.000000000000000000e+00
0.000000000000000000e+00
0.000000000000000000e+00
0.000000000000000000e+00
0.000000000000000000e+00
0.000000000000000000e+00
0.000000000000000000e+00
0.000000000000000000e+00
0.000000000000000000e+00
0.000000000000000000e+00
0.000000000000000000e+00
0.000000000000000000e+00
0.000000000000000000e+00
0.000000000000000000e+00
0.000000000000000000e+00
0.000000000000000000e+00
0.000000000000000000e+00
0.000000000000000000e+00
0.000000000000000000e+00
0.000000000000000000e+00
0.000000000000000000e+00
0.000000000000000000e+00
0.000000000000000000e+00
0.000000000000000000e+00
0.000000000000000000e+00
0.000000000000000000e+00
0.000000000000000000e+00
0.000000000000000000e+00
0.000000000000000000e+00
0.000000000000000000e+00
0.000000000000000000e+00
0.000000000000000000e+00
0.000000000000000000e+00
0.000000000000000000e+00
0.000000000000000000e+00
0.000000000000000000e+00
0.000000000000000000e+00
0.000000000000000000e+00
0.000000000000000000e+00
0.000000000000000000e+00
0.000000000000000000e+00
0.000000000000000000e+00
0.000000000000000000e+00
0.000000000000000000e+00
0.000000000000000000e+00
0.000000000000000000e+00
0.000000000000000000e+00
0.000000000000000000e+00
0.000000000000000000e+00
0.000000000000000000e+00
0.000000000000000000e+00
0.000000000000000000e+00
0.000000000000000000e+00
0.000000000000000000e+00
0.000000000000000000e+00
0.000000000000000000e+00
0.000000000000000000e+00
0.000000000000000000e+00
0.000000000000000000e+00
0.000000000000000000e+00
0.000000000000000000e+00
0.000000000000000000e+00
0.000000000000000000e+00
0.000000000000000000e+00
0.000000000000000000e+00
0.000000000000000000e+00
0.000000000000000000e+00
0.000000000000000000e+00
0.000000000000000000e+00
0.000000000000000000e+00
0.000000000000000000e+00
0.000000000000000000e+00
0.000000000000000000e+00
0.000000000000000000e+00
0.000000000000000000e+00
0.000000000000000000e+00
0.000000000000000000e+00
0.000000000000000000e+00
0.000000000000000000e+00
0.000000000000000000e+00
0.000000000000000000e+00
0.000000000000000000e+00
0.000000000000000000e+00
0.000000000000000000e+00
0.000000000000000000e+00
0.000000000000000000e+00
0.000000000000000000e+00
0.000000000000000000e+00
0.000000000000000000e+00
0.000000000000000000e+00
0.000000000000000000e+00
0.000000000000000000e+00
0.000000000000000000e+00
0.000000000000000000e+00
0.000000000000000000e+00
0.000000000000000000e+00
0.000000000000000000e+00
0.000000000000000000e+00
0.000000000000000000e+00
0.000000000000000000e+00
0.000000000000000000e+00
0.000000000000000000e+00
0.000000000000000000e+00
0.000000000000000000e+00
0.000000000000000000e+00
0.000000000000000000e+00
0.000000000000000000e+00
0.000000000000000000e+00
0.000000000000000000e+00
0.000000000000000000e+00
0.000000000000000000e+00
0.000000000000000000e+00
0.000000000000000000e+00
0.000000000000000000e+00
0.000000000000000000e+00
0.000000000000000000e+00
0.000000000000000000e+00
0.000000000000000000e+00
0.000000000000000000e+00
0.000000000000000000e+00
0.000000000000000000e+00
0.000000000000000000e+00
0.000000000000000000e+00
0.000000000000000000e+00
0.000000000000000000e+00
0.000000000000000000e+00
0.000000000000000000e+00
0.000000000000000000e+00
0.000000000000000000e+00
0.000000000000000000e+00
0.000000000000000000e+00
0.000000000000000000e+00
0.000000000000000000e+00
0.000000000000000000e+00
0.000000000000000000e+00
0.000000000000000000e+00
0.000000000000000000e+00
0.000000000000000000e+00
0.000000000000000000e+00
0.000000000000000000e+00
0.000000000000000000e+00
0.000000000000000000e+00
0.000000000000000000e+00
0.000000000000000000e+00
0.000000000000000000e+00
0.000000000000000000e+00
0.000000000000000000e+00
0.000000000000000000e+00
0.000000000000000000e+00
0.000000000000000000e+00
0.000000000000000000e+00
0.000000000000000000e+00
0.000000000000000000e+00
0.000000000000000000e+00
0.000000000000000000e+00
0.000000000000000000e+00
0.000000000000000000e+00
0.000000000000000000e+00
0.000000000000000000e+00
0.000000000000000000e+00
0.000000000000000000e+00
0.000000000000000000e+00
0.000000000000000000e+00
0.000000000000000000e+00
0.000000000000000000e+00
0.000000000000000000e+00
0.000000000000000000e+00
0.000000000000000000e+00
0.000000000000000000e+00
0.000000000000000000e+00
0.000000000000000000e+00
0.000000000000000000e+00
0.000000000000000000e+00
0.000000000000000000e+00
0.000000000000000000e+00
0.000000000000000000e+00
0.000000000000000000e+00
0.000000000000000000e+00
0.000000000000000000e+00
0.000000000000000000e+00
0.000000000000000000e+00
0.000000000000000000e+00
0.000000000000000000e+00
0.000000000000000000e+00
0.000000000000000000e+00
0.000000000000000000e+00
0.000000000000000000e+00
0.000000000000000000e+00
0.000000000000000000e+00
0.000000000000000000e+00
0.000000000000000000e+00
0.000000000000000000e+00
0.000000000000000000e+00
0.000000000000000000e+00
0.000000000000000000e+00
0.000000000000000000e+00
0.000000000000000000e+00
0.000000000000000000e+00
0.000000000000000000e+00
0.000000000000000000e+00
0.000000000000000000e+00
0.000000000000000000e+00
0.000000000000000000e+00
0.000000000000000000e+00
0.000000000000000000e+00
0.000000000000000000e+00
0.000000000000000000e+00
0.000000000000000000e+00
0.000000000000000000e+00
0.000000000000000000e+00
0.000000000000000000e+00
0.000000000000000000e+00
0.000000000000000000e+00
0.000000000000000000e+00
0.000000000000000000e+00
0.000000000000000000e+00
0.000000000000000000e+00
0.000000000000000000e+00
0.000000000000000000e+00
0.000000000000000000e+00
0.000000000000000000e+00
0.000000000000000000e+00
0.000000000000000000e+00
0.000000000000000000e+00
0.000000000000000000e+00
0.000000000000000000e+00
0.000000000000000000e+00
0.000000000000000000e+00
0.000000000000000000e+00
0.000000000000000000e+00
0.000000000000000000e+00
0.000000000000000000e+00
0.000000000000000000e+00
0.000000000000000000e+00
0.000000000000000000e+00
0.000000000000000000e+00
0.000000000000000000e+00
0.000000000000000000e+00
0.000000000000000000e+00
0.000000000000000000e+00
0.000000000000000000e+00
0.000000000000000000e+00
0.000000000000000000e+00
0.000000000000000000e+00
0.000000000000000000e+00
0.000000000000000000e+00
0.000000000000000000e+00
0.000000000000000000e+00
0.000000000000000000e+00
0.000000000000000000e+00
0.000000000000000000e+00
0.000000000000000000e+00
0.000000000000000000e+00
0.000000000000000000e+00
0.000000000000000000e+00
0.000000000000000000e+00
0.000000000000000000e+00
0.000000000000000000e+00
0.000000000000000000e+00
0.000000000000000000e+00
0.000000000000000000e+00
0.000000000000000000e+00
0.000000000000000000e+00
0.000000000000000000e+00
0.000000000000000000e+00
0.000000000000000000e+00
0.000000000000000000e+00
0.000000000000000000e+00
0.000000000000000000e+00
0.000000000000000000e+00
0.000000000000000000e+00
0.000000000000000000e+00
0.000000000000000000e+00
0.000000000000000000e+00
0.000000000000000000e+00
0.000000000000000000e+00
0.000000000000000000e+00
0.000000000000000000e+00
0.000000000000000000e+00
0.000000000000000000e+00
0.000000000000000000e+00
0.000000000000000000e+00
0.000000000000000000e+00
0.000000000000000000e+00
0.000000000000000000e+00
0.000000000000000000e+00
0.000000000000000000e+00
0.000000000000000000e+00
0.000000000000000000e+00
0.000000000000000000e+00
0.000000000000000000e+00
0.000000000000000000e+00
0.000000000000000000e+00
0.000000000000000000e+00
0.000000000000000000e+00
0.000000000000000000e+00
0.000000000000000000e+00
0.000000000000000000e+00
0.000000000000000000e+00
0.000000000000000000e+00
0.000000000000000000e+00
0.000000000000000000e+00
0.000000000000000000e+00
0.000000000000000000e+00
0.000000000000000000e+00
0.000000000000000000e+00
0.000000000000000000e+00
0.000000000000000000e+00
0.000000000000000000e+00
0.000000000000000000e+00
0.000000000000000000e+00
0.000000000000000000e+00
0.000000000000000000e+00
0.000000000000000000e+00
0.000000000000000000e+00
0.000000000000000000e+00
0.000000000000000000e+00
0.000000000000000000e+00
0.000000000000000000e+00
0.000000000000000000e+00
0.000000000000000000e+00
0.000000000000000000e+00
0.000000000000000000e+00
0.000000000000000000e+00
0.000000000000000000e+00
0.000000000000000000e+00
0.000000000000000000e+00
0.000000000000000000e+00
0.000000000000000000e+00
0.000000000000000000e+00
0.000000000000000000e+00
0.000000000000000000e+00
0.000000000000000000e+00
0.000000000000000000e+00
0.000000000000000000e+00
0.000000000000000000e+00
0.000000000000000000e+00
0.000000000000000000e+00
0.000000000000000000e+00
0.000000000000000000e+00
0.000000000000000000e+00
0.000000000000000000e+00
0.000000000000000000e+00
0.000000000000000000e+00
0.000000000000000000e+00
0.000000000000000000e+00
0.000000000000000000e+00
0.000000000000000000e+00
0.000000000000000000e+00
0.000000000000000000e+00
0.000000000000000000e+00
0.000000000000000000e+00
0.000000000000000000e+00
0.000000000000000000e+00
0.000000000000000000e+00
0.000000000000000000e+00
0.000000000000000000e+00
0.000000000000000000e+00
0.000000000000000000e+00
0.000000000000000000e+00
0.000000000000000000e+00
0.000000000000000000e+00
0.000000000000000000e+00
0.000000000000000000e+00
0.000000000000000000e+00
0.000000000000000000e+00
0.000000000000000000e+00
0.000000000000000000e+00
0.000000000000000000e+00
0.000000000000000000e+00
0.000000000000000000e+00
0.000000000000000000e+00
0.000000000000000000e+00
0.000000000000000000e+00
0.000000000000000000e+00
0.000000000000000000e+00
0.000000000000000000e+00
0.000000000000000000e+00
0.000000000000000000e+00
0.000000000000000000e+00
0.000000000000000000e+00
0.000000000000000000e+00
0.000000000000000000e+00
0.000000000000000000e+00
0.000000000000000000e+00
0.000000000000000000e+00
0.000000000000000000e+00
0.000000000000000000e+00
0.000000000000000000e+00
0.000000000000000000e+00
0.000000000000000000e+00
0.000000000000000000e+00
0.000000000000000000e+00
0.000000000000000000e+00
0.000000000000000000e+00
0.000000000000000000e+00
0.000000000000000000e+00
0.000000000000000000e+00
0.000000000000000000e+00
0.000000000000000000e+00
0.000000000000000000e+00
0.000000000000000000e+00
0.000000000000000000e+00
0.000000000000000000e+00
0.000000000000000000e+00
0.000000000000000000e+00
0.000000000000000000e+00
0.000000000000000000e+00
0.000000000000000000e+00
0.000000000000000000e+00
0.000000000000000000e+00
0.000000000000000000e+00
0.000000000000000000e+00
0.000000000000000000e+00
0.000000000000000000e+00
0.000000000000000000e+00
0.000000000000000000e+00
0.000000000000000000e+00
0.000000000000000000e+00
0.000000000000000000e+00
0.000000000000000000e+00
0.000000000000000000e+00
0.000000000000000000e+00
0.000000000000000000e+00
0.000000000000000000e+00
0.000000000000000000e+00
0.000000000000000000e+00
0.000000000000000000e+00
0.000000000000000000e+00
0.000000000000000000e+00
0.000000000000000000e+00
0.000000000000000000e+00
0.000000000000000000e+00
0.000000000000000000e+00
0.000000000000000000e+00
0.000000000000000000e+00
0.000000000000000000e+00
0.000000000000000000e+00
0.000000000000000000e+00
0.000000000000000000e+00
0.000000000000000000e+00
0.000000000000000000e+00
0.000000000000000000e+00
0.000000000000000000e+00
0.000000000000000000e+00
0.000000000000000000e+00
0.000000000000000000e+00
0.000000000000000000e+00
0.000000000000000000e+00
0.000000000000000000e+00
0.000000000000000000e+00
0.000000000000000000e+00
0.000000000000000000e+00
0.000000000000000000e+00
0.000000000000000000e+00
0.000000000000000000e+00
0.000000000000000000e+00
0.000000000000000000e+00
0.000000000000000000e+00
0.000000000000000000e+00
0.000000000000000000e+00
0.000000000000000000e+00
0.000000000000000000e+00
0.000000000000000000e+00
0.000000000000000000e+00
0.000000000000000000e+00
0.000000000000000000e+00
0.000000000000000000e+00
0.000000000000000000e+00
0.000000000000000000e+00
0.000000000000000000e+00
0.000000000000000000e+00
0.000000000000000000e+00
0.000000000000000000e+00
0.000000000000000000e+00
0.000000000000000000e+00
0.000000000000000000e+00
0.000000000000000000e+00
0.000000000000000000e+00
0.000000000000000000e+00
0.000000000000000000e+00
0.000000000000000000e+00
0.000000000000000000e+00
0.000000000000000000e+00
0.000000000000000000e+00
0.000000000000000000e+00
0.000000000000000000e+00
0.000000000000000000e+00
0.000000000000000000e+00
0.000000000000000000e+00
0.000000000000000000e+00
0.000000000000000000e+00
0.000000000000000000e+00
0.000000000000000000e+00
0.000000000000000000e+00
0.000000000000000000e+00
0.000000000000000000e+00
0.000000000000000000e+00
0.000000000000000000e+00
0.000000000000000000e+00
0.000000000000000000e+00
0.000000000000000000e+00
0.000000000000000000e+00
0.000000000000000000e+00
nan
