# bin_20_5
3.714602946767711193e-08
1.279407153021741558e-08
3.526353549041213610e-08
8.125924012298023416e-09
3.311409644320726203e-08
3.998513511180404313e-09
3.080793671643581241e-08
4.249807794764806113e-09
2.919174149749639520e-08
8.994474714879283614e-09
1.397825534990590721e-08
7.687047712970385496e-09
-8.699312487147020512e-09
-1.689900184044166274e-08
-1.819209985610875325e-08
-1.609133440500832617e-08
-1.431790249422292916e-08
-1.283497741949936336e-08
-1.559047623916037023e-08
-2.147417336465753698e-08
-2.566678361908242607e-08
-2.582504005174150139e-08
-1.655091911263886593e-08
-8.729615763117053147e-10
1.335165309692391016e-08
2.168999186983470836e-08
2.490947896724610817e-08
2.622753632985326372e-08
2.642414566103792110e-08
2.603629920831020890e-08
2.542879478357985243e-08
2.459039652853358149e-08
2.350831370230151446e-08
2.238461599204981985e-08
2.135599622592001376e-08
2.051167748754677610e-08
1.990655125925337924e-08
2.378419160895500896e-08
3.328159234914328384e-08
4.472045113896271747e-08
5.544399749160035234e-08
6.357520624862085062e-08
6.783085891059679582e-08
6.737829332895673327e-08
6.138281538915509160e-08
5.125403751527899928e-08
3.930119842206336802e-08
2.728347039576767539e-08
1.652212961745435028e-08
7.990323804629031481e-09
2.385016186274214208e-09
1.847110917809658161e-10
-1.554454652320655237e-10
-4.191623729668602203e-10
-6.195575404088525057e-10
-7.677352557873852997e-10
-8.730947745044344440e-10
-9.435897404105464114e-10
-9.859467037528883244e-10
-1.005849527938531053e-09
-1.008095283509824665e-09
-1.001328036790617651e-09
-9.916719361891782016e-10
-9.795221875214519149e-10
-9.652279715433414268e-10
-9.490979237844125127e-10
-9.314049200356799251e-10
-9.123902620079966637e-10
-8.922673438546224678e-10
-8.712248685939176538e-10
-8.494296736139930524e-10
-8.270292160928800260e-10
-7.891085982957052375e-10
-7.266063934284346996e-10
-6.474396471143141364e-10
-5.583352540733302542e-10
-4.649856623587929559e-10
-3.721844322150167860e-10
-2.839443380701702102e-10
-2.036003262464935872e-10
-1.338993204163766054e-10
-7.707859305343661958e-11
-3.493418692881006665e-11
-8.880670054116125037e-12
-3.335312993098695738e-15
-2.887032601675224054e-15
-2.493057421905210708e-15
-2.147662940322267171e-15
-1.845679769795496970e-15
-1.582439286232298023e-15
-1.353724843443390820e-15
-1.155727958420924622e-15
-9.850089298470231083e-16
-8.384614144894056006e-16
-7.132805403981822035e-16
-6.069341834822672348e-16
-5.171370759665314044e-16
-4.418274521460386916e-16
-3.791459693972082527e-16
-3.274166711272689822e-16
-2.851297837190414004e-16
-2.490151317175440934e-16
-2.165307012483414812e-16
-1.873914385097764827e-16
-1.613339197501325581e-16
-1.381146428719253034e-16
-1.175084629585877864e-16
-9.930715870165650760e-17
-8.331811797215914587e-17
-6.936313191381902931e-17
-5.727728795225680294e-17
-4.690795302691405760e-17
-3.811383917196510989e-17
-3.076414430939242220e-17
-2.473776178046206031e-17
-1.992255273893012771e-17
-1.621467606751680823e-17
-1.351797096462810441e-17
-1.174338778655399440e-17
-1.045627936640773263e-17
-9.273644466375700956e-18
-8.189212825917092956e-18
-7.197088909492707207e-18
-6.291728060544266747e-18
-5.467914299273531321e-18
-4.720739641186586026e-18
-4.045584823339294801e-18
-3.438101334321164966e-18
-2.894194652327623279e-18
-2.410008603264380770e-18
-1.981910757773459217e-18
-1.606478792424550114e-18
-1.280487746133525630e-18
-1.000898108200050460e-18
-7.648446792427171224e-19
-5.696261507910818871e-19
-4.126953534082802480e-19
-2.916501269946210680e-19
-2.042247703935264289e-19
-1.482820306124890429e-19
-1.218055949066173611e-19
-1.098494448147188076e-19
-9.872580447818565618e-20
-8.839373732080620564e-20
-7.881431796524849961e-20
-6.995052636738967985e-20
-6.176714802020384554e-20
-5.423067984765554580e-20
-4.730924143482982350e-20
-4.097249126443595348e-20
-3.519154765199941463e-20
-2.993891409257751535e-20
-2.518840875092061701e-20
-2.091509784469009451e-20
-1.709523268676618906e-20
-1.370619016796620341e-20
-1.072641647566179604e-20
-8.135373856995575787e-21
-5.913490247655840743e-21
-4.042111598606406455e-21
-2.503456743793980253e-21
-1.280574661761397917e-21
-3.573039933352919069e-22
2.817653138514540034e-22
6.513283552069211878e-22
7.653997271195213430e-22
7.537873998769826767e-22
7.376956267830717357e-22
7.177118874201854268e-22
6.943843654662855183e-22
6.682242774224621698e-22
6.397080634416864934e-22
6.092794487515635078e-22
5.443078692322879031e-22
5.105056766022390434e-22
4.762759647280463803e-22
4.419258043703695441e-22
4.077396129766079601e-22
3.739805061469509804e-22
3.408915706340719188e-22
3.086970635620351852e-22
2.478009288033927958e-22
2.194635131990942645e-22
1.927508987123051199e-22
1.678088928584115936e-22
1.447703471748672951e-22
1.237559487921633491e-22
1.048749666117100919e-22
7.389741559601259980e-23
6.196842521188253905e-23
5.250922260071701518e-23
4.558176556624196876e-23
3.828394133008911163e-23
3.547599790869501300e-23
3.281113433336773132e-23
3.028424945185785455e-23
2.789042381605082041e-23
2.348313964210720064e-23
2.146068967660475367e-23
1.955330361126136233e-23
1.606742941046233423e-23
1.448114933281471478e-23
1.299433870708934173e-23
1.160343311090734611e-23
9.095693974503291090e-24
7.972332718116460247e-24
6.931812459553580818e-24
5.087441252391218298e-24
4.277916598241964326e-24
3.539878215894339776e-24
2.267949247625287038e-24
1.729121670082582889e-24
8.340208678868207674e-25
4.732967186121181040e-25
1.676145328382911037e-25
-2.867223796729039170e-25
-4.392566571783549102e-25
-6.042714914646026570e-25
-6.202536141117049051e-25
-6.049921969761972531e-25
-5.942537285358737098e-25
-5.817122333650103423e-25
-5.519682833885189917e-25
-5.351170440535319105e-25
-4.982696269473106979e-25
-4.785746476204224960e-25
-4.373386750577095327e-25
-4.160550578873433138e-25
-3.727505347266464865e-25
-3.509486181432421500e-25
-3.075496278014331841e-25
-2.650331787979214178e-25
-2.443156441043344368e-25
-2.043405847572719548e-25
-1.852214769093876827e-25
-1.490358114870196268e-25
-1.159638972519978381e-25
-1.007238437147545210e-25
-7.306352835783292559e-26
-6.072537351515964707e-26
-3.921722133447776828e-26
-2.214828941716445493e-26
-1.535004813143210073e-26
-5.349310024146656066e-27
-2.830997826472934756e-28
3.541913408712951691e-28
3.471416223784524863e-28
3.367247156450960439e-28
3.234912488175902102e-28
3.159780162286342245e-28
2.994548606300536559e-28
2.813023780909729512e-28
2.619277444894592835e-28
2.518998443478715143e-28
2.313805255753859378e-28
2.105111937245533067e-28
1.895885730149905063e-28
1.688827949603343287e-28
1.586888432098328362e-28
1.387613586678868350e-28
1.196220062213237523e-28
1.014621393712672265e-28
8.445417820854352056e-29
6.875299740313791457e-29
5.449721731162783968e-29
4.181040509345824985e-29
3.080219221504096995e-29
2.156931424908913812e-29
1.419657844150531453e-29
8.757764116953283457e-30
5.316460623937345341e-30
3.926847178330431263e-30
3.589561143234573079e-30
3.272915161657654446e-30
2.976014596002106612e-30
2.698003597953975673e-30
2.438063304928522960e-30
2.195410127929570004e-30
1.969294125764662195e-30
1.758997460862850610e-30
1.563832932225929597e-30
1.383142581310880535e-30
1.216296366889337251e-30
1.062690905164269031e-30
8.558515939625724128e-31
7.328724955530544976e-31
6.212154549364265578e-31
5.203830363183255570e-31
4.298985517565371859e-31
3.125800450316622608e-31
2.460079261578707977e-31
1.882659334620895626e-31
1.389600583725493502e-31
7.999685259062145822e-32
5.016231126578944011e-32
2.750819457948798599e-32
6.280298732049686252e-33
1.788950216217637927e-34
-5.646382326394035104e-34
-5.498059901084921559e-34
-5.365149362309674354e-34
-5.123032325562318137e-34
-4.937598860294780072e-34
-4.736288806972857474e-34
-4.410347270060780622e-34
-4.180664339398577574e-34
-3.823246732160098155e-34
-3.579432384212180071e-34
-3.210237259206257135e-34
-2.964382461289730542e-34
-2.600092787057552118e-34
-2.245644100264828211e-34
-2.017074730514139315e-34
-1.688886817612024114e-34
-1.481504842330124926e-34
-1.190091367165597455e-34
-9.250104228220564092e-35
-7.642950450480729656e-35
-5.490685883108846045e-35
-3.668143981664760711e-35
-2.645989299092372087e-35
-1.414806914682590483e-35
-5.593752683659249239e-36
-9.257322561592512991e-37
-2.686860126597234829e-38
-2.440217382016918468e-38
-2.209766643303375411e-38
-1.994751556034811594e-38
-1.794451121504911895e-38
-1.668751510474507652e-38
-1.491463731549717249e-38
-1.327127620135640839e-38
-1.175137372122145845e-38
-1.034915054874703247e-38
-9.059092402599141543e-39
-7.875937105444914907e-39
-6.794662329344301774e-39
-5.810473987877568839e-39
-4.918795237835841928e-39
-4.115256055621110409e-39
-3.395683355668031253e-39
-2.756091620219704505e-39
-2.192674011670250932e-39
-1.553681673177312705e-39
-1.154140725105188172e-39
-8.192698231169083129e-40
-5.459443197672147197e-40
-3.311779515765453804e-40
-1.721164432554578442e-40
-4.198815497907544749e-41
-2.501190664346866394e-42
8.264627733480759004e-44
8.043104763590739956e-44
7.823539346531633294e-44
7.565028007099525557e-44
7.169617193663149136e-44
6.841884190479383117e-44
6.492902508572624839e-44
6.002398260712116179e-44
5.621090248534727632e-44
5.102159589871163373e-44
4.709704902913564370e-44
4.188334236323957591e-44
3.802638960627271009e-44
3.300737103421042403e-44
2.936851305444976864e-44
2.472770513746851390e-44
2.037331382295704354e-44
1.732246296178207512e-44
1.357359970137109883e-44
1.022236130711864323e-44
7.989420512370738159e-45
5.409300092974544623e-45
3.306421491670759141e-45
1.703170568600890555e-45
6.188598024042489651e-46
1.561960410937137112e-46
7.254792016271135717e-49
6.609774532590329972e-49
6.005652522862647486e-49
5.440589588855268665e-49
4.912831803631284317e-49
4.420703740523619071e-49
3.962604710500244105e-49
3.537005195984249140e-49
3.142443469936434242e-49
2.777522389703430202e-49
2.440906355778095016e-49
2.131318426225418161e-49
1.780486746464481623e-49
1.527328678203832977e-49
1.297421589195690676e-49
1.089708906238912411e-49
8.597431783811139326e-50
6.983383532856826290e-50
5.559992989612754971e-50
4.035556534177079832e-50
3.009684147556459326e-50
2.147343597049731886e-50
1.287835596897533370e-50
7.661412289647372485e-51
3.101028800534286964e-51
9.413355781375002303e-52
-1.286649019176183642e-55
-1.268630187208973409e-55
-1.235903014275361176e-55
-1.193441467750374043e-55
-1.153538191024145250e-55
-1.097486616348553151e-55
-1.035857977849039085e-55
-9.833967244162409067e-56
-9.148627887055286759e-56
-8.440594815448846603e-56
-7.719918232575579061e-56
-6.995819700853675003e-56
-6.276748243114805734e-56
-5.570432734720454815e-56
-5.019328731014305588e-56
-4.353337449694231570e-56
-3.718316114069756636e-56
-3.004754429561298033e-56
-2.456197647664046513e-56
-1.954173569786872236e-56
-1.502574196101890453e-56
-1.104883816375282016e-56
-7.642074765567282148e-57
-4.345064613169036454e-57
-2.284896956136618690e-57
-8.717367043770183438e-58
-1.234177211939121913e-58
4.418982241385753882e-63
4.334346538024120715e-63
4.198462137454224109e-63
4.060740353856765734e-63
3.870965102222807418e-63
3.695939876906021165e-63
3.469844524958826299e-63
3.271087571849214954e-63
3.023756867466895444e-63
2.770409620153008071e-63
2.557235552800721453e-63
2.301770447998690034e-63
2.049488203751833281e-63
1.803112219710773910e-63
1.565122879753829666e-63
1.337774414546428961e-63
1.123110637342878517e-63
9.229796300999777669e-64
7.390474514547279593e-64
5.728109330178717692e-64
4.256096257177429082e-64
2.986369535655295514e-64
1.929506281733337579e-64
1.094823736178009301e-64
4.904700777845926921e-65
8.586837890713033293e-66
6.431660935491271238e-72
5.908282419735683306e-72
5.335955076678390684e-72
4.876774892069769072e-72
4.376008545461543450e-72
3.975430229124650322e-72
3.539985832700592120e-72
3.192898788874263411e-72
2.817077216184597570e-72
2.471173305335317047e-72
2.153748538132480539e-72
1.903296196022072439e-72
1.635172429073850485e-72
1.391778118143626801e-72
1.171917020378374819e-72
9.744483465839447709e-73
7.982840437273704264e-73
6.423862216495078862e-73
5.057647156641196541e-73
3.874747772418686936e-73
2.866148854630606351e-73
2.023246723769120728e-73
1.252307151635420955e-73
7.372954349560220705e-74
3.634059547498821810e-74
9.981676289865066263e-75
4.843343091366121938e-76
0.000000000000000000e+00
0.000000000000000000e+00
0.000000000000000000e+00
0.000000000000000000e+00
0.000000000000000000e+00
0.000000000000000000e+00
0.000000000000000000e+00
0.000000000000000000e+00
0.000000000000000000e+00
0.000000000000000000e+00
0.000000000000000000e+00
0.000000000000000000e+00
0.000000000000000000e+00
0.000000000000000000e+00
0.000000000000000000e+00
0.000000000000000000e+00
0.000000000000000000e+00
0.000000000000000000e+00
0.000000000000000000e+00
0.000000000000000000e+00
0.000000000000000000e+00
0.000000000000000000e+00
0.000000000000000000e+00
0.000000000000000000e+00
0.000000000000000000e+00
0.000000000000000000e+00
0.000000000000000000e+00
0.000000000000000000e+00
0.000000000000000000e+00
0.000000000000000000e+00
0.000000000000000000e+00
0.000000000000000000e+00
0.000000000000000000e+00
0.000000000000000000e+00
0.000000000000000000e+00
0.000000000000000000e+00
0.000000000000000000e+00
0.000000000000000000e+00
0.000000000000000000e+00
0.000000000000000000e+00
0.000000000000000000e+00
0.000000000000000000e+00
0.000000000000000000e+00
0.000000000000000000e+00
0.000000000000000000e+00
0.000000000000000000e+00
0.000000000000000000e+00
0.000000000000000000e+00
0.000000000000000000e+00
0.000000000000000000e+00
0.000000000000000000e+00
0.000000000000000000e+00
0.000000000000000000e+00
0.000000000000000000e+00
0.000000000000000000e+00
0.000000000000000000e+00
0.000000000000000000e+00
0.000000000000000000e+00
0.000000000000000000e+00
0.000000000000000000e+00
0.000000000000000000e+00
0.000000000000000000e+00
0.000000000000000000e+00
0.000000000000000000e+00
0.000000000000000000e+00
0.000000000000000000e+00
0.000000000000000000e+00
0.000000000000000000e+00
0.000000000000000000e+00
0.000000000000000000e+00
0.000000000000000000e+00
0.000000000000000000e+00
0.000000000000000000e+00
0.000000000000000000e+00
0.000000000000000000e+00
0.000000000000000000e+00
0.000000000000000000e+00
0.000000000000000000e+00
0.000000000000000000e+00
0.000000000000000000e+00
0.000000000000000000e+00
0.000000000000000000e+00
0.000000000000000000e+00
0.000000000000000000e+00
0.000000000000000000e+00
0.000000000000000000e+00
0.000000000000000000e+00
0.000000000000000000e+00
0.000000000000000000e+00
0.000000000000000000e+00
0.000000000000000000e+00
0.000000000000000000e+00
0.000000000000000000e+00
0.000000000000000000e+00
0.000000000000000000e+00
0.000000000000000000e+00
0.000000000000000000e+00
0.000000000000000000e+00
0.000000000000000000e+00
0.000000000000000000e+00
0.000000000000000000e+00
0.000000000000000000e+00
0.000000000000000000e+00
0.000000000000000000e+00
0.000000000000000000e+00
0.000000000000000000e+00
0.000000000000000000e+00
0.000000000000000000e+00
0.000000000000000000e+00
0.000000000000000000e+00
0.000000000000000000e+00
0.000000000000000000e+00
0.000000000000000000e+00
0.000000000000000000e+00
0.000000000000000000e+00
0.000000000000000000e+00
0.000000000000000000e+00
0.000000000000000000e+00
0.000000000000000000e+00
0.000000000000000000e+00
0.000000000000000000e+00
0.000000000000000000e+00
0.000000000000000000e+00
0.000000000000000000e+00
0.000000000000000000e+00
0.000000000000000000e+00
0.000000000000000000e+00
0.000000000000000000e+00
0.000000000000000000e+00
0.000000000000000000e+00
0.000000000000000000e+00
0.000000000000000000e+00
0.000000000000000000e+00
0.000000000000000000e+00
0.000000000000000000e+00
0.000000000000000000e+00
0.000000000000000000e+00
0.000000000000000000e+00
0.000000000000000000e+00
0.000000000000000000e+00
0.000000000000000000e+00
0.000000000000000000e+00
0.000000000000000000e+00
0.000000000000000000e+00
0.000000000000000000e+00
0.000000000000000000e+00
0.000000000000000000e+00
0.000000000000000000e+00
0.000000000000000000e+00
0.000000000000000000e+00
0.000000000000000000e+00
0.000000000000000000e+00
0.000000000000000000e+00
0.000000000000000000e+00
0.000000000000000000e+00
0.000000000000000000e+00
0.000000000000000000e+00
0.000000000000000000e+00
0.000000000000000000e+00
0.000000000000000000e+00
0.000000000000000000e+00
0.000000000000000000e+00
0.000000000000000000e+00
0.000000000000000000e+00
0.000000000000000000e+00
0.000000000000000000e+00
0.000000000000000000e+00
0.000000000000000000e+00
0.000000000000000000e+00
0.000000000000000000e+00
0.000000000000000000e+00
0.000000000000000000e+00
0.000000000000000000e+00
0.000000000000000000e+00
0.000000000000000000e+00
0.000000000000000000e+00
0.000000000000000000e+00
0.000000000000000000e+00
0.000000000000000000e+00
0.000000000000000000e+00
0.000000000000000000e+00
0.000000000000000000e+00
0.000000000000000000e+00
0.000000000000000000e+00
0.000000000000000000e+00
0.000000000000000000e+00
0.000000000000000000e+00
0.000000000000000000e+00
0.000000000000000000e+00
0.000000000000000000e+00
0.000000000000000000e+00
0.000000000000000000e+00
0.000000000000000000e+00
0.000000000000000000e+00
0.000000000000000000e+00
0.000000000000000000e+00
0.000000000000000000e+00
0.000000000000000000e+00
0.000000000000000000e+00
0.000000000000000000e+00
0.000000000000000000e+00
0.000000000000000000e+00
0.000000000000000000e+00
0.000000000000000000e+00
0.000000000000000000e+00
0.000000000000000000e+00
0.000000000000000000e+00
0.000000000000000000e+00
0.000000000000000000e+00
0.000000000000000000e+00
0.000000000000000000e+00
0.000000000000000000e+00
0.000000000000000000e+00
0.000000000000000000e+00
0.000000000000000000e+00
0.000000000000000000e+00
0.000000000000000000e+00
0.000000000000000000e+00
0.000000000000000000e+00
0.000000000000000000e+00
0.000000000000000000e+00
0.000000000000000000e+00
0.000000000000000000e+00
0.000000000000000000e+00
0.000000000000000000e+00
0.000000000000000000e+00
0.000000000000000000e+00
0.000000000000000000e+00
0.000000000000000000e+00
0.000000000000000000e+00
0.000000000000000000e+00
0.000000000000000000e+00
0.000000000000000000e+00
0.000000000000000000e+00
0.000000000000000000e+00
0.000000000000000000e+00
0.000000000000000000e+00
0.000000000000000000e+00
0.000000000000000000e+00
0.000000000000000000e+00
0.000000000000000000e+00
0.000000000000000000e+00
0.000000000000000000e+00
0.000000000000000000e+00
0.000000000000000000e+00
0.000000000000000000e+00
0.000000000000000000e+00
0.000000000000000000e+00
0.000000000000000000e+00
0.000000000000000000e+00
0.000000000000000000e+00
0.000000000000000000e+00
0.000000000000000000e+00
0.000000000000000000e+00
0.000000000000000000e+00
0.000000000000000000e+00
0.000000000000000000e+00
0.000000000000000000e+00
0.000000000000000000e+00
0.000000000000000000e+00
0.000000000000000000e+00
0.000000000000000000e+00
0.000000000000000000e+00
0.000000000000000000e+00
0.000000000000000000e+00
0.000000000000000000e+00
0.000000000000000000e+00
0.000000000000000000e+00
0.000000000000000000e+00
0.000000000000000000e+00
0.000000000000000000e+00
0.000000000000000000e+00
0.000000000000000000e+00
0.000000000000000000e+00
0.000000000000000000e+00
0.000000000000000000e+00
0.000000000000000000e+00
0.000000000000000000e+00
0.000000000000000000e+00
0.000000000000000000e+00
0.000000000000000000e+00
0.000000000000000000e+00
0.000000000000000000e+00
0.000000000000000000e+00
0.000000000000000000e+00
0.000000000000000000e+00
0.000000000000000000e+00
0.000000000000000000e+00
0.000000000000000000e+00
0.000000000000000000e+00
0.000000000000000000e+00
0.000000000000000000e+00
0.000000000000000000e+00
0.000000000000000000e+00
0.000000000000000000e+00
0.000000000000000000e+00
0.000000000000000000e+00
0.000000000000000000e+00
0.000000000000000000e+00
0.000000000000000000e+00
0.000000000000000000e+00
0.000000000000000000e+00
0.000000000000000000e+00
0.000000000000000000e+00
0.000000000000000000e+00
0.000000000000000000e+00
0.000000000000000000e+00
0.000000000000000000e+00
0.000000000000000000e+00
0.000000000000000000e+00
0.000000000000000000e+00
0.000000000000000000e+00
0.000000000000000000e+00
0.000000000000000000e+00
0.000000000000000000e+00
0.000000000000000000e+00
0.000000000000000000e+00
0.000000000000000000e+00
0.000000000000000000e+00
0.000000000000000000e+00
0.000000000000000000e+00
0.000000000000000000e+00
0.000000000000000000e+00
0.000000000000000000e+00
0.000000000000000000e+00
0.000000000000000000e+00
0.000000000000000000e+00
0.000000000000000000e+00
0.000000000000000000e+00
0.000000000000000000e+00
0.000000000000000000e+00
0.000000000000000000e+00
0.000000000000000000e+00
0.000000000000000000e+00
0.000000000000000000e+00
0.000000000000000000e+00
0.000000000000000000e+00
0.000000000000000000e+00
0.000000000000000000e+00
0.000000000000000000e+00
0.000000000000000000e+00
0.000000000000000000e+00
0.000000000000000000e+00
0.000000000000000000e+00
0.000000000000000000e+00
0.000000000000000000e+00
0.000000000000000000e+00
0.000000000000000000e+00
0.000000000000000000e+00
0.000000000000000000e+00
0.000000000000000000e+00
0.000000000000000000e+00
0.000000000000000000e+00
0.000000000000000000e+00
0.000000000000000000e+00
0.000000000000000000e+00
0.000000000000000000e+00
0.000000000000000000e+00
0.000000000000000000e+00
0.000000000000000000e+00
0.000000000000000000e+00
0.000000000000000000e+00
0.000000000000000000e+00
0.000000000000000000e+00
0.000000000000000000e+00
0.000000000000000000e+00
0.000000000000000000e+00
0.000000000000000000e+00
0.000000000000000000e+00
0.000000000000000000e+00
0.000000000000000000e+00
0.000000000000000000e+00
0.000000000000000000e+00
0.000000000000000000e+00
0.000000000000000000e+00
0.000000000000000000e+00
0.000000000000000000e+00
0.000000000000000000e+00
0.000000000000000000e+00
0.000000000000000000e+00
0.000000000000000000e+00
0.000000000000000000e+00
0.000000000000000000e+00
0.000000000000000000e+00
0.000000000000000000e+00
0.000000000000000000e+00
0.000000000000000000e+00
0.000000000000000000e+00
0.000000000000000000e+00
0.000000000000000000e+00
0.000000000000000000e+00
0.000000000000000000e+00
0.000000000000000000e+00
0.000000000000000000e+00
0.000000000000000000e+00
0.000000000000000000e+00
0.000000000000000000e+00
0.000000000000000000e+00
0.000000000000000000e+00
0.000000000000000000e+00
0.000000000000000000e+00
0.000000000000000000e+00
0.000000000000000000e+00
0.000000000000000000e+00
0.000000000000000000e+00
0.000000000000000000e+00
0.000000000000000000e+00
0.000000000000000000e+00
0.000000000000000000e+00
0.000000000000000000e+00
0.000000000000000000e+00
0.000000000000000000e+00
0.000000000000000000e+00
0.000000000000000000e+00
0.000000000000000000e+00
0.000000000000000000e+00
0.000000000000000000e+00
0.000000000000000000e+00
0.000000000000000000e+00
0.000000000000000000e+00
0.000000000000000000e+00
0.000000000000000000e+00
0.000000000000000000e+00
0.000000000000000000e+00
0.000000000000000000e+00
0.000000000000000000e+00
0.000000000000000000e+00
0.000000000000000000e+00
0.000000000000000000e+00
0.000000000000000000e+00
0.000000000000000000e+00
0.000000000000000000e+00
0.000000000000000000e+00
0.000000000000000000e+00
0.000000000000000000e+00
0.000000000000000000e+00
0.000000000000000000e+00
0.000000000000000000e+00
0.000000000000000000e+00
0.000000000000000000e+00
0.000000000000000000e+00
0.000000000000000000e+00
0.000000000000000000e+00
0.000000000000000000e+00
0.000000000000000000e+00
0.000000000000000000e+00
0.000000000000000000e+00
0.000000000000000000e+00
0.000000000000000000e+00
0.000000000000000000e+00
0.000000000000000000e+00
0.000000000000000000e+00
0.000000000000000000e+00
0.000000000000000000e+00
0.000000000000000000e+00
0.000000000000000000e+00
0.000000000000000000e+00
0.000000000000000000e+00
0.000000000000000000e+00
0.000000000000000000e+00
0.000000000000000000e+00
0.000000000000000000e+00
0.000000000000000000e+00
0.000000000000000000e+00
0.000000000000000000e+00
0.000000000000000000e+00
0.000000000000000000e+00
0.000000000000000000e+00
0.000000000000000000e+00
0.000000000000000000e+00
0.000000000000000000e+00
0.000000000000000000e+00
0.000000000000000000e+00
0.000000000000000000e+00
0.000000000000000000e+00
0.000000000000000000e+00
0.000000000000000000e+00
0.000000000000000000e+00
0.000000000000000000e+00
0.000000000000000000e+00
0.000000000000000000e+00
0.000000000000000000e+00
0.000000000000000000e+00
0.000000000000000000e+00
0.000000000000000000e+00
0.000000000000000000e+00
0.000000000000000000e+00
0.000000000000000000e+00
0.000000000000000000e+00
0.000000000000000000e+00
0.000000000000000000e+00
0.000000000000000000e+00
0.000000000000000000e+00
0.000000000000000000e+00
0.000000000000000000e+00
0.000000000000000000e+00
0.000000000000000000e+00
0.000000000000000000e+00
0.000000000000000000e+00
0.000000000000000000e+00
0.000000000000000000e+00
0.000000000000000000e+00
0.000000000000000000e+00
0.000000000000000000e+00
0.000000000000000000e+00
0.000000000000000000e+00
0.000000000000000000e+00
0.000000000000000000e+00
0.000000000000000000e+00
0.000000000000000000e+00
0.000000000000000000e+00
0.000000000000000000e+00
0.000000000000000000e+00
0.000000000000000000e+00
0.000000000000000000e+00
0.000000000000000000e+00
nan
