# bin_20_19
-1.818202740011338438e-07
-1.747684779148992422e-07
-1.677298527131243700e-07
-1.593964230602631972e-07
-1.516328043921079318e-07
-1.425849822386937954e-07
-1.348638955976216330e-07
-1.260831592756756599e-07
-1.178528329214945574e-07
-1.100638118829315946e-07
-1.008697292341994340e-07
-9.411949193738442139e-08
-8.543189464053305747e-08
-7.710279364898805720e-08
-6.977445530811475548e-08
-6.408769510404075575e-08
-5.908014307887685904e-08
-5.374761953415610273e-08
-4.798955194124338683e-08
-4.220983750706715811e-08
-3.659368369388832979e-08
-3.124770543147624561e-08
-2.561902861086302069e-08
-1.969074788342638903e-08
-1.406025036068170856e-08
-9.066114722640773867e-09
-4.947354848512100785e-09
-1.415545501142316729e-09
1.953647419844194591e-09
5.423057316231254845e-09
9.145916883703251154e-09
1.301609366038760985e-08
1.680437251700693340e-08
2.044257442670889085e-08
2.388620735367187661e-08
2.710805423724122067e-08
3.009343431619470880e-08
3.300245786408394886e-08
3.586697899259959498e-08
3.853272506113063915e-08
4.089421575325122734e-08
4.288273786059861645e-08
4.445715016832725158e-08
4.559684452748883931e-08
4.622557866056292966e-08
4.643541173519037334e-08
4.642770617060446227e-08
4.635642347956369165e-08
4.633777245011520195e-08
4.645793027488011376e-08
4.677923071692884411e-08
4.734512954533245360e-08
4.811381905579686780e-08
4.898024854859972699e-08
4.989087892777263802e-08
5.080311610381235036e-08
5.168339593948639210e-08
5.250559863963226948e-08
5.324973436566283784e-08
5.390085259577063550e-08
5.444813641213050712e-08
5.492170590113993192e-08
5.535511936408314617e-08
5.574607414353165077e-08
5.609309289478605850e-08
5.639537554302052744e-08
5.665267508321669575e-08
5.686519339713375177e-08
5.703349389406188430e-08
5.715842830550663124e-08
5.724107539797724931e-08
5.728268972867487057e-08
5.730076408556315452e-08
5.730768813371989943e-08
5.729804996512353488e-08
5.726748084886041425e-08
5.721250680681625194e-08
5.713042021014351169e-08
5.701916865761975378e-08
5.687725878630880111e-08
5.670367299621085209e-08
5.649779735294679602e-08
5.625935917353899818e-08
5.598837300640183656e-08
5.568509389304699158e-08
5.536246046570336390e-08
5.503216434321454611e-08
5.469296122775743478e-08
5.434386427775220470e-08
5.398411032327886350e-08
5.361313014786007649e-08
5.323052234629001995e-08
5.283603032928566007e-08
5.242952209886715481e-08
5.201097246463619694e-08
5.158044741144333205e-08
5.113809036411754039e-08
5.068411012566362537e-08
5.021877029220178369e-08
4.974237997143808048e-08
4.925528565205696912e-08
4.876215095416726095e-08
4.826753757325659964e-08
4.777166299165234571e-08
4.727474389258671559e-08
4.677699499059606582e-08
4.627862804735877763e-08
4.577985104974002374e-08
4.528086752958990758e-08
4.478187600728185334e-08
4.428306954312940976e-08
4.378463538271018239e-08
4.328675468379381324e-08
4.278960231403940430e-08
4.229334670992319274e-08
4.179814978849978031e-08
4.130416690460800390e-08
4.081154684702259357e-08
4.032043186783763300e-08
3.983038779062145386e-08
3.934140912506521807e-08
3.885421943412723422e-08
3.836947140523443768e-08
3.788775258936716108e-08
3.740959068016092239e-08
3.693545837130268264e-08
3.646577782713903728e-08
3.600092479836610827e-08
3.554123241190490420e-08
3.508699466155466850e-08
3.463846962373458417e-08
3.419588242054946219e-08
3.375942795052749441e-08
3.332927340566038171e-08
3.290556059181079203e-08
3.248840806812680420e-08
3.207791311980224217e-08
3.167415357733576631e-08
3.127718949435939116e-08
3.088706469511727495e-08
3.050380820177326491e-08
3.012470679686413772e-08
2.974750818200966357e-08
2.937287385844154494e-08
2.900140430031334686e-08
2.863364338958674469e-08
2.827008253763477815e-08
2.791116451633592912e-08
2.755728701969446764e-08
2.720880597542499011e-08
2.686603862446920645e-08
2.652926638506120854e-08
2.619873751671244237e-08
2.587466959834122393e-08
2.555725183371585465e-08
2.524664719640640752e-08
2.494299442554296205e-08
2.464640988284982392e-08
2.435698928066116833e-08
2.407480928991793154e-08
2.379992903649428076e-08
2.353239149359997715e-08
2.327222477744847609e-08
2.301944335286610876e-08
2.277404915504198770e-08
2.253603263317773252e-08
2.230391766467583194e-08
2.207629199334338551e-08
2.185322474835370400e-08
2.163477363528337460e-08
2.142098576667425547e-08
2.121189843865843051e-08
2.100753985714818546e-08
2.061308033620281167e-08
2.042299625092607495e-08
2.023767576909618310e-08
2.005711098996582389e-08
1.988128838899923613e-08
1.971018927123270467e-08
1.954379019498793611e-08
1.938206336782624905e-08
1.907249573260756017e-08
1.892458079532597734e-08
1.878119047294509672e-08
1.864228030427273275e-08
1.850780336134209745e-08
1.837771049454787016e-08
1.825195056132540312e-08
1.801321622564013068e-08
1.790013142123198628e-08
1.779115910434504713e-08
1.768624109076740980e-08
1.748847033284719673e-08
1.739563118725450396e-08
1.730653329545472113e-08
1.722092281839342404e-08
1.713855896583099252e-08
1.698266946466532855e-08
1.690872195770259927e-08
1.683717624614995857e-08
1.670056227648040263e-08
1.663515383498493809e-08
1.657146591127698430e-08
1.650935018571275275e-08
1.638928148868302187e-08
1.633107018609551907e-08
1.627391370805594967e-08
1.616232286150285358e-08
1.610768257438418755e-08
1.605368468982459297e-08
1.594726528892518053e-08
1.589468088109352010e-08
1.579039049902037150e-08
1.573854875450693370e-08
1.568682557674664349e-08
1.558350650560503105e-08
1.553180525362047823e-08
1.542808067877260838e-08
1.537597113251697005e-08
1.528146333576866622e-08
1.524083605356954124e-08
1.520394223817527842e-08
1.513945698550698589e-08
1.511097710399753205e-08
1.505949237113728699e-08
1.503573143012087229e-08
1.499043126969179207e-08
1.496825158769976099e-08
1.492336207678153516e-08
1.490011275816967227e-08
1.485076993469903014e-08
1.479615255547879317e-08
1.476635917315692870e-08
1.470089611256182490e-08
1.466489760903931036e-08
1.458562340596429128e-08
1.449576914316751256e-08
1.444657953567565318e-08
1.433915901782537620e-08
1.428074495270581157e-08
1.415410552153708267e-08
1.401392423897427185e-08
1.393860611436782626e-08
1.377726654339793866e-08
1.360138606374399826e-08
1.350791001725857458e-08
1.331911894800058771e-08
1.313402212397330627e-08
1.295252605739936108e-08
1.286309988693314154e-08
1.268683596451606307e-08
1.251395150423916648e-08
1.234436269025892857e-08
1.226077865599401160e-08
1.209598169431496669e-08
1.193428176683493121e-08
1.177560356880863713e-08
1.161987403662038953e-08
1.154309278126024572e-08
1.139165396360524510e-08
1.124299045021291919e-08
1.109703642348918322e-08
1.095372797755043001e-08
1.081300305280157050e-08
1.067480137307677407e-08
1.053906438523056108e-08
1.040573520107242044e-08
1.027475854154315124e-08
1.014608068303601249e-08
1.001964940577040249e-08
9.895413944130049136e-09
9.773324938881970688e-09
9.648395987756180379e-09
9.516510621761756691e-09
9.378858683190691147e-09
9.236545454317884570e-09
9.090596883313327548e-09
8.941964489086882299e-09
8.791529965536998092e-09
8.640109504298624485e-09
8.488457853807317978e-09
8.337272131309257206e-09
8.187195403343060577e-09
8.038820049193546645e-09
7.820626696297636661e-09
7.678791800873081140e-09
7.540376376681142493e-09
7.405781164666895773e-09
7.275371400926174181e-09
7.088322099651780568e-09
6.969760770136679238e-09
6.856414852271620148e-09
6.748515737351603657e-09
6.597325595113045736e-09
6.503897633755975531e-09
6.416542087769174390e-09
6.297178775298131180e-09
6.225543241798905194e-09
6.159996702916682690e-09
6.068645194395466553e-09
6.011682338468559621e-09
5.931581710564282215e-09
5.881436889130459789e-09
5.833665900315899153e-09
5.766056935587883399e-09
5.723430075044005571e-09
5.662754835072320239e-09
5.624262022856961974e-09
5.569108602783985521e-09
5.533873381973881038e-09
5.483017891116660185e-09
5.434223352204376062e-09
5.402665294507075367e-09
5.356546103972885278e-09
5.326482310682115205e-09
5.282204222129119883e-09
5.238680262658390021e-09
5.209966630820265002e-09
5.167189406151798500e-09
5.124588046150381439e-09
5.096194779371306494e-09
5.053493148145767807e-09
5.010522891462716333e-09
4.967146532297981987e-09
4.937941865172182965e-09
4.895371285728966623e-09
4.855393443799223329e-09
4.817630096177227885e-09
4.781731898600454218e-09
4.758675706608256398e-09
4.725182183781328583e-09
4.692749193587539250e-09
4.661117745284163748e-09
4.630049750256333423e-09
4.599326616136743852e-09
4.568747933427220672e-09
4.538130248355718798e-09
4.507305916147962826e-09
4.476122029304876490e-09
4.444439415858281764e-09
4.412131702930096932e-09
4.379084441246991801e-09
4.345194286565155924e-09
4.298536897239069401e-09
4.262334843977151134e-09
4.225016157444358301e-09
4.186517383571361442e-09
4.146782624375166412e-09
4.105763002309645663e-09
4.048999165791941767e-09
4.004827198643497053e-09
3.958985981474059918e-09
3.894228079272757934e-09
3.843334179385807034e-09
3.790826304450996722e-09
3.718850076777485672e-09
3.663772892008398152e-09
3.608058554267120792e-09
3.533213433314331376e-09
3.476959756237830085e-09
3.402198854436359611e-09
3.346563696501609597e-09
3.273303395341872697e-09
3.219259528825968579e-09
3.148685818388354591e-09
3.097044757654627390e-09
3.030142961626534450e-09
2.965713608317742358e-09
2.919156618675755718e-09
2.859603588605491357e-09
2.803106167700172321e-09
2.762839081516916461e-09
2.712075603463410860e-09
2.664773694561074507e-09
2.621044247958571176e-09
2.580981003073139574e-09
2.553386971334564055e-09
2.519931172049455405e-09
2.490472817153000806e-09
2.464692078609895536e-09
2.442134980072736450e-09
2.422379604940519781e-09
2.405034070860384523e-09
2.389734632334062902e-09
2.376143903000053830e-09
2.363949189747891273e-09
2.352860931363020652e-09
2.342611234903390536e-09
2.332952503474613795e-09
2.321363606416716130e-09
2.312225785332978378e-09
2.302999392802961870e-09
2.293509667645444295e-09
2.281034152656776752e-09
2.270385924432321247e-09
2.259000983260026718e-09
2.243552430707823869e-09
2.230088529799325534e-09
2.215537318632759407e-09
2.195687536985628215e-09
2.178384906534240860e-09
2.154866128919738465e-09
2.134465733168944825e-09
2.106897968074705782e-09
2.083579368202536778e-09
2.053634887678578551e-09
2.022992615372435203e-09
1.998101327423708642e-09
1.966659641872019285e-09
1.935001905977855433e-09
1.909618760219453628e-09
1.877932107757918717e-09
1.846408372692409009e-09
1.815161622864851487e-09
1.784295942902585289e-09
1.753906120916225860e-09
1.724078289492107111e-09
1.700673380532480607e-09
1.672048825572066602e-09
1.644186328324870415e-09
1.611838998839579525e-09
1.585849905760621472e-09
1.560788711168449263e-09
1.536695670157586202e-09
1.513606196510841682e-09
1.491551209235030087e-09
1.466488132095470706e-09
1.446797741004173142e-09
1.428214209293736764e-09
1.410752874511170586e-09
1.391248206800721420e-09
1.375956177214337367e-09
1.358604730522906175e-09
1.344895629139363810e-09
1.329247713223748119e-09
1.316805697848166564e-09
1.302508171201408287e-09
1.291059219833462203e-09
1.277806022531704974e-09
1.265008486791825750e-09
1.254639425774872962e-09
1.242492916714442017e-09
1.230610938091073738e-09
1.218936029315841838e-09
1.207415384796469285e-09
1.196000539145969655e-09
1.184647073199854124e-09
1.173314339426628852e-09
1.161965205417275512e-09
1.150565814232771534e-09
1.139085360475077590e-09
1.127495881026918606e-09
1.115772059479676966e-09
1.103891043337197399e-09
1.091832273146774675e-09
1.077514575757598743e-09
1.064902958601668200e-09
1.047255518851503621e-09
1.018061795273579577e-09
9.866993300490911305e-10
9.438957304175732028e-10
9.027733200882945816e-10
8.506410012712222076e-10
8.031602879655602384e-10
7.453755096259164812e-10
6.858810488191546325e-10
6.255129722970124630e-10
5.736562711357978653e-10
5.136495671880520615e-10
4.547898397057626525e-10
3.976693925573232707e-10
3.428274914768707859e-10
2.907540148403902294e-10
2.418928631029755426e-10
1.966451432115629786e-10
1.553721431539596168e-10
1.183981107371017625e-10
8.601284969927520480e-11
5.494933317425824062e-11
3.322713861984386955e-11
1.680642318777522498e-11
4.750063704946006286e-12
2.361310315357269487e-13
0.000000000000000000e+00
0.000000000000000000e+00
0.000000000000000000e+00
0.000000000000000000e+00
0.000000000000000000e+00
0.000000000000000000e+00
0.000000000000000000e+00
0.000000000000000000e+00
0.000000000000000000e+00
0.000000000000000000e+00
0.000000000000000000e+00
0.000000000000000000e+00
0.000000000000000000e+00
0.000000000000000000e+00
0.000000000000000000e+00
0.000000000000000000e+00
0.000000000000000000e+00
0.000000000000000000e+00
0.000000000000000000e+00
0.000000000000000000e+00
0.000000000000000000e+00
0.000000000000000000e+00
0.000000000000000000e+00
0.000000000000000000e+00
0.000000000000000000e+00
0.000000000000000000e+00
0.000000000000000000e+00
0.000000000000000000e+00
0.000000000000000000e+00
0.000000000000000000e+00
0.000000000000000000e+00
0.000000000000000000e+00
0.000000000000000000e+00
0.000000000000000000e+00
0.000000000000000000e+00
0.000000000000000000e+00
0.000000000000000000e+00
0.000000000000000000e+00
0.000000000000000000e+00
0.000000000000000000e+00
0.000000000000000000e+00
0.000000000000000000e+00
0.000000000000000000e+00
0.000000000000000000e+00
0.000000000000000000e+00
0.000000000000000000e+00
0.000000000000000000e+00
0.000000000000000000e+00
0.000000000000000000e+00
0.000000000000000000e+00
0.000000000000000000e+00
0.000000000000000000e+00
0.000000000000000000e+00
0.000000000000000000e+00
0.000000000000000000e+00
0.000000000000000000e+00
0.000000000000000000e+00
0.000000000000000000e+00
0.000000000000000000e+00
0.000000000000000000e+00
0.000000000000000000e+00
0.000000000000000000e+00
0.000000000000000000e+00
0.000000000000000000e+00
0.000000000000000000e+00
0.000000000000000000e+00
0.000000000000000000e+00
0.000000000000000000e+00
0.000000000000000000e+00
0.000000000000000000e+00
0.000000000000000000e+00
0.000000000000000000e+00
0.000000000000000000e+00
0.000000000000000000e+00
0.000000000000000000e+00
0.000000000000000000e+00
0.000000000000000000e+00
0.000000000000000000e+00
0.000000000000000000e+00
0.000000000000000000e+00
0.000000000000000000e+00
0.000000000000000000e+00
0.000000000000000000e+00
0.000000000000000000e+00
0.000000000000000000e+00
0.000000000000000000e+00
0.000000000000000000e+00
0.000000000000000000e+00
0.000000000000000000e+00
0.000000000000000000e+00
0.000000000000000000e+00
0.000000000000000000e+00
0.000000000000000000e+00
0.000000000000000000e+00
0.000000000000000000e+00
0.000000000000000000e+00
0.000000000000000000e+00
0.000000000000000000e+00
0.000000000000000000e+00
0.000000000000000000e+00
0.000000000000000000e+00
0.000000000000000000e+00
0.000000000000000000e+00
0.000000000000000000e+00
0.000000000000000000e+00
0.000000000000000000e+00
0.000000000000000000e+00
0.000000000000000000e+00
0.000000000000000000e+00
0.000000000000000000e+00
0.000000000000000000e+00
0.000000000000000000e+00
0.000000000000000000e+00
0.000000000000000000e+00
0.000000000000000000e+00
0.000000000000000000e+00
0.000000000000000000e+00
0.000000000000000000e+00
0.000000000000000000e+00
0.000000000000000000e+00
0.000000000000000000e+00
0.000000000000000000e+00
0.000000000000000000e+00
0.000000000000000000e+00
0.000000000000000000e+00
0.000000000000000000e+00
0.000000000000000000e+00
0.000000000000000000e+00
0.000000000000000000e+00
0.000000000000000000e+00
0.000000000000000000e+00
0.000000000000000000e+00
0.000000000000000000e+00
0.000000000000000000e+00
0.000000000000000000e+00
0.000000000000000000e+00
0.000000000000000000e+00
0.000000000000000000e+00
0.000000000000000000e+00
0.000000000000000000e+00
0.000000000000000000e+00
0.000000000000000000e+00
0.000000000000000000e+00
0.000000000000000000e+00
0.000000000000000000e+00
0.000000000000000000e+00
0.000000000000000000e+00
0.000000000000000000e+00
0.000000000000000000e+00
0.000000000000000000e+00
0.000000000000000000e+00
0.000000000000000000e+00
0.000000000000000000e+00
0.000000000000000000e+00
0.000000000000000000e+00
0.000000000000000000e+00
0.000000000000000000e+00
0.000000000000000000e+00
0.000000000000000000e+00
0.000000000000000000e+00
0.000000000000000000e+00
0.000000000000000000e+00
0.000000000000000000e+00
0.000000000000000000e+00
0.000000000000000000e+00
0.000000000000000000e+00
0.000000000000000000e+00
0.000000000000000000e+00
0.000000000000000000e+00
0.000000000000000000e+00
0.000000000000000000e+00
0.000000000000000000e+00
0.000000000000000000e+00
0.000000000000000000e+00
0.000000000000000000e+00
0.000000000000000000e+00
0.000000000000000000e+00
0.000000000000000000e+00
0.000000000000000000e+00
0.000000000000000000e+00
0.000000000000000000e+00
0.000000000000000000e+00
0.000000000000000000e+00
0.000000000000000000e+00
0.000000000000000000e+00
0.000000000000000000e+00
0.000000000000000000e+00
0.000000000000000000e+00
0.000000000000000000e+00
0.000000000000000000e+00
0.000000000000000000e+00
0.000000000000000000e+00
0.000000000000000000e+00
0.000000000000000000e+00
0.000000000000000000e+00
0.000000000000000000e+00
0.000000000000000000e+00
0.000000000000000000e+00
0.000000000000000000e+00
0.000000000000000000e+00
0.000000000000000000e+00
0.000000000000000000e+00
0.000000000000000000e+00
0.000000000000000000e+00
0.000000000000000000e+00
0.000000000000000000e+00
0.000000000000000000e+00
0.000000000000000000e+00
0.000000000000000000e+00
0.000000000000000000e+00
0.000000000000000000e+00
0.000000000000000000e+00
0.000000000000000000e+00
0.000000000000000000e+00
0.000000000000000000e+00
0.000000000000000000e+00
0.000000000000000000e+00
0.000000000000000000e+00
0.000000000000000000e+00
0.000000000000000000e+00
0.000000000000000000e+00
0.000000000000000000e+00
0.000000000000000000e+00
0.000000000000000000e+00
0.000000000000000000e+00
0.000000000000000000e+00
0.000000000000000000e+00
0.000000000000000000e+00
0.000000000000000000e+00
0.000000000000000000e+00
0.000000000000000000e+00
0.000000000000000000e+00
0.000000000000000000e+00
0.000000000000000000e+00
0.000000000000000000e+00
0.000000000000000000e+00
0.000000000000000000e+00
0.000000000000000000e+00
0.000000000000000000e+00
0.000000000000000000e+00
0.000000000000000000e+00
0.000000000000000000e+00
0.000000000000000000e+00
0.000000000000000000e+00
0.000000000000000000e+00
0.000000000000000000e+00
0.000000000000000000e+00
0.000000000000000000e+00
0.000000000000000000e+00
0.000000000000000000e+00
0.000000000000000000e+00
0.000000000000000000e+00
0.000000000000000000e+00
0.000000000000000000e+00
0.000000000000000000e+00
0.000000000000000000e+00
0.000000000000000000e+00
0.000000000000000000e+00
0.000000000000000000e+00
0.000000000000000000e+00
0.000000000000000000e+00
0.000000000000000000e+00
0.000000000000000000e+00
0.000000000000000000e+00
0.000000000000000000e+00
0.000000000000000000e+00
0.000000000000000000e+00
0.000000000000000000e+00
0.000000000000000000e+00
0.000000000000000000e+00
0.000000000000000000e+00
0.000000000000000000e+00
0.000000000000000000e+00
0.000000000000000000e+00
0.000000000000000000e+00
0.000000000000000000e+00
0.000000000000000000e+00
0.000000000000000000e+00
0.000000000000000000e+00
0.000000000000000000e+00
0.000000000000000000e+00
0.000000000000000000e+00
0.000000000000000000e+00
0.000000000000000000e+00
0.000000000000000000e+00
0.000000000000000000e+00
0.000000000000000000e+00
0.000000000000000000e+00
0.000000000000000000e+00
0.000000000000000000e+00
0.000000000000000000e+00
0.000000000000000000e+00
0.000000000000000000e+00
0.000000000000000000e+00
0.000000000000000000e+00
0.000000000000000000e+00
0.000000000000000000e+00
0.000000000000000000e+00
0.000000000000000000e+00
0.000000000000000000e+00
0.000000000000000000e+00
0.000000000000000000e+00
0.000000000000000000e+00
0.000000000000000000e+00
0.000000000000000000e+00
0.000000000000000000e+00
0.000000000000000000e+00
0.000000000000000000e+00
0.000000000000000000e+00
0.000000000000000000e+00
0.000000000000000000e+00
0.000000000000000000e+00
0.000000000000000000e+00
0.000000000000000000e+00
0.000000000000000000e+00
0.000000000000000000e+00
0.000000000000000000e+00
0.000000000000000000e+00
0.000000000000000000e+00
0.000000000000000000e+00
0.000000000000000000e+00
0.000000000000000000e+00
0.000000000000000000e+00
0.000000000000000000e+00
0.000000000000000000e+00
0.000000000000000000e+00
0.000000000000000000e+00
0.000000000000000000e+00
0.000000000000000000e+00
0.000000000000000000e+00
0.000000000000000000e+00
0.000000000000000000e+00
0.000000000000000000e+00
0.000000000000000000e+00
0.000000000000000000e+00
0.000000000000000000e+00
0.000000000000000000e+00
0.000000000000000000e+00
0.000000000000000000e+00
0.000000000000000000e+00
0.000000000000000000e+00
0.000000000000000000e+00
0.000000000000000000e+00
0.000000000000000000e+00
0.000000000000000000e+00
0.000000000000000000e+00
0.000000000000000000e+00
0.000000000000000000e+00
0.000000000000000000e+00
0.000000000000000000e+00
0.000000000000000000e+00
0.000000000000000000e+00
0.000000000000000000e+00
0.000000000000000000e+00
0.000000000000000000e+00
0.000000000000000000e+00
0.000000000000000000e+00
0.000000000000000000e+00
0.000000000000000000e+00
0.000000000000000000e+00
0.000000000000000000e+00
0.000000000000000000e+00
0.000000000000000000e+00
0.000000000000000000e+00
0.000000000000000000e+00
0.000000000000000000e+00
0.000000000000000000e+00
0.000000000000000000e+00
0.000000000000000000e+00
0.000000000000000000e+00
0.000000000000000000e+00
0.000000000000000000e+00
0.000000000000000000e+00
0.000000000000000000e+00
0.000000000000000000e+00
0.000000000000000000e+00
0.000000000000000000e+00
0.000000000000000000e+00
0.000000000000000000e+00
0.000000000000000000e+00
0.000000000000000000e+00
0.000000000000000000e+00
0.000000000000000000e+00
0.000000000000000000e+00
0.000000000000000000e+00
0.000000000000000000e+00
0.000000000000000000e+00
0.000000000000000000e+00
0.000000000000000000e+00
0.000000000000000000e+00
0.000000000000000000e+00
0.000000000000000000e+00
0.000000000000000000e+00
0.000000000000000000e+00
0.000000000000000000e+00
0.000000000000000000e+00
0.000000000000000000e+00
0.000000000000000000e+00
0.000000000000000000e+00
0.000000000000000000e+00
0.000000000000000000e+00
0.000000000000000000e+00
0.000000000000000000e+00
0.000000000000000000e+00
0.000000000000000000e+00
0.000000000000000000e+00
0.000000000000000000e+00
0.000000000000000000e+00
0.000000000000000000e+00
0.000000000000000000e+00
0.000000000000000000e+00
0.000000000000000000e+00
0.000000000000000000e+00
0.000000000000000000e+00
0.000000000000000000e+00
0.000000000000000000e+00
0.000000000000000000e+00
0.000000000000000000e+00
0.000000000000000000e+00
0.000000000000000000e+00
0.000000000000000000e+00
0.000000000000000000e+00
0.000000000000000000e+00
0.000000000000000000e+00
0.000000000000000000e+00
0.000000000000000000e+00
0.000000000000000000e+00
0.000000000000000000e+00
0.000000000000000000e+00
0.000000000000000000e+00
0.000000000000000000e+00
0.000000000000000000e+00
0.000000000000000000e+00
0.000000000000000000e+00
0.000000000000000000e+00
0.000000000000000000e+00
0.000000000000000000e+00
0.000000000000000000e+00
0.000000000000000000e+00
0.000000000000000000e+00
0.000000000000000000e+00
0.000000000000000000e+00
0.000000000000000000e+00
0.000000000000000000e+00
0.000000000000000000e+00
0.000000000000000000e+00
0.000000000000000000e+00
0.000000000000000000e+00
0.000000000000000000e+00
0.000000000000000000e+00
0.000000000000000000e+00
0.000000000000000000e+00
0.000000000000000000e+00
0.000000000000000000e+00
0.000000000000000000e+00
0.000000000000000000e+00
0.000000000000000000e+00
0.000000000000000000e+00
0.000000000000000000e+00
0.000000000000000000e+00
0.000000000000000000e+00
0.000000000000000000e+00
0.000000000000000000e+00
0.000000000000000000e+00
0.000000000000000000e+00
0.000000000000000000e+00
0.000000000000000000e+00
0.000000000000000000e+00
0.000000000000000000e+00
0.000000000000000000e+00
0.000000000000000000e+00
0.000000000000000000e+00
0.000000000000000000e+00
0.000000000000000000e+00
0.000000000000000000e+00
0.000000000000000000e+00
0.000000000000000000e+00
0.000000000000000000e+00
0.000000000000000000e+00
0.000000000000000000e+00
0.000000000000000000e+00
0.000000000000000000e+00
0.000000000000000000e+00
0.000000000000000000e+00
0.000000000000000000e+00
0.000000000000000000e+00
0.000000000000000000e+00
0.000000000000000000e+00
0.000000000000000000e+00
0.000000000000000000e+00
0.000000000000000000e+00
0.000000000000000000e+00
0.000000000000000000e+00
0.000000000000000000e+00
0.000000000000000000e+00
0.000000000000000000e+00
0.000000000000000000e+00
0.000000000000000000e+00
0.000000000000000000e+00
0.000000000000000000e+00
0.000000000000000000e+00
0.000000000000000000e+00
0.000000000000000000e+00
0.000000000000000000e+00
0.000000000000000000e+00
0.000000000000000000e+00
0.000000000000000000e+00
0.000000000000000000e+00
0.000000000000000000e+00
0.000000000000000000e+00
0.000000000000000000e+00
0.000000000000000000e+00
0.000000000000000000e+00
0.000000000000000000e+00
0.000000000000000000e+00
0.000000000000000000e+00
nan
