# bin_3_2
0.000000000000000000e+00
0.000000000000000000e+00
4.109185226901397174e-06
4.161154729410895329e-06
4.139719261008458292e-06
4.215029458825033183e-06
4.111442046294519694e-06
4.136662626572780072e-06
4.039387722333895263e-06
3.988382854061592490e-06
3.949896043993056575e-06
3.854708777203067350e-06
3.817437174901389204e-06
3.743836827515546944e-06
3.656693541558113652e-06
3.654593734496853065e-06
3.559329102019402416e-06
3.513224781089844031e-06
3.453867010234913633e-06
3.345281473155903189e-06
3.316181179306897958e-06
3.206160659756022241e-06
3.171653078346757815e-06
3.131007973912444414e-06
3.023741695018686927e-06
2.999095820014811522e-06
2.899937923870122637e-06
2.816158144792879620e-06
2.772401702035257697e-06
2.678057458079056845e-06
2.618836166664482027e-06
2.563583735518909622e-06
2.482203255288287009e-06
2.430157273387237157e-06
2.358936522330791891e-06
2.275729104953342559e-06
2.228773209506710633e-06
2.138033523602472787e-06
2.093665601476544982e-06
2.054192899099547051e-06
1.979786368829729522e-06
1.972260258524329689e-06
1.898709988452612845e-06
1.860629617164350219e-06
1.827713033473240739e-06
1.747143087069378868e-06
1.740176982552253007e-06
1.663650595116593118e-06
1.629421146336942364e-06
1.603809156245170267e-06
1.534181272811401553e-06
1.529154737929582379e-06
1.463248179348466167e-06
1.437048107321075127e-06
1.409350634894669313e-06
1.360590161207123628e-06
1.356926074544102851e-06
1.307277249736916669e-06
1.298763404377373484e-06
1.266881672218046506e-06
1.239878743115560125e-06
1.231506105425654808e-06
1.185976796944032468e-06
1.188696831309110899e-06
1.144500378135307696e-06
1.125295483421007427e-06
1.115188014424107138e-06
1.072101522915097643e-06
1.076976109080687584e-06
1.039628782712837281e-06
1.029352028004943166e-06
1.012310271509573877e-06
9.862936973052434533e-07
9.863993106816250185e-07
9.531016256628970867e-07
9.577229626792456997e-07
9.301833067275271965e-07
9.198119612174504525e-07
9.133750111563789033e-07
8.757688949068790786e-07
8.885637681070686907e-07
8.545143555551597024e-07
8.542229617004514369e-07
8.482358815716847885e-07
8.220962742191317311e-07
8.366312256658223628e-07
7.977924844760925068e-07
8.070061480133770071e-07
7.949499450540333107e-07
7.713178134254484054e-07
7.855767529710524353e-07
7.531144617596948320e-07
7.585255541896081886e-07
7.419194538527313514e-07
7.294163737116737485e-07
7.276414598635426464e-07
7.030266432396580873e-07
7.102388758870361771e-07
6.849058088619624294e-07
6.851495931219888613e-07
6.788030077975320962e-07
6.597000497447594135e-07
6.653172750287640671e-07
6.387406218917298074e-07
6.388207908613515686e-07
6.246138737547027029e-07
6.109515302800111916e-07
6.090307790001111350e-07
5.881502749228233084e-07
5.890373838985874706e-07
5.718029767170605795e-07
5.680333228977624570e-07
5.647117911456772435e-07
5.561560653383000273e-07
5.603609004160056261e-07
5.481696346979674969e-07
5.519247151599843396e-07
5.420209611339035981e-07
5.353976773089437603e-07
5.342932907730566086e-07
5.219187071377032305e-07
5.225637001852510987e-07
5.139314736159854342e-07
5.141976061490728057e-07
5.063212213493398188e-07
5.003478578064521932e-07
4.980794226726811064e-07
4.842171713953742133e-07
4.874577911637854466e-07
4.759242351561761989e-07
4.727511016677032791e-07
4.699196531416140360e-07
4.567445505743922455e-07
4.611589523386352407e-07
4.504332960842992427e-07
4.489646667408554117e-07
4.480734947198056705e-07
4.380021489332808473e-07
4.376326468835032197e-07
4.281488043807557970e-07
4.250710911470256704e-07
4.240155763341323164e-07
4.211695087921768378e-07
4.222744550574136362e-07
4.196864436229072708e-07
4.177526674752872118e-07
4.155505405882009988e-07
4.122553196218152250e-07
4.102522926894007646e-07
4.104266053360494920e-07
4.089591200407782453e-07
4.096459830115980040e-07
4.098427274117400835e-07
4.101413361033232173e-07
4.093021134306136379e-07
4.050901648388112706e-07
4.046576857122987433e-07
3.987230482265610426e-07
3.967636272240800668e-07
3.934353092038690627e-07
3.889011215408997139e-07
3.872207706208404581e-07
3.798460067688935961e-07
3.815959530083550398e-07
3.739936352498739053e-07
3.748925566632161020e-07
3.759517181233979963e-07
3.658463372765976666e-07
3.731603294557009363e-07
3.622834291555625076e-07
3.633296900684009797e-07
3.638021364254074030e-07
3.530121777760246053e-07
3.617667435943738521e-07
3.493201797077531175e-07
3.527708312741731287e-07
3.525359216920701546e-07
3.463888315569986105e-07
3.551705005935383636e-07
3.431721144193196510e-07
3.498457815677549294e-07
3.427660552491968032e-07
3.375393274488943062e-07
3.441006806679919363e-07
3.305797582605764597e-07
3.388030310708534852e-07
3.318468611125770237e-07
3.282375991213518216e-07
3.304273131786376822e-07
3.205479807430986426e-07
3.254295487724960840e-07
3.171223312878157690e-07
3.187650876719413445e-07
3.173369446432779939e-07
3.128875815682576269e-07
3.172856374003992569e-07
3.099820433037506469e-07
3.134305556787109534e-07
3.066840809736041483e-07
3.025567252774867319e-07
2.997641912651962101e-07
2.900735904237101288e-07
2.917581437588888991e-07
2.840645052195152063e-07
2.839821536588502915e-07
2.811836173440953546e-07
2.780531405807387986e-07
2.776062356939800857e-07
2.695440616731936005e-07
2.718197758463507541e-07
2.640529746499668414e-07
2.645491076228942781e-07
2.631163807830058728e-07
2.557729549464646514e-07
2.602868825775997892e-07
2.498383209791943462e-07
2.528208497137505852e-07
2.514632467166552261e-07
2.457568441351872374e-07
2.525389300370912484e-07
2.426904711503274098e-07
2.462028208429475286e-07
2.436026075595614179e-07
2.379449610341940798e-07
2.442220823724066456e-07
2.354379056612470367e-07
2.379590608627867801e-07
2.342624654037276693e-07
2.289242849208216304e-07
2.322455653597398004e-07
2.240261163816334152e-07
2.272389985392291484e-07
2.234120080145854225e-07
2.193350658520320257e-07
2.236393873572135231e-07
2.172869753362579922e-07
2.198457819287980386e-07
2.178144914968761461e-07
2.143207031221387481e-07
2.150539529071816560e-07
2.085700020474342436e-07
2.084669039480512368e-07
2.045254901791170718e-07
2.011767044771236143e-07
2.008776836514949898e-07
1.977221343228720304e-07
1.993720654967672917e-07
1.985109873675032725e-07
1.999987268035223223e-07
2.000685505742044805e-07
1.994851150817263010e-07
2.011967101208596953e-07
1.980840873340622638e-07
2.004392678555843816e-07
1.985247386064281449e-07
1.963092577867398123e-07
1.986103937217074869e-07
1.936825460330642972e-07
1.948070718802417720e-07
1.932832887480877830e-07
1.891975296989341696e-07
1.904619080158140379e-07
1.863790831925213386e-07
1.878749714042300699e-07
1.886829490281411839e-07
1.878659361897280768e-07
1.916642338037421121e-07
1.880619928072813776e-07
1.893066206987857308e-07
1.889860049183196738e-07
1.844527013184262519e-07
1.877539517655682392e-07
1.844551092125562921e-07
1.855514411449660923e-07
1.881277859268559986e-07
1.857165294418668138e-07
1.896690864468973327e-07
1.862986291881070887e-07
1.868249486986992971e-07
1.872846015272926816e-07
1.835484788305170327e-07
1.884320226476107162e-07
1.845426383574262487e-07
1.857326763656084596e-07
1.879510032128581332e-07
1.834542537059528211e-07
1.867115967034748667e-07
1.830020226966260614e-07
1.830779787705928225e-07
1.837653486780088691e-07
1.806145551124159695e-07
1.828194854774876956e-07
1.786579762741393047e-07
1.787115331332751211e-07
1.767176166214129017e-07
1.731308224226062637e-07
1.749170362775228034e-07
1.712722707214536954e-07
1.737070133522137190e-07
1.745907409391069255e-07
1.737091828270563988e-07
1.773973697368679203e-07
1.755977295930908068e-07
1.766887948057573447e-07
1.768018935402775363e-07
1.748073543441005424e-07
1.765316023543927032e-07
1.752184199643594370e-07
1.748017059662992835e-07
1.748202701464538492e-07
1.715344374844802965e-07
1.714234634062778158e-07
1.714707441327634529e-07
1.699208178064857195e-07
1.727657543017441925e-07
1.735849163724330170e-07
1.727175505195338329e-07
1.735080144083227329e-07
1.716834428852126180e-07
1.702710650635447300e-07
1.697878529643992392e-07
1.702251368520268361e-07
1.694000303281030539e-07
1.700986226084539402e-07
1.711886653840760927e-07
1.685807937782896155e-07
1.704863173816905365e-07
1.696526054603582382e-07
1.694534479073826507e-07
1.704654099506547091e-07
1.685995467599873237e-07
1.722509108785129427e-07
1.692623739248567466e-07
1.708576719757325144e-07
1.730511857633843293e-07
1.682591262942708977e-07
1.728812061301672100e-07
1.696431632465793789e-07
1.692409885484558808e-07
1.713057588784410690e-07
1.671402812188974143e-07
1.697999645221026650e-07
1.662738901359648504e-07
1.653713611406371335e-07
1.636766684683148060e-07
1.601984219043668155e-07
1.609798488374432446e-07
1.577157263046941818e-07
1.599641019800963288e-07
1.578117887257901955e-07
1.592529165539143799e-07
1.607543409990984700e-07
1.562407509040519187e-07
1.608851400968355653e-07
1.569128899924047035e-07
1.566411511370915923e-07
1.596643765163858876e-07
1.560870908208007560e-07
1.581880187430962599e-07
1.573433472295568835e-07
1.565883675773972207e-07
1.550866902146967577e-07
1.547487879053021699e-07
1.524987222562856391e-07
1.502500995312777527e-07
1.509788896842828846e-07
1.461111957746515697e-07
1.487031812459191282e-07
1.468730866591624576e-07
1.461718094936373175e-07
1.486935861888339270e-07
1.437313398115450897e-07
1.465833441383510663e-07
1.426560133462727048e-07
1.418775349149972814e-07
1.415521759656990028e-07
1.375051792305370634e-07
1.405277469937782600e-07
1.344605400426564744e-07
1.365072653123410976e-07
1.343805771088124910e-07
1.321178879948515315e-07
1.372454110133207754e-07
1.308995630369746199e-07
1.359828666652046703e-07
1.343628033881116316e-07
1.316215468899562424e-07
1.353636746588918442e-07
1.304839828635763278e-07
1.341690693255593639e-07
1.316334948095567853e-07
1.320981974040099362e-07
1.336420050855703833e-07
1.295639471257425449e-07
1.330487749141820564e-07
1.295002865665107693e-07
1.293484101167089967e-07
1.286911260199952760e-07
1.268011431565582255e-07
1.269746146738807382e-07
1.231690491663426083e-07
1.256704926683111107e-07
1.226177682888255018e-07
1.228990061438697003e-07
1.249716430816424528e-07
1.222300289031091479e-07
1.252606896748510106e-07
1.230658535492802673e-07
1.235387643124702652e-07
1.234563869731345417e-07
1.222830641839584081e-07
1.240359750819209520e-07
1.212747047814790200e-07
1.232227990873523404e-07
1.217712844224066323e-07
1.211263626843693870e-07
1.220645901699765068e-07
1.196324620242785092e-07
1.215195560763114445e-07
1.188065592944579030e-07
1.203115317097387979e-07
1.208689712887408486e-07
1.190813348059538610e-07
1.231763136705294537e-07
1.190892862823473359e-07
1.200289214769429977e-07
1.210161740582249644e-07
1.178916771905455547e-07
1.219124958344911511e-07
1.203979438694929743e-07
1.209385795530657193e-07
1.210015313106506105e-07
1.176738813903897468e-07
1.182472999679941616e-07
1.159518393181675217e-07
1.162888989340010531e-07
1.159981557621794206e-07
1.151973545617330165e-07
1.155716439776520447e-07
1.135480789536763777e-07
1.150534020715982859e-07
1.139239701460077066e-07
1.138818892113519865e-07
1.153951139877591284e-07
1.127030336122576099e-07
1.141435014562711014e-07
1.133978716804816423e-07
1.115070204638340378e-07
1.131102874619659665e-07
1.105590113015004158e-07
1.099712224726598798e-07
1.093363286024124451e-07
1.057729501883129546e-07
1.066830365324994927e-07
1.046007421653270027e-07
1.031424810210469514e-07
1.048970464247460984e-07
1.025016776153700647e-07
1.036927632030196507e-07
1.026267278998682804e-07
1.003315445599479132e-07
1.012003537604118008e-07
9.772672785030466614e-08
9.876571367262398332e-08
9.888513447553739723e-08
9.729206727164607359e-08
9.945782903819138354e-08
9.771849490860396466e-08
9.764973499233958868e-08
9.734558688723735023e-08
9.561378834423164568e-08
9.534260946902766631e-08
9.485530014121020039e-08
9.508404457034964207e-08
9.504539336583100002e-08
9.598419285513341721e-08
9.505385462929395486e-08
9.512065448379288410e-08
9.481883138972552948e-08
9.327957709553427820e-08
9.491354005060389004e-08
9.382869466446146836e-08
9.471376540661623882e-08
9.545383051304885642e-08
9.420952762736122504e-08
9.541300270717236530e-08
9.446233524194912480e-08
9.458010211158571500e-08
9.423038740431020504e-08
9.441353556385716215e-08
9.501849094084479912e-08
9.425717348129763391e-08
9.554616175936191619e-08
9.503508570616887429e-08
9.561554465327970690e-08
9.485284797864541292e-08
9.376366635990376770e-08
9.464914573260651129e-08
9.200527269612047815e-08
9.318820962652868912e-08
9.323320800255918954e-08
9.122984125179016130e-08
9.341089404628151075e-08
9.199923178688200727e-08
9.168817286164062146e-08
9.229941296129436705e-08
9.060607749037598590e-08
9.106825650901519265e-08
9.041178548074456412e-08
9.069636124849709272e-08
9.060124669370619052e-08
9.028742502077210618e-08
9.152429187716565760e-08
8.924452216237808467e-08
8.958586506064748518e-08
8.905295075161717460e-08
8.756353682395485974e-08
8.938767454638552588e-08
8.710496961335433635e-08
8.839461991631050086e-08
8.855480254575494578e-08
8.698924619258546533e-08
8.906950537813694210e-08
8.652662814580694628e-08
8.702424116583205712e-08
8.605288330167121640e-08
8.499772141447235700e-08
8.624514421663986828e-08
8.471972954251499740e-08
8.801886875446687051e-08
8.670654446978617480e-08
8.729009781889122116e-08
8.897829529848017233e-08
8.607970804834437909e-08
8.839392513160386291e-08
8.600030225046191126e-08
8.651156426150009511e-08
8.756319174796154446e-08
8.552235075102791906e-08
8.742105190205125648e-08
8.534979516280791571e-08
8.599157849622495909e-08
8.462647920828621903e-08
8.333663054048569671e-08
8.355566639520658440e-08
8.106696331529064253e-08
8.321197345092496319e-08
8.062653583093039294e-08
8.145385585497614374e-08
8.249198970269581483e-08
7.975094784983877389e-08
8.348911518461150017e-08
8.209197008134236248e-08
8.369595198418975458e-08
8.579618457205906848e-08
8.464745078446518577e-08
8.692149634134251246e-08
8.442624910005978472e-08
8.481546748701578952e-08
8.471380838667714968e-08
8.352347859171866135e-08
8.472312273052086829e-08
8.345779062415561416e-08
8.419446886613994228e-08
8.240477749341260087e-08
8.271951966345404515e-08
8.340553440794957265e-08
8.222224609864847360e-08
8.462003915953043201e-08
8.337103339492409546e-08
8.483263705185156799e-08
8.461837550593072220e-08
8.311632180010648919e-08
8.549802151324230225e-08
8.263942844881720927e-08
8.449439846478263825e-08
8.414541300166009793e-08
8.164021750700697748e-08
8.392426863709193726e-08
8.035024886087903865e-08
8.082152469742323948e-08
8.049388827655024537e-08
7.965219416265244777e-08
8.221528421249823577e-08
8.052309345589815178e-08
8.320927547230163316e-08
8.238255101765427400e-08
8.251394121190000030e-08
8.458218883708657320e-08
8.195402100717773462e-08
8.467765231083535692e-08
8.268245712772556942e-08
8.266067137247031017e-08
8.342502876635386957e-08
7.988105196836974077e-08
8.193769452147389239e-08
7.870766164636568729e-08
7.806678236167046573e-08
7.818203254719626917e-08
7.557773218904491347e-08
7.700082706725896571e-08
7.544030851876090624e-08
7.612630411013185295e-08
7.517559927114869193e-08
7.645117633810617505e-08
7.734656378692091225e-08
7.538471798564850156e-08
7.846699659154305699e-08
7.553020325947039560e-08
7.669526153217587844e-08
7.653104076758599328e-08
7.404187093836962214e-08
7.683909836445781822e-08
7.279893133928431792e-08
7.403434837656483334e-08
7.181741064709192398e-08
6.960617052547448063e-08
7.134150526908199443e-08
6.751388022835374940e-08
7.113458425585554740e-08
6.894584501186709801e-08
7.017850671217013882e-08
7.242125189844140943e-08
6.853129361794653139e-08
7.336893716566144304e-08
6.995656583087324540e-08
7.122502884750028430e-08
7.268577708469138818e-08
6.938444698243758049e-08
7.339872126052195145e-08
6.984635787310793029e-08
7.163620044506002005e-08
7.075114071652025886e-08
6.876688857329065286e-08
7.185763567932637287e-08
6.779702952885678066e-08
7.093496188279194897e-08
6.945690892556785189e-08
6.868069850681522334e-08
7.051386791922367203e-08
6.684116610340420998e-08
7.053088207791139429e-08
6.826994487487864971e-08
6.889508295019178180e-08
7.043976710694095621e-08
6.698690940246136902e-08
6.933045562130271227e-08
6.650746680602298441e-08
6.705438095768436986e-08
6.695150247374139446e-08
6.525678215759295802e-08
6.723841385436208405e-08
6.398185812765819947e-08
6.578477109967311272e-08
6.531348881023240374e-08
6.359892691721101213e-08
6.546337467870459308e-08
6.244352682523991544e-08
6.323161211120501219e-08
6.268478656795816962e-08
6.133860919837079040e-08
6.292336545453779892e-08
6.144415165014054496e-08
6.206226091230132938e-08
6.215878584228075681e-08
6.125662061391925142e-08
6.196357090116318341e-08
6.146238411850663401e-08
6.147294430051014319e-08
6.152380246961429489e-08
6.076443802707019495e-08
6.022880105763092625e-08
5.940374410897552498e-08
5.917978068240520574e-08
5.975314232295877821e-08
5.976060513127541417e-08
6.127464167864419277e-08
6.235543244047704801e-08
6.220382454207222342e-08
6.350823784267041135e-08
6.315416249538585893e-08
6.470511977794440474e-08
6.651493740960853026e-08
6.674861251563386734e-08
6.928364992673679958e-08
6.783459336994943927e-08
6.831541793836926817e-08
6.906826783368721116e-08
6.601392713916507597e-08
6.803890334402535330e-08
6.652344036371057499e-08
6.482293655373611969e-08
6.560113102968501575e-08
6.267662791590378955e-08
6.264641411702183374e-08
6.167210405617868401e-08
6.104229742174459020e-08
6.115314731302467413e-08
6.047616684065728890e-08
6.112093718174177635e-08
5.904575194348382282e-08
5.937325467345006839e-08
5.800734524955712710e-08
5.609144120371591120e-08
5.745043052851029009e-08
5.529603147765831098e-08
5.610107035904965268e-08
5.578982832717340770e-08
5.441570307796413878e-08
5.597061947475386688e-08
5.446832774988122300e-08
5.569328317897458299e-08
5.674841363115126369e-08
5.698459750592240090e-08
5.919689531857580840e-08
5.924561150195787712e-08
6.030194690053869066e-08
6.087832759200324413e-08
6.093658817326262688e-08
6.129850810193888047e-08
6.109571086470332524e-08
6.117343549591430293e-08
6.019280257863300662e-08
6.025726674031062767e-08
5.923925601948334016e-08
5.804967214793396841e-08
5.819695908833695202e-08
5.667494899747722806e-08
5.669630988234468822e-08
5.626080995540253972e-08
5.529621498287874437e-08
5.541419094146744297e-08
5.399998935832642276e-08
5.381934380900318015e-08
5.350683460478747737e-08
5.302114285035237115e-08
5.384406585081800643e-08
5.344433799705430449e-08
5.335610135756073174e-08
5.371019944274139822e-08
5.289267060064651123e-08
5.207808204362079839e-08
5.238582199985888254e-08
5.122176925900204488e-08
5.138827060219083107e-08
5.295695595767585626e-08
5.145252904218966849e-08
5.335880880736841917e-08
5.329857244113297444e-08
5.180451011503350869e-08
5.377389793825774639e-08
5.054848352018993424e-08
5.143279873879825984e-08
5.161709788162585163e-08
4.911642347519039394e-08
5.165220217236378968e-08
4.885565092510335706e-08
4.952423802122469721e-08
4.943176410455801145e-08
4.717909322060550422e-08
5.005732564590417044e-08
4.816940410569630072e-08
5.008794162123057592e-08
5.005833123608876219e-08
4.894290990233943848e-08
5.106615315122921073e-08
4.810575211605193890e-08
5.105345916293791599e-08
5.018450786016145574e-08
4.979706170455196231e-08
5.322502753515430483e-08
4.968995463873202975e-08
5.341597603343907964e-08
5.307292803348755185e-08
5.178971660725068295e-08
5.553238395353218334e-08
5.211503272317013890e-08
5.374684442757985084e-08
5.279724218296050356e-08
5.101731231431385571e-08
5.274321282770102094e-08
4.919103217885238705e-08
5.136815310938997693e-08
5.055400604679688869e-08
4.930886992531502710e-08
5.263602271924891762e-08
5.006511578961890895e-08
5.239334143875719457e-08
5.262678215611314388e-08
5.143326898455294248e-08
5.499996728455279976e-08
5.278994024487423955e-08
5.474647320235140115e-08
5.542550804097696398e-08
5.400784617554378006e-08
5.672274689076056278e-08
5.376854509938256807e-08
5.539733158565060956e-08
5.565791941588168109e-08
5.376662395195677452e-08
5.755022726893874314e-08
5.518430919176036688e-08
5.688697517919770179e-08
5.816438284999473683e-08
5.606930921389911911e-08
5.886898132115269398e-08
5.620999984993896650e-08
5.679085263049630104e-08
5.657696125629569418e-08
5.335033048325318495e-08
5.537518478342250367e-08
5.326321803328899228e-08
5.417915049977200416e-08
5.520115839935333333e-08
5.433059682924075767e-08
5.673513137984112243e-08
5.540955161041450884e-08
5.733710267072542679e-08
5.746460378655400857e-08
5.618651388020809682e-08
5.828569268443445562e-08
5.528127988688875588e-08
5.602138763188645635e-08
5.598134803903735491e-08
5.381044643173516151e-08
5.562410892786381613e-08
5.276720402634920724e-08
5.187024997435395419e-08
5.121332558422750665e-08
4.876187006064351087e-08
4.940311881388884611e-08
4.814843898663250295e-08
4.853135513220697063e-08
4.834542050649569433e-08
4.790985592879693869e-08
4.842985296304485283e-08
4.747606899968242873e-08
4.876717457843848046e-08
4.789508598873987555e-08
4.810635435408957803e-08
4.911875759382296604e-08
4.828412864998659927e-08
4.942182379268253285e-08
4.877195342435248504e-08
4.902742217666374447e-08
4.906441608867896503e-08
4.923182207310639780e-08
4.940536742090117921e-08
4.859662443441930396e-08
4.999879875257378351e-08
4.810170914810983138e-08
4.923884711065745882e-08
4.958501196790257403e-08
4.826875299230183137e-08
5.090241008951123220e-08
4.808015765468198705e-08
4.922165718588725870e-08
4.890303384922599346e-08
4.660310258268333131e-08
4.908463573292811182e-08
4.620464071701124600e-08
4.758908842937233509e-08
4.704058615286081780e-08
4.565702894444507681e-08
4.777722431496909245e-08
4.507322036955620001e-08
4.705702940658596096e-08
4.607843779222957915e-08
4.493040721202546250e-08
4.607551987286864062e-08
4.384008399765493746e-08
4.491928001140013372e-08
4.395664462034447772e-08
4.490864307002621620e-08
4.435556886932304100e-08
4.355987540351241165e-08
4.565474168718244556e-08
4.278403990426185849e-08
4.508176832013300391e-08
4.562504971221904340e-08
4.453053058717740624e-08
4.684544053650444333e-08
4.496904904738015401e-08
4.598554219081312892e-08
4.577939002988345581e-08
4.550373265722205768e-08
4.716509986951809952e-08
4.618127675044555896e-08
4.721966013943225681e-08
4.710552234961185462e-08
4.666743838674143071e-08
4.708015114746140892e-08
4.678827271031236910e-08
4.684065234968979391e-08
4.708812613921137860e-08
4.786810648827963630e-08
4.822682419518573525e-08
4.913199152098603049e-08
4.929467832385059562e-08
4.998031314435337854e-08
5.038527701352500833e-08
5.005332854787022460e-08
5.133440763056525589e-08
5.028520762451697488e-08
5.070033889521541648e-08
5.134839359080210630e-08
5.036788809342251504e-08
5.188288807488018032e-08
5.153245080666560592e-08
5.149371888352848063e-08
5.199410147231885063e-08
5.131658403839721642e-08
5.108307044613716085e-08
5.049234007721271994e-08
5.078731049343708099e-08
4.988728813124542033e-08
5.037759979755318421e-08
5.131698977452004020e-08
5.009230862156058700e-08
5.095328224739500099e-08
4.972285482144961516e-08
4.824667058432137322e-08
4.851706292264442543e-08
4.650464809363930586e-08
4.684109762396024634e-08
4.704285360750577014e-08
4.545718446426397336e-08
4.685277537388549838e-08
4.662407014933304377e-08
4.590253047560130369e-08
4.801748633157662092e-08
4.702813714431622614e-08
4.630828178796574696e-08
4.739355503469873893e-08
4.543925262937113733e-08
4.520361867535424782e-08
4.515639248484613575e-08
4.358352152814875743e-08
4.320236206520165309e-08
4.189421203779369612e-08
4.121309465211128694e-08
4.018801439301343425e-08
3.986753888402635851e-08
3.988660365028696746e-08
3.860263645349050272e-08
3.931468877759512991e-08
3.781923773290124191e-08
3.683864489157088810e-08
3.751828451134448288e-08
3.639407202051776971e-08
3.766825116505714887e-08
3.869717364068576659e-08
3.911152699406092711e-08
3.981928694670736991e-08
4.011689601083917070e-08
3.971044381823183039e-08
3.881240866678327870e-08
3.925811210227740447e-08
3.843178637546015291e-08
3.916759555458345709e-08
3.984014229286732954e-08
3.991170500374734878e-08
4.093710848183083994e-08
4.033755661306682116e-08
4.095379869269258489e-08
3.948804589537795531e-08
3.976210296021434502e-08
3.981031069963519539e-08
3.889753255006313474e-08
4.145353882421174896e-08
4.012093172389629379e-08
4.280945833665835699e-08
4.313964050532593874e-08
4.215326367170366004e-08
4.444491723587283663e-08
4.059494891642480840e-08
4.278814810630380609e-08
4.104754961507172051e-08
4.032017667968633159e-08
4.278143528049990447e-08
3.878427872270886687e-08
4.282107624793785403e-08
3.972117008698861283e-08
4.024806119407253338e-08
4.284207387330361541e-08
3.762026213666014302e-08
4.227508519569467089e-08
3.774685086014418243e-08
3.757379640292662864e-08
3.931405886721000244e-08
3.417920045349393786e-08
3.938021548180558683e-08
3.576419162709084338e-08
3.628726289750340219e-08
3.806371329864761149e-08
3.372786733268144448e-08
3.679589804608076416e-08
3.367097673470550252e-08
3.427123463083226560e-08
3.502414857071681457e-08
3.301286062000732629e-08
3.530517762018056115e-08
3.283828190728454439e-08
3.305447140855138070e-08
3.254099942020023015e-08
3.131670142521605426e-08
3.199417398121962291e-08
3.103679293988096847e-08
3.212476166990482999e-08
3.108203252155779461e-08
3.074389514965588232e-08
3.053971177656691122e-08
2.867796622835480469e-08
2.915969563874377666e-08
2.828076759729808298e-08
2.738322662437408496e-08
2.788069623585774925e-08
2.677054058647959833e-08
2.607584795377534334e-08
2.620277762221451275e-08
2.453110896521022415e-08
2.409586502538534531e-08
2.351414953312628827e-08
2.154322272646745647e-08
2.114629159136155752e-08
