# bin_2_1
0.000000000000000000e+00
0.000000000000000000e+00
8.444091936961612515e-07
8.497935423368160594e-07
8.397085856350488657e-07
8.629968608369141628e-07
8.235629298750673370e-07
8.373093979199562449e-07
8.062975712500784212e-07
7.936879561027817891e-07
7.891174587268896931e-07
7.591957572697014673e-07
7.529209210108996205e-07
7.212832913974393311e-07
7.013507740066921084e-07
6.854866788582535917e-07
6.677400914265952613e-07
6.535759454044110775e-07
6.404231998778797934e-07
6.255828118960596379e-07
6.117886434132349778e-07
6.089896179436092511e-07
5.882807858419389040e-07
5.865900274580864879e-07
5.700203758079969594e-07
5.460103825773411637e-07
5.415620266733794710e-07
5.112762257814742124e-07
5.101028305685538099e-07
4.943593689169675588e-07
4.728926968226647958e-07
4.748428503830282963e-07
4.454650959038910656e-07
4.402185136763028288e-07
4.253042556969925020e-07
4.047935395317207903e-07
4.002402686002935818e-07
3.719592140089083094e-07
3.687329418404288645e-07
3.562626512822858229e-07
3.415778900120211854e-07
3.448816639693179814e-07
3.251322164303402690e-07
3.214495968325650158e-07
3.097754807348131258e-07
2.934618330323117268e-07
2.917402323629629733e-07
2.728528966091779245e-07
2.697559588197968710e-07
2.611912950282386068e-07
2.488135967981782415e-07
2.496353319363581910e-07
2.360208821785279316e-07
2.354018915732939025e-07
2.280510160167714246e-07
2.188818644785831944e-07
2.201816138470292199e-07
2.090894626850399959e-07
2.104259351359387396e-07
2.062030777250544308e-07
2.021772303806646119e-07
2.024778726922060784e-07
1.955093471176008586e-07
1.936511746336905345e-07
1.829889086607736401e-07
1.808993163115320399e-07
1.753990345777777819e-07
1.707207576224615132e-07
1.734642743837607824e-07
1.655971808234889402e-07
1.678875209982450110e-07
1.617131010507844519e-07
1.613811531865242321e-07
1.627890284086277636e-07
1.593612641217275266e-07
1.669744208701685521e-07
1.599608138180741568e-07
1.673287539802017530e-07
1.653483260668026801e-07
1.597222781432936838e-07
1.698695493770799340e-07
1.583450106150926046e-07
1.641508237166565955e-07
1.619393941887553150e-07
1.545954457275401451e-07
1.612555600595798643e-07
1.516145873827767122e-07
1.565803340179628528e-07
1.551323925608675065e-07
1.521827735135875525e-07
1.568050905062360329e-07
1.489336343859073616e-07
1.491864041758128118e-07
1.445865883762453753e-07
1.396161029202575927e-07
1.366010774319945668e-07
1.321469180732032532e-07
1.306430451444966922e-07
1.243708802184854094e-07
1.238550191408765965e-07
1.196795294294069350e-07
1.153213614078010909e-07
1.145744847829078940e-07
1.088565748992066793e-07
1.076098974977884706e-07
1.034608349614760146e-07
9.958831137574997757e-08
9.850111894118560351e-08
9.245315561974713459e-08
9.176812801858946749e-08
9.050629899334002076e-08
8.703409691544619814e-08
9.015143130843090065e-08
8.767802376620663159e-08
8.727116653412760220e-08
8.935698081514316688e-08
8.594768004261572343e-08
8.855250670530181628e-08
8.604884256521758256e-08
8.581689299359456718e-08
8.650292876439982153e-08
8.175734356993189786e-08
8.505494298558741145e-08
8.141415643920672706e-08
8.319372452779538970e-08
8.446239248474149547e-08
8.189002822085354067e-08
8.753122686788433482e-08
8.145337421454430185e-08
8.458981955025652821e-08
8.431953520944665478e-08
7.917878535432989417e-08
8.415580025389327378e-08
7.774929326598353347e-08
8.032340381012106799e-08
7.840578739181130484e-08
7.569882636009825581e-08
7.910533919857674134e-08
7.208563794814817487e-08
7.625793488062261364e-08
7.263409446042671247e-08
7.141712403463497539e-08
7.453137855728739656e-08
6.866121131088870587e-08
7.357281970436877446e-08
6.896988655155511039e-08
6.888539577000620751e-08
7.003876556630296546e-08
6.472167113412435828e-08
6.947684291499086709e-08
6.478762047928018178e-08
6.789553624074359735e-08
6.929083597596008880e-08
6.604852413438972315e-08
7.152240586690607086e-08
6.501406215259428472e-08
6.777413931044933758e-08
6.715613097330710135e-08
6.190591141720720976e-08
6.681543681620671815e-08
6.040396735994302674e-08
6.234722671218130010e-08
6.177384155945336357e-08
5.786223792104703528e-08
6.217393589047865731e-08
5.637302297250703305e-08
5.949715542059426267e-08
5.862937678142586724e-08
5.508553555854357243e-08
6.033448546402376157e-08
5.506277195344615757e-08
5.745683618949024050e-08
5.756080770948450747e-08
5.361414080810074326e-08
5.617590618244802756e-08
5.200627966782989457e-08
5.282196676918196761e-08
5.216477249485385747e-08
5.163930335903339458e-08
5.434145787605348066e-08
5.288149210310153873e-08
5.586547865170481148e-08
5.533599709210655032e-08
5.624788137573218220e-08
5.706375732968299019e-08
5.465775144020402408e-08
5.629840998648518957e-08
5.387856901143190126e-08
5.421484659164638255e-08
5.431524353246264707e-08
5.413356840900805141e-08
5.588598773913858604e-08
5.417273326229386591e-08
5.708053379833310568e-08
5.475085017445311600e-08
5.405195286202421062e-08
5.650664577706629239e-08
5.189840303368387848e-08
5.463036922965619717e-08
5.382145628953105744e-08
5.227574940749773108e-08
5.541339920990468992e-08
5.235272622157854260e-08
5.411009443524350216e-08
5.317951036906443093e-08
5.149166924345618747e-08
5.332068338594466595e-08
5.049777466146730582e-08
5.141110524853641397e-08
5.007989221766543244e-08
4.903801381449727979e-08
4.912608837526647352e-08
4.692680831782272203e-08
4.868156349651818199e-08
4.586801310629884145e-08
4.657394339579623753e-08
4.730870399553298175e-08
4.437459219874900283e-08
4.791157966425839842e-08
4.572987404566385661e-08
4.599571055064122043e-08
4.754973780167745420e-08
4.506805535244607290e-08
4.754341713868214503e-08
4.629986165116443612e-08
4.681129725699008750e-08
4.647369929724765400e-08
4.400466693493877632e-08
4.459170694261336143e-08
4.081862770179689954e-08
4.031902036529346536e-08
3.989327450813573998e-08
3.770774479681438910e-08
3.805240420771786181e-08
3.703552915854329295e-08
3.702521180473642331e-08
3.621222025983993394e-08
3.682772367846544155e-08
3.725133047272037913e-08
3.630182445392117115e-08
3.742991439438374556e-08
3.672299370545574946e-08
3.605785656234824891e-08
3.620199878551645307e-08
3.575656005769169117e-08
3.544407294752135548e-08
3.597465489728438627e-08
3.588736135387936876e-08
3.581376606148882533e-08
3.621233793075240510e-08
3.454171425755166428e-08
3.517500369760245191e-08
3.396608869495633043e-08
3.333080385540344187e-08
3.539291549017922460e-08
3.321903032356820465e-08
3.505426349488604557e-08
3.513935920969915247e-08
3.373896291165396731e-08
3.497583079259308133e-08
3.226649974251378272e-08
3.327469236342970296e-08
3.200278459903884881e-08
3.075170715578602727e-08
3.173318305727951029e-08
2.862861576206405227e-08
2.978953754855148571e-08
2.766887725145414965e-08
2.682670526708196335e-08
2.813667663111544288e-08
2.501086178594837560e-08
2.772758983416544464e-08
2.652557209323866506e-08
2.606704056017529093e-08
2.872441371486776502e-08
2.600383297545423141e-08
2.822328518131419073e-08
2.812255336062929287e-08
2.763946698495768765e-08
2.948948386794102118e-08
2.798237552494632231e-08
2.858040265053527052e-08
2.668510899542181544e-08
2.632792775318148077e-08
2.596506301805882992e-08
2.489569958930366488e-08
2.664611181599546455e-08
2.497360478969818238e-08
2.678683602387854790e-08
2.596620269042818935e-08
2.542969968414191067e-08
2.798964094745500847e-08
2.505676753746714681e-08
2.770167849923086489e-08
2.653006251445164442e-08
2.514870400655221742e-08
2.695456752095236408e-08
2.307041797109430421e-08
2.568811121271444812e-08
2.431839482708678013e-08
2.398077648745929806e-08
2.658045849094078347e-08
2.361499149748610445e-08
2.639191748755122380e-08
2.474904483003326030e-08
2.470686387456322880e-08
2.640182114567236194e-08
2.457052686355065873e-08
2.677404147992194795e-08
2.462705771179281253e-08
2.549181725551917706e-08
2.478246012728686125e-08
2.380446906700300924e-08
2.661120379983560412e-08
2.403784100934142562e-08
2.698157505019081472e-08
2.597096012015010014e-08
2.510116932319341011e-08
2.793459554697409816e-08
2.456501969742667082e-08
2.752362602144475207e-08
2.591818888992460914e-08
2.435047032089665257e-08
2.725687362754662638e-08
2.421719502748404897e-08
2.727714214587479220e-08
2.781039919139911867e-08
2.676283850626396346e-08
2.902260637926691463e-08
2.637106066776803015e-08
2.723641716661178149e-08
2.712177868689753540e-08
2.562932518729851779e-08
2.773407140024926425e-08
2.682683695360433306e-08
2.766488715989365203e-08
2.911072033279316867e-08
2.818739858416030940e-08
2.965924894309672470e-08
2.964082077813873110e-08
2.978879505910674696e-08
3.109223265544563467e-08
3.097810842452699307e-08
3.219703351772313489e-08
3.158959970200886445e-08
3.119486287558438784e-08
3.085611428116205031e-08
2.924747635937084386e-08
2.971223926971887007e-08
2.855025744405062361e-08
2.862687932928586810e-08
2.802000113290262835e-08
2.689902544839968067e-08
2.764220050845509911e-08
2.578081522472206114e-08
2.674432923633349169e-08
2.691287065199977876e-08
2.679127596601699195e-08
2.819011468391988498e-08
2.773634069660103422e-08
2.915782709454149957e-08
2.829082966392935538e-08
2.929348598657258794e-08
2.927036309432518199e-08
2.803369045263010631e-08
3.036170940214980354e-08
2.822408943460361252e-08
2.980645701471769288e-08
3.055953827053598581e-08
2.911831844697326955e-08
3.142754511002194245e-08
2.923452841402629513e-08
2.940581382063175286e-08
2.887504119578087467e-08
2.710823246027601753e-08
2.810699902469573643e-08
2.703518284314213648e-08
2.733436993241896074e-08
2.653622289453886767e-08
2.632640635656586187e-08
2.623343940557293928e-08
2.536579208663731926e-08
2.631067043750783053e-08
2.558994675979476301e-08
2.589976539101210855e-08
2.560968724996504939e-08
2.475923041091384503e-08
2.447542468673450503e-08
2.358886157293807411e-08
2.395226787354338187e-08
2.381757112765702452e-08
2.474098391301600076e-08
2.554154384557167770e-08
2.563554111122230282e-08
2.594329888793776487e-08
2.535806188199532808e-08
2.461124830672747239e-08
2.378763748801030777e-08
2.411733781256647027e-08
2.335439948071088117e-08
2.354638597437495230e-08
2.348220671780067149e-08
2.167001416870662854e-08
2.247387552059970061e-08
2.022380078204501811e-08
1.961916814017514409e-08
2.062155240449649480e-08
1.820553368046556367e-08
2.016762321842740161e-08
1.951115252058548055e-08
1.831314773013283218e-08
2.023301832424194809e-08
1.788407215374067174e-08
1.858326808626039384e-08
1.849745031972678828e-08
1.692018909480891990e-08
1.876547420457628598e-08
1.716002270719950386e-08
1.767093100360132706e-08
1.845540062015288661e-08
1.737524948564131605e-08
1.894819286156258679e-08
1.783003383840178950e-08
1.834216049152147112e-08
1.876899156490435267e-08
1.754743171078299266e-08
1.871201916451398008e-08
1.786092359475169690e-08
1.825096803006021214e-08
1.836701492586570092e-08
1.798078773863595287e-08
1.886664292356927719e-08
1.811196899033576803e-08
1.866146718881452049e-08
1.866440062273240841e-08
1.884250630627947727e-08
1.865260772977950528e-08
1.797667115134907169e-08
1.780121220373540193e-08
1.607002747172005289e-08
1.688212461205231459e-08
1.652031179119905487e-08
1.660198552684241690e-08
1.818957960234214313e-08
1.747127237226743213e-08
1.878046740153655435e-08
1.856955908359089089e-08
1.869498937080948067e-08
1.927788334681177528e-08
1.872459427796544899e-08
1.984742425193554578e-08
1.902150825241167430e-08
1.992790845440531209e-08
2.055909047165194442e-08
2.025866233274214411e-08
2.218100962244346306e-08
2.159420278083634259e-08
2.196171842613191400e-08
2.273891232013148119e-08
2.166797063559172864e-08
2.202157409522183601e-08
2.213995431374959670e-08
2.207216976948075630e-08
2.249726212701107209e-08
2.226237776147831377e-08
2.213202324518275577e-08
2.182836290374534165e-08
2.119383580290089759e-08
2.112355671035982215e-08
2.134043137883376472e-08
2.174181270323256418e-08
2.177628239310617745e-08
2.266844047959483868e-08
2.272611935561904979e-08
2.208437734200235935e-08
2.317984816451155722e-08
2.209309536922678217e-08
2.237709836258654883e-08
2.275398603063893066e-08
2.185797630075701284e-08
2.290296846617106074e-08
2.173002209500333490e-08
2.271398634496584055e-08
2.240263005083775945e-08
2.200074368498064898e-08
2.356625370903970158e-08
2.128633615347354971e-08
2.229632345484209161e-08
2.100812972590851628e-08
1.993917000797392714e-08
2.100336387416689278e-08
1.925448496618863576e-08
2.098046088015634369e-08
2.001816055616254689e-08
2.005475668115288507e-08
2.053057779141320822e-08
1.975398966029754522e-08
2.095711963866537195e-08
2.015499953742790009e-08
2.165602833580765569e-08
2.000848313892100151e-08
2.022914219936019004e-08
2.053248559794242538e-08
1.795558721610971256e-08
2.028737493983231694e-08
1.746170874941656314e-08
1.790645433043849215e-08
1.871549962206156167e-08
1.752046799292502927e-08
2.079941348403623238e-08
1.974618792648903862e-08
2.228463281705385641e-08
2.170458741816159636e-08
2.093301348557011768e-08
2.223292458777159421e-08
1.853443222412918722e-08
2.109523790501259477e-08
1.938441304239214549e-08
1.896364353998775124e-08
2.125272693926209378e-08
1.833990913678605187e-08
2.027413393251027075e-08
1.902455049224058654e-08
1.868419518169579645e-08
1.945931069240625088e-08
1.863894254090361696e-08
2.021646917896340523e-08
1.901021693654238189e-08
2.030594192775148900e-08
1.937637299522469696e-08
1.881659567433919726e-08
1.980951628878731504e-08
1.712923779665167256e-08
1.860220860351471729e-08
1.725916091386512457e-08
1.672294995672223547e-08
1.820082823478933736e-08
1.587982297742343900e-08
1.724723631949200464e-08
1.620404760518831767e-08
1.527475982247156802e-08
1.675020429388584326e-08
1.545272443751148037e-08
1.674081127840184624e-08
1.748481920393788198e-08
1.710533200531430780e-08
1.779526928671166409e-08
1.725667848699871794e-08
1.687518662540341193e-08
1.713796624449668897e-08
1.659393231581063708e-08
1.617163300251992927e-08
1.719938061659824546e-08
1.614586132905232176e-08
1.618398129884604684e-08
1.687778888767106937e-08
1.457709986892454742e-08
1.536707573855849870e-08
1.470977264183049149e-08
1.370548883431701007e-08
1.523252452369331192e-08
1.374517026582618577e-08
1.430963802834968900e-08
1.428417881385238490e-08
1.304772655327289573e-08
1.399807835287644614e-08
1.315009530183904673e-08
1.290507465706339804e-08
1.319687699899570627e-08
1.257687179570473684e-08
1.260433064225296909e-08
1.292339694805017246e-08
1.242680760828482024e-08
1.276362020211936813e-08
1.301970604492344358e-08
1.224613921517531553e-08
1.305052267149079560e-08
1.190345009971215139e-08
1.223775121964218473e-08
1.295772298341897305e-08
1.198305917972480678e-08
1.383983125412914019e-08
1.283570156718002177e-08
1.320588872798379990e-08
1.278130637298404346e-08
1.174940871329787905e-08
1.363182110099196173e-08
1.175437942773632124e-08
1.391475603490042840e-08
1.308497438150881530e-08
1.215885560083443020e-08
1.415279926267729308e-08
1.060149119958700312e-08
1.353755387880151183e-08
1.255509854169625121e-08
1.225617996664756667e-08
1.573759917772104461e-08
1.300590518964849176e-08
1.611132122995765047e-08
1.500036362207107009e-08
1.482061270310175007e-08
1.615801525654469988e-08
1.375090426637790673e-08
1.680431065693727268e-08
1.457697773794777743e-08
1.631471509804398687e-08
1.745325491149273266e-08
1.550095128213458654e-08
1.914756500330780008e-08
1.659770835191360589e-08
1.832027950608208966e-08
1.839517181880209205e-08
1.668847529473337868e-08
1.930504467747260870e-08
1.627212080985061650e-08
1.812716752599884210e-08
1.732241232333555779e-08
1.588619137539844312e-08
1.808368975908652728e-08
1.550530548662162280e-08
1.738300627933711555e-08
1.706999647592547459e-08
1.648690456512335225e-08
1.768260562963342807e-08
1.590936436572702606e-08
1.680105548372529310e-08
1.551719819241487908e-08
1.561619220456671599e-08
1.541419770718444420e-08
1.414079998265458981e-08
1.558510117735263798e-08
1.368559808859211579e-08
1.452605275511923382e-08
1.483524415972820755e-08
1.328485502973718234e-08
1.518883149042872170e-08
1.419469457297065023e-08
1.438324497109344805e-08
1.518386365279239554e-08
1.373797625633723933e-08
1.434618497395513742e-08
1.395479912741321420e-08
1.312835164699347699e-08
1.380882416754807831e-08
1.377309376920961165e-08
1.361235905171590929e-08
1.433427513416225938e-08
1.440540546084602196e-08
1.469310761448013660e-08
1.556776226157836665e-08
1.535779819740994809e-08
1.584007055029618696e-08
1.593925497683168339e-08
1.572721364688743707e-08
1.610356234227868432e-08
1.556754214574101872e-08
1.563140162248735670e-08
1.531602654905999592e-08
1.517065864542631842e-08
1.503774784145364461e-08
1.469957438330425527e-08
1.517178924463390892e-08
1.438905969865925588e-08
1.489715643521339256e-08
1.447415056454980616e-08
1.394108972615299196e-08
1.492276076835381069e-08
1.364730796188623578e-08
1.509312129101236717e-08
1.499892204375172909e-08
1.419421014503871088e-08
1.578153582706403565e-08
1.375801600163378261e-08
1.440286114439726210e-08
1.424231005534169895e-08
1.305520008591459088e-08
1.435430313202857198e-08
1.322564965094707095e-08
1.411308661289938190e-08
1.364921926874884093e-08
1.321812191770178798e-08
1.367986722827460971e-08
1.160130774334466406e-08
1.231176209359215268e-08
1.115654061408101058e-08
1.064890865905655379e-08
1.151897891841100260e-08
9.913554526185564214e-09
1.053399741568185323e-08
1.005126392318374660e-08
9.456828019933431167e-09
1.005900833931585839e-08
9.934028589427777129e-09
1.003094209524847805e-08
9.790241421153472772e-09
9.711354381758251017e-09
9.094690876186064525e-09
8.829333734505594089e-09
8.513581487776967096e-09
8.389157177896159439e-09
8.024521855253226877e-09
7.974686691410445342e-09
8.829799458664230618e-09
7.641008950335779846e-09
8.557577132338836606e-09
8.145551371121819414e-09
7.161231845045407192e-09
8.379933164049089264e-09
6.329222930916186292e-09
7.539570604686491472e-09
7.421235214488343494e-09
6.671142935232638061e-09
8.858736531106554253e-09
7.444541513313490241e-09
9.223979724639912711e-09
8.885868784488845301e-09
8.249702711084490479e-09
9.418676693251183278e-09
7.011619453144501931e-09
9.174399756948961522e-09
8.266065582078656005e-09
8.305544834127439405e-09
1.059231619084976912e-08
8.257777686379939012e-09
1.019735589882488196e-08
8.790731841883019410e-09
8.226888927199375207e-09
9.658695218082238782e-09
7.821726152616820660e-09
9.896788746219164751e-09
8.658386298465314831e-09
8.943981881986714188e-09
9.351328941035883700e-09
7.523284334287850923e-09
9.428921976480333131e-09
7.691835991896754413e-09
9.100609712286492049e-09
9.536178088158892015e-09
8.404441326398027044e-09
1.078976930303817012e-08
8.597728195401335386e-09
9.979137408535380954e-09
9.964353542294665481e-09
9.070893449327745928e-09
1.151221523453738451e-08
1.001619677070922351e-08
1.222614372314208915e-08
1.233638024692503386e-08
1.220488278635819669e-08
1.444089786793717313e-08
1.257634761345951686e-08
1.437079835476830367e-08
1.439274597117193542e-08
1.398895011023750758e-08
1.579465067556041244e-08
1.494334686278411186e-08
1.611901706891370962e-08
1.649993147192032693e-08
1.681357095328073290e-08
1.753778867436428159e-08
1.731975971040935671e-08
1.809887071453259617e-08
1.776777322037444235e-08
1.796630236586807681e-08
1.831180732501275579e-08
1.825985764167943440e-08
1.874855394689932730e-08
1.885776936844300517e-08
1.898171561654600397e-08
1.948178049522876253e-08
1.970251905294000589e-08
1.926121963828174677e-08
1.962614411484975261e-08
1.914413679470418441e-08
1.869643700858589765e-08
1.900892645601013442e-08
1.784937129805808180e-08
1.800848667431338787e-08
1.772993634854768525e-08
1.667867525373767834e-08
1.705247734193075243e-08
1.611115064319104990e-08
1.575082380576083648e-08
1.587042926783611953e-08
1.480099889342401601e-08
1.511648874286512446e-08
1.485758230920246766e-08
1.444218305651456762e-08
1.484085192126764846e-08
1.400010988647353888e-08
1.467090813103602004e-08
1.388968705132144019e-08
1.317749274055871290e-08
1.430476875216234900e-08
1.228526325523775978e-08
1.371308979769368871e-08
1.407209588633905032e-08
1.291218874272826172e-08
1.551460272231359510e-08
1.385123950176549095e-08
1.451322125052278563e-08
1.516467808338189063e-08
1.364860392798829109e-08
1.497416390148981176e-08
1.371012853561979804e-08
1.428346632856001637e-08
1.354195510510334076e-08
1.295517295201573715e-08
1.409503765736639515e-08
1.227421695239402292e-08
1.371342187858084684e-08
1.293977769148947188e-08
1.240577335687858426e-08
1.333506547200561337e-08
1.161071535616306132e-08
1.297378816524458006e-08
1.202881670771561734e-08
1.186580029381428651e-08
1.301454230782740740e-08
1.119079075584656821e-08
1.220008036178946450e-08
1.220657091349989556e-08
1.171103070019740960e-08
1.291757597783406836e-08
1.251020761801096202e-08
1.241853515728759532e-08
1.236449409832219093e-08
1.148135316570464393e-08
1.078005209994308797e-08
1.015478525394189527e-08
9.628948494951109431e-09
8.867205205957938915e-09
8.333964060106818306e-09
8.076790444462009587e-09
7.321767310849778617e-09
7.278541339206400177e-09
6.779714031675654005e-09
6.561808954051124272e-09
7.290553084196359094e-09
7.043729795370952508e-09
8.372419412233973279e-09
8.390442837163550598e-09
8.374768578056691252e-09
9.806872958856031982e-09
8.685331641506180605e-09
9.948058787871224080e-09
1.013280227737467662e-08
9.227349181326160417e-09
1.013192681967954411e-08
8.671318709719166431e-09
9.365925217264174514e-09
9.439935810092903677e-09
9.055947761035149421e-09
1.048976551343026952e-08
9.431541680091904234e-09
1.014041114122431318e-08
1.106502861009169215e-08
1.050057586933374919e-08
1.159148143785372602e-08
1.233606693193854880e-08
1.239046299401617127e-08
1.298888199232744336e-08
1.334784004214783181e-08
1.311330668326671509e-08
1.317393423457164304e-08
1.282459298367137198e-08
1.263098063510003900e-08
1.227983023326421328e-08
1.227276927644693636e-08
1.268749356738937867e-08
1.203759256769582023e-08
1.313414599822965538e-08
1.313589393801013224e-08
1.291021284466262072e-08
1.399031571999722490e-08
1.319825385538137483e-08
1.387150992129828382e-08
1.314963118872864856e-08
1.265295047115217703e-08
1.334133539021066274e-08
1.188742649337164240e-08
1.287683119447321513e-08
1.269270571273572143e-08
1.222007125622898595e-08
1.314265648730357201e-08
1.229126572816088188e-08
1.259546530400816889e-08
1.244576154633409137e-08
1.221873137753684390e-08
1.213048858559420163e-08
1.191859109567514514e-08
1.251151443406991063e-08
1.191104154484793443e-08
1.217144750089543357e-08
1.215164905754789241e-08
1.094686064377164574e-08
1.108116665453802313e-08
1.064177946882719681e-08
9.740284414955878305e-09
1.028576041980151601e-08
9.359507917863568577e-09
8.719711854313964900e-09
9.547031950191625142e-09
7.985342963931945972e-09
8.645499872584008025e-09
8.526093180839270656e-09
7.292620760105659155e-09
8.593099888545576763e-09
6.704814034757033081e-09
7.591287899417217247e-09
7.267326069764907036e-09
5.879626907056077000e-09
7.739706809239189879e-09
5.047695588595644863e-09
6.311696098417323517e-09
5.902006211829957445e-09
3.890685739622287805e-09
5.882619645578272112e-09
3.499725572682745855e-09
4.591240429936366248e-09
4.004865245938401105e-09
3.010572007288390630e-09
3.937098956086274238e-09
1.402338256308291315e-09
3.175201044613800909e-09
2.009957786632565752e-09
2.008533177279670549e-09
3.298062695418304196e-09
1.423460741395781621e-09
2.896058987144933046e-09
1.510933383183953871e-09
2.193415840956824359e-09
2.545159229468703971e-09
1.455429595048719039e-09
2.685276276383269848e-09
1.111785168416402355e-09
1.941474532076323461e-09
1.306046692612113117e-09
1.380727202310913486e-09
2.261496584364099201e-09
8.980747734177092161e-10
2.561208271762610667e-09
1.216058556073969856e-09
1.479597711692186615e-09
2.330625871108630317e-09
1.113139297685369074e-09
2.614399974253244484e-09
2.120975838909356911e-09
2.416487946000036590e-09
2.558015643162037518e-09
2.618185885356838069e-09
3.065110909360483194e-09
2.527588020245017334e-09
3.763836501330514042e-09
2.781456417766898762e-09
3.349633937199236257e-09
3.960898492246430572e-09
2.869220096196447948e-09
4.617139884165466007e-09
4.036183196558439996e-09
4.435206112670973509e-09
5.265956400551537533e-09
4.179357582783279855e-09
5.047929600988906661e-09
4.451373743857493732e-09
4.353028196958877153e-09
4.579416043374449840e-09
4.109744055347220112e-09
4.920902531896936629e-09
4.407059359450513765e-09
4.947879056959906966e-09
5.320872076526532342e-09
4.778173059730977121e-09
5.529681694688926404e-09
4.962271127126665654e-09
5.264391527791048344e-09
5.390959926366146829e-09
4.985253351571703712e-09
6.006517484797643416e-09
5.692767164068450767e-09
6.231919025267857856e-09
6.852964483232544887e-09
6.729961812727292844e-09
7.332079176553273056e-09
7.267651054887871189e-09
7.579217386504005067e-09
7.730009648696916903e-09
8.182313833242156276e-09
8.239885702370214538e-09
8.047750401649527358e-09
8.530677253394913952e-09
7.859337121787624019e-09
8.489826612537789530e-09
8.887475452435317950e-09
8.533520960431562306e-09
9.067460904238891094e-09
8.668365495462361094e-09
8.606618576535964551e-09
8.630662189734813846e-09
8.863889067751571594e-09
8.939699435112658400e-09
8.856064591134925814e-09
9.101149235184578481e-09
8.507885207637387333e-09
8.621598469314364150e-09
8.781631380641866457e-09
8.987391968379473159e-09
9.119888319259862353e-09
8.931465787938557174e-09
9.018714256096033548e-09
8.424743473905896348e-09
8.353946916407567023e-09
7.672782967633465471e-09
7.197253655281617346e-09
7.060539598968159992e-09
6.349949652636675705e-09
6.830946310088008888e-09
6.610540496956737550e-09
6.758273755301956852e-09
6.802027882528665902e-09
6.227351343087041955e-09
6.253550319738263054e-09
5.441066463422318396e-09
5.428380303378975227e-09
4.885437945256814229e-09
