# bin_1_1
0.000000000000000000e+00
0.000000000000000000e+00
9.248212902532780579e-07
9.270171356414385513e-07
9.190674389751760695e-07
9.299871523489089351e-07
9.049148571510122212e-07
9.145687448105450043e-07
8.998226964065148341e-07
8.945787314974147082e-07
8.928441150512238852e-07
8.784525001880758283e-07
8.784292694993564225e-07
8.581114851802582852e-07
8.589998085911856868e-07
8.430399632020597446e-07
8.430060848724306597e-07
8.366197203979088941e-07
8.274027899722742492e-07
8.323373577773653825e-07
8.169916185038425718e-07
8.310402280164788031e-07
8.166779253933559812e-07
8.154866326451687603e-07
8.195369679713709264e-07
7.973772389446369742e-07
8.081422335846809389e-07
7.935980633832671360e-07
7.987460898360417183e-07
8.004781373455214650e-07
7.891134838634396431e-07
8.002597495951890714e-07
7.805281725732679827e-07
7.833487955674223484e-07
7.767608032528345997e-07
7.645227758259702825e-07
7.702612761767759743e-07
7.525548522390870372e-07
7.557288702579604251e-07
7.468073556840895259e-07
7.387213984401049015e-07
7.435619455270048253e-07
7.301184537798910036e-07
7.356437078034910486e-07
7.304654262213682293e-07
7.259775251307103276e-07
7.296868157413076763e-07
7.197311888331239465e-07
7.228166656094189063e-07
7.158701366327370867e-07
7.115120271395020822e-07
7.110305779832763011e-07
7.010387274283201272e-07
7.042140168517041094e-07
6.960776981029343926e-07
6.935052275571575383e-07
6.954990058761310085e-07
6.865920897300811130e-07
6.902218926943200836e-07
6.853334168610002163e-07
6.841887247368588600e-07
6.852621792989426494e-07
6.802556724122500898e-07
6.835043397909323299e-07
6.775305792429937831e-07
6.796799306662485543e-07
6.790975399109477829e-07
6.746161455618796038e-07
6.808035819130533172e-07
6.748468169469444823e-07
6.753031553113191530e-07
6.756891516707811419e-07
6.709267613781593314e-07
6.739925311828113473e-07
6.727575372098809564e-07
6.737559334177534037e-07
6.737534526565308268e-07
6.727430723248290892e-07
6.725731313715649474e-07
6.703784313263178260e-07
6.725024126345603254e-07
6.729788533219787200e-07
6.714386642034241804e-07
6.724374248384460755e-07
6.707104226717984509e-07
6.688417988785881635e-07
6.700183899471033714e-07
6.667423165402531619e-07
6.674591562346256166e-07
6.678146541154547104e-07
6.646994599386944184e-07
6.675358013122029197e-07
6.649100044385041434e-07
6.660415253688096068e-07
6.655092768913285377e-07
6.631226573597304206e-07
6.649393653644705975e-07
6.596826408773892676e-07
6.630028047069790684e-07
6.596310485760561765e-07
6.574233858992947382e-07
6.603967702100643763e-07
6.527892581152804621e-07
6.562467307972645338e-07
6.521657217828957565e-07
6.509977987407604339e-07
6.538966905506436874e-07
6.490663442744972795e-07
6.535835620852422829e-07
6.484847547897264905e-07
6.500199062519070920e-07
6.498535738639374516e-07
6.445193170408439429e-07
6.495901118737264636e-07
6.428201984344641745e-07
6.448130370136254979e-07
6.438166837468838367e-07
6.383290144513349372e-07
6.423883615794232710e-07
6.365299598003129455e-07
6.390364694195127470e-07
6.388807574307371190e-07
6.353817814351267189e-07
6.392557676154462172e-07
6.345585789298032225e-07
6.348961637014293653e-07
6.345551060865978104e-07
6.309145233641333482e-07
6.325138689127461796e-07
6.301204275086884894e-07
6.295210517403922296e-07
6.297928731990923110e-07
6.283338979837504346e-07
6.293637853355528277e-07
6.282144994596199295e-07
6.282575155791887688e-07
6.287877964343700427e-07
6.271888432366813128e-07
6.286830068874789697e-07
6.281130775526853675e-07
6.286373219647429646e-07
6.302886703054719578e-07
6.289829654986276168e-07
6.313117131660159429e-07
6.299771616562179760e-07
6.297769131962470425e-07
6.318405948434662066e-07
6.298853416813019230e-07
6.324758621078452745e-07
6.323035199701969616e-07
6.325520532445366307e-07
6.341983756484044980e-07
6.330934292015113726e-07
6.362518753186478342e-07
6.349746150188543044e-07
6.352176923549392951e-07
6.374716359933278772e-07
6.342451723481136680e-07
6.354835596327918084e-07
6.359730084952009273e-07
6.346406641169233134e-07
6.367239182051013236e-07
6.377003768621755010e-07
6.379316471842586647e-07
6.395409762331510744e-07
6.404860283249946612e-07
6.398927666445510144e-07
6.410503718652832867e-07
6.413892090408655717e-07
6.419598077157304002e-07
6.443068482890694533e-07
6.441451865084644698e-07
6.464650279489469497e-07
6.470684391931553670e-07
6.456127953938415707e-07
6.479815699127454821e-07
6.453995704526627954e-07
6.458734767688898784e-07
6.474408239116038572e-07
6.433091088651614126e-07
6.464141551597639270e-07
6.453362747481734725e-07
6.442171384020764039e-07
6.478414607223516149e-07
6.450983410090742541e-07
6.479321077551850080e-07
6.459319125181759673e-07
6.440590953440457886e-07
6.468942694490470710e-07
6.411567194497035708e-07
6.443643783996052432e-07
6.430009654996897566e-07
6.394768415942032822e-07
6.433935342993538324e-07
6.381768651382469184e-07
6.404391857845212716e-07
6.407264556330608829e-07
6.380601276485665316e-07
6.411116128535754025e-07
6.374386703407527936e-07
6.391036533103697747e-07
6.383332134267195098e-07
6.363495065791951590e-07
6.383793536448854226e-07
6.351517956121829176e-07
6.360057406125765509e-07
6.356764031484126264e-07
6.349041208781001741e-07
6.362656460506526241e-07
6.360631715417261229e-07
6.368350746630805274e-07
6.367091144524212651e-07
6.378068968068271337e-07
6.376493574013857716e-07
6.384894816201752548e-07
6.385607555522830122e-07
6.386585678363769213e-07
6.403027574749176935e-07
6.382221324027240496e-07
6.415701637503029520e-07
6.408654756113147862e-07
6.391864211272524419e-07
6.424080014811465783e-07
6.379879088303494080e-07
6.394489618772688618e-07
6.392814154016202373e-07
6.365796802462660982e-07
6.393696345520505830e-07
6.358373397389273399e-07
6.362886457100293354e-07
6.360291037021514956e-07
6.345202233524838754e-07
6.370033770940151193e-07
6.349420771362591298e-07
6.370335108223432152e-07
6.370189413482752706e-07
6.350847974517547293e-07
6.358812313351863085e-07
6.326612367096481064e-07
6.330212143370504998e-07
6.308688402185603461e-07
6.288522179044363882e-07
6.303387513085342795e-07
6.266454464908244253e-07
6.275771875385891540e-07
6.272998711172797261e-07
6.254323898019643821e-07
6.276492861347296854e-07
6.257095251970771773e-07
6.265805227337621205e-07
6.266850101084835458e-07
6.251431321054576440e-07
6.257740807101247899e-07
6.240193485078396252e-07
6.245670938697705707e-07
6.236413716542286491e-07
6.241598268722999957e-07
6.249795079605771186e-07
6.235547306561243743e-07
6.253269391612680475e-07
6.234134566831741441e-07
6.236628296201750835e-07
6.239198004751195275e-07
6.232573318404490032e-07
6.253006226605096225e-07
6.236824743141755429e-07
6.253723603099077350e-07
6.241168292417851755e-07
6.237379591184893280e-07
6.253530067379582614e-07
6.227777693957692913e-07
6.254059011975578289e-07
6.235945996983213259e-07
6.238412747906286747e-07
6.250837461697092640e-07
6.227015541718908409e-07
6.257304563820345622e-07
6.235132280981911953e-07
6.247452989266012330e-07
6.253675145258170656e-07
6.236834648986411851e-07
6.270720209715059591e-07
6.248416835773021270e-07
6.271008913239300158e-07
6.281789048516948037e-07
6.273027774639308780e-07
6.301438390928538753e-07
6.284465904149475815e-07
6.294518056141815234e-07
6.298812765737750852e-07
6.295200094084097679e-07
6.301725306823839334e-07
6.306555548097796734e-07
6.311806635720276478e-07
6.301902952074656509e-07
6.315793061748916757e-07
6.300029662715328911e-07
6.297448898666848260e-07
6.295584028476110017e-07
6.277360096261761041e-07
6.290011202960197714e-07
6.272702673717349611e-07
6.292246692134824402e-07
6.290894147969825865e-07
6.284444403556450408e-07
6.312690284065705028e-07
6.283049396582905055e-07
6.303358781835895685e-07
6.303778754917104923e-07
6.286225903990234558e-07
6.313777994589119055e-07
6.299926593597546416e-07
6.312224366784839316e-07
6.318018698419687852e-07
6.314991158323154083e-07
6.319640661677895321e-07
6.312581657043433288e-07
6.321625460536198740e-07
6.308544793670599370e-07
6.319171406589675568e-07
6.310791854715305018e-07
6.297356917986549375e-07
6.318175264000325658e-07
6.294142790171694440e-07
6.310838663117721866e-07
6.323336516670022956e-07
6.308152670910607700e-07
6.332483959268793920e-07
6.323396125509279952e-07
6.327687520769106381e-07
6.336754510454632854e-07
6.325552148892511314e-07
6.328409408264419629e-07
6.314604070247114039e-07
6.311872752108167507e-07
6.308952649067250966e-07
6.305849750259169518e-07
6.308520598715170886e-07
6.298734428475611849e-07
6.299256296975573636e-07
6.290503384134281987e-07
6.282522952586209082e-07
6.279080172665908309e-07
6.273449644155242533e-07
6.272330005720199467e-07
6.267225148426518848e-07
6.270481431401089179e-07
6.266112726842718400e-07
6.265911659237688304e-07
6.271073066570458164e-07
6.266976935635137244e-07
6.264118565262444888e-07
6.260013297801102214e-07
6.258804210868941805e-07
6.249109557964360417e-07
6.255432440275506368e-07
6.257101817923918882e-07
6.251403445071238949e-07
6.270966449351109265e-07
6.262856159599295817e-07
6.265492961481285356e-07
6.277988341796112741e-07
6.272304428586415347e-07
6.280610115743391488e-07
6.283053457581463631e-07
6.288668270236217075e-07
6.285934772580996799e-07
6.294684715566068929e-07
6.298418892899465814e-07
6.290239282049407981e-07
6.306349683409681879e-07
6.289269135086989040e-07
6.293396272732938234e-07
6.303778715578717978e-07
6.293186366656892301e-07
6.311512056527283676e-07
6.300656415378379629e-07
6.302104465133350067e-07
6.299831223172154035e-07
6.292605972933686500e-07
6.308525756627721374e-07
6.296749792810486639e-07
6.315438101806797570e-07
6.310945889648614127e-07
6.297098047483257320e-07
6.304868407253046263e-07
6.272560138286151782e-07
6.273176683604299291e-07
6.253829923645950683e-07
6.241400524537870017e-07
6.256728430318398162e-07
6.235314301569878405e-07
6.262880440465013448e-07
6.255817547003078660e-07
6.243734613949697494e-07
6.264361585861632399e-07
6.234984798233079046e-07
6.252828765609849463e-07
6.251217351204926825e-07
6.245325636345935646e-07
6.267159147851592989e-07
6.247158552554280235e-07
6.269311022264878653e-07
6.266537693620250350e-07
6.272063341773367291e-07
6.300344527233624715e-07
6.287456749564091399e-07
6.317416909199051575e-07
6.314284185795780214e-07
6.318657195284833256e-07
6.343367717106394545e-07
6.333607491197162143e-07
6.361039353145083282e-07
6.354143214374185618e-07
6.353729690801137273e-07
6.370295435997979173e-07
6.348116576003609456e-07
6.355961693768166622e-07
6.356733306516937392e-07
6.340006162837766810e-07
6.343309811676609089e-07
6.335318369401498455e-07
6.315719195004288748e-07
6.321380814675010102e-07
6.311992896064548933e-07
6.307437662236730238e-07
6.321021628356615927e-07
6.298867055245081551e-07
6.306624331924653097e-07
6.291503132525265838e-07
6.274916543325378630e-07
6.288989771149298985e-07
6.266673059285919006e-07
6.288147853599832559e-07
6.282616194505435865e-07
6.277311429307202626e-07
6.284616361672302006e-07
6.259834626395310075e-07
6.276187345481589778e-07
6.251591167443715916e-07
6.260137843875793477e-07
6.262494208327301076e-07
6.236879078625217119e-07
6.258603078370936732e-07
6.228841782485363989e-07
6.241613011027204330e-07
6.239593619599955325e-07
6.231421051176242553e-07
6.252506895506509591e-07
6.226439701897570032e-07
6.248528421062926553e-07
6.233817719594041295e-07
6.236247254687248016e-07
6.248754722213839261e-07
6.228554449091366060e-07
6.257314600167316347e-07
6.235638541125296084e-07
6.244966118881307761e-07
6.247209554220977150e-07
6.232230378106537789e-07
6.248540322835198756e-07
6.230759649952476876e-07
6.250819462238251752e-07
6.236654132247642779e-07
6.238514019564310287e-07
6.244593560495906700e-07
6.218798038566060416e-07
6.238486589855629294e-07
6.215937208200089871e-07
6.225759737696820677e-07
6.224578396746316986e-07
6.211342037594133747e-07
6.224645466297831872e-07
6.200549592557986423e-07
6.220287089398301617e-07
6.204920199393595232e-07
6.205512669609885989e-07
6.216572629418550995e-07
6.191748074552710228e-07
6.210815110948422017e-07
6.189697328850830672e-07
6.196474479234743058e-07
6.189413583036964750e-07
6.172433747304981514e-07
6.185476506808869469e-07
6.148739648330927230e-07
6.165909368417008731e-07
6.151192777593770970e-07
6.139169466325486607e-07
6.164429154942929245e-07
6.139500399895340622e-07
6.164195243866345719e-07
6.164463648799723480e-07
6.164884115236879033e-07
6.183528748003084107e-07
6.171900996276852670e-07
6.186420574016408784e-07
6.180061738860333095e-07
6.188758212210461399e-07
6.192291917583896228e-07
6.186125776443800858e-07
6.198551435681149537e-07
6.187325794311249674e-07
6.201477257586293995e-07
6.198537874030321014e-07
6.197708097727511953e-07
6.213663036048051825e-07
6.196907208878215841e-07
6.217779125684635533e-07
6.215855383715526532e-07
6.207477878243586850e-07
6.235321629294738500e-07
6.207141896266899846e-07
6.214697573251252168e-07
6.227290948199249952e-07
6.198802338285817779e-07
6.227495649953571989e-07
6.215920373042134979e-07
6.209191861092284878e-07
6.228237070635468618e-07
6.204025064011797994e-07
6.223600121341905192e-07
6.215847821663533206e-07
6.214352277542087062e-07
6.230664397873087930e-07
6.213007950807016035e-07
6.236329166540716649e-07
6.226476198058338196e-07
6.229940166104347332e-07
6.234845998379679762e-07
6.214262923323121704e-07
6.225037681873803960e-07
6.199724126740947334e-07
6.212789552272185830e-07
6.212416153951670798e-07
6.204291914758943783e-07
6.228755663169266805e-07
6.203023677048877154e-07
6.215696510893799004e-07
6.207034861875083045e-07
6.195238214420219947e-07
6.210346271770063798e-07
6.198095426515079602e-07
6.212028665617309666e-07
6.203763448029084332e-07
6.209482101504454692e-07
6.209434337894988293e-07
6.202902853568059909e-07
6.215159594972380673e-07
6.199518739176294450e-07
6.208830372830961361e-07
6.201635157841915808e-07
6.201123046436865470e-07
6.199351797074425657e-07
6.192065205683317640e-07
6.201112500140827104e-07
6.179647297675811622e-07
6.195709977145054299e-07
6.182445095305272882e-07
6.182446041780519183e-07
6.191600301906827830e-07
6.164341123052001674e-07
6.198569416877990787e-07
6.174752249233748958e-07
6.180282082745668884e-07
6.193508570753997850e-07
6.159844744040898963e-07
6.187055484273290844e-07
6.158435472060798239e-07
6.170546945938331641e-07
6.173686591108668005e-07
6.154630551311407093e-07
6.189179785183381162e-07
6.155879943674428373e-07
6.184709841847973647e-07
6.192458993435536940e-07
6.178287684504491553e-07
6.212104968024081162e-07
6.179711652789116027e-07
6.193530801053882625e-07
6.179371490211921498e-07
6.160084429398425935e-07
6.177698826479362129e-07
6.153031376565006230e-07
6.172534646471790875e-07
6.165643761942789728e-07
6.164720668142476278e-07
6.170506941018718710e-07
6.155244077088952083e-07
6.177977398007211996e-07
6.158213759435166997e-07
6.168167625259283624e-07
6.173218101333608107e-07
6.147200833260097711e-07
6.163601821395468980e-07
6.141228354872477717e-07
6.144927174965768253e-07
6.156757705960892454e-07
6.147222955086226402e-07
6.168118690601303718e-07
6.162766356188447920e-07
6.170510274677137028e-07
6.175515773328832310e-07
6.173502867449185571e-07
6.184423476687469790e-07
6.169675650536198919e-07
6.181821875052533925e-07
6.174797165215371609e-07
6.161390977895651138e-07
6.183479949380414533e-07
6.165705280640905140e-07
6.170678462431030360e-07
6.182729082564081532e-07
6.170874857993272157e-07
6.188097688538466647e-07
6.184873298805108396e-07
6.188288497181367113e-07
6.190824489246172427e-07
6.182332836927416562e-07
6.195078326274522458e-07
6.180632935972704575e-07
6.188838211838018986e-07
6.192531233861308109e-07
6.175229798260744339e-07
6.192108594762936571e-07
6.179948758674563865e-07
6.181070781344051853e-07
6.189274738610039509e-07
6.177710122484275874e-07
6.187316466546338842e-07
6.182471678169604859e-07
6.188938610410630803e-07
6.188280595814878435e-07
6.187326506115399605e-07
6.194558206038850397e-07
6.178561420487970216e-07
6.192336731754216910e-07
6.184335729215217658e-07
6.175815817471601590e-07
6.187318303504633263e-07
6.166085894630556315e-07
6.178807161011672606e-07
6.177709873671031654e-07
6.172173756728037999e-07
6.198255191173175670e-07
6.180620264118245148e-07
6.186115647479602820e-07
6.197457314984913301e-07
6.175309410844628667e-07
6.192349128491908142e-07
6.191042578803551328e-07
6.175080248707244661e-07
6.182822486299628115e-07
6.162905901566454998e-07
6.158062158550567723e-07
6.157798782555919336e-07
6.149477233322783557e-07
6.164889752804609444e-07
6.154048749369326470e-07
6.154600565748282404e-07
6.155666555034257090e-07
6.138049668051458630e-07
6.146031804001014180e-07
6.135459114102141670e-07
6.138399833506025415e-07
6.144282123459132764e-07
6.138246266133413471e-07
6.150332131614889795e-07
6.143582566029762623e-07
6.151728222656970187e-07
6.146698485596508831e-07
6.140252627613586533e-07
6.149063296863258258e-07
6.128871890528608892e-07
6.141364426813197685e-07
6.133050078859853163e-07
6.124180079271180569e-07
6.143586874803795475e-07
6.121698203471666615e-07
6.138165635544012747e-07
6.136104430457969728e-07
6.120756800281546455e-07
6.143462048353943834e-07
6.118407413793169108e-07
6.126483715539073395e-07
6.130018750247340192e-07
6.106173411067583788e-07
6.124422135337537660e-07
6.109262538640955709e-07
6.112456310137481961e-07
6.123508204658066688e-07
6.114663070952645841e-07
6.129035056112854648e-07
6.122192612729502576e-07
6.127595974618764349e-07
6.123484360787681267e-07
6.119521237691797095e-07
6.127030894819979139e-07
6.113198788422997056e-07
6.132554169658002756e-07
6.123282401284462989e-07
6.123891711620717641e-07
6.137185768568338481e-07
6.113334761053914046e-07
6.135985116791452339e-07
6.125235772506806054e-07
6.126656724961250541e-07
6.144581149000545615e-07
6.123118178401942499e-07
6.150766921457473615e-07
6.134015489635029725e-07
6.132772970943243566e-07
6.149174881814999401e-07
6.119968655170861758e-07
6.147325363994649605e-07
6.134959603168073592e-07
6.136311917491797857e-07
6.158586755752013553e-07
6.134970797127281705e-07
6.156120318799213311e-07
6.140209440450982823e-07
6.135269149189332771e-07
6.148725091242210298e-07
6.131541754171085755e-07
6.153554204562715901e-07
6.145720302108788929e-07
6.150799853332814958e-07
6.155827602086223258e-07
6.141200127957588003e-07
6.154375121500804590e-07
6.129658113237642228e-07
6.136475048092649038e-07
6.133609930212255704e-07
6.115945080447021442e-07
6.136542424688924271e-07
6.114577236109943483e-07
6.123733444963157038e-07
6.121695319646512552e-07
6.108253750130201429e-07
6.124477560713945751e-07
6.099975952876868464e-07
6.112394156031574527e-07
6.105132885104079139e-07
6.090382558173818996e-07
6.108693381268578985e-07
6.089821063286720842e-07
6.099813754730650141e-07
6.096401788284017251e-07
6.090735513134222058e-07
6.098231397974895090e-07
6.084706327474203487e-07
6.096308638981197218e-07
6.086416869138957204e-07
6.084547522216883795e-07
6.085977693896038590e-07
6.073579385316743140e-07
6.078807955483230062e-07
6.068736712192407765e-07
6.070071020320153075e-07
6.062993437635172673e-07
6.060556072701687963e-07
6.065751646463470751e-07
6.056341540284583861e-07
6.064862669611386423e-07
6.058456349419003528e-07
6.058870744237929321e-07
6.060612304811079149e-07
6.055837403961460479e-07
6.059213997899888861e-07
6.051074098155019552e-07
6.052956116938773344e-07
6.043158809138570552e-07
6.039609065324740479e-07
6.034165822549277228e-07
6.024490780528545270e-07
6.029157865015295465e-07
6.016287931462709801e-07
6.025226004844075345e-07
6.024790574070805400e-07
6.026815813859182281e-07
6.037098513418371788e-07
6.022534765845443646e-07
6.036476022709299655e-07
6.029338351024363543e-07
6.030293118221758218e-07
6.044771542696723376e-07
6.038528313211499445e-07
6.053289935662561180e-07
6.047398330927474380e-07
6.052883631274343930e-07
6.053736787826059023e-07
6.045191794657625619e-07
6.055131232655228325e-07
6.041292961478625557e-07
6.044244745060318147e-07
6.039755499288364113e-07
6.034465474846424887e-07
6.037429204521854513e-07
6.027323314616001700e-07
6.034671001190688031e-07
6.026166319941548811e-07
6.024518584892451862e-07
6.024098316472048798e-07
6.021582845907438680e-07
6.028014774074426823e-07
6.024618837640395582e-07
6.039129330930960788e-07
6.039851354209510540e-07
6.048148844440688902e-07
6.050556546180580285e-07
6.043382977461703685e-07
6.053649991973019696e-07
6.032724389056700515e-07
6.038931869524907788e-07
6.034246979079540230e-07
6.018470221498064618e-07
6.032783781989980349e-07
6.013013411572124501e-07
6.018314454958856291e-07
6.016141168832153893e-07
6.004500016616611735e-07
6.013860341272921380e-07
6.001765878246010520e-07
6.013390886947249724e-07
6.013476002054808201e-07
6.010995462286134481e-07
6.017309903820659305e-07
6.012384348628095046e-07
6.017454288444882851e-07
6.010157502367124690e-07
6.022391735885654385e-07
6.016134597625040348e-07
6.010274407577347706e-07
6.024104771409832762e-07
6.000991383469967117e-07
6.014292393445460552e-07
6.016741498225605006e-07
6.012454402207510164e-07
6.034303722923720271e-07
6.024367615296227985e-07
6.039861599444495055e-07
6.033347540312595161e-07
6.027926727158138502e-07
6.039469701710397469e-07
6.019018168427528166e-07
6.039827606580005967e-07
6.032212340037840674e-07
6.025109611511890335e-07
6.038586469654849668e-07
6.014439423429366646e-07
6.024104053142517570e-07
6.016625278337235290e-07
6.017118618504704522e-07
6.029148812651987774e-07
6.022704628358408238e-07
6.041464735939668036e-07
6.030874142025737249e-07
6.040952557809663982e-07
6.045267496767454834e-07
6.034423166719983461e-07
6.053007107523578332e-07
6.038782488553863091e-07
6.045938098656847080e-07
6.044880790150477007e-07
6.034297757601200897e-07
6.042981941616992164e-07
6.029902493019060260e-07
6.034568949679019426e-07
6.032664738641947269e-07
6.031912591788928864e-07
6.031110562270675876e-07
6.030641804078254768e-07
6.032558263470667370e-07
6.024184240753252282e-07
6.037623448224924248e-07
6.020914786170147197e-07
6.022324698730991914e-07
6.022946268065712695e-07
6.002407372634480586e-07
6.019196708897331487e-07
6.002309573151756122e-07
6.008969147583475022e-07
6.013054961152030414e-07
6.004935917149585431e-07
6.022068828355666714e-07
6.006731919464683414e-07
6.020553183197492621e-07
6.013444013432195370e-07
6.010006110841068127e-07
6.020807445380975331e-07
6.001836234468869383e-07
6.018181986783698936e-07
6.001638197062551501e-07
6.002106641396335128e-07
6.009846803370737522e-07
5.991446856829147069e-07
6.009502380234348152e-07
5.995880210909429683e-07
5.996989507515197711e-07
6.000710152232508611e-07
5.985291298016656148e-07
5.993502398879061484e-07
5.987388390286536924e-07
5.988391983917789795e-07
5.990258032952574809e-07
5.988831711130128711e-07
5.987652713575953988e-07
5.988830970746986555e-07
5.986224878481152617e-07
5.980787654458572714e-07
5.988295411926093617e-07
5.975221336646196652e-07
5.980400537402457639e-07
5.980088260128487179e-07
5.969712648992511625e-07
5.978697089966274814e-07
5.962996378028551690e-07
5.965108514653217872e-07
5.959938944219656314e-07
5.953407971292209263e-07
5.959520377885186046e-07
5.949431152842280756e-07
5.955312140554474082e-07
5.942668645254696405e-07
5.940047084131617908e-07
5.933385062877309758e-07
5.917829270222295318e-07
5.923281154629354303e-07
5.903250541898312250e-07
5.907922478150456577e-07
5.901998982807240083e-07
5.890616671847304418e-07
5.903558795533522582e-07
5.885893325621161742e-07
5.896582932119255813e-07
5.898516406010529625e-07
5.889375862201982415e-07
5.904376774626621831e-07
5.894358478728777611e-07
5.897397285301685672e-07
5.899017492177215075e-07
5.889884462793819687e-07
5.891183504354715700e-07
5.882774984744145254e-07
5.881397152503421719e-07
5.880792629648415507e-07
5.880838000600667354e-07
5.887343282574274822e-07
5.882457590746096379e-07
5.884955762441072736e-07
5.886569388927208870e-07
5.871813404124010039e-07
5.875221904452426696e-07
5.870873889260840434e-07
5.858884152898167516e-07
5.868131155566109413e-07
5.857570324493057209e-07
5.855582306035953030e-07
5.858507552695014861e-07
5.844110280521872353e-07
5.847314706222516923e-07
5.840416391350572829e-07
5.836020146734654257e-07
5.835091627020829447e-07
5.823876298513469301e-07
5.825306182997573707e-07
5.818457938788026893e-07
5.815270140837230802e-07
5.818211885537823848e-07
5.814994000283786806e-07
5.814360212309657307e-07
5.811771605629035684e-07
5.811061241465807610e-07
5.804620036341338738e-07
5.803006706715485491e-07
5.804442831035656600e-07
5.798498642351752870e-07
5.805213471435920184e-07
5.802664646404023089e-07
5.797274051398450606e-07
5.801942834954890564e-07
5.788598708732619460e-07
5.785115982703616770e-07
5.777832852426896908e-07
5.763412959718295643e-07
5.764114548071232344e-07
5.741152776247601481e-07
5.732939223566784337e-07
5.721579027784287535e-07
5.693444221032497046e-07
5.692524882891754775e-07
5.670523701110934068e-07
5.660121082914187682e-07
5.650614338966910634e-07
5.624179255163659157e-07
5.611432147363774824e-07
5.579367342341398546e-07
5.556338614236214359e-07
5.528714742950429633e-07
5.503146239193191066e-07
5.475558957632343360e-07
5.437777075190088602e-07
5.410707533189468604e-07
5.358212236674875115e-07
5.326345480082062201e-07
5.274078706775030997e-07
5.219735116453806462e-07
5.180886668294493182e-07
5.103729639759147127e-07
5.060205685047659617e-07
4.985890597519928803e-07
4.916248203459813198e-07
4.848461951901444626e-07
4.752644394006481632e-07
4.686777963372950684e-07
4.571550855047428142e-07
4.487621821143183496e-07
4.365612278387171916e-07
4.226465689490212006e-07
4.117402639002949687e-07
3.930874699832179105e-07
3.808295016597516259e-07
3.604217726195558599e-07
3.387761136269643662e-07
3.206074494785560601e-07
