# bin_5_5
0.000000000000000000e+00
0.000000000000000000e+00
7.404864954521135921e-06
7.393752768922185970e-06
7.357267480567074622e-06
7.419586293968563766e-06
7.323814091543566086e-06
7.406673545073492626e-06
7.326054584226155723e-06
7.335708588491146278e-06
7.227513965761617709e-06
7.241981458378005972e-06
7.092451565241560056e-06
7.143240344371805412e-06
7.080255448436102494e-06
7.051606711794199960e-06
7.112181583544958196e-06
6.976888310389232191e-06
6.951608183111551912e-06
6.852452167464894727e-06
6.758151626945691545e-06
6.676819066553500126e-06
6.612095819448718194e-06
6.556236869350542707e-06
6.448873328681620135e-06
6.400242128082403255e-06
6.240826442793062996e-06
6.130393907901618102e-06
6.038583860729997119e-06
5.868469667648851791e-06
5.802833914902038994e-06
5.703197974161920875e-06
5.572545688200310734e-06
5.504944492144847341e-06
5.382824709376219958e-06
5.254214595157898087e-06
5.195265354981056794e-06
5.063733736879533483e-06
4.987310333880768350e-06
4.932076631870953374e-06
4.799980247869585856e-06
4.783578178495875605e-06
4.677069989064554874e-06
4.598636652896395355e-06
4.587980616898763728e-06
4.460925958666704998e-06
4.447892343841966078e-06
4.368615896017592922e-06
4.292398154678591607e-06
4.290058888288813418e-06
4.188454578172951407e-06
4.174635777266756396e-06
4.120896618711291704e-06
4.053243018324641033e-06
4.025923205653888332e-06
3.939461952779803287e-06
3.902304905863359721e-06
3.843323472730118394e-06
3.788553302027417014e-06
3.749082488284622370e-06
3.702943951222994581e-06
3.669101317892675065e-06
3.619693559764270498e-06
3.589419434400946303e-06
3.524332783248238137e-06
3.497325752665841363e-06
3.459610107574100944e-06
3.401691778702200061e-06
3.402543553285364498e-06
3.335907053277269216e-06
3.316679466327265360e-06
3.288470360497556041e-06
3.235121262789544820e-06
3.233123437714903228e-06
3.171407465467803707e-06
3.172230738544289185e-06
3.137395029728003950e-06
3.105203312857508716e-06
3.118497793944995080e-06
3.051355107578747556e-06
3.058041304880744115e-06
3.015117055176810372e-06
2.982638456958112626e-06
2.983176698810415761e-06
2.922595710810197689e-06
2.949602047266057717e-06
2.903454449966400709e-06
2.886312682895089630e-06
2.900903330287629571e-06
2.838359176498205657e-06
2.858692352224569232e-06
2.821361394579740829e-06
2.795482630569227793e-06
2.796305321294859737e-06
2.749477639748268468e-06
2.755837682042614275e-06
2.726079498695078620e-06
2.715335811312397251e-06
2.711373206130666686e-06
2.680386927580709594e-06
2.683897633642438103e-06
2.654108738767091528e-06
2.636216367419339788e-06
2.624078787504333816e-06
2.593186637670491507e-06
2.586362969162214595e-06
2.565949082950261094e-06
2.544045510049939195e-06
2.535518014670492254e-06
2.511167003546208813e-06
2.493586532814604287e-06
2.482733172525768190e-06
2.457871463987238643e-06
2.448575103318435839e-06
2.430968779607295975e-06
2.407913603317866650e-06
2.399898417327963711e-06
2.378249189395198019e-06
2.365303025264204292e-06
2.347138824428586980e-06
2.331130585069990221e-06
2.317818027959665805e-06
2.295047347858887979e-06
2.291986838033778552e-06
2.275089124203010052e-06
2.267536130104387789e-06
2.259727128550174035e-06
2.240518255457013051e-06
2.239342902159986609e-06
2.217447763210217357e-06
2.209414817431318745e-06
2.198434029277997567e-06
2.177830507606032115e-06
2.174423894420543761e-06
2.152912522448413806e-06
2.144761673614213637e-06
2.131907652805925687e-06
2.117163591210574499e-06
2.112837253708914325e-06
2.097521888422430601e-06
2.093927139999800271e-06
2.079588636404520308e-06
2.071100030678612158e-06
2.061752175300553281e-06
2.048381515905409312e-06
2.048097072129019525e-06
2.031989939654095587e-06
2.032730331488577975e-06
2.025071940940358360e-06
2.011465460450078362e-06
2.010845712252718308e-06
1.991382114381349718e-06
1.988531335688244291e-06
1.976795526932373147e-06
1.965964150499496258e-06
1.968681994770987180e-06
1.952934867059686949e-06
1.953921145820335303e-06
1.948413023496732065e-06
1.936190306407925112e-06
1.935449492879852185e-06
1.925442280558049314e-06
1.917274991655184076e-06
1.911395455257709940e-06
1.903743675261670728e-06
1.896961240893659158e-06
1.892976918905810090e-06
1.884677655557270470e-06
1.882522428785469764e-06
1.877362854586999921e-06
1.868081920973515943e-06
1.871830960952013458e-06
1.857807041826593881e-06
1.856616714784770099e-06
1.855303622470351949e-06
1.837913458324427299e-06
1.841977790959377055e-06
1.825457901343236807e-06
1.818563928297409211e-06
1.814233217696963309e-06
1.795189484524441459e-06
1.798430749727118131e-06
1.782474504058356261e-06
1.778057332145273335e-06
1.776755681324501220e-06
1.760051009536012132e-06
1.760498154613078843e-06
1.746316268079809824e-06
1.737849693288298105e-06
1.732342777424144947e-06
1.722470431186892757e-06
1.719289451707751461e-06
1.708008195515552926e-06
1.704307385774911198e-06
1.695084646036596562e-06
1.688986472369943862e-06
1.685100928490017824e-06
1.674781269654732503e-06
1.673754506741273581e-06
1.662762858114705346e-06
1.657419687726314186e-06
1.654280802453556085e-06
1.646024747706530172e-06
1.647450461860995944e-06
1.641274453914734423e-06
1.638561669075091849e-06
1.636359472379956177e-06
1.629817166377026497e-06
1.628009341737368673e-06
1.620115213976362786e-06
1.615874609508590735e-06
1.613573768672120457e-06
1.606176987707507168e-06
1.605120925833026076e-06
1.603237245394996094e-06
1.595462181390607700e-06
1.594783055948127608e-06
1.592039551179407686e-06
1.587336963990219810e-06
1.590509075938557662e-06
1.586345271701001461e-06
1.584524153529509181e-06
1.583418526013108497e-06
1.578145200548996608e-06
1.577319012332579501e-06
1.570384814729444025e-06
1.567833829333403441e-06
1.562277842881814388e-06
1.557611767251583754e-06
1.557881049752233991e-06
1.550562995170760725e-06
1.553647863112561278e-06
1.547966720627412362e-06
1.542950062750658381e-06
1.544747950459638922e-06
1.535865042244069383e-06
1.539794284796458385e-06
1.537745375295532409e-06
1.535067540396935009e-06
1.536917176208097890e-06
1.529932739798735789e-06
1.528295760307207963e-06
1.521854767957094840e-06
1.518759396890875434e-06
1.513885681325763010e-06
1.508958243036414489e-06
1.508758185472159987e-06
1.501285510688551902e-06
1.501900178255899432e-06
1.498047386994756808e-06
1.493737879585764009e-06
1.493655757285667483e-06
1.489566621026694285e-06
1.486747052897633103e-06
1.482157830543323032e-06
1.482132964157581907e-06
1.475838954258260746e-06
1.476306040721974512e-06
1.477071897880267373e-06
1.471891796996971897e-06
1.478424691010328504e-06
1.471330083233194487e-06
1.473132782252049308e-06
1.474907108525651291e-06
1.467379795286119046e-06
1.473087646277872760e-06
1.465173094934302312e-06
1.464481627010050543e-06
1.461810467275508569e-06
1.455291020344787194e-06
1.459025220900604745e-06
1.453146293150133425e-06
1.458674867328936455e-06
1.456970592067470019e-06
1.457111372308692426e-06
1.461727211330657358e-06
1.452904306035914458e-06
1.459354191478128828e-06
1.454165379350844935e-06
1.451907932423107355e-06
1.458184498344572748e-06
1.451659854444391247e-06
1.458495916823720588e-06
1.455754719913232451e-06
1.453612148083867234e-06
1.456010535134550239e-06
1.446401520127019621e-06
1.448963919189674289e-06
1.443309721311014000e-06
1.435872697856733217e-06
1.438219974992099074e-06
1.429964269106058427e-06
1.428355619394855846e-06
1.427915046172115473e-06
1.421169996726816154e-06
1.421726702433089601e-06
1.417243441619657003e-06
1.412035227309324766e-06
1.411932208627379867e-06
1.405295474250595767e-06
1.403415627816242898e-06
1.403441833543777792e-06
1.398937205150477128e-06
1.400868234626925476e-06
1.400927306356053853e-06
1.398877442773148780e-06
1.398978297002708825e-06
1.397638390015372903e-06
1.395404057546789004e-06
1.392492715631504513e-06
1.392121322491226625e-06
1.387548353560373508e-06
1.383805555950288511e-06
1.382575562182012323e-06
1.375307963138093231e-06
1.374306850859321686e-06
1.371820167305447845e-06
1.366680631956608642e-06
1.367855555854073369e-06
1.362960178650129214e-06
1.359077313031129743e-06
1.357054618476040155e-06
1.351891196973082000e-06
1.348106691343144568e-06
1.344683577897772815e-06
1.343878391451704063e-06
1.340137466694893814e-06
1.339872902292106338e-06
1.341706756946954618e-06
1.337570003817398272e-06
1.339628817837398036e-06
1.338367496449188357e-06
1.335443949644770404e-06
1.336167453890608139e-06
1.332726007505229071e-06
1.333807431869049241e-06
1.332271336233634484e-06
1.331760288365788685e-06
1.332025004805028351e-06
1.328145277703292155e-06
1.330443182734453529e-06
1.326551769108719632e-06
1.325732831350773972e-06
1.326592528486620568e-06
1.322748186722768284e-06
1.325660440572940214e-06
1.321628692286583939e-06
1.323446300873288991e-06
1.322959895326966337e-06
1.317622995159194735e-06
1.322494126965318680e-06
1.314812834122773471e-06
1.315823020463749727e-06
1.317941451133715404e-06
1.310979570497388367e-06
1.317111986691484370e-06
1.314644561248983058e-06
1.314372880784140276e-06
1.315911693436054397e-06
1.312960145653308382e-06
1.313184517761964195e-06
1.308354238658177059e-06
1.309684181019499160e-06
1.305953078966219072e-06
1.305298443690391977e-06
1.308227391249385314e-06
1.303571270815704871e-06
1.306351067453503717e-06
1.302534548601172937e-06
1.301895028967603794e-06
1.302303063463911477e-06
1.299108971865227444e-06
1.301845320750375944e-06
1.297027611696151317e-06
1.296871867767860289e-06
1.292390097576721945e-06
1.289098392323465960e-06
1.290097318509918020e-06
1.283733843152106509e-06
1.288330363026888362e-06
1.285537669184377867e-06
1.284863576014400600e-06
1.287814113764780152e-06
1.282811020284004620e-06
1.287463600936738023e-06
1.284108608063344520e-06
1.285132466661537410e-06
1.287518687667274430e-06
1.282472867935862926e-06
1.286254592486489669e-06
1.281539509447745208e-06
1.279326797440366589e-06
1.279182358868198740e-06
1.273086656627250363e-06
1.272520845543600556e-06
1.269586613869199506e-06
1.267776623009898817e-06
1.267861704791353408e-06
1.267222294728406087e-06
1.268100935376315017e-06
1.268795454460335996e-06
1.268876124993045796e-06
1.268297118952849090e-06
1.266766699938002906e-06
1.264850087156492988e-06
1.263448426194885720e-06
1.261137458008954640e-06
1.262418976556489412e-06
1.262280915195343038e-06
1.261487855901560273e-06
1.261744931143225821e-06
1.259333334187722577e-06
1.259851843397873091e-06
1.256263457380477506e-06
1.257614221748812762e-06
1.257201356003256263e-06
1.253135835151407129e-06
1.256464163390632196e-06
1.249265765384499442e-06
1.249198081210891473e-06
1.247240269214037986e-06
1.242110300381229227e-06
1.245989638296135966e-06
1.239337355580227964e-06
1.242831458297100155e-06
1.240193793294949827e-06
1.238262960701955224e-06
1.242148617970646396e-06
1.234813420871300437e-06
1.242060065408901572e-06
1.235732921961876185e-06
1.236310525794021267e-06
1.239495609509803940e-06
1.228889687203728329e-06
1.238735946650321243e-06
1.229947867243181006e-06
1.232228482542828703e-06
1.236545744205065259e-06
1.226170392866308208e-06
1.236488942043716697e-06
1.226011849484861659e-06
1.228394741960999162e-06
1.230297935230943664e-06
1.221062992989073230e-06
1.231289442293378329e-06
1.220903301018793164e-06
1.224914475581511844e-06
1.225705420853296059e-06
1.218238673261435064e-06
1.227389265114066342e-06
1.218815910665409593e-06
1.222486063553729256e-06
1.222490680978179709e-06
1.217720115238220414e-06
1.222717219833170039e-06
1.217120049173658643e-06
1.219395628454288277e-06
1.216841909767110332e-06
1.216165297792779326e-06
1.216488609925902931e-06
1.213947475609546813e-06
1.217748662526509882e-06
1.213644136901997049e-06
1.217221614649748196e-06
1.216599970665376593e-06
1.215668618388788912e-06
1.219642255173688561e-06
1.215817783255493190e-06
1.219568624660144279e-06
1.216931304592559260e-06
1.216792705003344560e-06
1.218590938718212176e-06
1.214904680051586890e-06
1.217756365927035225e-06
1.214510597639584185e-06
1.213964867098752473e-06
1.213528066570309256e-06
1.211566005824688433e-06
1.211443585761161153e-06
1.209733193658291834e-06
1.210754286018172558e-06
1.207701443146217516e-06
1.209246838439569095e-06
1.207626302241875341e-06
1.205808848063817658e-06
1.207809968914835026e-06
1.203216875387761191e-06
1.205026109393678102e-06
1.202168800722707157e-06
1.201143077235512123e-06
1.201784012212113673e-06
1.197937981809409253e-06
1.201528614221512762e-06
1.198069416233807596e-06
1.199147023025904479e-06
1.199898044750416388e-06
1.197319783413339198e-06
1.201214828301751714e-06
1.197511955308230451e-06
1.199579141249103873e-06
1.199899011575201920e-06
1.197780052843255868e-06
1.200500759339643784e-06
1.196989587523839014e-06
1.196866321504921043e-06
1.195256036740540991e-06
1.192617810049967153e-06
1.190908384847147114e-06
1.189140845052121128e-06
1.189566916285159849e-06
1.187094007640505140e-06
1.188474190547918621e-06
1.187295413147215843e-06
1.186098464225741798e-06
1.188399741089526870e-06
1.186316725597779926e-06
1.187564408975867218e-06
1.188288648862998275e-06
1.187237312425273298e-06
1.187773186374521564e-06
1.186549897588091208e-06
1.185508793789661654e-06
1.185035129020924402e-06
1.184866149385009298e-06
1.185495840047494267e-06
1.186514528555404337e-06
1.186970451696605708e-06
1.188041865290797242e-06
1.187865905103868027e-06
1.187766849464754067e-06
1.188990115503694708e-06
1.188359972434782421e-06
1.189319521493201419e-06
1.189315788678555426e-06
1.188478268478616472e-06
1.189037985635029926e-06
1.187743858811626268e-06
1.187850216442190296e-06
1.188426818026529502e-06
1.187533804420188351e-06
1.187859038802141844e-06
1.187483385452727503e-06
1.186557699688576558e-06
1.187423010288559655e-06
1.185160744116874882e-06
1.184440499292460883e-06
1.184708401327545254e-06
1.180621515187257792e-06
1.183279851594604034e-06
1.182455228238749699e-06
1.180732797499715816e-06
1.184950195359115022e-06
1.180860386126899165e-06
1.182274803548182641e-06
1.183331390936818978e-06
1.180450346323513272e-06
1.183289894903786844e-06
1.180680293545516282e-06
1.181092842162343059e-06
1.181494762764120164e-06
1.180640176456900390e-06
1.183071651721346730e-06
1.181269328131594761e-06
1.182568045802556236e-06
1.181828539671507957e-06
1.180156489138904056e-06
1.181486604743495177e-06
1.178975875809842171e-06
1.179100399196201770e-06
1.177683749971797289e-06
1.175003824589320289e-06
1.175321887113600546e-06
1.172514576753121278e-06
1.173111460016043336e-06
1.173511853212474379e-06
1.170644017334768139e-06
1.171623666266544767e-06
1.168736334726313399e-06
1.166383835587112504e-06
1.166070162573106850e-06
1.163279459167893651e-06
1.163130228610614928e-06
1.161712147726882327e-06
1.161784950681855885e-06
1.160251278433789085e-06
1.160396746515551887e-06
1.161430852767998114e-06
1.157306688231458563e-06
1.160860048990133124e-06
1.157389495557276777e-06
1.155828648724762219e-06
1.159094781153359620e-06
1.153201117286286924e-06
1.157609710223519721e-06
1.154776287941468650e-06
1.153628706195640264e-06
1.156862902401180840e-06
1.150670674879952859e-06
1.154822677082713545e-06
1.150738659464438328e-06
1.150048410459750909e-06
1.151774043987468996e-06
1.146013450781759951e-06
1.149777113575194107e-06
1.145755602947306182e-06
1.146821172705034979e-06
1.147210268333302151e-06
1.145197282763713438e-06
1.149144038366484913e-06
1.144648071553333815e-06
1.148648669463633802e-06
1.146775335229121321e-06
1.145570086133888382e-06
1.149073464274953695e-06
1.142577999554866083e-06
1.146243250568806880e-06
1.143172223520768193e-06
1.141145302317368822e-06
1.144497449780442786e-06
1.140880336836453701e-06
1.144112894359634263e-06
1.143025508968357813e-06
1.143804656779464190e-06
1.144756318174162864e-06
1.143434718585751954e-06
1.145277941867444950e-06
1.142291078435195033e-06
1.144275859268826645e-06
1.142677560909952039e-06
1.141534227450059905e-06
1.142571753807726171e-06
1.138346147280435217e-06
1.139419955674276889e-06
1.135983385278379266e-06
1.135345200610040346e-06
1.135878457229730680e-06
1.133197415017175766e-06
1.135722202025061854e-06
1.133404796755007746e-06
1.134713513315061223e-06
1.134752447923574341e-06
1.134035457652277037e-06
1.135934021726450881e-06
1.132835361627472086e-06
1.135905327800362227e-06
1.133620385337005799e-06
1.133879262393973032e-06
1.136467493253593799e-06
1.131352585102524798e-06
1.134903420878158493e-06
1.131790490626259662e-06
1.130434002021370751e-06
1.132932822055068617e-06
1.129725761505845661e-06
1.132810230058814611e-06
1.130850741054016965e-06
1.132018829598696369e-06
1.132232192631888940e-06
1.130719857376426908e-06
1.134480478408313521e-06
1.130967692808961107e-06
1.133380741658973782e-06
1.132980626090053597e-06
1.131148209020704796e-06
1.133943589705360437e-06
1.131479511511754851e-06
1.134141815953227198e-06
1.133586244959015688e-06
1.134685562214758268e-06
1.137079215729701281e-06
1.136621646189320345e-06
1.140520333669040291e-06
1.139367223841362752e-06
1.141314879003652681e-06
1.142022689906834180e-06
1.141101455476876854e-06
1.143454752849657391e-06
1.142836467920124827e-06
1.144728024169919719e-06
1.143737156895322563e-06
1.144567249238357306e-06
1.143780335506171100e-06
1.141166799939463858e-06
1.142875637055021701e-06
1.139704471222876484e-06
1.141165669936018053e-06
1.141329951330975263e-06
1.139657296121426793e-06
1.141428175169742036e-06
1.138784119180375768e-06
1.139150880938922836e-06
1.138438888026722207e-06
1.137904878011572645e-06
1.138295977933971866e-06
1.136978773971133495e-06
1.137692321102376763e-06
1.136118421193461082e-06
1.136036062666228215e-06
1.135071723133674255e-06
1.134283729625691423e-06
1.133562796110949218e-06
1.130529910585814647e-06
1.130943722578706928e-06
1.128114019137061341e-06
1.126537067193436096e-06
1.127247816605605056e-06
1.124630783517319616e-06
1.124764876359109227e-06
1.124561463330529480e-06
1.122874548136315424e-06
1.122626024250559987e-06
1.121556838313959442e-06
1.119073660001257596e-06
1.118792187872146753e-06
1.117517533497926057e-06
1.115430581738141164e-06
1.116331689016923801e-06
1.114841182686220138e-06
1.114915043418801834e-06
1.114897053726928243e-06
1.113891926200362655e-06
1.114242223905260342e-06
1.111915423709150423e-06
1.112575254388009875e-06
1.111306992441399255e-06
1.110962143882137415e-06
1.112644675631962078e-06
1.111439028124603814e-06
1.114331064855582787e-06
1.113141050294255458e-06
1.113903247016428695e-06
1.114968407771735930e-06
1.111947407451179953e-06
1.114926666871434770e-06
1.112214371168542462e-06
1.112228354768670818e-06
1.113427351407580407e-06
1.110486499190022781e-06
1.112946917802960562e-06
1.109774668383030797e-06
1.110132137436284196e-06
1.109769889768204552e-06
1.105960365243491253e-06
1.108295319577750484e-06
1.104489473477693554e-06
1.103999516878304216e-06
1.103594914489297988e-06
1.100390830803664505e-06
1.101243977626539161e-06
1.099308364298855309e-06
1.100433194319862518e-06
1.099137031980097969e-06
1.099135488338578523e-06
1.100103330267887372e-06
1.097255631037112060e-06
1.100271403751444854e-06
1.098654548682702879e-06
1.099208916540902686e-06
1.101946188546053163e-06
1.099599889112044189e-06
1.101854764805886846e-06
1.100631337528908716e-06
1.099615145659160417e-06
1.099300172721899068e-06
1.098417785938974533e-06
1.099417115087876225e-06
1.097701243754451662e-06
1.100266931710489412e-06
1.098878274976155010e-06
1.097843869848670363e-06
1.099771514591986714e-06
1.096259465388970462e-06
1.099035660338938069e-06
1.098811454004374936e-06
1.097527553505765039e-06
1.100187024297890064e-06
1.097450298320687090e-06
1.098333079808403336e-06
1.097978766067876733e-06
1.096721019756768173e-06
1.097936590827737604e-06
1.095821225597565199e-06
1.096103805450568707e-06
1.095842015285879339e-06
1.095065031250677917e-06
1.096010719277702921e-06
1.094841356351265593e-06
1.094674700909053756e-06
1.094691457212781143e-06
1.093504524776486211e-06
1.094231373234348423e-06
1.094644780351372654e-06
1.094441310085447187e-06
1.095450879090935278e-06
1.094068796651205841e-06
1.093324765064727848e-06
1.093714084831944812e-06
1.092621749235038452e-06
1.093537938802576391e-06
1.094185840870130613e-06
1.094955372877266094e-06
1.095929803536484166e-06
1.096572160211057349e-06
1.096574574053160741e-06
1.095918053917002859e-06
1.096731351664241469e-06
1.094697746751622473e-06
1.095804986738110691e-06
1.096469217831317564e-06
1.095061271104503237e-06
1.097938745169274820e-06
1.095401915687901701e-06
1.096752407451783942e-06
1.097313166339731542e-06
1.095032074291324897e-06
1.098944241351184146e-06
1.095894300200289446e-06
1.097282742253184008e-06
1.097753042323952002e-06
1.094563873754735575e-06
1.097087014437909423e-06
1.093153503842567780e-06
1.093477142968323066e-06
1.093049814472379287e-06
1.091533607217458864e-06
1.093764567877933468e-06
1.092510811312813990e-06
1.095230011370225218e-06
1.093864483199538343e-06
1.095149605674052467e-06
1.095855256691908462e-06
1.093200241615316810e-06
1.096552164878706603e-06
1.093426641075720467e-06
1.095108100471687085e-06
1.095011240243662376e-06
1.092591841421093827e-06
1.095411963125191060e-06
1.090997625499696052e-06
1.092675758312029658e-06
1.090863203108741283e-06
1.088205507793165234e-06
1.089639366898264873e-06
1.084870642525766902e-06
1.086095226715522517e-06
1.083199808955538930e-06
1.082217973827043252e-06
1.082592426486936657e-06
1.078555001076165695e-06
1.080750867702822684e-06
1.077519064389578797e-06
1.077213755352046015e-06
1.076807819499575474e-06
1.073605481134428425e-06
1.074818176856909497e-06
1.071467405042621277e-06
1.072054470973957959e-06
1.071827128844804186e-06
1.070414392680228931e-06
1.071097575530448448e-06
1.069863092906541319e-06
1.070905176840498005e-06
1.069692960373328060e-06
1.070597406794198504e-06
1.069852668285795856e-06
1.068307530905285099e-06
1.069280808605742824e-06
1.066798983297710601e-06
1.067777581204596636e-06
1.066956553164460932e-06
1.066074449285985437e-06
1.066421746445931901e-06
1.064803824465082770e-06
1.066483047524059172e-06
1.065655330018975631e-06
1.065856697588065302e-06
1.066174165604197328e-06
1.064784868624350222e-06
1.064785005257042822e-06
1.063456039312115070e-06
1.063945303884200332e-06
1.063350245489469521e-06
1.063038625230998230e-06
1.063310890938165178e-06
1.062677142370268058e-06
1.064008305945229320e-06
1.063614833820628801e-06
1.064306472330549836e-06
1.065399521881069968e-06
1.063908283417695419e-06
1.064288182382848548e-06
1.064548496871908065e-06
1.063258774773077024e-06
1.064504344467783492e-06
1.063956076686389561e-06
1.062927370418289848e-06
1.064448201125524954e-06
1.062592458675415347e-06
1.064096141205164069e-06
1.064311641216223691e-06
1.063259030615237598e-06
1.065632555431653546e-06
1.062446851242144697e-06
1.064069599407943825e-06
1.063333718230876797e-06
1.061593503713488006e-06
1.064207414187524956e-06
1.060581738430963683e-06
1.062958547291822445e-06
1.061646190959441396e-06
1.061360238229992195e-06
1.063702445862108603e-06
1.059923454731461191e-06
1.063795558608306310e-06
1.060235474894706254e-06
1.059588947621290004e-06
1.061360238071360923e-06
1.056295061765316006e-06
1.059965940305826034e-06
1.057350933425018288e-06
1.056872103154852570e-06
1.058628995434177394e-06
1.055638160323555195e-06
1.056990109077350429e-06
1.055752871742404208e-06
1.055864927404508907e-06
1.055292254944968954e-06
1.055490589988180138e-06
1.054773090380144205e-06
1.053537735609233462e-06
1.054574102729194045e-06
1.052160696750439007e-06
1.053579042899970343e-06
1.052147085453321732e-06
1.051732407745579528e-06
1.051786787384339362e-06
1.048907652644608636e-06
1.049854122606232615e-06
1.046444871090123968e-06
1.046497449208197116e-06
1.044262020809125871e-06
1.042550178418403239e-06
1.043380501010439397e-06
1.039159166337889954e-06
1.041426662523341255e-06
1.038297910906169097e-06
1.037586999952134048e-06
1.038179712804567120e-06
1.035109137461843922e-06
1.037545042450583343e-06
1.033954351485625877e-06
1.036045107122908876e-06
1.034870357336855659e-06
1.032798119943970511e-06
1.035462382078728742e-06
1.030438925744001526e-06
1.032657284252318758e-06
1.029793008727444936e-06
1.028296417216902681e-06
1.029363421044452311e-06
1.024809107536284954e-06
1.027321889747079447e-06
1.023595359513801749e-06
1.023293100566274952e-06
1.022567158014020981e-06
1.019994007598851599e-06
1.021574597870874550e-06
1.017194774103388284e-06
1.020084414883650377e-06
1.016651792040261994e-06
1.014810240274498063e-06
1.017557310272765941e-06
1.011845423034311099e-06
1.015447512713458847e-06
1.012977984406438226e-06
1.011221108176676323e-06
1.013106098753431126e-06
1.008404909209907334e-06
1.010372910244110536e-06
1.008056321121872778e-06
1.007535028263335024e-06
1.008194642202644355e-06
1.006235144344620228e-06
1.007441721308400378e-06
1.005088953266860453e-06
1.005926103674784675e-06
1.004086769458844543e-06
1.002647124896735561e-06
1.003275842600184702e-06
1.000149169491733247e-06
1.000319629858165002e-06
9.977300259745903512e-07
9.957436902047155149e-07
9.932897574993033581e-07
9.892775184050638324e-07
9.862854458417515049e-07
9.814466228797374905e-07
9.785220308001366590e-07
9.730590453995874051e-07
9.695176462990418581e-07
9.642757137216872278e-07
9.580852887801683568e-07
9.536450356192277326e-07
9.446030460191208816e-07
9.403503355256035022e-07
9.310856300822093499e-07
9.225333126843642797e-07
9.155709567866156347e-07
9.027526866081289552e-07
8.957280047040560093e-07
8.827103349583451880e-07
8.718754653756268285e-07
8.588863681695048887e-07
8.424897629517718591e-07
8.298377161364147599e-07
8.088448022642794518e-07
7.943818045651124596e-07
7.718085166347445115e-07
7.503591349902675278e-07
7.304806818928065506e-07
6.987074914759776101e-07
6.795726563206929631e-07
6.417452452728598540e-07
6.058382057577461232e-07
5.722993188513815850e-07
