# bin_4_3
0.000000000000000000e+00
0.000000000000000000e+00
6.659260914262831162e-06
6.809433975683519671e-06
6.808451960533994477e-06
7.042545959294509412e-06
6.795404532089753422e-06
6.997181857008471434e-06
6.690185747450934069e-06
6.754571449172414160e-06
6.535267920522267406e-06
6.490843988573639167e-06
6.373491121752430724e-06
6.273997671116124942e-06
6.222801309937061896e-06
6.115055929428834803e-06
6.085608650061688195e-06
5.930034302492210102e-06
5.840169464591074611e-06
5.722459410460583259e-06
5.596724108345369132e-06
5.500502555652869442e-06
5.403440625682795900e-06
5.329891989792386668e-06
5.225874317786345709e-06
5.157673182683042388e-06
5.044113934668677089e-06
4.949864945672395962e-06
4.844945619265380054e-06
4.712092211700941757e-06
4.621973931758533622e-06
4.504441806987251470e-06
4.411420619392228943e-06
4.307336991833873727e-06
4.194972678632546268e-06
4.085619070343559357e-06
3.971363202778350357e-06
3.866276536469878984e-06
3.776317057856347445e-06
3.701711545034129834e-06
3.604942390339546524e-06
3.557705535142269039e-06
3.462085661563925139e-06
3.375889918357978361e-06
3.331353559069100288e-06
3.211734573151301729e-06
3.166194014905056352e-06
3.078110770484532611e-06
2.996494512724447397e-06
2.956517975063493663e-06
2.850035135007434306e-06
2.819427723576071277e-06
2.738852875481712287e-06
2.684262006121669825e-06
2.649404928497963129e-06
2.563183298603965890e-06
2.550336115915256999e-06
2.470867258204888749e-06
2.431096193260262690e-06
2.398395418927893132e-06
2.336733200363622934e-06
2.327038577890175284e-06
2.255784316339809216e-06
2.237500245568108922e-06
2.184586469660727368e-06
2.129243189939822602e-06
2.122713201770903266e-06
2.055893613485474497e-06
2.049561304539793831e-06
2.006840238356190965e-06
1.972686754476987753e-06
1.958744523194685677e-06
1.906168145304109415e-06
1.897416877745193706e-06
1.852006616112852825e-06
1.834569942132828528e-06
1.806352578677148108e-06
1.774654753571262110e-06
1.761844525158469338e-06
1.711254000257992715e-06
1.705771296915139793e-06
1.660023009489369388e-06
1.642254081617789104e-06
1.626327229926214420e-06
1.585985674397939103e-06
1.596232897773301556e-06
1.544333375905124398e-06
1.544978906192497935e-06
1.525341616253787599e-06
1.486066927037603222e-06
1.502269174743576965e-06
1.454893469745326271e-06
1.456775107319266819e-06
1.436687700988143134e-06
1.409960624889700903e-06
1.410537298296920063e-06
1.372448473818087453e-06
1.378114385834524992e-06
1.349426254903926772e-06
1.335493779133193972e-06
1.324871956297362913e-06
1.291719455024563754e-06
1.286285253547740259e-06
1.249602844121337271e-06
1.244235881779733761e-06
1.221630496044996892e-06
1.204460118209878702e-06
1.203009202248219922e-06
1.171439581369881952e-06
1.179070572299000347e-06
1.153105478305733566e-06
1.143391656753449090e-06
1.140487437400041787e-06
1.109283773393060576e-06
1.116353695611171829e-06
1.093129049009987564e-06
1.085683847239589619e-06
1.085045780407167715e-06
1.064719325605921691e-06
1.063040884540207437e-06
1.047198249739997425e-06
1.037096108673980151e-06
1.025304404585313151e-06
1.020327043827605557e-06
1.010358438615668757e-06
9.982243014207699550e-07
9.983644697215384643e-07
9.757510712085639759e-07
9.739661699241016216e-07
9.659553740523291162e-07
9.526986491829673459e-07
9.558813490948279096e-07
9.394070706951880820e-07
9.409067790125226293e-07
9.320890222123652713e-07
9.222539582749794003e-07
9.235427955224719953e-07
9.073484462895344526e-07
9.118123378980144482e-07
9.030986468386103085e-07
8.970858809920751418e-07
9.036727918230468844e-07
8.868698726746248027e-07
8.879722258751213549e-07
8.814819575633689530e-07
8.687704769113726132e-07
8.701757139618231043e-07
8.569438105534249632e-07
8.516365947841939031e-07
8.453887263334840306e-07
8.336147797709813359e-07
8.303148980841437844e-07
8.195212485642095426e-07
8.134701716887904929e-07
8.086446444802660183e-07
7.971319873178222729e-07
7.923445806785048937e-07
7.841512799408929043e-07
7.740558560278820880e-07
7.674356739472490901e-07
7.564012290644423542e-07
7.483910349179934355e-07
7.389240002018958680e-07
7.297103326135049850e-07
7.245253884494551526e-07
7.151537592142938550e-07
7.117135934393786170e-07
7.038806527184887722e-07
6.969055265319158142e-07
6.944649005562550330e-07
6.814242817830968238e-07
6.782610023387580375e-07
6.696129865228365966e-07
6.611922019497660763e-07
6.614783437497705254e-07
6.488492999509266617e-07
6.495961038685397940e-07
6.425337807139956473e-07
6.317956823491726428e-07
6.338450030182383729e-07
6.197526382624382443e-07
6.181002749134009406e-07
6.147011303167038073e-07
6.055292832067616850e-07
6.095152201719374109e-07
6.006814440498299423e-07
5.983097307429509039e-07
5.960109957421927785e-07
5.878618362825805284e-07
5.894098568521162986e-07
5.837224980092242920e-07
5.826438260002488061e-07
5.825970982933609645e-07
5.769263462971127924e-07
5.770405302454629494e-07
5.709055601806493197e-07
5.662357666230889904e-07
5.641116065275417439e-07
5.568425819778314515e-07
5.539577627853289263e-07
5.477764308234210758e-07
5.426741241520028740e-07
5.390215357940515938e-07
5.307318509601980074e-07
5.281844076360787108e-07
5.200113933040214393e-07
5.157357447462321663e-07
5.144360176733126278e-07
5.056961215186088322e-07
5.092464839691954117e-07
5.033663161504468328e-07
4.982574031231212339e-07
5.020165205550740515e-07
4.921740346992055426e-07
4.937098804179530354e-07
4.907896983175646485e-07
4.834033656570172304e-07
4.845896349358003815e-07
4.765022668810450519e-07
4.741405386133335680e-07
4.696244075385524858e-07
4.643380701820929470e-07
4.621775200408846693e-07
4.571721294621160336e-07
4.575682992686764794e-07
4.507662392340310952e-07
4.489252713029694264e-07
4.473637404119858321e-07
4.393948745912994244e-07
4.409800426251932339e-07
4.358155494543970663e-07
4.326051149368983964e-07
4.327656361964408390e-07
4.261187795249689693e-07
4.272588155008438238e-07
4.264861707155185680e-07
4.237299778892691524e-07
4.264895719784878367e-07
4.239499393644496616e-07
4.220843590246492029e-07
4.232702198577012260e-07
4.205629323936723763e-07
4.211881811007853740e-07
4.224548323397630000e-07
4.213272892863319581e-07
4.219202131604290334e-07
4.202863412540961481e-07
4.184859598226896334e-07
4.157299177618370973e-07
4.136866413635703491e-07
4.104223916486415087e-07
4.058419543006140384e-07
4.069360336280509214e-07
4.021677829076603446e-07
4.009620191988067095e-07
4.027663819399883551e-07
3.954812168357544476e-07
3.960000378236449126e-07
3.945367129921994343e-07
3.903746663913181632e-07
3.926675810825134976e-07
3.904776251303302602e-07
3.890438123603950547e-07
3.888377526142944764e-07
3.861038532273970032e-07
3.843635440653332131e-07
3.836305299771785683e-07
3.807671577798394626e-07
3.795386105907982903e-07
3.780852234149945830e-07
3.751630125015137023e-07
3.765075097672588991e-07
3.719221948512108073e-07
3.726455517028686804e-07
3.727648472187005360e-07
3.653530521930266120e-07
3.698696900635121216e-07
3.639341826836215843e-07
3.621655806648686920e-07
3.654355889452904153e-07
3.567727211648805301e-07
3.618665583072379133e-07
3.564222940734844174e-07
3.523360076030455947e-07
3.550182236152231357e-07
3.459786629148235835e-07
3.496804911121413648e-07
3.451354453579173447e-07
3.421734593653524684e-07
3.440507281878961085e-07
3.372164209427358466e-07
3.389592772118860696e-07
3.327517124391970932e-07
3.324418694139823050e-07
3.313567846011762918e-07
3.253850666903180078e-07
3.291996079438178040e-07
3.214024177333418414e-07
3.227964009491120865e-07
3.227738391528733275e-07
3.173334515955317872e-07
3.224304964277498470e-07
3.162836811414492969e-07
3.173240083635700650e-07
3.168131206064421635e-07
3.121565544663777212e-07
3.159111233777136155e-07
3.102222095318340417e-07
3.106715356764397423e-07
3.091030234818644334e-07
3.033832883478666079e-07
3.036998491374214950e-07
2.979862871650820241e-07
2.981208572374897318e-07
2.964236623178980290e-07
2.945939032551985494e-07
2.983837561046848237e-07
2.932510161796433946e-07
2.945083112203022274e-07
2.934078758636410390e-07
2.886558239593655375e-07
2.935759685622586680e-07
2.884058744103318646e-07
2.894834182873726891e-07
2.916922258624454640e-07
2.840346571164053442e-07
2.896382680972564904e-07
2.849763827779559873e-07
2.833036870100815281e-07
2.886400667596009859e-07
2.818074274006744209e-07
2.886537267273620650e-07
2.862515922321280725e-07
2.850935221012463096e-07
2.899556671832731431e-07
2.820675453656620311e-07
2.890483995695747323e-07
2.842966154204221309e-07
2.842720268031048998e-07
2.889217177266718985e-07
2.802911010586081162e-07
2.909127834835477494e-07
2.829221305860344011e-07
2.840470128590958805e-07
2.901716137509509676e-07
2.767131345951665695e-07
2.892788044687718653e-07
2.803301769598461679e-07
2.795666084514066600e-07
2.883897300197097985e-07
2.748010673572469501e-07
2.867191529715769232e-07
2.787326017804328844e-07
2.772261206964529974e-07
2.830051939927613368e-07
2.693089027500953285e-07
2.798769554822319580e-07
2.702448382218117670e-07
2.696977114490267713e-07
2.749526836285383652e-07
2.618700691760122161e-07
2.707355544499659442e-07
2.618414653434686188e-07
2.613983728928815390e-07
2.649996973171558864e-07
2.568029605340847272e-07
2.646152203516213971e-07
2.575922080481540694e-07
2.598136525112434721e-07
2.607075778386556409e-07
2.564693071883382461e-07
2.627907093663825300e-07
2.573911846833790458e-07
2.620005765389477565e-07
2.603173608080547640e-07
2.592556962264164179e-07
2.624171288972507788e-07
2.572129691780400606e-07
2.627146566985362163e-07
2.587401762075731555e-07
2.615309828648892508e-07
2.631665626085656599e-07
2.587033035649686178e-07
2.646596791148904264e-07
2.580754693672290899e-07
2.614724119599725442e-07
2.604074706195750289e-07
2.548430722683159477e-07
2.602068064357846669e-07
2.523809171234024618e-07
2.541112682536226658e-07
2.527392935716909662e-07
2.484156132874622480e-07
2.522736064359418909e-07
2.466050990763347867e-07
2.483830120500715307e-07
2.467858632259423095e-07
2.434881447953915281e-07
2.438415817863811095e-07
2.380446616432854712e-07
2.374489202689331711e-07
2.337498920919765191e-07
2.308993968416821498e-07
2.299771419482985193e-07
2.272699396253959107e-07
2.269743557859162333e-07
2.245868112253012354e-07
2.252000482913428522e-07
2.221794713442907111e-07
2.214009325807492970e-07
2.225359482973310621e-07
2.181517309069234774e-07
2.215284698928715157e-07
2.205877741700230876e-07
2.205005732997448528e-07
2.235352922765668683e-07
2.194657482091504610e-07
2.223310082812578030e-07
2.196970381454850463e-07
2.171005230708446675e-07
2.192727533735866192e-07
2.132058236286241022e-07
2.144318374438039864e-07
2.139894722042598672e-07
2.114498824228715635e-07
2.156492983411240138e-07
2.148048622032186615e-07
2.162148749690218915e-07
2.196458888514550392e-07
2.189992925377705657e-07
2.189354422051748420e-07
2.192710869021000409e-07
2.161063020348063572e-07
2.135834571139741371e-07
2.136565516298285577e-07
2.107436968818592959e-07
2.112206810922455839e-07
2.118504263359566575e-07
2.094102441104122324e-07
2.100658128297886562e-07
2.092481041229574488e-07
2.073579981530791450e-07
2.074834298589502246e-07
2.070123489511501771e-07
2.045401179780195298e-07
2.055960126633828377e-07
2.043654170016620320e-07
2.016384863995198828e-07
2.039089015696619911e-07
2.000242237772302921e-07
1.997651360796458788e-07
2.000834595125701591e-07
1.964948817575180872e-07
1.976636949219581374e-07
1.945749067668806647e-07
1.944053692746110341e-07
1.922008808513865144e-07
1.905138233327631677e-07
1.907702938317087293e-07
1.861558331331242963e-07
1.891980841140706531e-07
1.855048129726984629e-07
1.848481112601172479e-07
1.874642086327959782e-07
1.825440730806181839e-07
1.868107890325019710e-07
1.846641943517824782e-07
1.847116187014766985e-07
1.884798546859093912e-07
1.857400415173846226e-07
1.886800696896026674e-07
1.877342993405767857e-07
1.873456824875540174e-07
1.882437572937823332e-07
1.874249517663956820e-07
1.871525340593078825e-07
1.856006050448818327e-07
1.854554062797439920e-07
1.831816077129686843e-07
1.835609515102125649e-07
1.822582126674531923e-07
1.814229430098912548e-07
1.823356535855034623e-07
1.795937818599544742e-07
1.807268450126191973e-07
1.789456369285801405e-07
1.784172781473163455e-07
1.790579739630037707e-07
1.768037923841602385e-07
1.778626387733759346e-07
1.772659535654230620e-07
1.768576828184280812e-07
1.760431773860651934e-07
1.764579516441233048e-07
1.756919844956538269e-07
1.745511316776860847e-07
1.769996200756330621e-07
1.753698554153685905e-07
1.762087726652591804e-07
1.766033511773528298e-07
1.751604633326923337e-07
1.754637148112462124e-07
1.744152236095355815e-07
1.750206093047305323e-07
1.738148519356641328e-07
1.741193757832712280e-07
1.735471147584640874e-07
1.727083464419789843e-07
1.741641587522395986e-07
1.727129660623302448e-07
1.740996005708480168e-07
1.743036220616180228e-07
1.731549029473675795e-07
1.734968652681990018e-07
1.734795743972875480e-07
1.726596297645406366e-07
1.718952364224661800e-07
1.723695585414241868e-07
1.689507811669146863e-07
1.689083835511402570e-07
1.671757296636189315e-07
1.644854729762893793e-07
1.661048412933032333e-07
1.624459181017842877e-07
1.644301366573017371e-07
1.639080669246615735e-07
1.623587880729407898e-07
1.653464206986809684e-07
1.621649234398844409e-07
1.645866950117429426e-07
1.631070813997049303e-07
1.613981060859551179e-07
1.625998701728247298e-07
1.580720947486022770e-07
1.591626522414002496e-07
1.561684561925649854e-07
1.550896347313089140e-07
1.560821748113689991e-07
1.533095660270240055e-07
1.554230721416018309e-07
1.537968314032346466e-07
1.550581157116422528e-07
1.560081092094572997e-07
1.554740576076157509e-07
1.585156445258420974e-07
1.568893957753000295e-07
1.580257909287412072e-07
1.577874257013603684e-07
1.581835329120922826e-07
1.597343177713625224e-07
1.584745778721266114e-07
1.617369517851815644e-07
1.591764809872870081e-07
1.597854584600137649e-07
1.622658535849880598e-07
1.592966410420927680e-07
1.643000353865573326e-07
1.631361709950936649e-07
1.625434632825529730e-07
1.653276567870015842e-07
1.596898086009128743e-07
1.610308834381039495e-07
1.586403208380927718e-07
1.548737603904796912e-07
1.580485518385820470e-07
1.547909488813800236e-07
1.555286184442532231e-07
1.564938167524454324e-07
1.542980733385433424e-07
1.554215055728807330e-07
1.542518235713329248e-07
1.546260009757399719e-07
1.547648982850126343e-07
1.553462293496584336e-07
1.563131619150774927e-07
1.558170823552985886e-07
1.574692320591974518e-07
1.567327962726696788e-07
1.570333555220889978e-07
1.573192252204788675e-07
1.570341581128955349e-07
1.579141340797460378e-07
1.563429345811704921e-07
1.571172985945801365e-07
1.557655785175343493e-07
1.553149856094874375e-07
1.563826956482919494e-07
1.540868586300613646e-07
1.554252943075965057e-07
1.538255099998624231e-07
1.531284007438059303e-07
1.542218567700082411e-07
1.517764555900317738e-07
1.535732539479260188e-07
1.529034153693843179e-07
1.519721625007288848e-07
1.536152902177990467e-07
1.526499413196616893e-07
1.532089483356549394e-07
1.531331211842674526e-07
1.522181540274403699e-07
1.519382259330872489e-07
1.517711220742014449e-07
1.519645663055653211e-07
1.524307339163684251e-07
1.524365414024140834e-07
1.523636327319633779e-07
1.529721760033364940e-07
1.524163331278511233e-07
1.540104907791117754e-07
1.546279794018899522e-07
1.552609031806030104e-07
1.568370416644606930e-07
1.543676432897865397e-07
1.554446830936541977e-07
1.540317470082693126e-07
1.520053011932777218e-07
1.537317170796580709e-07
1.514692685022242415e-07
1.528983945502050180e-07
1.524590510149664653e-07
1.513997279979109108e-07
1.529857551670436874e-07
1.509540783986305212e-07
1.516909772997001628e-07
1.506348863987641942e-07
1.501004981670696328e-07
1.504714437864165598e-07
1.487284212071475439e-07
1.497654196902165522e-07
1.485203832857953441e-07
1.478574137634338272e-07
1.474590383223424935e-07
1.460651797752525882e-07
1.456628576582912256e-07
1.446916515592136804e-07
1.446699103707252797e-07
1.433849387651545834e-07
1.427761530872828078e-07
1.410810792321141457e-07
1.395005576668134601e-07
1.394547840703749492e-07
1.376101202794112195e-07
1.376672790145669723e-07
1.365196596354616546e-07
1.361399753772657901e-07
1.357736904271298855e-07
1.342551624905823575e-07
1.352068715317657321e-07
1.334174397575995696e-07
1.338123008620622602e-07
1.335433908569371235e-07
1.314847425313868668e-07
1.329788131561536993e-07
1.306133061882060668e-07
1.300221066640534343e-07
1.307962237523042139e-07
1.276540849865294796e-07
1.277574989673644102e-07
1.273324144214438746e-07
1.251863332551701150e-07
1.256273583753745807e-07
1.248092899099959558e-07
1.239545797204738722e-07
1.235252462996332547e-07
1.220990086749358532e-07
1.229139757308491436e-07
1.226385187189914921e-07
1.230032238908130309e-07
1.241815057810064354e-07
1.230947571382115010e-07
1.241096927128788222e-07
1.235654247638298119e-07
1.235569760664156597e-07
1.243025784789384772e-07
1.236569299998563131e-07
1.246317895498386291e-07
1.233371074990660741e-07
1.234887535130702286e-07
1.227002533558181311e-07
1.215400208691499650e-07
1.218492897651593887e-07
1.197113040401286326e-07
1.206004996413054443e-07
1.193598322960109671e-07
1.189398776876029721e-07
1.192017358611510567e-07
1.169995285095873400e-07
1.178523829683399748e-07
1.154328310334901155e-07
1.151904293386699862e-07
1.150859247595905511e-07
1.139126641118039231e-07
1.149468030026826628e-07
1.132129595173956295e-07
1.146276231058489906e-07
1.136937879345030292e-07
1.136283583199575953e-07
1.140663460183019417e-07
1.118135380001003365e-07
1.140333801970244972e-07
1.119053385796640101e-07
1.126328579490327847e-07
1.143516620633410530e-07
1.125326168000128407e-07
1.148095635170327856e-07
1.137905190896271156e-07
1.137605742860915704e-07
1.152164999978660905e-07
1.153326453588562950e-07
1.156916325827308643e-07
1.162527712313068757e-07
1.160284928415399615e-07
1.145463574507872256e-07
1.158757900330323831e-07
1.135754698415345025e-07
1.138247644234388305e-07
1.151369732599010239e-07
1.134212436458079903e-07
1.164394135264319997e-07
1.150045543028534406e-07
1.161818522102856636e-07
1.171585336365432585e-07
1.151612759623805967e-07
1.179712533608157159e-07
1.164971585604702182e-07
1.178271890036628989e-07
1.184834999128740886e-07
1.176513439197924547e-07
1.192287746735191373e-07
1.178786204780020442e-07
1.185144864160833238e-07
1.172345708434054021e-07
1.173032628670717871e-07
1.172122261289103713e-07
1.170939117207911015e-07
1.186377315863070842e-07
1.174183637394525693e-07
1.198952293447275462e-07
1.187166344838991357e-07
1.189494513978249817e-07
1.199984263613315204e-07
1.179199898650747751e-07
1.202262066514597765e-07
1.179963433478976007e-07
1.193953114962232486e-07
1.197343409425384477e-07
1.178041736460058564e-07
1.199649527094838630e-07
1.170884924843427903e-07
1.180084461032710082e-07
1.166513297426988491e-07
1.161580814506133385e-07
1.171263359181717872e-07
1.144926845738558585e-07
1.169933045232158101e-07
1.141970064794261493e-07
1.147794326088838674e-07
1.150763413387653451e-07
1.126249256274514184e-07
1.152696178416077405e-07
1.127371769759036522e-07
1.150775632868757618e-07
1.141529862092544127e-07
1.128713039107066433e-07
1.144683306843398043e-07
1.103811617299337021e-07
1.123673583929146336e-07
1.099995751262583068e-07
1.109124227456466534e-07
1.119492896275279803e-07
1.101049963807196618e-07
1.146653284366125560e-07
1.106975647676141154e-07
1.133591590293182957e-07
1.120558208311069178e-07
1.077101329914885587e-07
1.114339204739730266e-07
1.052096756474018658e-07
1.077602649334754239e-07
1.077585264223306077e-07
1.059678891161927577e-07
1.093078176077932953e-07
1.049070428307559596e-07
1.084535007127069278e-07
1.056308777191822493e-07
1.055580552497303125e-07
1.088360323016325283e-07
1.045695685811841631e-07
1.097726483850118447e-07
1.075503486724386370e-07
1.081145731981504658e-07
1.110933847054410711e-07
1.082723664883200089e-07
1.123342004797885941e-07
1.103897636377661107e-07
1.115522374063434411e-07
1.125679416991993641e-07
1.105956108843578193e-07
1.132802428673175834e-07
1.115320262139444395e-07
1.123056220716773890e-07
1.118464394903188243e-07
1.099391200064881941e-07
1.095780199588384306e-07
1.078828738792221082e-07
1.069827687034681730e-07
1.060528755847269340e-07
1.064243095195981834e-07
1.043700447458905711e-07
1.053831346510534597e-07
1.048882378531979893e-07
1.021257194005133721e-07
1.041295710300553219e-07
1.011587643252270123e-07
1.014197233059709507e-07
1.020746810065712552e-07
1.003099880636123455e-07
1.016343189963092536e-07
9.922188754824887824e-08
9.879716308359533943e-08
9.703835249791794668e-08
9.588145026825947817e-08
9.651576298559800736e-08
9.478415940353531512e-08
9.611409627053207996e-08
9.489498189333071031e-08
9.470902396430973633e-08
9.480479110502185865e-08
9.332867276447758527e-08
9.441734934125124388e-08
9.290732009912287474e-08
9.316182209410798114e-08
9.346463711336916962e-08
9.236454816167832213e-08
9.351741760665115780e-08
9.375792672664733854e-08
9.442877542045730408e-08
9.564953656000804817e-08
9.648902602020814113e-08
9.739735136632696428e-08
9.803807199832342130e-08
9.782124505070236149e-08
9.804863860614539673e-08
9.755633154579448059e-08
9.667484923500510100e-08
9.731812168221669454e-08
9.614086790813251189e-08
9.675088161769849460e-08
9.710496542434190765e-08
9.638215279630395004e-08
9.780858787115357022e-08
9.641620051588820128e-08
9.649970714844796994e-08
9.646501186459146123e-08
9.545185293724951903e-08
9.559962433893747602e-08
9.438079675008107076e-08
9.514582427818160160e-08
9.385356715241266551e-08
9.385359140831875688e-08
9.413120757057722958e-08
9.159948989905561866e-08
9.276080186880607345e-08
9.094392408548890376e-08
8.980030814315535991e-08
9.067234214634070710e-08
8.975110481985399016e-08
9.044993151379417867e-08
9.006396029328671192e-08
9.141362497084962922e-08
9.080615261754937617e-08
9.084185436206411439e-08
9.259741846334004478e-08
9.055267535231971738e-08
9.293524591473159901e-08
9.303203005893979351e-08
9.243997304986837050e-08
9.433647973340262602e-08
9.252015644928860982e-08
9.425616326893293703e-08
9.354051464999920122e-08
9.300336302715198089e-08
9.417366066084964364e-08
9.192694529674584233e-08
9.364503669229777645e-08
9.244387772695475844e-08
9.187312983928353178e-08
9.311180770125113398e-08
9.049350517358062943e-08
9.101901947456245632e-08
8.991980395326420695e-08
8.898035682814345180e-08
8.985551602113259717e-08
8.923236196717046293e-08
8.951340387706184845e-08
8.906491443531886148e-08
8.857491667242547995e-08
8.785866340080471573e-08
8.775354675425793184e-08
8.638893410675091945e-08
8.610438244592393347e-08
8.628538438701549264e-08
8.380889751661908255e-08
8.558342529963545591e-08
8.376565643993878148e-08
8.290453957248200955e-08
8.465414503622538374e-08
8.161570855108651163e-08
8.422281523405986301e-08
8.300840108084872241e-08
8.298984984474438219e-08
8.585962739862402763e-08
8.323818675545421366e-08
8.677706841930904121e-08
8.529691015069416638e-08
8.511027120360229171e-08
8.673852896294456387e-08
8.311576556828177197e-08
8.646714832745463598e-08
8.357041130963920216e-08
8.401014221771117920e-08
8.586100239709405938e-08
8.133589808099595902e-08
8.524769481228421319e-08
8.223867053022866890e-08
8.187547872964669810e-08
8.445274344743001638e-08
8.113593968449595033e-08
8.453211795796488825e-08
8.256150701845444586e-08
8.283909231977732544e-08
8.387374788876677267e-08
8.109807636111985814e-08
8.394905001691715600e-08
8.147395066457405270e-08
8.252293492387916699e-08
8.313884159713500701e-08
8.065569884778028914e-08
8.311499294157780948e-08
8.041544202010084395e-08
8.096022683946270039e-08
8.102050157839939721e-08
7.929850954605534694e-08
8.125686293419427863e-08
7.977773185140511133e-08
8.146079209960303162e-08
8.208119445930506609e-08
8.232612301648894055e-08
8.420225593313273503e-08
8.337295800317583889e-08
8.484826241182435239e-08
8.413223786890716416e-08
8.424632283656666623e-08
8.476620016275120380e-08
8.370884834066442552e-08
8.452251301716358957e-08
8.345214593388731688e-08
8.394772867356004149e-08
8.292671537536970196e-08
8.253176886994696820e-08
8.352452690753672534e-08
8.133473892636468585e-08
8.272732033423964401e-08
8.168515749775726401e-08
8.068132564067991289e-08
8.263737456589819319e-08
8.141685081944568526e-08
8.233381030948339281e-08
8.200714680065434771e-08
8.112115884220135850e-08
8.139356397444516234e-08
8.010030308399623056e-08
8.051873271684507034e-08
8.081182493046714121e-08
8.091939115299670293e-08
8.100650857278862078e-08
8.128491608912844892e-08
8.103308224635060055e-08
8.056511476207622794e-08
8.123237188295385915e-08
7.980836358717606589e-08
8.004040835192526720e-08
7.940423310411846679e-08
7.726916163290098361e-08
7.753937702755319571e-08
7.510493873153918098e-08
7.433208662298177531e-08
7.408102460708724841e-08
7.218284690260228149e-08
7.284056371529969651e-08
7.157247798482121005e-08
7.042957609009399755e-08
7.067866114389211240e-08
6.949798887357855036e-08
6.868675130113492492e-08
6.919618468984638181e-08
6.849543662848214040e-08
6.713892965983289259e-08
6.781303829694241334e-08
6.613047909322173407e-08
6.581810550780082904e-08
6.659501468494051998e-08
6.468739175037313832e-08
6.568351896364629545e-08
6.417523729719211404e-08
6.312786536047387057e-08
6.381187661185151257e-08
6.132202173796717993e-08
6.199391915286910804e-08
6.092407752044732243e-08
5.952541816579157812e-08
5.979294087462972292e-08
5.768044898505169344e-08
5.731654029629254377e-08
5.579590285172431269e-08
5.422770184202211366e-08
5.286340912226715085e-08
5.088511565095582044e-08
5.022242004469240922e-08
4.820006524083541447e-08
4.723676132088249856e-08
4.503572812969264212e-08
4.227646750664602165e-08
4.035092148188254256e-08
