# bin_5_1
0.000000000000000000e+00
0.000000000000000000e+00
1.158777392504365100e-06
1.150051437341337472e-06
1.146336558121406279e-06
1.140258092851403143e-06
1.112891802129419309e-06
1.100239882091954856e-06
1.086611271035409172e-06
1.047502679636960948e-06
1.061056027762842889e-06
1.019084166837373451e-06
1.011137691227092050e-06
9.922755103188747713e-07
9.588481769229144872e-07
9.454063250686863812e-07
9.257459604337319529e-07
9.006268088768116084e-07
8.781352653097470612e-07
8.579868999670841936e-07
8.346766860284432103e-07
8.284210399699468110e-07
8.050892212510824805e-07
7.967123057547239208e-07
7.801780656409056902e-07
7.502994229589199210e-07
7.367726045820215592e-07
6.989023029192474599e-07
6.947835380415170035e-07
6.670603315078347144e-07
6.413354053367744817e-07
6.439837066750501834e-07
5.986122222316333868e-07
6.000779162013716225e-07
5.787873099392842476e-07
5.477805595775561534e-07
5.558830443714952598e-07
5.149056580496493874e-07
5.126893540682472507e-07
5.043732246232203245e-07
4.763470064997814068e-07
4.849379339232725494e-07
4.639042349072141332e-07
4.548454263979345477e-07
4.483749804761019698e-07
4.281128740066855083e-07
4.206454078827038470e-07
4.031565140459867145e-07
3.892636904442773285e-07
3.775796454152221743e-07
3.667322488989732235e-07
3.538464699588378137e-07
3.464579998986135356e-07
3.419797740279757742e-07
3.268938936115851819e-07
3.266360668696358513e-07
3.165376872382906718e-07
3.077820525621130332e-07
3.096452555193344979e-07
2.969389327649224744e-07
2.978186227510559948e-07
2.903622744359126463e-07
2.818480531601026512e-07
2.786555933382183863e-07
2.643403545230259145e-07
2.637560855660699615e-07
2.551533643695731593e-07
2.524642427223199531e-07
2.524661653728576519e-07
2.452081164116453119e-07
2.485059799297110046e-07
2.410259386804900345e-07
2.455722019082031105e-07
2.471949820029661491e-07
2.464946345424558942e-07
2.547370832429845001e-07
2.469383285777724323e-07
2.512992736494305800e-07
2.445388211200495588e-07
2.383599110337758289e-07
2.425290340867374228e-07
2.321950416968881638e-07
2.380496443245162386e-07
2.332678115694504275e-07
2.290719370319585113e-07
2.337163489238848735e-07
2.238637599254715843e-07
2.250353809672258687e-07
2.211533526153976015e-07
2.138057487892869671e-07
2.105275907068016525e-07
2.048460754197219654e-07
2.003888095730049019e-07
1.947414998561714734e-07
1.951253112169259436e-07
1.904752254029580697e-07
1.882460187559728451e-07
1.900408213435317745e-07
1.853571399328075117e-07
1.858740937483237846e-07
1.850901191442214213e-07
1.822415421199823009e-07
1.818586437855032459e-07
1.800018900683462919e-07
1.771981868850159520e-07
1.744634636963239787e-07
1.715906870129824679e-07
1.682537105974542121e-07
1.651865655557073924e-07
1.625355275798742543e-07
1.599429100037675060e-07
1.570556461625663616e-07
1.561769389855952782e-07
1.525185243908537561e-07
1.527508664569711047e-07
1.539548713857111827e-07
1.493012833972571177e-07
1.537235921020001141e-07
1.493316533793725462e-07
1.449099507742583340e-07
1.488445801056230420e-07
1.387272965678224961e-07
1.384840457787625836e-07
1.385722325747552117e-07
1.314491152166818226e-07
1.343550654832008092e-07
1.322900054612329916e-07
1.306729929689441153e-07
1.311396639898296957e-07
1.282758027932428873e-07
1.258373135285402088e-07
1.235969022268335771e-07
1.211203197451939719e-07
1.181115930558917321e-07
1.181070802820105530e-07
1.154707929069014100e-07
1.132220270902483281e-07
1.123494916771185120e-07
1.085543758104783314e-07
1.085180717951837168e-07
1.066422605284719289e-07
1.049697831814040037e-07
1.055714932164055636e-07
1.015759921767099390e-07
1.005225861767648970e-07
9.874532726844996351e-08
9.409325227261850217e-08
9.480744832325488474e-08
9.231489013560593933e-08
9.043760460256412285e-08
9.204525849616751939e-08
8.889675640684875138e-08
8.985414063604488515e-08
8.884883039518898777e-08
8.653094127929358334e-08
8.787753719451675127e-08
8.447735279205524386e-08
8.511711154864199321e-08
8.224796232846116987e-08
7.875352522909844627e-08
8.012457735583067826e-08
7.500207398417025385e-08
7.634247887334628694e-08
7.667168737268209843e-08
7.500416151008676415e-08
7.829471449588028051e-08
7.477363341032601059e-08
7.584691275950244438e-08
7.696376395765249950e-08
7.474952603924265803e-08
7.774766727317225361e-08
7.617721425735555878e-08
7.516471944785352832e-08
7.469430630604760718e-08
7.136742203254067841e-08
7.101733255239578559e-08
6.872205019993383647e-08
6.799321738218655823e-08
6.817535585701121112e-08
6.634297262185488115e-08
6.843128506926663606e-08
6.681003683585867579e-08
6.555013925713653404e-08
6.698428828494442319e-08
6.387039423580193079e-08
6.503370526432678282e-08
6.443725791341820399e-08
6.352671443568205564e-08
6.582485526450349352e-08
6.427975116184304903e-08
6.717752270954817837e-08
6.592013181387785034e-08
6.405801966146911802e-08
6.475141971407281553e-08
5.924727221642077112e-08
5.964598563893396099e-08
5.747072624984337683e-08
5.598489626826526187e-08
5.770731787740522633e-08
5.453175448986760431e-08
5.690818279271630526e-08
5.469417173436406388e-08
5.408195633965229078e-08
5.555154844791175200e-08
5.229826092300535692e-08
5.490319742358557823e-08
5.199672717564092532e-08
5.127837770288748298e-08
5.108932167950733492e-08
4.780824235837584626e-08
5.105418426764494874e-08
4.843670538180714275e-08
5.018494147330935186e-08
5.196352836726251062e-08
4.978648345369798969e-08
5.291123629977033893e-08
5.201382918370095221e-08
5.334660093052649304e-08
5.309292330267053744e-08
5.363837782594306897e-08
5.471673440813990150e-08
5.272383983725838006e-08
5.507337176351712856e-08
5.177847485108176578e-08
5.260269032925452298e-08
5.144764621469301887e-08
4.786114538185882827e-08
5.087689055761815833e-08
4.586080008479288033e-08
4.787299261791776660e-08
4.736354551775392193e-08
4.415216669731623808e-08
4.775293498768720480e-08
4.331913368230009208e-08
4.599978192236686774e-08
4.605714355186601559e-08
4.452098219118336281e-08
4.798732937158123128e-08
4.553666058340318389e-08
4.793409172335562532e-08
4.698883822580183734e-08
4.730651591103123852e-08
4.880524692916491294e-08
4.686124683548734311e-08
4.957708789947138632e-08
4.853741759606990003e-08
4.966709706814334248e-08
5.056212497980084819e-08
5.072361542620440478e-08
5.192026116513681368e-08
5.056518817599120871e-08
5.235624196976320034e-08
5.071802981115298622e-08
5.118332082751554648e-08
5.194147161012098474e-08
5.093428237610121226e-08
5.264009104607156404e-08
5.045729686322960836e-08
5.089377062097218040e-08
4.947674795882200878e-08
4.840079316410209983e-08
5.051953458111912502e-08
4.955355140898768214e-08
5.211473853698457346e-08
5.274052680136890809e-08
5.284174402112923232e-08
5.422660648654374517e-08
5.400038956172827105e-08
5.481525635754771503e-08
5.386097200045911769e-08
5.477400395963021049e-08
5.424386473153237055e-08
5.299819352745652961e-08
5.400529261339469132e-08
5.195519292404842472e-08
5.196043270820346846e-08
5.092643582669840454e-08
4.879914746881052448e-08
4.972687459966150008e-08
4.731412166725229354e-08
4.801225514057502253e-08
4.883994671368862200e-08
4.588751250565124382e-08
4.891329313095470832e-08
4.715554083120816932e-08
4.523255510415377106e-08
4.853695244877937459e-08
4.522012909621254881e-08
4.636471566017273147e-08
4.671893744310488420e-08
4.483017330698554266e-08
4.737530995939298765e-08
4.547809739533445644e-08
4.714669049501848759e-08
4.659209727909721622e-08
4.551736499309026629e-08
4.753045466429731027e-08
4.430450148606542484e-08
4.674048673098593588e-08
4.600472385581647549e-08
4.535143050314637684e-08
4.841304205274247015e-08
4.529443367032605630e-08
4.793111521388451562e-08
4.698139795530337180e-08
4.519155719096505995e-08
4.800598334152037998e-08
4.469935689835995732e-08
4.606685875735567578e-08
4.635080002827538092e-08
4.423307866854566977e-08
4.604492296746511210e-08
4.409515639531069558e-08
4.408033441321721034e-08
4.491654502773566539e-08
4.353912387362108628e-08
4.458985207766889460e-08
4.416069327198248343e-08
4.357831432761041613e-08
4.459314207541410271e-08
4.366424395003854722e-08
4.327981002720942473e-08
4.278053810458504665e-08
4.143986796315330921e-08
4.094097812967875443e-08
3.986828496643842207e-08
4.028362561012644932e-08
4.012403057754982417e-08
4.017392924261504504e-08
4.060320567635132723e-08
3.984540177693202000e-08
4.177027054507829739e-08
4.018534050149438105e-08
4.014362314190014171e-08
4.071426415306463847e-08
3.721118872103530927e-08
3.940204321282175437e-08
3.670263264470365918e-08
3.616637867514575146e-08
3.861684175586356835e-08
3.448042786850318322e-08
3.775572291841076742e-08
3.599600008355446677e-08
3.455597850202920966e-08
3.717480281504025817e-08
3.319706924915443197e-08
3.645547496999628685e-08
3.528177972527126319e-08
3.516971526194155254e-08
3.876708794255839508e-08
3.513661070302585204e-08
3.900617702440638635e-08
3.829551071117189024e-08
3.701684016244724283e-08
4.061286832441747549e-08
3.747991008890353908e-08
3.956732744970539022e-08
3.954456942794429799e-08
3.757474294475772029e-08
3.970015756300169557e-08
3.827347219218002935e-08
3.918002233934159959e-08
3.981747134050609970e-08
3.871174633566024558e-08
3.942947446644522913e-08
3.912163232103649812e-08
3.802279034912662722e-08
3.769000903223826743e-08
3.791089898704769365e-08
3.703369178164768486e-08
3.743657540656604717e-08
3.745886285165854832e-08
3.633392043940084339e-08
3.660032245108069945e-08
3.527437952217253226e-08
3.458376508911881963e-08
3.403044585675442436e-08
3.235607327392826026e-08
3.158962237988718849e-08
2.965228713102581461e-08
2.890242633384963181e-08
2.843410966363063724e-08
2.781789931816334506e-08
2.879808362900304773e-08
2.859720245543659868e-08
2.924707629134824329e-08
2.928094844426710587e-08
2.875201242165075336e-08
2.926379891677471356e-08
2.868048808145897931e-08
2.906934453765325427e-08
2.865081935605209416e-08
2.903981209616894472e-08
2.903777866360058447e-08
2.771795117993368834e-08
2.868848019607295946e-08
2.683220237186209818e-08
2.719265063535669891e-08
2.763208530267490814e-08
2.587753882010082016e-08
2.767840797017715026e-08
2.575516014495080213e-08
2.574373306564096353e-08
2.619379399175407802e-08
2.454850115668425392e-08
2.622457935891198005e-08
2.556683634296449456e-08
2.627570784200663298e-08
2.641232875080863847e-08
2.672228952583789696e-08
2.770823843001751316e-08
2.731138850474148722e-08
2.925957607095049304e-08
2.833075364989099655e-08
2.973426387972417845e-08
2.975779763412883268e-08
2.895192198875088802e-08
3.025741179013914663e-08
2.750840914051600811e-08
2.953217499194842463e-08
2.783664686435185872e-08
2.747353623402959441e-08
2.978358206727617713e-08
2.638745505422758473e-08
2.958909342976881522e-08
2.810741922053410634e-08
2.769816640976498727e-08
3.013300212663314272e-08
2.796222412251063460e-08
3.092698770108123158e-08
2.953007312166293599e-08
3.041179173031688022e-08
3.150365985485501451e-08
2.978465489046877089e-08
3.240207622895029147e-08
3.031740585840261044e-08
3.140480350218300660e-08
3.157405490881362398e-08
2.991950319599931089e-08
3.145772099281056624e-08
2.958730794128677745e-08
3.021090216014724237e-08
2.904021797106898152e-08
2.817310046024583955e-08
2.867853635345446359e-08
2.619636422835703063e-08
2.760256735698520209e-08
2.665130350035576776e-08
2.605882440166251943e-08
2.795640180813286099e-08
2.558110009816719909e-08
2.689196304547867957e-08
2.743256039800091989e-08
2.571838930369002534e-08
2.833947142572024270e-08
2.724242623576278343e-08
2.769030862136847163e-08
2.908443164960535579e-08
2.719704107662991114e-08
2.911808706916559466e-08
2.777616446877904173e-08
2.829044680988395536e-08
2.887290544050405954e-08
2.669911043375247145e-08
2.906089879462753683e-08
2.608860416904048829e-08
2.687170717513554965e-08
2.769677661239554439e-08
2.545496638621534728e-08
2.878544863690749867e-08
2.654778760649518663e-08
2.784161325408052041e-08
2.782511715320579087e-08
2.631684828309308303e-08
2.885779435954617631e-08
2.613538501103586893e-08
2.870132491235402787e-08
2.825240122584939676e-08
2.764382001719712607e-08
2.950898945913651478e-08
2.628854360284494357e-08
2.823457049560042297e-08
2.610445664930848446e-08
2.566387905413037026e-08
2.708679657406295876e-08
2.447709901722039145e-08
2.666907172391729559e-08
2.477390193536306391e-08
2.374681722904098330e-08
2.467484756347742029e-08
2.300023092336743207e-08
2.363703236737395076e-08
2.331211909207727781e-08
2.318905080226039315e-08
2.327772068319155797e-08
2.288290098492166743e-08
2.307674636537792599e-08
2.300788686493632533e-08
2.278092901903869124e-08
2.350364751817860590e-08
2.301776379699077205e-08
2.292002040374785872e-08
2.414237388284764614e-08
2.199593556165023909e-08
2.272473871251447613e-08
2.203814973398426047e-08
2.014309721825383298e-08
2.154199737235611140e-08
1.918433009202946887e-08
2.040852740784678670e-08
2.030609377624286668e-08
1.935367546074036030e-08
2.103979085673912529e-08
1.913977377023618406e-08
2.066186697194464481e-08
1.982387618536174165e-08
1.944216569386589116e-08
2.090509352106069928e-08
1.994486301780522176e-08
2.182521968811791192e-08
2.171992004621669799e-08
2.288649613697607013e-08
2.319495317814466586e-08
2.311986774007042592e-08
2.404886207967133817e-08
2.289274086456561118e-08
2.463001568505497341e-08
2.343829205513732344e-08
2.434913207506090748e-08
2.523830528415462459e-08
2.369445624265856126e-08
2.628134044937512366e-08
2.477293421723578880e-08
2.569523488205034274e-08
2.650087174386286730e-08
2.499021671822946129e-08
2.654059025986615885e-08
2.529351406066606997e-08
2.643370654137617419e-08
2.644979115972545433e-08
2.606118689361819495e-08
2.729964743779423593e-08
2.618513040438095475e-08
2.739070376836681188e-08
2.712355163690367162e-08
2.761625452543715776e-08
2.815017624977152416e-08
2.763562170532541223e-08
2.925844916319430807e-08
2.865022341795440207e-08
2.963295501875032525e-08
2.954102412244143884e-08
2.871375260306643011e-08
2.915709246509621309e-08
2.740553429021146506e-08
2.852239355747868330e-08
2.809102253281054129e-08
2.743227744418934108e-08
2.854490219876476831e-08
2.693142750610850089e-08
2.736863550414486941e-08
2.691847384029791545e-08
2.596988669533957399e-08
2.645372334261179168e-08
2.540979632843390356e-08
2.516218604904114994e-08
2.478452383730341404e-08
2.400421441008224964e-08
2.317132587885584988e-08
2.277369958958913079e-08
2.238963358925802046e-08
2.169753612491946396e-08
2.186461105248028138e-08
2.130631864292846157e-08
2.123862617828151185e-08
2.058499572115144732e-08
2.042709530980318923e-08
2.057928963934575393e-08
1.976835112179711555e-08
2.093845944517461907e-08
2.005715960860693682e-08
2.026029418992130575e-08
2.042660441220325115e-08
1.887511214408469623e-08
2.013281221893052996e-08
1.852387144352318625e-08
1.923563505727704001e-08
1.973328017517701993e-08
1.865970508940632764e-08
2.095699736715941709e-08
1.929136028478245541e-08
2.061636980976622987e-08
2.054279309168600364e-08
1.894021924294986099e-08
2.106504294586548328e-08
1.852424361633599244e-08
2.022615862367546376e-08
2.060485930927362246e-08
1.932269362747991137e-08
2.129789114095012537e-08
1.888172068018081067e-08
2.004844973450325316e-08
1.976713028287919875e-08
1.951665459950827859e-08
2.089218795656144371e-08
1.933427664152510048e-08
2.125268169689508616e-08
1.945725976544666757e-08
2.001405885599111646e-08
2.086421406046516518e-08
1.841669747451584242e-08
2.070586215914820248e-08
1.828563515761272293e-08
1.835716406904388184e-08
1.851687902226795102e-08
1.603880674251542761e-08
1.782257914515415845e-08
1.512443101917295344e-08
1.612123508773450605e-08
1.640623284880666003e-08
1.460668113097761181e-08
1.740200350959939664e-08
1.552852635924488818e-08
1.678604365344602161e-08
1.750009639936887326e-08
1.605224685464135725e-08
1.794578456450547628e-08
1.670972355602961310e-08
1.742632200474435404e-08
1.721864550788290023e-08
1.694132657083360251e-08
1.778872655153876044e-08
1.641839134328666834e-08
1.800752887783103538e-08
1.673883676771553059e-08
1.644927943467560019e-08
1.714361658895330540e-08
1.462599146892282804e-08
1.571509292283080721e-08
1.451566678426628897e-08
1.439712015432052074e-08
1.554914622634655558e-08
1.416804306959746004e-08
1.592688636886523719e-08
1.474327072408012462e-08
1.454038256281103602e-08
1.519381309251373280e-08
1.334383732994986045e-08
1.500814423836366480e-08
1.399005804888100431e-08
1.402452001707613198e-08
1.529269892067309473e-08
1.437653299106263806e-08
1.596081779014294982e-08
1.517877829990445429e-08
1.568592787220460141e-08
1.565901109382817056e-08
1.419269994987290824e-08
1.538689167064049235e-08
1.367376018236276585e-08
1.447969071131406091e-08
1.444390323759792881e-08
1.363403251321001347e-08
1.572379990707820745e-08
1.427744844137399273e-08
1.572620482651879214e-08
1.625531157222719491e-08
1.560496710284699772e-08
1.678352753715953379e-08
1.577959055574291385e-08
1.693805740528539721e-08
1.600071758861339378e-08
1.637439590554839044e-08
1.681151748793044421e-08
1.519396624030546664e-08
1.703354401867351871e-08
1.543312415129021216e-08
1.632310944614909967e-08
1.701102205479930242e-08
1.545443608176967615e-08
1.737361902966017378e-08
1.538432363380289578e-08
1.563751377840464156e-08
1.530246334246305280e-08
1.374361263690253828e-08
1.506994815588204937e-08
1.322702958885296975e-08
1.453286185748385204e-08
1.459894676308732505e-08
1.384459500041099875e-08
1.528126930414798103e-08
1.351418711123464254e-08
1.413482933859891490e-08
1.351849265302608449e-08
1.283865239598014713e-08
1.361905545120817970e-08
1.300447716284455410e-08
1.447321446725885349e-08
1.389317764167980243e-08
1.476741351702025715e-08
1.535542719882723793e-08
1.417495715735917936e-08
1.631225389419831462e-08
1.496908262156885004e-08
1.541519155975153305e-08
1.662613042747411715e-08
1.487929196967049229e-08
1.697280254031221446e-08
1.624232539637080987e-08
1.635292436814810355e-08
1.808903286833007961e-08
1.660488465852222273e-08
1.812981383726987759e-08
1.827308081354679002e-08
1.789983493445591406e-08
1.874201952724347267e-08
1.794335796299217984e-08
1.781649416550561312e-08
1.717564854204539519e-08
1.707327121610555776e-08
1.666699861252362946e-08
1.660103946153213956e-08
1.670565707187038230e-08
1.632472914734775898e-08
1.699180855227519525e-08
1.649363910176741143e-08
1.731695529236885465e-08
1.695836912324704646e-08
1.698509506385466736e-08
1.762830258309987416e-08
1.615764906736367874e-08
1.807156110121660601e-08
1.704669013079973513e-08
1.713076893151136317e-08
1.822061749566202366e-08
1.593936409806777880e-08
1.761280742571783117e-08
1.595289210219016349e-08
1.557503955529760283e-08
1.559324710798839792e-08
1.340883335411884013e-08
1.444459823241479510e-08
1.206657771337772818e-08
1.310138729843167419e-08
1.255363743726983647e-08
1.123527921446725393e-08
1.303709308399240519e-08
1.012160396813449718e-08
1.202755376658986762e-08
1.138166823994611256e-08
1.058040210907993866e-08
1.299396259592174158e-08
1.064760406702077714e-08
1.266656670721423856e-08
1.184571967306467056e-08
1.111045866521957040e-08
1.234301858204495232e-08
1.017310492326658871e-08
1.151431942630884894e-08
1.016169170646168143e-08
9.839430046505587313e-09
1.023271453997465754e-08
8.813740909204396518e-09
1.004811711947510161e-08
9.185468141476180431e-09
1.005016450928907465e-08
1.019435892170308722e-08
9.723565480802134290e-09
1.059844091808368682e-08
9.007427551766999062e-09
9.734599699750096098e-09
9.364144231327609489e-09
8.866686256246799494e-09
9.946675887241619751e-09
9.371819104307000129e-09
1.005456337104362564e-08
9.827150242955332859e-09
9.994061652224888196e-09
9.924671102709450522e-09
8.993252829372668428e-09
9.771018566921620955e-09
8.421230304117281962e-09
8.206607730334530529e-09
8.876013760956291552e-09
7.531947880682595538e-09
8.665484395711186707e-09
9.450560378836658690e-09
9.083638561309706570e-09
1.080183564166745178e-08
1.146654658815803646e-08
1.112062312097202764e-08
1.217982990236597900e-08
1.199887035709587092e-08
1.124597403356841059e-08
1.161306112198766418e-08
1.112366907385260208e-08
1.112142113569886798e-08
1.116721940899477568e-08
1.130676523072895031e-08
1.166980106068669860e-08
1.109866107821373869e-08
1.193510469504839689e-08
1.126740738810917454e-08
1.083322043828406701e-08
1.156486926367310048e-08
1.045125569493313745e-08
1.175480973647540817e-08
1.207562934891599821e-08
1.207817528539281292e-08
1.300754085891689430e-08
1.219029983631896613e-08
1.289471934428775343e-08
1.184245208124588118e-08
1.142316922454293527e-08
1.163814559070480749e-08
1.044519485361593266e-08
1.120493504284242772e-08
1.091095827037829252e-08
1.134199124367717494e-08
1.161264553423134828e-08
1.196112643790556576e-08
1.244389340722169824e-08
1.185151183435246250e-08
1.323952003667525999e-08
1.218434218770068953e-08
1.286458275210787447e-08
1.390462578812645354e-08
1.257182571755467747e-08
1.450520920696235642e-08
1.382757868950021550e-08
1.373463311121456476e-08
1.496902290293079580e-08
1.408041699449884354e-08
1.499843294017486241e-08
1.533319984408426307e-08
1.487062639109731941e-08
1.520473685278915954e-08
1.528162116772057277e-08
1.444672016579146641e-08
1.502248849447791328e-08
1.446681073778194827e-08
1.338986978294895643e-08
1.368136737206564737e-08
1.166854556750298462e-08
1.234375043656290615e-08
1.153032010625786698e-08
1.087269277006580651e-08
1.209767170471480684e-08
9.782844412575751608e-09
1.132867760606629929e-08
9.962767581416957382e-09
9.481733960757615088e-09
1.106094847529235900e-08
9.066712010370279204e-09
1.154110982854390935e-08
1.014160313949373169e-08
1.081462816287287683e-08
1.202631718885026360e-08
9.975961770302896352e-09
1.266620586499516423e-08
1.090414683993415085e-08
1.215041915220012842e-08
1.256962319769424237e-08
1.124440796134798641e-08
1.344072638969662160e-08
1.089762281656332884e-08
1.279331385609650882e-08
1.191016474070227238e-08
1.087103500908085802e-08
1.285038308646061570e-08
1.005250716040003263e-08
1.262854047696406142e-08
1.182928756713209609e-08
1.210591638492456964e-08
1.455311289677556984e-08
1.236923992712624684e-08
1.527986202426805396e-08
1.425891171771395087e-08
1.441201707480115274e-08
1.605808539583798253e-08
1.404784597718457366e-08
1.589801716151978290e-08
1.420321572186342497e-08
1.447003285904964500e-08
1.471635379655006575e-08
1.333906892548491023e-08
1.576917648054669604e-08
1.346316815743121793e-08
1.501181426238348624e-08
1.557339885252865355e-08
1.358321976595744196e-08
1.703849841038613618e-08
1.489276890099209945e-08
1.628547559434974362e-08
1.765154795708189242e-08
1.543592695168960152e-08
1.863134529830064918e-08
1.644385391930336433e-08
1.713498897521707067e-08
1.781171971164843607e-08
1.506549297548234801e-08
1.763060473520831634e-08
1.484402945650750671e-08
1.534538221859376170e-08
1.614541627742500892e-08
1.340705558802243803e-08
1.588047509470441436e-08
1.370116336982900790e-08
1.395749281273723190e-08
1.408231865326899608e-08
1.174903283315848650e-08
1.376946343317168417e-08
1.154862213841764588e-08
1.223977818224970778e-08
1.283555488636564846e-08
1.100115091313196587e-08
1.291559462034267525e-08
1.126015838288410659e-08
1.174106975324125159e-08
1.290060091377117516e-08
1.153187505221197791e-08
1.344411727578258075e-08
1.299932432047809215e-08
1.245637648914370949e-08
1.363346064714302155e-08
1.179574222832448472e-08
1.187749386222457521e-08
1.190085399226650807e-08
1.028141984847701843e-08
1.157948975765026470e-08
1.060874695428751581e-08
1.049399039701364120e-08
1.140357490766330814e-08
9.416849802921326621e-09
1.058747659951113840e-08
9.650604325667615697e-09
8.991670444508523658e-09
1.001910098995557992e-08
8.255942286743429214e-09
9.179400465991093757e-09
7.971733126776557204e-09
7.582938843134305296e-09
8.228141425866655451e-09
6.740859993748670848e-09
8.410581525123236051e-09
7.721923595743211167e-09
7.871373440829363442e-09
8.661499448472131392e-09
7.597172414528236814e-09
8.416012105744798743e-09
7.632415722108480027e-09
7.702957365603539709e-09
7.706712049776987957e-09
7.584063244239561954e-09
8.010733583733972207e-09
7.892146665822441508e-09
8.792423130167625469e-09
8.237691049281284933e-09
9.072116674428504712e-09
9.033053608692734616e-09
8.655572692176396060e-09
9.312011467283199845e-09
7.925196523123689694e-09
8.976605705420630315e-09
8.157356005671404236e-09
7.755453542824476635e-09
8.641383008877551231e-09
7.009434010802516708e-09
8.093288415112124279e-09
7.638146970263853742e-09
7.788517656209585694e-09
8.443282461995058333e-09
7.860603229819815705e-09
8.938044241463438580e-09
8.074402401388481484e-09
9.189197336850210182e-09
8.902266845326747940e-09
8.473001129419443980e-09
9.729490713302989811e-09
8.153025560043790105e-09
9.595659171117552187e-09
9.111197532178619291e-09
9.235578720130701314e-09
1.055946512648442052e-08
9.294543380725649365e-09
1.106705197267314462e-08
9.731968949991248351e-09
9.898833654111797939e-09
1.025211165190812678e-08
8.741032803499519123e-09
1.074998633037383146e-08
9.300592993902779906e-09
1.068900272948361199e-08
1.106780257582112210e-08
9.646669556787104612e-09
1.157102078229265368e-08
9.583695105214879514e-09
1.053174089094082355e-08
1.024686071108948369e-08
9.300914521195748061e-09
1.055051576770720388e-08
8.332995057390632274e-09
9.470418786465602251e-09
8.304769752958779533e-09
7.395288693890490739e-09
8.697796900043525557e-09
6.656845294321264447e-09
7.543387468332827447e-09
6.993220576601754759e-09
6.022370042453712928e-09
6.285837293193221984e-09
5.274283241418203712e-09
5.330497229377164859e-09
4.913459640169911332e-09
5.208988302732164428e-09
5.007531818944330819e-09
4.864936024997652388e-09
4.820247946681908845e-09
4.293843039889167754e-09
4.538501803916370308e-09
4.007533372402903466e-09
4.879467571993726170e-09
4.883259401425876325e-09
4.659251365473865505e-09
5.093341821392946460e-09
